55.944425 -3.188396 ENE 55.94453980502971 -3.1881188361402466 0.000000 248.750000
55.94453980502971 -3.1881188361402466 ENE 55.94465461005942 -3.187841672280493 0.000000 247.500000
55.94465461005942 -3.187841672280493 ENE 55.944769415089134 -3.18756450842074 0.000000 246.250000
55.944769415089134 -3.18756450842074 ENE 55.944884220118844 -3.1872873445609864 0.000000 245.000000
55.944884220118844 -3.1872873445609864 ENE 55.944999025148554 -3.187010180701233 49.270928 256.824749
55.944999025148554 -3.187010180701233 ENE 55.945113830178265 -3.1867330168414796 0.000000 131.704170
55.945113830178265 -3.1867330168414796 ENE 55.945228635207975 -3.186455852981726 0.000000 130.454170
55.945228635207975 -3.186455852981726 ENE 55.945343440237686 -3.1861786891219728 0.000000 129.204170
55.945343440237686 -3.1861786891219728 ENE 55.945458245267396 -3.1859015252622194 0.000000 127.954170
55.945458245267396 -3.1859015252622194 S 55.94515824526739 -3.1859015252622194 113.887452 161.557950
55.94515824526739 -3.1859015252622194 S 55.94485824526739 -3.1859015252622194 220.206845 177.434411
55.94485824526739 -3.1859015252622194 S 55.94455824526739 -3.1859015252622194 235.925669 269.476424
55.94455824526739 -3.1859015252622194 SSE 55.94428108140763 -3.18578672023251 235.925669 268.226424
55.94428108140763 -3.18578672023251 S 55.94398108140763 -3.18578672023251 235.925669 266.976424
55.94398108140763 -3.18578672023251 SSE 55.94370391754787 -3.1856719152028004 235.925669 265.726424
55.94370391754787 -3.1856719152028004 S 55.94340391754787 -3.1856719152028004 313.140754 273.632146
55.94340391754787 -3.1856719152028004 SSE 55.94312675368811 -3.185557110173091 313.140754 272.382146
55.94312675368811 -3.185557110173091 WSW 55.9430119486584 -3.1858342740328442 348.280399 331.473396
55.9430119486584 -3.1858342740328442 WSW 55.94289714362869 -3.1861114378925977 348.280399 330.223396
55.94289714362869 -3.1861114378925977 WSW 55.94278233859898 -3.186388601752351 348.280399 328.973396
55.94278233859898 -3.186388601752351 WSW 55.94266753356927 -3.1866657656121045 316.813569 268.075726
55.94266753356927 -3.1866657656121045 W 55.94266753356927 -3.1869657656121047 316.813569 266.825726
55.94266753356927 -3.1869657656121047 N 55.94296753356927 -3.1869657656121047 340.840224 382.672452
55.94296753356927 -3.1869657656121047 NNE 55.94324469742903 -3.186850960582395 340.840224 381.422452
55.94324469742903 -3.186850960582395 N 55.94354469742903 -3.186850960582395 340.840224 380.172452
55.94354469742903 -3.186850960582395 NNE 55.94382186128879 -3.1867361555526856 340.840224 378.922452
55.94382186128879 -3.1867361555526856 N 55.94412186128879 -3.1867361555526856 340.840224 377.672452
55.94412186128879 -3.1867361555526856 W 55.94412186128879 -3.187036155552686 451.449193 447.833963
55.94412186128879 -3.187036155552686 W 55.94412186128879 -3.187336155552686 451.449193 446.583963
55.94412186128879 -3.187336155552686 W 55.94412186128879 -3.187636155552686 451.449193 445.333963
55.94412186128879 -3.187636155552686 WSW 55.94400705625908 -3.1879133194124396 451.449193 444.083963
55.94400705625908 -3.1879133194124396 WNW 55.94412186128879 -3.188190483272193 425.506785 432.665482
55.94412186128879 -3.188190483272193 WNW 55.9442366663185 -3.1884676471319464 498.876172 508.744318
55.9442366663185 -3.1884676471319464 WNW 55.94435147134821 -3.1887448109917 498.876172 507.494318
55.94435147134821 -3.1887448109917 WNW 55.94446627637792 -3.1890219748514532 475.048449 482.348384
55.94446627637792 -3.1890219748514532 WNW 55.944581081407634 -3.1892991387112066 475.048449 481.098384
55.944581081407634 -3.1892991387112066 WNW 55.944695886437344 -3.18957630257096 475.048449 479.848384
55.944695886437344 -3.18957630257096 WNW 55.944810691467055 -3.1898534664307134 571.130524 513.183469
55.944810691467055 -3.1898534664307134 WNW 55.944925496496765 -3.190130630290467 571.130524 511.933469
55.944925496496765 -3.190130630290467 WNW 55.945040301526475 -3.1904077941502202 571.130524 510.683469
55.945040301526475 -3.1904077941502202 WNW 55.945155106556186 -3.1906849580099736 686.902905 595.490664
55.945155106556186 -3.1906849580099736 WNW 55.945269911585896 -3.190962121869727 686.902905 594.240664
55.945269911585896 -3.190962121869727 S 55.94496991158589 -3.190962121869727 750.832832 710.870274
55.94496991158589 -3.190962121869727 S 55.94466991158589 -3.190962121869727 750.832832 709.620274
55.94466991158589 -3.190962121869727 S 55.94436991158589 -3.190962121869727 750.832832 708.370274
55.94436991158589 -3.190962121869727 S 55.944069911585885 -3.190962121869727 750.832832 707.120274
55.944069911585885 -3.190962121869727 S 55.94376991158588 -3.190962121869727 750.832832 705.870274
55.94376991158588 -3.190962121869727 S 55.94346991158588 -3.190962121869727 750.832832 704.620274
55.94346991158588 -3.190962121869727 S 55.943169911585876 -3.190962121869727 750.832832 703.370274
55.943169911585876 -3.190962121869727 SSW 55.94289274772612 -3.1910769268994366 750.832832 702.120274
55.94289274772612 -3.1910769268994366 N 55.94319274772612 -3.1910769268994366 828.488250 784.362153
55.94319274772612 -3.1910769268994366 NNW 55.94346991158588 -3.191191731929146 760.035274 779.162497
55.94346991158588 -3.191191731929146 N 55.94376991158588 -3.191191731929146 760.035274 777.912497
55.94376991158588 -3.191191731929146 E 55.94376991158588 -3.190891731929146 821.732785 798.027042
55.94376991158588 -3.190891731929146 E 55.94376991158588 -3.1905917319291457 821.732785 796.777042
55.94376991158588 -3.1905917319291457 E 55.94376991158588 -3.1902917319291455 821.732785 795.527042
55.94376991158588 -3.1902917319291455 E 55.94376991158588 -3.1899917319291453 821.732785 794.277042
55.94376991158588 -3.1899917319291453 E 55.94376991158588 -3.189691731929145 821.732785 793.027042
55.94376991158588 -3.189691731929145 E 55.94376991158588 -3.189391731929145 821.732785 791.777042
55.94376991158588 -3.189391731929145 E 55.94376991158588 -3.1890917319291447 821.732785 790.527042
55.94376991158588 -3.1890917319291447 E 55.94376991158588 -3.1887917319291446 821.732785 789.277042
55.94376991158588 -3.1887917319291446 E 55.94376991158588 -3.1884917319291444 821.732785 788.027042
55.94376991158588 -3.1884917319291444 E 55.94376991158588 -3.188191731929144 821.732785 786.777042
55.94376991158588 -3.188191731929144 E 55.94376991158588 -3.187891731929144 821.732785 785.527042
55.94376991158588 -3.187891731929144 E 55.94376991158588 -3.187591731929144 821.732785 784.277042
55.94376991158588 -3.187591731929144 E 55.94376991158588 -3.1872917319291436 821.732785 783.027042
55.94376991158588 -3.1872917319291436 E 55.94376991158588 -3.1869917319291434 816.906181 722.733768
55.94376991158588 -3.1869917319291434 E 55.94376991158588 -3.1866917319291432 816.906181 721.483768
55.94376991158588 -3.1866917319291432 ENE 55.94388471661559 -3.18641456806939 816.906181 720.233768
55.94388471661559 -3.18641456806939 NE 55.94409684864995 -3.186202436035034 848.567885 798.555134
55.94409684864995 -3.186202436035034 NE 55.944308980684305 -3.1859903040006783 848.567885 797.305134
55.944308980684305 -3.1859903040006783 NE 55.94452111271866 -3.1857781719663225 848.567885 796.055134
55.94452111271866 -3.1857781719663225 NE 55.94473324475302 -3.1855660399319667 848.567885 794.805134
55.94473324475302 -3.1855660399319667 NE 55.94494537678737 -3.185353907897611 848.567885 793.555134
55.94494537678737 -3.185353907897611 NE 55.94515750882173 -3.185141775863255 848.567885 792.305134
55.94515750882173 -3.185141775863255 NE 55.945369640856086 -3.1849296438288994 798.460283 672.525481
55.945369640856086 -3.1849296438288994 NE 55.94558177289044 -3.1847175117945437 798.460283 671.275481
55.94558177289044 -3.1847175117945437 NE 55.9457939049248 -3.184505379760188 798.460283 670.025481
55.9457939049248 -3.184505379760188 W 55.9457939049248 -3.184805379760188 867.918797 784.859877
55.9457939049248 -3.184805379760188 W 55.9457939049248 -3.1851053797601883 867.918797 783.609877
55.9457939049248 -3.1851053797601883 W 55.9457939049248 -3.1854053797601884 867.918797 782.359877
55.9457939049248 -3.1854053797601884 W 55.9457939049248 -3.1857053797601886 867.918797 781.109877
55.9457939049248 -3.1857053797601886 W 55.9457939049248 -3.186005379760189 867.918797 779.859877
55.9457939049248 -3.186005379760189 W 55.9457939049248 -3.186305379760189 787.611599 692.879279
55.9457939049248 -3.186305379760189 W 55.9457939049248 -3.186605379760189 787.375871 589.803746
55.9457939049248 -3.186605379760189 W 55.9457939049248 -3.1869053797601894 696.718110 566.518047
55.9457939049248 -3.1869053797601894 W 55.9457939049248 -3.1872053797601896 696.718110 565.268047
55.9457939049248 -3.1872053797601896 W 55.9457939049248 -3.1875053797601898 696.718110 564.018047
55.9457939049248 -3.1875053797601898 W 55.9457939049248 -3.18780537976019 707.552093 645.337138
55.9457939049248 -3.18780537976019 W 55.9457939049248 -3.18810537976019 707.552093 644.087138
55.9457939049248 -3.18810537976019 W 55.9457939049248 -3.1884053797601903 707.552093 642.837138
55.9457939049248 -3.1884053797601903 W 55.9457939049248 -3.1887053797601905 707.552093 641.587138
55.9457939049248 -3.1887053797601905 WSW 55.94567909989509 -3.188982543619944 729.445290 741.326053
55.94567909989509 -3.188982543619944 E 55.94567909989509 -3.1886825436199437 810.075778 855.922530
55.94567909989509 -3.1886825436199437 E 55.94567909989509 -3.1883825436199436 810.075778 854.672530
55.94567909989509 -3.1883825436199436 E 55.94567909989509 -3.1880825436199434 810.075778 853.422530
55.94567909989509 -3.1880825436199434 E 55.94567909989509 -3.187782543619943 810.075778 852.172530
55.94567909989509 -3.187782543619943 ESE 55.94556429486538 -3.1875053797601898 810.075778 850.922530
55.94556429486538 -3.1875053797601898 E 55.94556429486538 -3.1872053797601896 810.075778 849.672530
55.94556429486538 -3.1872053797601896 ESE 55.94544948983567 -3.186928215900436 810.075778 848.422530
55.94544948983567 -3.186928215900436 E 55.94544948983567 -3.186628215900436 810.075778 847.172530
55.94544948983567 -3.186628215900436 ESE 55.94533468480596 -3.1863510520406826 810.075778 845.922530
55.94533468480596 -3.1863510520406826 E 55.94533468480596 -3.1860510520406824 810.075778 844.672530
55.94533468480596 -3.1860510520406824 ESE 55.945219879776246 -3.185773888180929 810.075778 843.422530
55.945219879776246 -3.185773888180929 E 55.945219879776246 -3.185473888180929 810.075778 842.172530
55.945219879776246 -3.185473888180929 ESE 55.945105074746536 -3.1851967243211754 810.075778 840.922530
55.945105074746536 -3.1851967243211754 E 55.945105074746536 -3.184896724321175 810.075778 839.672530
55.945105074746536 -3.184896724321175 WSW 55.944990269716826 -3.1851738881809286 842.868639 925.532534
55.944990269716826 -3.1851738881809286 WSW 55.944875464687115 -3.185451052040682 842.868639 924.282534
55.944875464687115 -3.185451052040682 WSW 55.944760659657405 -3.1857282159004354 842.868639 923.032534
55.944760659657405 -3.1857282159004354 WSW 55.944645854627694 -3.186005379760189 842.868639 921.782534
55.944645854627694 -3.186005379760189 WSW 55.944531049597984 -3.1862825436199422 842.868639 920.532534
55.944531049597984 -3.1862825436199422 WSW 55.944416244568274 -3.1865597074796956 842.868639 919.282534
55.944416244568274 -3.1865597074796956 WSW 55.94430143953856 -3.186836871339449 838.421790 813.783601
55.94430143953856 -3.186836871339449 WSW 55.94418663450885 -3.1871140351992024 838.421790 812.533601
55.94418663450885 -3.1871140351992024 WSW 55.94407182947914 -3.187391199058956 838.421790 811.283601
55.94407182947914 -3.187391199058956 WSW 55.94395702444943 -3.1876683629187093 838.421790 810.033601
55.94395702444943 -3.1876683629187093 WSW 55.94384221941972 -3.1879455267784627 838.421790 808.783601
55.94384221941972 -3.1879455267784627 WSW 55.94372741439001 -3.188222690638216 838.421790 807.533601
55.94372741439001 -3.188222690638216 WSW 55.9436126093603 -3.1884998544979695 838.421790 806.283601
55.9436126093603 -3.1884998544979695 WSW 55.94349780433059 -3.188777018357723 838.421790 805.033601
55.94349780433059 -3.188777018357723 WSW 55.94338299930088 -3.1890541822174763 838.421790 803.783601
55.94338299930088 -3.1890541822174763 E 55.94338299930088 -3.188754182217476 895.060350 886.195642
55.94338299930088 -3.188754182217476 E 55.94338299930088 -3.188454182217476 895.060350 884.945642
55.94338299930088 -3.188454182217476 E 55.94338299930088 -3.1881541822174757 895.060350 883.695642
55.94338299930088 -3.1881541822174757 E 55.94338299930088 -3.1878541822174755 895.060350 882.445642
55.94338299930088 -3.1878541822174755 E 55.94338299930088 -3.1875541822174753 895.060350 881.195642
55.94338299930088 -3.1875541822174753 E 55.94338299930088 -3.187254182217475 895.060350 879.945642
55.94338299930088 -3.187254182217475 ENE 55.94349780433059 -3.1869770183577217 895.060350 878.695642
55.94349780433059 -3.1869770183577217 E 55.94349780433059 -3.1866770183577215 895.060350 877.445642
55.94349780433059 -3.1866770183577215 ENE 55.9436126093603 -3.186399854497968 895.060350 876.195642
55.9436126093603 -3.186399854497968 E 55.9436126093603 -3.186099854497968 895.060350 874.945642
55.9436126093603 -3.186099854497968 ENE 55.94372741439001 -3.1858226906382145 895.060350 873.695642
55.94372741439001 -3.1858226906382145 E 55.94372741439001 -3.1855226906382144 895.060350 872.445642
55.94372741439001 -3.1855226906382144 ENE 55.94384221941972 -3.185245526778461 895.060350 871.195642
55.94384221941972 -3.185245526778461 E 55.94384221941972 -3.1849455267784608 895.060350 869.945642
55.94384221941972 -3.1849455267784608 ENE 55.94395702444943 -3.1846683629187074 895.060350 868.695642
55.94395702444943 -3.1846683629187074 W 55.94395702444943 -3.1849683629187076 980.936147 943.460359
55.94395702444943 -3.1849683629187076 W 55.94395702444943 -3.1852683629187077 980.936147 942.210359
55.94395702444943 -3.1852683629187077 W 55.94395702444943 -3.185568362918708 980.936147 940.960359
55.94395702444943 -3.185568362918708 W 55.94395702444943 -3.185868362918708 980.936147 939.710359
55.94395702444943 -3.185868362918708 W 55.94395702444943 -3.1861683629187083 980.936147 938.460359
55.94395702444943 -3.1861683629187083 W 55.94395702444943 -3.1864683629187085 980.936147 937.210359
55.94395702444943 -3.1864683629187085 W 55.94395702444943 -3.1867683629187087 980.936147 935.960359
55.94395702444943 -3.1867683629187087 W 55.94395702444943 -3.187068362918709 980.936147 934.710359
55.94395702444943 -3.187068362918709 W 55.94395702444943 -3.187368362918709 980.936147 933.460359
55.94395702444943 -3.187368362918709 W 55.94395702444943 -3.1876683629187093 980.936147 932.210359
55.94395702444943 -3.1876683629187093 W 55.94395702444943 -3.1879683629187094 980.936147 930.960359
55.94395702444943 -3.1879683629187094 W 55.94395702444943 -3.1882683629187096 980.936147 929.710359
55.94395702444943 -3.1882683629187096 W 55.94395702444943 -3.18856836291871 980.936147 928.460359
55.94395702444943 -3.18856836291871 W 55.94395702444943 -3.18886836291871 980.936147 927.210359
55.94395702444943 -3.18886836291871 WNW 55.94407182947914 -3.1891455267784634 980.936147 925.960359
55.94407182947914 -3.1891455267784634 W 55.94407182947914 -3.1894455267784636 980.936147 924.710359
55.94407182947914 -3.1894455267784636 WNW 55.94418663450885 -3.189722690638217 980.936147 923.460359
55.94418663450885 -3.189722690638217 W 55.94418663450885 -3.190022690638217 980.936147 922.210359
55.94418663450885 -3.190022690638217 WNW 55.94430143953856 -3.1902998544979706 980.936147 920.960359
55.94430143953856 -3.1902998544979706 W 55.94430143953856 -3.190599854497971 980.936147 919.710359
55.94430143953856 -3.190599854497971 WNW 55.944416244568274 -3.190877018357724 980.936147 918.460359
55.944416244568274 -3.190877018357724 W 55.944416244568274 -3.1911770183577244 980.936147 917.210359
55.944416244568274 -3.1911770183577244 WNW 55.944531049597984 -3.191454182217478 980.936147 915.960359
55.944531049597984 -3.191454182217478 W 55.944531049597984 -3.191754182217478 1073.031001 919.805523
55.944531049597984 -3.191754182217478 NW 55.94474318163234 -3.1919663142518337 1162.189747 1021.346327
55.94474318163234 -3.1919663142518337 NW 55.944955313666696 -3.1921784462861895 1162.189747 1020.096327
55.944955313666696 -3.1921784462861895 NW 55.94516744570105 -3.1923905783205453 1162.189747 1018.846327
55.94516744570105 -3.1923905783205453 SE 55.944955313666696 -3.1921784462861895 1247.615923 1055.610125
55.944955313666696 -3.1921784462861895 SE 55.94474318163234 -3.1919663142518337 1247.615923 1054.360125
55.94474318163234 -3.1919663142518337 SE 55.944531049597984 -3.191754182217478 1247.615923 1053.110125
55.944531049597984 -3.191754182217478 SE 55.94431891756363 -3.191542050183122 1247.615923 1051.860125
55.94431891756363 -3.191542050183122 SE 55.94410678552927 -3.1913299181487664 1247.615923 1050.610125
55.94410678552927 -3.1913299181487664 SE 55.943894653494915 -3.1911177861144107 1291.929963 1054.973758
55.943894653494915 -3.1911177861144107 SE 55.94368252146056 -3.190905654080055 1291.929963 1053.723758
55.94368252146056 -3.190905654080055 SE 55.9434703894262 -3.190693522045699 1291.929963 1052.473758
55.9434703894262 -3.190693522045699 SE 55.94325825739185 -3.1904813900113433 1291.929963 1051.223758
55.94325825739185 -3.1904813900113433 SE 55.94304612535749 -3.1902692579769876 1291.929963 1049.973758
55.94304612535749 -3.1902692579769876 SE 55.942833993323134 -3.190057125942632 1291.929963 1048.723758
55.942833993323134 -3.190057125942632 SE 55.94262186128878 -3.189844993908276 1291.929963 1047.473758
55.94262186128878 -3.189844993908276 N 55.94292186128878 -3.189844993908276 1341.368396 1116.056481
55.94292186128878 -3.189844993908276 N 55.943221861288784 -3.189844993908276 1295.972936 1100.109860
55.943221861288784 -3.189844993908276 N 55.94352186128879 -3.189844993908276 1295.972936 1098.859860
55.94352186128879 -3.189844993908276 N 55.94382186128879 -3.189844993908276 1295.972936 1097.609860
55.94382186128879 -3.189844993908276 NNW 55.944099025148546 -3.1899597989379855 1295.972936 1096.359860
55.944099025148546 -3.1899597989379855 N 55.94439902514855 -3.1899597989379855 1295.972936 1095.109860
55.94439902514855 -3.1899597989379855 NNW 55.944676189008305 -3.190074603967695 1306.750437 1155.602082
55.944676189008305 -3.190074603967695 SSW 55.94439902514855 -3.1901894089974046 1306.750437 1154.352082
55.94439902514855 -3.1901894089974046 SW 55.94418689311419 -3.1904015410317603 1306.750437 1153.102082
55.94418689311419 -3.1904015410317603 SSW 55.943909729254436 -3.19051634606147 1329.044551 1162.910645
55.943909729254436 -3.19051634606147 W 55.943909729254436 -3.19081634606147 1329.044551 1161.660645
55.943909729254436 -3.19081634606147 W 55.943909729254436 -3.19111634606147 1329.044551 1160.410645
55.943909729254436 -3.19111634606147 WNW 55.94402453428415 -3.1913935099212236 1329.044551 1159.160645
55.94402453428415 -3.1913935099212236 W 55.94402453428415 -3.191693509921224 1329.044551 1157.910645
55.94402453428415 -3.191693509921224 NW 55.9442366663185 -3.1919056419555796 1344.699758 1197.424073
55.9442366663185 -3.1919056419555796 SE 55.94402453428415 -3.191693509921224 1344.699758 1196.174073
55.94402453428415 -3.191693509921224 ENE 55.94413933931386 -3.1914163460614704 1344.699758 1194.924073
55.94413933931386 -3.1914163460614704 ENE 55.94425414434357 -3.191139182201717 1344.699758 1193.674073
55.94425414434357 -3.191139182201717 ENE 55.94436894937328 -3.1908620183419636 1344.699758 1192.424073
55.94436894937328 -3.1908620183419636 ENE 55.94448375440299 -3.19058485448221 1344.699758 1191.174073
55.94448375440299 -3.19058485448221 ENE 55.9445985594327 -3.190307690622457 1344.699758 1189.924073
55.9445985594327 -3.190307690622457 N 55.9448985594327 -3.190307690622457 1405.497484 1225.192181
55.9448985594327 -3.190307690622457 SW 55.944686427398345 -3.1905198226568126 1405.497484 1223.942181
55.944686427398345 -3.1905198226568126 W 55.944686427398345 -3.1908198226568127 1405.497484 1222.692181
55.944686427398345 -3.1908198226568127 SSE 55.94440926353859 -3.1907050176271032 1405.497484 1221.442181
55.94440926353859 -3.1907050176271032 S 55.944109263538586 -3.1907050176271032 1405.497484 1220.192181
55.944109263538586 -3.1907050176271032 NE 55.94432139557294 -3.1904928855927475 1405.497484 1218.942181
55.94432139557294 -3.1904928855927475 S 55.94402139557294 -3.1904928855927475 1405.497484 1217.692181
55.94402139557294 -3.1904928855927475 NW 55.944233527607295 -3.1907050176271032 1405.497484 1216.442181
55.944233527607295 -3.1907050176271032 SSW 55.94395636374754 -3.1908198226568127 1405.497484 1215.192181
55.94395636374754 -3.1908198226568127 WSW 55.94384155871783 -3.191096986516566 1405.497484 1213.942181
55.94384155871783 -3.191096986516566 S 55.943541558717826 -3.191096986516566 1405.497484 1212.692181
55.943541558717826 -3.191096986516566 ESE 55.943426753688115 -3.1908198226568127 1405.497484 1211.442181
55.943426753688115 -3.1908198226568127 SE 55.94321462165376 -3.190607690622457 1405.497484 1210.192181
55.94321462165376 -3.190607690622457 SSE 55.942937457794 -3.1904928855927475 1405.497484 1208.942181
55.942937457794 -3.1904928855927475 SE 55.942725325759646 -3.1902807535583917 1405.497484 1207.692181
55.942725325759646 -3.1902807535583917 SE 55.94251319372529 -3.190068621524036 1405.497484 1206.442181
55.94251319372529 -3.190068621524036 SW 55.942301061690934 -3.1902807535583917 1405.497484 1205.192181
55.942301061690934 -3.1902807535583917 SSE 55.94202389783118 -3.190165948528682 1405.497484 1203.942181
55.94202389783118 -3.190165948528682 S 55.941723897831174 -3.190165948528682 1405.497484 1202.692181
55.941723897831174 -3.190165948528682 ENE 55.941838702860885 -3.189888784668929 1405.497484 1201.442181
55.941838702860885 -3.189888784668929 SW 55.94162657082653 -3.1901009167032846 1405.497484 1200.192181
55.94162657082653 -3.1901009167032846 ESE 55.94151176579682 -3.189823752843531 1405.497484 1198.942181
55.94151176579682 -3.189823752843531 E 55.94151176579682 -3.189523752843531 1405.497484 1197.692181
55.94151176579682 -3.189523752843531 S 55.941211765796815 -3.189523752843531 1405.497484 1196.442181
55.941211765796815 -3.189523752843531 NNE 55.94148892965657 -3.1894089478138214 1405.497484 1195.192181
55.94148892965657 -3.1894089478138214 SW 55.941276797622216 -3.189621079848177 1405.497484 1193.942181
55.941276797622216 -3.189621079848177 SE 55.94106466558786 -3.1894089478138214 1405.497484 1192.692181
55.94106466558786 -3.1894089478138214 SSE 55.9407875017281 -3.189294142784112 1405.497484 1191.442181
55.9407875017281 -3.189294142784112 SW 55.94057536969375 -3.1895062748184677 1405.497484 1190.192181
55.94057536969375 -3.1895062748184677 NE 55.9407875017281 -3.189294142784112 1405.497484 1188.942181
55.9407875017281 -3.189294142784112 SSE 55.940510337868346 -3.1891793377544024 1405.497484 1187.692181
55.940510337868346 -3.1891793377544024 N 55.94081033786835 -3.1891793377544024 1405.497484 1186.442181
55.94081033786835 -3.1891793377544024 NW 55.941022469902705 -3.189391469788758 1405.497484 1185.192181
55.941022469902705 -3.189391469788758 WNW 55.941137274932416 -3.1896686336485116 1405.497484 1183.942181
55.941137274932416 -3.1896686336485116 SSE 55.94086011107266 -3.189553828618802 1405.497484 1182.692181
55.94086011107266 -3.189553828618802 E 55.94086011107266 -3.189253828618802 1405.497484 1181.442181
55.94086011107266 -3.189253828618802 SSW 55.9405829472129 -3.1893686336485114 1405.497484 1180.192181
55.9405829472129 -3.1893686336485114 WSW 55.94046814218319 -3.189645797508265 1405.497484 1178.942181
55.94046814218319 -3.189645797508265 SW 55.940256010148836 -3.1898579295426206 1405.497484 1177.692181
55.940256010148836 -3.1898579295426206 SSW 55.93997884628908 -3.18997273457233 1405.497484 1176.442181
55.93997884628908 -3.18997273457233 W 55.93997884628908 -3.1902727345723303 1405.497484 1175.192181
55.93997884628908 -3.1902727345723303 NNE 55.940256010148836 -3.190157929542621 1405.497484 1173.942181
55.940256010148836 -3.190157929542621 SE 55.94004387811448 -3.189945797508265 1405.497484 1172.692181
55.94004387811448 -3.189945797508265 WSW 55.93992907308477 -3.1902229613680184 1405.497484 1171.442181
55.93992907308477 -3.1902229613680184 SE 55.93971694105041 -3.1900108293336626 1405.497484 1170.192181
55.93971694105041 -3.1900108293336626 WNW 55.939831746080124 -3.190287993193416 1405.497484 1168.942181
55.939831746080124 -3.190287993193416 E 55.939831746080124 -3.189987993193416 1405.497484 1167.692181
55.939831746080124 -3.189987993193416 SW 55.93961961404577 -3.1902001252277716 1405.497484 1166.442181
55.93961961404577 -3.1902001252277716 WNW 55.93973441907548 -3.190477289087525 1405.497484 1165.192181
55.93973441907548 -3.190477289087525 NE 55.939946551109834 -3.1902651570531693 1405.497484 1163.942181
55.939946551109834 -3.1902651570531693 NW 55.94015868314419 -3.190477289087525 1405.497484 1162.692181
55.94015868314419 -3.190477289087525 NNE 55.94043584700395 -3.1903624840578155 1405.497484 1161.442181
55.94043584700395 -3.1903624840578155 W 55.94043584700395 -3.1906624840578157 1405.497484 1160.192181
