55.944425 -3.188396 ENE 55.94453980502971 -3.1881188361402466 0.000000 248.750000
55.94453980502971 -3.1881188361402466 ENE 55.94465461005942 -3.187841672280493 0.000000 247.500000
55.94465461005942 -3.187841672280493 ENE 55.944769415089134 -3.18756450842074 0.000000 246.250000
55.944769415089134 -3.18756450842074 ENE 55.944884220118844 -3.1872873445609864 0.000000 245.000000
55.944884220118844 -3.1872873445609864 ENE 55.944999025148554 -3.187010180701233 49.270928 256.824749
55.944999025148554 -3.187010180701233 ENE 55.945113830178265 -3.1867330168414796 0.000000 131.704170
55.945113830178265 -3.1867330168414796 ENE 55.945228635207975 -3.186455852981726 0.000000 130.454170
55.945228635207975 -3.186455852981726 ENE 55.945343440237686 -3.1861786891219728 0.000000 129.204170
55.945343440237686 -3.1861786891219728 ENE 55.945458245267396 -3.1859015252622194 0.000000 127.954170
55.945458245267396 -3.1859015252622194 S 55.94515824526739 -3.1859015252622194 113.887452 161.557950
55.94515824526739 -3.1859015252622194 S 55.94485824526739 -3.1859015252622194 220.206845 177.434411
55.94485824526739 -3.1859015252622194 S 55.94455824526739 -3.1859015252622194 235.925669 269.476424
55.94455824526739 -3.1859015252622194 SSE 55.94428108140763 -3.18578672023251 235.925669 268.226424
55.94428108140763 -3.18578672023251 S 55.94398108140763 -3.18578672023251 235.925669 266.976424
55.94398108140763 -3.18578672023251 SSE 55.94370391754787 -3.1856719152028004 235.925669 265.726424
55.94370391754787 -3.1856719152028004 S 55.94340391754787 -3.1856719152028004 313.140754 273.632146
55.94340391754787 -3.1856719152028004 SSE 55.94312675368811 -3.185557110173091 313.140754 272.382146
55.94312675368811 -3.185557110173091 S 55.94282675368811 -3.185557110173091 348.280399 331.473396
55.94282675368811 -3.185557110173091 W 55.94282675368811 -3.185857110173091 348.280399 330.223396
55.94282675368811 -3.185857110173091 W 55.94282675368811 -3.1861571101730912 348.280399 328.973396
55.94282675368811 -3.1861571101730912 W 55.94282675368811 -3.1864571101730914 348.280399 327.723396
55.94282675368811 -3.1864571101730914 W 55.94282675368811 -3.1867571101730916 316.813569 266.825726
55.94282675368811 -3.1867571101730916 W 55.94282675368811 -3.187057110173092 316.813569 265.575726
55.94282675368811 -3.187057110173092 W 55.94282675368811 -3.187357110173092 340.840224 381.422452
55.94282675368811 -3.187357110173092 W 55.94282675368811 -3.187657110173092 340.840224 380.172452
55.94282675368811 -3.187657110173092 W 55.94282675368811 -3.1879571101730924 340.840224 378.922452
55.94282675368811 -3.1879571101730924 W 55.94282675368811 -3.1882571101730925 340.840224 377.672452
55.94282675368811 -3.1882571101730925 W 55.94282675368811 -3.1885571101730927 340.840224 376.422452
55.94282675368811 -3.1885571101730927 W 55.94282675368811 -3.188857110173093 340.840224 375.172452
55.94282675368811 -3.188857110173093 W 55.94282675368811 -3.189157110173093 340.840224 373.922452
55.94282675368811 -3.189157110173093 W 55.94282675368811 -3.1894571101730933 340.840224 372.672452
55.94282675368811 -3.1894571101730933 W 55.94282675368811 -3.1897571101730935 340.840224 371.422452
55.94282675368811 -3.1897571101730935 W 55.94282675368811 -3.1900571101730937 390.278657 440.005175
55.94282675368811 -3.1900571101730937 W 55.94282675368811 -3.190357110173094 390.278657 438.755175
55.94282675368811 -3.190357110173094 W 55.94282675368811 -3.190657110173094 390.278657 437.505175
55.94282675368811 -3.190657110173094 WSW 55.9427119486584 -3.1909342740328475 390.278657 436.255175
55.9427119486584 -3.1909342740328475 ENE 55.94282675368811 -3.190657110173094 467.934074 518.497054
55.94282675368811 -3.190657110173094 ENE 55.94294155871782 -3.1903799463133407 467.934074 517.247054
55.94294155871782 -3.1903799463133407 ENE 55.94305636374753 -3.1901027824535872 467.934074 515.997054
55.94305636374753 -3.1901027824535872 ENE 55.94317116877724 -3.189825618593834 422.538614 500.050433
55.94317116877724 -3.189825618593834 ENE 55.94328597380695 -3.1895484547340804 422.538614 498.800433
55.94328597380695 -3.1895484547340804 E 55.94328597380695 -3.1892484547340803 422.538614 497.550433
55.94328597380695 -3.1892484547340803 ENE 55.94340077883666 -3.188971290874327 479.177174 579.962474
55.94340077883666 -3.188971290874327 E 55.94340077883666 -3.1886712908743267 479.177174 578.712474
55.94340077883666 -3.1886712908743267 ENE 55.94351558386637 -3.1883941270145733 479.177174 577.462474
55.94351558386637 -3.1883941270145733 E 55.94351558386637 -3.188094127014573 479.177174 576.212474
55.94351558386637 -3.188094127014573 ENE 55.94363038889608 -3.1878169631548197 479.177174 574.962474
55.94363038889608 -3.1878169631548197 E 55.94363038889608 -3.1875169631548195 479.177174 573.712474
55.94363038889608 -3.1875169631548195 ENE 55.94374519392579 -3.187239799295066 479.177174 572.462474
55.94374519392579 -3.187239799295066 E 55.94374519392579 -3.186939799295066 474.350570 512.169201
55.94374519392579 -3.186939799295066 ENE 55.9438599989555 -3.1866626354353125 474.350570 510.919201
55.9438599989555 -3.1866626354353125 E 55.9438599989555 -3.1863626354353123 474.350570 509.669201
55.9438599989555 -3.1863626354353123 W 55.9438599989555 -3.1866626354353125 506.012274 587.990567
55.9438599989555 -3.1866626354353125 W 55.9438599989555 -3.1869626354353127 506.012274 586.740567
55.9438599989555 -3.1869626354353127 W 55.9438599989555 -3.187262635435313 506.012274 585.490567
55.9438599989555 -3.187262635435313 W 55.9438599989555 -3.187562635435313 506.012274 584.240567
55.9438599989555 -3.187562635435313 W 55.9438599989555 -3.1878626354353132 506.012274 582.990567
55.9438599989555 -3.1878626354353132 W 55.9438599989555 -3.1881626354353134 506.012274 581.740567
55.9438599989555 -3.1881626354353134 W 55.9438599989555 -3.1884626354353136 579.381661 657.819403
55.9438599989555 -3.1884626354353136 WNW 55.94397480398521 -3.188739799295067 579.381661 656.569403
55.94397480398521 -3.188739799295067 W 55.94397480398521 -3.189039799295067 579.381661 655.319403
55.94397480398521 -3.189039799295067 WNW 55.944089609014924 -3.1893169631548206 579.381661 654.069403
55.944089609014924 -3.1893169631548206 W 55.944089609014924 -3.189616963154821 579.381661 652.819403
55.944089609014924 -3.189616963154821 WNW 55.944204414044634 -3.189894127014574 579.381661 651.569403
55.944204414044634 -3.189894127014574 W 55.944204414044634 -3.1901941270145744 579.381661 650.319403
55.944204414044634 -3.1901941270145744 WNW 55.944319219074345 -3.190471290874328 579.381661 649.069403
55.944319219074345 -3.190471290874328 W 55.944319219074345 -3.190771290874328 579.381661 647.819403
55.944319219074345 -3.190771290874328 WNW 55.944434024104055 -3.1910484547340814 579.381661 646.569403
55.944434024104055 -3.1910484547340814 W 55.944434024104055 -3.1913484547340816 579.381661 645.319403
55.944434024104055 -3.1913484547340816 E 55.944434024104055 -3.1910484547340814 671.476514 649.164567
55.944434024104055 -3.1910484547340814 E 55.944434024104055 -3.190748454734081 671.476514 647.914567
55.944434024104055 -3.190748454734081 E 55.944434024104055 -3.190448454734081 671.476514 646.664567
55.944434024104055 -3.190448454734081 E 55.944434024104055 -3.190148454734081 671.476514 645.414567
55.944434024104055 -3.190148454734081 E 55.944434024104055 -3.1898484547340806 682.254016 705.906789
55.944434024104055 -3.1898484547340806 E 55.944434024104055 -3.1895484547340804 682.254016 704.656789
55.944434024104055 -3.1895484547340804 E 55.944434024104055 -3.1892484547340803 682.254016 703.406789
55.944434024104055 -3.1892484547340803 E 55.944434024104055 -3.18894845473408 682.254016 702.156789
55.944434024104055 -3.18894845473408 E 55.944434024104055 -3.18864845473408 658.426294 677.010854
55.944434024104055 -3.18864845473408 E 55.944434024104055 -3.1883484547340797 658.426294 675.760854
55.944434024104055 -3.1883484547340797 E 55.944434024104055 -3.1880484547340795 658.426294 674.510854
55.944434024104055 -3.1880484547340795 E 55.944434024104055 -3.1877484547340793 658.426294 673.260854
55.944434024104055 -3.1877484547340793 ESE 55.944319219074345 -3.187471290874326 658.426294 672.010854
55.944319219074345 -3.187471290874326 E 55.944319219074345 -3.1871712908743257 658.426294 670.760854
55.944319219074345 -3.1871712908743257 ESE 55.944204414044634 -3.1868941270145723 658.426294 669.510854
55.944204414044634 -3.1868941270145723 WNW 55.944319219074345 -3.1871712908743257 769.035263 739.672366
55.944319219074345 -3.1871712908743257 WNW 55.944434024104055 -3.187448454734079 769.035263 738.422366
55.944434024104055 -3.187448454734079 WNW 55.944548829133765 -3.1877256185938325 769.035263 737.172366
55.944548829133765 -3.1877256185938325 WNW 55.944663634163476 -3.188002782453586 769.035263 735.922366
55.944663634163476 -3.188002782453586 WNW 55.944778439193186 -3.1882799463133393 769.035263 734.672366
55.944778439193186 -3.1882799463133393 WNW 55.9448932442229 -3.1885571101730927 769.035263 733.422366
55.9448932442229 -3.1885571101730927 WNW 55.94500804925261 -3.188834274032846 735.900114 657.722948
55.94500804925261 -3.188834274032846 W 55.94500804925261 -3.1891342740328463 735.900114 656.472948
55.94500804925261 -3.1891342740328463 WNW 55.94512285428232 -3.1894114378925997 735.900114 655.222948
55.94512285428232 -3.1894114378925997 W 55.94512285428232 -3.1897114378926 735.900114 653.972948
55.94512285428232 -3.1897114378926 WNW 55.94523765931203 -3.1899886017523533 735.900114 652.722948
55.94523765931203 -3.1899886017523533 W 55.94523765931203 -3.1902886017523535 735.900114 651.472948
55.94523765931203 -3.1902886017523535 E 55.94523765931203 -3.1899886017523533 851.672495 736.280143
55.94523765931203 -3.1899886017523533 ENE 55.94535246434174 -3.1897114378926 851.672495 735.030143
55.94535246434174 -3.1897114378926 E 55.94535246434174 -3.1894114378925997 851.672495 733.780143
55.94535246434174 -3.1894114378925997 ENE 55.94546726937145 -3.1891342740328463 851.672495 732.530143
55.94546726937145 -3.1891342740328463 E 55.94546726937145 -3.188834274032846 932.302983 847.126620
55.94546726937145 -3.188834274032846 ENE 55.94558207440116 -3.1885571101730927 954.196180 946.865535
55.94558207440116 -3.1885571101730927 E 55.94558207440116 -3.1882571101730925 954.196180 945.615535
55.94558207440116 -3.1882571101730925 ENE 55.94569687943087 -3.187979946313339 954.196180 944.365535
55.94569687943087 -3.187979946313339 E 55.94569687943087 -3.187679946313339 954.196180 943.115535
55.94569687943087 -3.187679946313339 W 55.94569687943087 -3.187979946313339 965.030163 1024.434625
55.94569687943087 -3.187979946313339 W 55.94569687943087 -3.1882799463133393 965.030163 1023.184625
55.94569687943087 -3.1882799463133393 W 55.94569687943087 -3.1885799463133395 965.030163 1021.934625
55.94569687943087 -3.1885799463133395 W 55.94569687943087 -3.1888799463133397 965.030163 1020.684625
55.94569687943087 -3.1888799463133397 W 55.94569687943087 -3.18917994631334 965.030163 1019.434625
55.94569687943087 -3.18917994631334 WSW 55.94558207440116 -3.1894571101730933 965.030163 1018.184625
55.94558207440116 -3.1894571101730933 W 55.94558207440116 -3.1897571101730935 965.030163 1016.934625
55.94558207440116 -3.1897571101730935 WSW 55.94546726937145 -3.190034274032847 965.030163 1015.684625
55.94546726937145 -3.190034274032847 W 55.94546726937145 -3.190334274032847 965.030163 1014.434625
55.94546726937145 -3.190334274032847 WSW 55.94535246434174 -3.1906114378926005 965.030163 1013.184625
55.94535246434174 -3.1906114378926005 W 55.94535246434174 -3.1909114378926007 965.030163 1011.934625
55.94535246434174 -3.1909114378926007 WSW 55.94523765931203 -3.191188601752354 965.030163 1010.684625
55.94523765931203 -3.191188601752354 E 55.94523765931203 -3.190888601752354 1028.960090 1127.314235
55.94523765931203 -3.190888601752354 E 55.94523765931203 -3.1905886017523537 1028.960090 1126.064235
55.94523765931203 -3.1905886017523537 E 55.94523765931203 -3.1902886017523535 1028.960090 1124.814235
55.94523765931203 -3.1902886017523535 E 55.94523765931203 -3.1899886017523533 1028.960090 1123.564235
55.94523765931203 -3.1899886017523533 E 55.94523765931203 -3.189688601752353 1028.960090 1122.314235
55.94523765931203 -3.189688601752353 E 55.94523765931203 -3.189388601752353 1028.960090 1121.064235
55.94523765931203 -3.189388601752353 E 55.94523765931203 -3.1890886017523528 1028.960090 1119.814235
55.94523765931203 -3.1890886017523528 E 55.94523765931203 -3.1887886017523526 1028.960090 1118.564235
55.94523765931203 -3.1887886017523526 E 55.94523765931203 -3.1884886017523524 1028.960090 1117.314235
55.94523765931203 -3.1884886017523524 E 55.94523765931203 -3.188188601752352 1028.960090 1116.064235
55.94523765931203 -3.188188601752352 E 55.94523765931203 -3.187888601752352 1028.960090 1114.814235
55.94523765931203 -3.187888601752352 E 55.94523765931203 -3.187588601752352 1028.960090 1113.564235
55.94523765931203 -3.187588601752352 E 55.94523765931203 -3.1872886017523516 1028.960090 1112.314235
55.94523765931203 -3.1872886017523516 E 55.94523765931203 -3.1869886017523514 1028.960090 1111.064235
55.94523765931203 -3.1869886017523514 E 55.94523765931203 -3.1866886017523512 974.217731 1109.814235
55.94523765931203 -3.1866886017523512 E 55.94523765931203 -3.186388601752351 974.217731 1108.564235
55.94523765931203 -3.186388601752351 E 55.94523765931203 -3.186088601752351 974.217731 1107.314235
55.94523765931203 -3.186088601752351 E 55.94523765931203 -3.1857886017523507 974.217731 1106.064235
55.94523765931203 -3.1857886017523507 E 55.94523765931203 -3.1854886017523505 974.217731 1104.814235
55.94523765931203 -3.1854886017523505 ESE 55.94512285428232 -3.185211437892597 974.217731 1103.564235
55.94512285428232 -3.185211437892597 E 55.94512285428232 -3.184911437892597 974.217731 1102.314235
55.94512285428232 -3.184911437892597 W 55.94512285428232 -3.185211437892597 924.110130 982.534582
55.94512285428232 -3.185211437892597 W 55.94512285428232 -3.1855114378925973 924.110130 981.284582
55.94512285428232 -3.1855114378925973 W 55.94512285428232 -3.1858114378925975 924.110130 980.034582
55.94512285428232 -3.1858114378925975 W 55.94512285428232 -3.1861114378925977 924.110130 978.784582
55.94512285428232 -3.1861114378925977 W 55.94512285428232 -3.186411437892598 924.110130 977.534582
55.94512285428232 -3.186411437892598 W 55.94512285428232 -3.186711437892598 924.110130 976.284582
55.94512285428232 -3.186711437892598 W 55.94512285428232 -3.187011437892598 924.110130 975.034582
55.94512285428232 -3.187011437892598 W 55.94512285428232 -3.1873114378925984 924.110130 973.784582
55.94512285428232 -3.1873114378925984 W 55.94512285428232 -3.1876114378925986 924.110130 972.534582
55.94512285428232 -3.1876114378925986 W 55.94512285428232 -3.187911437892599 924.110130 971.284582
55.94512285428232 -3.187911437892599 W 55.94512285428232 -3.188211437892599 924.110130 970.034582
55.94512285428232 -3.188211437892599 W 55.94512285428232 -3.188511437892599 924.110130 968.784582
55.94512285428232 -3.188511437892599 W 55.94512285428232 -3.1888114378925994 924.110130 967.534582
55.94512285428232 -3.1888114378925994 W 55.94512285428232 -3.1891114378925995 924.110130 966.284582
55.94512285428232 -3.1891114378925995 W 55.94512285428232 -3.1894114378925997 924.110130 965.034582
55.94512285428232 -3.1894114378925997 W 55.94512285428232 -3.1897114378926 924.110130 963.784582
55.94512285428232 -3.1897114378926 W 55.94512285428232 -3.1900114378926 924.110130 962.534582
55.94512285428232 -3.1900114378926 W 55.94512285428232 -3.1903114378926003 924.110130 961.284582
55.94512285428232 -3.1903114378926003 W 55.94512285428232 -3.1906114378926005 924.110130 960.034582
55.94512285428232 -3.1906114378926005 W 55.94512285428232 -3.1909114378926007 924.110130 958.784582
55.94512285428232 -3.1909114378926007 W 55.94512285428232 -3.191211437892601 924.110130 957.534582
55.94512285428232 -3.191211437892601 W 55.94512285428232 -3.191511437892601 924.110130 956.284582
55.94512285428232 -3.191511437892601 W 55.94512285428232 -3.1918114378926012 924.110130 955.034582
55.94512285428232 -3.1918114378926012 WNW 55.94523765931203 -3.1920886017523546 924.110130 953.784582
55.94523765931203 -3.1920886017523546 W 55.94523765931203 -3.192388601752355 924.110130 952.534582
55.94523765931203 -3.192388601752355 SE 55.94502552727767 -3.192176469717999 1009.536306 989.298379
55.94502552727767 -3.192176469717999 SE 55.944813395243315 -3.1919643376836433 1009.536306 988.048379
55.944813395243315 -3.1919643376836433 SE 55.94460126320896 -3.1917522056492875 1009.536306 986.798379
55.94460126320896 -3.1917522056492875 SSE 55.9443240993492 -3.191637400619578 1098.695052 1088.339184
55.9443240993492 -3.191637400619578 SE 55.944111967314846 -3.1914252685852222 1098.695052 1087.089184
55.944111967314846 -3.1914252685852222 SSE 55.94383480345509 -3.1913104635555127 1143.009092 1091.452817
55.94383480345509 -3.1913104635555127 SE 55.943622671420734 -3.191098331521157 1204.706604 1111.567362
55.943622671420734 -3.191098331521157 NE 55.94383480345509 -3.190886199486801 1204.706604 1110.317362
55.94383480345509 -3.190886199486801 NE 55.944046935489446 -3.1906740674524454 1204.706604 1109.067362
55.944046935489446 -3.1906740674524454 ENE 55.94416174051916 -3.190396903592692 1227.000718 1118.875926
55.94416174051916 -3.190396903592692 NE 55.94437387255351 -3.1901847715583362 1227.000718 1117.625926
55.94437387255351 -3.1901847715583362 ENE 55.94448867758322 -3.189907607698583 1227.000718 1116.375926
55.94448867758322 -3.189907607698583 NE 55.94470080961758 -3.189695475664227 1227.000718 1115.125926
55.94470080961758 -3.189695475664227 WSW 55.94458600458787 -3.1899726395239805 1323.082792 1148.461011
55.94458600458787 -3.1899726395239805 WSW 55.94447119955816 -3.190249803383734 1323.082792 1147.211011
55.94447119955816 -3.190249803383734 WSW 55.94435639452845 -3.1905269672434873 1383.880518 1182.479120
55.94435639452845 -3.1905269672434873 WSW 55.94424158949874 -3.1908041311032407 1383.880518 1181.229120
55.94424158949874 -3.1908041311032407 WSW 55.94412678446903 -3.191081294962994 1383.880518 1179.979120
55.94412678446903 -3.191081294962994 W 55.94412678446903 -3.1913812949629943 1383.880518 1178.729120
55.94412678446903 -3.1913812949629943 WSW 55.94401197943932 -3.1916584588227477 1383.880518 1177.479120
55.94401197943932 -3.1916584588227477 E 55.94401197943932 -3.1913584588227475 1399.535725 1216.992547
55.94401197943932 -3.1913584588227475 E 55.94401197943932 -3.1910584588227473 1399.535725 1215.742547
55.94401197943932 -3.1910584588227473 E 55.94401197943932 -3.190758458822747 1399.535725 1214.492547
55.94401197943932 -3.190758458822747 E 55.94401197943932 -3.190458458822747 1399.535725 1213.242547
55.94401197943932 -3.190458458822747 E 55.94401197943932 -3.1901584588227467 1399.535725 1211.992547
55.94401197943932 -3.1901584588227467 E 55.94401197943932 -3.1898584588227465 1399.535725 1210.742547
55.94401197943932 -3.1898584588227465 E 55.94401197943932 -3.1895584588227464 1399.535725 1209.492547
55.94401197943932 -3.1895584588227464 E 55.94401197943932 -3.189258458822746 1399.535725 1208.242547
55.94401197943932 -3.189258458822746 E 55.94401197943932 -3.188958458822746 1399.535725 1206.992547
55.94401197943932 -3.188958458822746 E 55.94401197943932 -3.188658458822746 1399.535725 1205.742547
55.94401197943932 -3.188658458822746 E 55.94401197943932 -3.1883584588227456 1399.535725 1204.492547
55.94401197943932 -3.1883584588227456 E 55.94401197943932 -3.1880584588227454 1399.535725 1203.242547
55.94401197943932 -3.1880584588227454 E 55.94401197943932 -3.1877584588227452 1399.535725 1201.992547
55.94401197943932 -3.1877584588227452 E 55.94401197943932 -3.187458458822745 1399.535725 1200.742547
55.94401197943932 -3.187458458822745 E 55.94401197943932 -3.187158458822745 1399.535725 1199.492547
55.94401197943932 -3.187158458822745 E 55.94401197943932 -3.1868584588227447 1399.535725 1198.242547
55.94401197943932 -3.1868584588227447 E 55.94401197943932 -3.1865584588227445 1399.535725 1196.992547
55.94401197943932 -3.1865584588227445 E 55.94401197943932 -3.1862584588227443 1399.535725 1195.742547
55.94401197943932 -3.1862584588227443 E 55.94401197943932 -3.185958458822744 1399.535725 1194.492547
55.94401197943932 -3.185958458822744 E 55.94401197943932 -3.185658458822744 1399.535725 1193.242547
55.94401197943932 -3.185658458822744 E 55.94401197943932 -3.1853584588227437 1399.535725 1191.992547
55.94401197943932 -3.1853584588227437 E 55.94401197943932 -3.1850584588227435 1399.535725 1190.742547
55.94401197943932 -3.1850584588227435 E 55.94401197943932 -3.1847584588227433 1399.535725 1189.492547
55.94401197943932 -3.1847584588227433 N 55.94431197943932 -3.1847584588227433 1485.411522 1264.257263
55.94431197943932 -3.1847584588227433 N 55.94461197943932 -3.1847584588227433 1485.411522 1263.007263
55.94461197943932 -3.1847584588227433 N 55.944911979439325 -3.1847584588227433 1485.411522 1261.757263
55.944911979439325 -3.1847584588227433 NNW 55.94518914329908 -3.184873263852453 1518.204383 1347.617267
55.94518914329908 -3.184873263852453 NE 55.94540127533344 -3.184661131818097 1518.204383 1346.367267
55.94540127533344 -3.184661131818097 NE 55.945613407367794 -3.1844489997837413 1518.204383 1345.117267
55.945613407367794 -3.1844489997837413 NNE 55.94589057122755 -3.184334194754032 1587.662897 1459.951663
55.94589057122755 -3.184334194754032 ESE 55.94577576619784 -3.1840570308942784 1587.662897 1458.701663
55.94577576619784 -3.1840570308942784 S 55.94547576619784 -3.1840570308942784 1587.662897 1457.451663
55.94547576619784 -3.1840570308942784 NNE 55.945752930057594 -3.183942225864569 1587.662897 1456.201663
55.945752930057594 -3.183942225864569 SSW 55.94547576619784 -3.1840570308942784 1587.662897 1454.951663
55.94547576619784 -3.1840570308942784 W 55.94547576619784 -3.1843570308942786 1587.662897 1453.701663
55.94547576619784 -3.1843570308942786 ESE 55.94536096116813 -3.184079867034525 1587.662897 1452.451663
55.94536096116813 -3.184079867034525 SSW 55.94508379730837 -3.1841946720642347 1587.662897 1451.201663
55.94508379730837 -3.1841946720642347 ESE 55.94496899227866 -3.1839175082044813 1587.662897 1449.951663
55.94496899227866 -3.1839175082044813 ENE 55.94508379730837 -3.183640344344728 1587.662897 1448.701663
55.94508379730837 -3.183640344344728 WNW 55.94519860233808 -3.1839175082044813 1587.662897 1447.451663
55.94519860233808 -3.1839175082044813 SSE 55.944921438478325 -3.1838027031747718 1587.662897 1446.201663
55.944921438478325 -3.1838027031747718 W 55.944921438478325 -3.184102703174772 1587.662897 1444.951663
55.944921438478325 -3.184102703174772 SSE 55.94464427461857 -3.1839878981450624 1587.662897 1443.701663
55.94464427461857 -3.1839878981450624 N 55.94494427461857 -3.1839878981450624 1587.662897 1442.451663
55.94494427461857 -3.1839878981450624 E 55.94494427461857 -3.1836878981450623 1587.662897 1441.201663
55.94494427461857 -3.1836878981450623 NNE 55.94522143847833 -3.1835730931153527 1587.662897 1439.951663
55.94522143847833 -3.1835730931153527 NW 55.945433570512684 -3.1837852251497085 1587.662897 1438.701663
55.945433570512684 -3.1837852251497085 WSW 55.94531876548297 -3.184062389009462 1587.662897 1437.451663
55.94531876548297 -3.184062389009462 ENE 55.945433570512684 -3.1837852251497085 1587.662897 1436.201663
55.945433570512684 -3.1837852251497085 SE 55.94522143847833 -3.1835730931153527 1587.662897 1434.951663
55.94522143847833 -3.1835730931153527 NE 55.945433570512684 -3.183360961080997 1587.662897 1433.701663
55.945433570512684 -3.183360961080997 ESE 55.94531876548297 -3.1830837972212436 1587.662897 1432.451663
55.94531876548297 -3.1830837972212436 W 55.94531876548297 -3.1833837972212438 1587.662897 1431.201663
55.94531876548297 -3.1833837972212438 SE 55.94510663344862 -3.183171665186888 1587.662897 1429.951663
55.94510663344862 -3.183171665186888 SW 55.94489450141426 -3.1833837972212438 1587.662897 1428.701663
55.94489450141426 -3.1833837972212438 E 55.94489450141426 -3.1830837972212436 1587.662897 1427.451663
55.94489450141426 -3.1830837972212436 NE 55.94510663344862 -3.182871665186888 1587.662897 1426.201663
55.94510663344862 -3.182871665186888 W 55.94510663344862 -3.183171665186888 1587.662897 1424.951663
55.94510663344862 -3.183171665186888 NW 55.94531876548297 -3.1833837972212438 1587.662897 1423.701663
55.94531876548297 -3.1833837972212438 NW 55.94553089751733 -3.1835959292555995 1587.662897 1422.451663
55.94553089751733 -3.1835959292555995 SW 55.94531876548297 -3.1838080612899553 1587.662897 1421.201663
55.94531876548297 -3.1838080612899553 NNE 55.94559592934273 -3.183693256260246 1587.662897 1419.951663
55.94559592934273 -3.183693256260246 ESE 55.94548112431302 -3.1834160924004924 1587.662897 1418.701663
55.94548112431302 -3.1834160924004924 ENE 55.94559592934273 -3.183138928540739 1587.662897 1417.451663
55.94559592934273 -3.183138928540739 NNW 55.945873093202486 -3.1832537335704485 1587.662897 1416.201663
55.945873093202486 -3.1832537335704485 SSW 55.94559592934273 -3.183368538600158 1587.662897 1414.951663
55.94559592934273 -3.183368538600158 SW 55.945383797308374 -3.1835806706345138 1587.662897 1413.701663
