55.944425 -3.188396 ENE 55.94453980502971 -3.1881188361402466 0.000000 248.750000
55.94453980502971 -3.1881188361402466 ENE 55.94465461005942 -3.187841672280493 0.000000 247.500000
55.94465461005942 -3.187841672280493 ENE 55.944769415089134 -3.18756450842074 0.000000 246.250000
55.944769415089134 -3.18756450842074 ENE 55.944884220118844 -3.1872873445609864 0.000000 245.000000
55.944884220118844 -3.1872873445609864 ENE 55.944999025148554 -3.187010180701233 49.270928 256.824749
55.944999025148554 -3.187010180701233 ENE 55.945113830178265 -3.1867330168414796 0.000000 131.704170
55.945113830178265 -3.1867330168414796 ENE 55.945228635207975 -3.186455852981726 0.000000 130.454170
55.945228635207975 -3.186455852981726 ENE 55.945343440237686 -3.1861786891219728 0.000000 129.204170
55.945343440237686 -3.1861786891219728 ENE 55.945458245267396 -3.1859015252622194 0.000000 127.954170
55.945458245267396 -3.1859015252622194 S 55.94515824526739 -3.1859015252622194 113.887452 161.557950
55.94515824526739 -3.1859015252622194 S 55.94485824526739 -3.1859015252622194 220.206845 177.434411
55.94485824526739 -3.1859015252622194 S 55.94455824526739 -3.1859015252622194 235.925669 269.476424
55.94455824526739 -3.1859015252622194 SSE 55.94428108140763 -3.18578672023251 235.925669 268.226424
55.94428108140763 -3.18578672023251 S 55.94398108140763 -3.18578672023251 235.925669 266.976424
55.94398108140763 -3.18578672023251 SSE 55.94370391754787 -3.1856719152028004 235.925669 265.726424
55.94370391754787 -3.1856719152028004 S 55.94340391754787 -3.1856719152028004 313.140754 273.632146
55.94340391754787 -3.1856719152028004 SSE 55.94312675368811 -3.185557110173091 313.140754 272.382146
55.94312675368811 -3.185557110173091 WSW 55.9430119486584 -3.1858342740328442 348.280399 331.473396
55.9430119486584 -3.1858342740328442 WSW 55.94289714362869 -3.1861114378925977 348.280399 330.223396
55.94289714362869 -3.1861114378925977 WSW 55.94278233859898 -3.186388601752351 348.280399 328.973396
55.94278233859898 -3.186388601752351 WSW 55.94266753356927 -3.1866657656121045 316.813569 268.075726
55.94266753356927 -3.1866657656121045 W 55.94266753356927 -3.1869657656121047 316.813569 266.825726
55.94266753356927 -3.1869657656121047 WNW 55.94278233859898 -3.187242929471858 340.840224 382.672452
55.94278233859898 -3.187242929471858 WNW 55.94289714362869 -3.1875200933316115 340.840224 381.422452
55.94289714362869 -3.1875200933316115 WNW 55.9430119486584 -3.187797257191365 340.840224 380.172452
55.9430119486584 -3.187797257191365 WNW 55.94312675368811 -3.1880744210511183 340.840224 378.922452
55.94312675368811 -3.1880744210511183 WNW 55.94324155871782 -3.1883515849108717 340.840224 377.672452
55.94324155871782 -3.1883515849108717 WNW 55.94335636374753 -3.188628748770625 340.840224 376.422452
55.94335636374753 -3.188628748770625 WNW 55.94347116877724 -3.1889059126303785 340.840224 375.172452
55.94347116877724 -3.1889059126303785 WNW 55.943585973806954 -3.189183076490132 397.478784 457.584493
55.943585973806954 -3.189183076490132 WNW 55.943700778836664 -3.1894602403498853 397.478784 456.334493
55.943700778836664 -3.1894602403498853 WNW 55.943815583866375 -3.1897374042096387 397.478784 455.084493
55.943815583866375 -3.1897374042096387 WNW 55.943930388896085 -3.190014568069392 397.478784 453.834493
55.943930388896085 -3.190014568069392 WNW 55.944045193925795 -3.1902917319291455 397.478784 452.584493
55.944045193925795 -3.1902917319291455 WNW 55.944159998955506 -3.190568895788899 419.772898 462.393057
55.944159998955506 -3.190568895788899 WNW 55.944274803985216 -3.1908460596486523 419.772898 461.143057
55.944274803985216 -3.1908460596486523 WNW 55.94438960901493 -3.1911232235084057 419.772898 459.893057
55.94438960901493 -3.1911232235084057 WNW 55.94450441404464 -3.191400387368159 419.772898 458.643057
55.94450441404464 -3.191400387368159 W 55.94450441404464 -3.1917003873681593 511.867752 462.488221
55.94450441404464 -3.1917003873681593 ENE 55.94461921907435 -3.191423223508406 601.026498 564.029026
55.94461921907435 -3.191423223508406 ENE 55.94473402410406 -3.1911460596486525 601.026498 562.779026
55.94473402410406 -3.1911460596486525 ENE 55.94484882913377 -3.190868895788899 601.026498 561.529026
55.94484882913377 -3.190868895788899 ENE 55.94496363416348 -3.1905917319291457 601.026498 560.279026
55.94496363416348 -3.1905917319291457 ENE 55.94507843919319 -3.1903145680693923 601.026498 559.029026
55.94507843919319 -3.1903145680693923 ENE 55.9451932442229 -3.190037404209639 716.798879 643.836221
55.9451932442229 -3.190037404209639 ENE 55.94530804925261 -3.1897602403498855 716.798879 642.586221
55.94530804925261 -3.1897602403498855 ENE 55.94542285428232 -3.189483076490132 716.798879 641.336221
55.94542285428232 -3.189483076490132 ENE 55.94553765931203 -3.1892059126303787 716.798879 640.086221
55.94553765931203 -3.1892059126303787 ENE 55.94565246434174 -3.1889287487706253 797.429367 754.682699
55.94565246434174 -3.1889287487706253 SSE 55.945375300481984 -3.1888139437409158 819.322564 854.421613
55.945375300481984 -3.1888139437409158 SSE 55.94509813662223 -3.1886991387112062 819.322564 853.171613
55.94509813662223 -3.1886991387112062 SSE 55.94482097276247 -3.1885843336814967 786.187415 777.472195
55.94482097276247 -3.1885843336814967 SSE 55.944543808902715 -3.1884695286517872 786.187415 776.222195
55.944543808902715 -3.1884695286517872 SSE 55.94426664504296 -3.1883547236220777 786.187415 774.972195
55.94426664504296 -3.1883547236220777 SE 55.9440545130086 -3.188142591587722 786.187415 773.722195
55.9440545130086 -3.188142591587722 WNW 55.94416931803831 -3.1884197554474754 859.556802 849.801032
55.94416931803831 -3.1884197554474754 WNW 55.94428412306802 -3.1886969193072288 859.556802 848.551032
55.94428412306802 -3.1886969193072288 W 55.94428412306802 -3.188996919307229 835.729079 823.405097
55.94428412306802 -3.188996919307229 WNW 55.94439892809773 -3.1892740831669824 835.729079 822.155097
55.94439892809773 -3.1892740831669824 W 55.94439892809773 -3.1895740831669825 835.729079 820.905097
55.94439892809773 -3.1895740831669825 WNW 55.944513733127444 -3.189851247026736 835.729079 819.655097
55.944513733127444 -3.189851247026736 W 55.944513733127444 -3.190151247026736 846.506581 880.147319
55.944513733127444 -3.190151247026736 SSW 55.94423656926769 -3.1902660520564456 846.506581 878.897319
55.94423656926769 -3.1902660520564456 SSW 55.94395940540793 -3.190380857086155 846.506581 877.647319
55.94395940540793 -3.190380857086155 SSW 55.943682241548174 -3.1904956621158647 846.506581 876.397319
55.943682241548174 -3.1904956621158647 SSW 55.94340507768842 -3.190610467145574 846.506581 875.147319
55.94340507768842 -3.190610467145574 SW 55.94319294565406 -3.19082259917993 846.506581 873.897319
55.94319294565406 -3.19082259917993 SSW 55.942915781794305 -3.1909374042096394 846.506581 872.647319
55.942915781794305 -3.1909374042096394 ENE 55.943030586824015 -3.190660240349886 924.161999 954.889198
55.943030586824015 -3.190660240349886 ENE 55.943145391853726 -3.1903830764901326 924.161999 953.639198
55.943145391853726 -3.1903830764901326 ENE 55.943260196883436 -3.1901059126303792 924.161999 952.389198
55.943260196883436 -3.1901059126303792 ENE 55.94337500191315 -3.189828748770626 878.766538 936.442577
55.94337500191315 -3.189828748770626 ENE 55.94348980694286 -3.1895515849108724 878.766538 935.192577
55.94348980694286 -3.1895515849108724 ENE 55.94360461197257 -3.189274421051119 878.766538 933.942577
55.94360461197257 -3.189274421051119 ENE 55.94371941700228 -3.1889972571913656 878.766538 932.692577
55.94371941700228 -3.1889972571913656 ENE 55.94383422203199 -3.188720093331612 878.766538 931.442577
55.94383422203199 -3.188720093331612 E 55.94383422203199 -3.188420093331612 878.766538 930.192577
55.94383422203199 -3.188420093331612 ENE 55.9439490270617 -3.1881429294718586 878.766538 928.942577
55.9439490270617 -3.1881429294718586 E 55.9439490270617 -3.1878429294718584 878.766538 927.692577
55.9439490270617 -3.1878429294718584 ENE 55.94406383209141 -3.187565765612105 878.766538 926.442577
55.94406383209141 -3.187565765612105 E 55.94406383209141 -3.187265765612105 878.766538 925.192577
55.94406383209141 -3.187265765612105 ENE 55.94417863712112 -3.1869886017523514 878.766538 923.942577
55.94417863712112 -3.1869886017523514 E 55.94417863712112 -3.1866886017523512 878.766538 922.692577
55.94417863712112 -3.1866886017523512 W 55.94417863712112 -3.1869886017523514 989.375508 992.854088
55.94417863712112 -3.1869886017523514 W 55.94417863712112 -3.1872886017523516 989.375508 991.604088
55.94417863712112 -3.1872886017523516 W 55.94417863712112 -3.187588601752352 989.375508 990.354088
55.94417863712112 -3.187588601752352 W 55.94417863712112 -3.187888601752352 989.375508 989.104088
55.94417863712112 -3.187888601752352 W 55.94417863712112 -3.188188601752352 963.433099 977.685606
55.94417863712112 -3.188188601752352 WNW 55.94429344215083 -3.1884657656121056 963.433099 976.435606
55.94429344215083 -3.1884657656121056 W 55.94429344215083 -3.188765765612106 963.433099 975.185606
55.94429344215083 -3.188765765612106 WNW 55.94440824718054 -3.189042929471859 963.433099 973.935606
55.94440824718054 -3.189042929471859 W 55.94440824718054 -3.1893429294718594 963.433099 972.685606
55.94440824718054 -3.1893429294718594 WNW 55.94452305221025 -3.189620093331613 963.433099 971.435606
55.94452305221025 -3.189620093331613 W 55.94452305221025 -3.189920093331613 1059.515174 1004.770692
55.94452305221025 -3.189920093331613 WNW 55.94463785723996 -3.1901972571913664 1059.515174 1003.520692
55.94463785723996 -3.1901972571913664 E 55.94463785723996 -3.189897257191366 1120.312899 1038.788801
55.94463785723996 -3.189897257191366 E 55.94463785723996 -3.189597257191366 1120.312899 1037.538801
55.94463785723996 -3.189597257191366 E 55.94463785723996 -3.189297257191366 1120.312899 1036.288801
55.94463785723996 -3.189297257191366 E 55.94463785723996 -3.1889972571913656 1120.312899 1035.038801
55.94463785723996 -3.1889972571913656 E 55.94463785723996 -3.1886972571913654 1120.312899 1033.788801
55.94463785723996 -3.1886972571913654 E 55.94463785723996 -3.1883972571913652 1120.312899 1032.538801
55.94463785723996 -3.1883972571913652 E 55.94463785723996 -3.188097257191365 1120.312899 1031.288801
55.94463785723996 -3.188097257191365 E 55.94463785723996 -3.187797257191365 1120.312899 1030.038801
55.94463785723996 -3.187797257191365 E 55.94463785723996 -3.1874972571913647 1120.312899 1028.788801
55.94463785723996 -3.1874972571913647 E 55.94463785723996 -3.1871972571913645 1120.312899 1027.538801
55.94463785723996 -3.1871972571913645 E 55.94463785723996 -3.1868972571913643 1120.312899 1026.288801
55.94463785723996 -3.1868972571913643 ENE 55.94475266226967 -3.186620093331611 1120.312899 1025.038801
55.94475266226967 -3.186620093331611 E 55.94475266226967 -3.1863200933316107 1120.312899 1023.788801
55.94475266226967 -3.1863200933316107 ENE 55.94486746729938 -3.1860429294718573 1120.312899 1022.538801
55.94486746729938 -3.1860429294718573 E 55.94486746729938 -3.185742929471857 1120.312899 1021.288801
55.94486746729938 -3.185742929471857 ENE 55.94498227232909 -3.1854657656121037 1120.312899 1020.038801
55.94498227232909 -3.1854657656121037 E 55.94498227232909 -3.1851657656121035 1120.312899 1018.788801
55.94498227232909 -3.1851657656121035 ENE 55.9450970773588 -3.18488860175235 1120.312899 1017.538801
55.9450970773588 -3.18488860175235 SSE 55.944819913499046 -3.1847737967226406 1153.105760 1103.398804
55.944819913499046 -3.1847737967226406 S 55.94451991349904 -3.1847737967226406 1153.105760 1102.148804
55.94451991349904 -3.1847737967226406 SSE 55.94424274963929 -3.184658991692931 1153.105760 1100.898804
55.94424274963929 -3.184658991692931 S 55.943942749639284 -3.184658991692931 1153.105760 1099.648804
55.943942749639284 -3.184658991692931 WSW 55.94382794460957 -3.1849361555526845 1238.981557 1174.413520
55.94382794460957 -3.1849361555526845 WSW 55.94371313957986 -3.185213319412438 1238.981557 1173.163520
55.94371313957986 -3.185213319412438 WSW 55.94359833455015 -3.1854904832721913 1238.981557 1171.913520
55.94359833455015 -3.1854904832721913 WSW 55.94348352952044 -3.1857676471319447 1238.981557 1170.663520
55.94348352952044 -3.1857676471319447 WSW 55.94336872449073 -3.186044810991698 1238.981557 1169.413520
55.94336872449073 -3.186044810991698 W 55.94336872449073 -3.1863448109916983 1238.981557 1168.163520
55.94336872449073 -3.1863448109916983 WSW 55.94325391946102 -3.1866219748514517 1238.981557 1166.913520
55.94325391946102 -3.1866219748514517 W 55.94325391946102 -3.186921974851452 1238.981557 1165.663520
55.94325391946102 -3.186921974851452 WSW 55.94313911443131 -3.1871991387112053 1238.981557 1164.413520
55.94313911443131 -3.1871991387112053 W 55.94313911443131 -3.1874991387112055 1238.981557 1163.163520
55.94313911443131 -3.1874991387112055 WSW 55.9430243094016 -3.187776302570959 1238.981557 1161.913520
55.9430243094016 -3.187776302570959 W 55.9430243094016 -3.188076302570959 1238.981557 1160.663520
55.9430243094016 -3.188076302570959 WSW 55.94290950437189 -3.1883534664307125 1238.981557 1159.413520
55.94290950437189 -3.1883534664307125 W 55.94290950437189 -3.1886534664307127 1238.981557 1158.163520
55.94290950437189 -3.1886534664307127 WSW 55.94279469934218 -3.188930630290466 1238.981557 1156.913520
55.94279469934218 -3.188930630290466 W 55.94279469934218 -3.1892306302904663 1238.981557 1155.663520
55.94279469934218 -3.1892306302904663 WSW 55.94267989431247 -3.1895077941502197 1238.981557 1154.413520
55.94267989431247 -3.1895077941502197 W 55.94267989431247 -3.18980779415022 1238.981557 1153.163520
55.94267989431247 -3.18980779415022 NW 55.942892026346826 -3.1900199261845756 1288.419990 1221.746243
55.942892026346826 -3.1900199261845756 NW 55.94310415838118 -3.1902320582189314 1288.419990 1220.496243
55.94310415838118 -3.1902320582189314 NW 55.94331629041554 -3.190444190253287 1288.419990 1219.246243
55.94331629041554 -3.190444190253287 NW 55.943528422449894 -3.190656322287643 1288.419990 1217.996243
55.943528422449894 -3.190656322287643 NW 55.94374055448425 -3.1908684543219987 1288.419990 1216.746243
55.94374055448425 -3.1908684543219987 NW 55.94395268651861 -3.1910805863563545 1288.419990 1215.496243
55.94395268651861 -3.1910805863563545 NW 55.94416481855296 -3.1912927183907103 1288.419990 1214.246243
55.94416481855296 -3.1912927183907103 NW 55.94437695058732 -3.191504850425066 1288.419990 1212.996243
55.94437695058732 -3.191504850425066 NW 55.944589082621675 -3.191716982459422 1288.419990 1211.746243
55.944589082621675 -3.191716982459422 NW 55.94480121465603 -3.1919291144937776 1288.419990 1210.496243
55.94480121465603 -3.1919291144937776 NW 55.94501334669039 -3.1921412465281334 1288.419990 1209.246243
55.94501334669039 -3.1921412465281334 NW 55.945225478724744 -3.192353378562489 1288.419990 1207.996243
55.945225478724744 -3.192353378562489 WNW 55.945340283754454 -3.1926305424222425 1373.846166 1244.760041
55.945340283754454 -3.1926305424222425 SE 55.9451281517201 -3.1924184103878868 1373.846166 1243.510041
55.9451281517201 -3.1924184103878868 SE 55.94491601968574 -3.192206278353531 1373.846166 1242.260041
55.94491601968574 -3.192206278353531 SE 55.944703887651386 -3.191994146319175 1373.846166 1241.010041
55.944703887651386 -3.191994146319175 SE 55.94449175561703 -3.1917820142848194 1373.846166 1239.760041
55.94449175561703 -3.1917820142848194 SE 55.94427962358267 -3.1915698822504637 1373.846166 1238.510041
55.94427962358267 -3.1915698822504637 SSE 55.94400245972292 -3.191455077220754 1373.846166 1237.260041
55.94400245972292 -3.191455077220754 SE 55.94379032768856 -3.1912429451863984 1418.160207 1241.623674
55.94379032768856 -3.1912429451863984 ENE 55.94390513271827 -3.190965781326645 1479.857718 1261.738219
55.94390513271827 -3.190965781326645 ENE 55.94401993774798 -3.1906886174668916 1479.857718 1260.488219
55.94401993774798 -3.1906886174668916 ENE 55.94413474277769 -3.190411453607138 1479.857718 1259.238219
55.94413474277769 -3.190411453607138 ENE 55.9442495478074 -3.1901342897473848 1479.857718 1257.988219
55.9442495478074 -3.1901342897473848 ENE 55.94436435283711 -3.1898571258876314 1479.857718 1256.738219
55.94436435283711 -3.1898571258876314 ENE 55.94447915786682 -3.189579962027878 1479.857718 1255.488219
55.94447915786682 -3.189579962027878 ENE 55.94459396289653 -3.1893027981681246 1479.857718 1254.238219
55.94459396289653 -3.1893027981681246 ENE 55.944708767926244 -3.189025634308371 1479.857718 1252.988219
55.944708767926244 -3.189025634308371 ENE 55.944823572955954 -3.1887484704486178 1479.857718 1251.738219
55.944823572955954 -3.1887484704486178 ENE 55.944938377985665 -3.1884713065888644 1479.857718 1250.488219
55.944938377985665 -3.1884713065888644 ENE 55.945053183015375 -3.188194142729111 1479.857718 1249.238219
55.945053183015375 -3.188194142729111 ENE 55.945167988045085 -3.1879169788693575 1479.857718 1247.988219
55.945167988045085 -3.1879169788693575 E 55.945167988045085 -3.1876169788693574 1479.857718 1246.738219
55.945167988045085 -3.1876169788693574 ENE 55.945282793074796 -3.187339815009604 1479.857718 1245.488219
55.945282793074796 -3.187339815009604 E 55.945282793074796 -3.1870398150096038 1479.857718 1244.238219
55.945282793074796 -3.1870398150096038 ENE 55.945397598104506 -3.1867626511498504 1425.115360 1242.988219
55.945397598104506 -3.1867626511498504 E 55.945397598104506 -3.18646265114985 1334.457599 1219.702520
55.945397598104506 -3.18646265114985 ENE 55.94551240313422 -3.1861854872900968 1334.457599 1218.452520
55.94551240313422 -3.1861854872900968 E 55.94551240313422 -3.1858854872900966 1334.457599 1217.202520
55.94551240313422 -3.1858854872900966 ENE 55.94562720816393 -3.185608323430343 1334.457599 1215.952520
55.94562720816393 -3.185608323430343 E 55.94562720816393 -3.185308323430343 1334.457599 1214.702520
55.94562720816393 -3.185308323430343 ENE 55.94574201319364 -3.1850311595705896 1334.457599 1213.452520
55.94574201319364 -3.1850311595705896 E 55.94574201319364 -3.1847311595705894 1334.457599 1212.202520
55.94574201319364 -3.1847311595705894 ENE 55.94585681822335 -3.184453995710836 1334.457599 1210.952520
55.94585681822335 -3.184453995710836 SW 55.94564468618899 -3.1846661277451918 1403.916113 1325.786916
55.94564468618899 -3.1846661277451918 SW 55.945432554154635 -3.1848782597795475 1403.916113 1324.536916
55.945432554154635 -3.1848782597795475 SW 55.94522042212028 -3.1850903918139033 1353.808512 1204.757263
55.94522042212028 -3.1850903918139033 SW 55.94500829008592 -3.185302523848259 1353.808512 1203.507263
55.94500829008592 -3.185302523848259 SW 55.94479615805157 -3.185514655882615 1353.808512 1202.257263
55.94479615805157 -3.185514655882615 SW 55.94458402601721 -3.1857267879169706 1353.808512 1201.007263
55.94458402601721 -3.1857267879169706 SW 55.944371893982854 -3.1859389199513264 1353.808512 1199.757263
55.944371893982854 -3.1859389199513264 SW 55.9441597619485 -3.186151051985682 1353.808512 1198.507263
55.9441597619485 -3.186151051985682 SW 55.94394762991414 -3.186363184020038 1353.808512 1197.257263
55.94394762991414 -3.186363184020038 SSW 55.943670466054385 -3.1864779890497474 1385.470215 1275.578628
55.943670466054385 -3.1864779890497474 WNW 55.943785271084096 -3.186755152909501 1385.470215 1274.328628
55.943785271084096 -3.186755152909501 WNW 55.943900076113806 -3.1870323167692542 1385.470215 1273.078628
55.943900076113806 -3.1870323167692542 WNW 55.94401488114352 -3.1873094806290077 1385.470215 1271.828628
55.94401488114352 -3.1873094806290077 WNW 55.94412968617323 -3.187586644488761 1385.470215 1270.578628
55.94412968617323 -3.187586644488761 WNW 55.94424449120294 -3.1878638083485145 1385.470215 1269.328628
55.94424449120294 -3.1878638083485145 WNW 55.94435929623265 -3.188140972208268 1385.470215 1268.078628
55.94435929623265 -3.188140972208268 WNW 55.94447410126236 -3.1884181360680213 1385.470215 1266.828628
55.94447410126236 -3.1884181360680213 WNW 55.94458890629207 -3.1886952999277747 1385.470215 1265.578628
55.94458890629207 -3.1886952999277747 WNW 55.94470371132178 -3.188972463787528 1385.470215 1264.328628
55.94470371132178 -3.188972463787528 WNW 55.94481851635149 -3.1892496276472815 1385.470215 1263.078628
55.94481851635149 -3.1892496276472815 WNW 55.9449333213812 -3.189526791507035 1385.470215 1261.828628
55.9449333213812 -3.189526791507035 WNW 55.94504812641091 -3.1898039553667883 1385.470215 1260.578628
55.94504812641091 -3.1898039553667883 W 55.94504812641091 -3.1901039553667885 1385.470215 1259.328628
55.94504812641091 -3.1901039553667885 WNW 55.94516293144062 -3.190381119226542 1385.470215 1258.078628
55.94516293144062 -3.190381119226542 W 55.94516293144062 -3.190681119226542 1385.470215 1256.828628
55.94516293144062 -3.190681119226542 WNW 55.94527773647033 -3.1909582830862955 1385.470215 1255.578628
55.94527773647033 -3.1909582830862955 W 55.94527773647033 -3.1912582830862957 1449.400142 1372.208238
55.94527773647033 -3.1912582830862957 SSW 55.945000572610574 -3.191373088116005 1449.400142 1370.958238
55.945000572610574 -3.191373088116005 SSW 55.94472340875082 -3.1914878931457147 1449.400142 1369.708238
55.94472340875082 -3.1914878931457147 SSW 55.94444624489106 -3.191602698175424 1449.400142 1368.458238
55.94444624489106 -3.191602698175424 SSW 55.944169081031305 -3.1917175032051337 1449.400142 1367.208238
55.944169081031305 -3.1917175032051337 S 55.9438690810313 -3.1917175032051337 1465.055349 1406.721665
55.9438690810313 -3.1917175032051337 ENE 55.94398388606101 -3.1914403393453803 1465.055349 1405.471665
55.94398388606101 -3.1914403393453803 ENE 55.94409869109072 -3.191163175485627 1465.055349 1404.221665
55.94409869109072 -3.191163175485627 ENE 55.94421349612043 -3.1908860116258735 1465.055349 1402.971665
55.94421349612043 -3.1908860116258735 ENE 55.94432830115014 -3.19060884776612 1465.055349 1401.721665
55.94432830115014 -3.19060884776612 ENE 55.944443106179854 -3.1903316839063667 1465.055349 1400.471665
55.944443106179854 -3.1903316839063667 ENE 55.944557911209564 -3.1900545200466133 1465.055349 1399.221665
55.944557911209564 -3.1900545200466133 ENE 55.944672716239275 -3.18977735618686 1465.055349 1397.971665
55.944672716239275 -3.18977735618686 ENE 55.944787521268985 -3.1895001923271065 1465.055349 1396.721665
55.944787521268985 -3.1895001923271065 ENE 55.944902326298696 -3.189223028467353 1465.055349 1395.471665
55.944902326298696 -3.189223028467353 ENE 55.945017131328406 -3.1889458646075997 1465.055349 1394.221665
55.945017131328406 -3.1889458646075997 ENE 55.945131936358116 -3.1886687007478463 1465.055349 1392.971665
55.945131936358116 -3.1886687007478463 ENE 55.94524674138783 -3.188391536888093 1465.055349 1391.721665
55.94524674138783 -3.188391536888093 ENE 55.94536154641754 -3.1881143730283394 1465.055349 1390.471665
55.94536154641754 -3.1881143730283394 NE 55.94557367845189 -3.1879022409939837 1465.055349 1389.221665
55.94557367845189 -3.1879022409939837 ENE 55.945688483481604 -3.1876250771342303 1465.055349 1387.971665
55.945688483481604 -3.1876250771342303 NNE 55.94596564734136 -3.1875102721045208 1475.889332 1469.290756
55.94596564734136 -3.1875102721045208 ESE 55.94585084231165 -3.1872331082447674 1475.889332 1468.040756
55.94585084231165 -3.1872331082447674 WSW 55.94573603728194 -3.1875102721045208 1475.889332 1466.790756
55.94573603728194 -3.1875102721045208 ESE 55.94562123225223 -3.1872331082447674 1475.889332 1465.540756
55.94562123225223 -3.1872331082447674 S 55.945321232252226 -3.1872331082447674 1475.889332 1464.290756
55.945321232252226 -3.1872331082447674 SW 55.94510910021787 -3.187445240279123 1475.889332 1463.040756
55.94510910021787 -3.187445240279123 WSW 55.94499429518816 -3.1877224041388765 1475.889332 1461.790756
55.94499429518816 -3.1877224041388765 NW 55.945206427222516 -3.1879345361732323 1475.889332 1460.540756
55.945206427222516 -3.1879345361732323 SSE 55.94492926336276 -3.187819731143523 1475.889332 1459.290756
55.94492926336276 -3.187819731143523 S 55.944629263362756 -3.187819731143523 1475.889332 1458.040756
55.944629263362756 -3.187819731143523 SSE 55.944352099503 -3.1877049261138133 1475.889332 1456.790756
55.944352099503 -3.1877049261138133 ESE 55.94423729447329 -3.18742776225406 1475.889332 1455.540756
55.94423729447329 -3.18742776225406 SSE 55.94396013061353 -3.1873129572243504 1475.889332 1454.290756
55.94396013061353 -3.1873129572243504 ESE 55.94384532558382 -3.187035793364597 1475.889332 1453.040756
55.94384532558382 -3.187035793364597 SW 55.943633193549466 -3.1872479253989527 1475.889332 1451.790756
55.943633193549466 -3.1872479253989527 WSW 55.943518388519756 -3.187525089258706 1471.062728 1391.497482
55.943518388519756 -3.187525089258706 E 55.943518388519756 -3.187225089258706 1471.062728 1390.247482
55.943518388519756 -3.187225089258706 ENE 55.943633193549466 -3.1869479253989526 1471.062728 1388.997482
55.943633193549466 -3.1869479253989526 E 55.943633193549466 -3.1866479253989524 1471.062728 1387.747482
55.943633193549466 -3.1866479253989524 ENE 55.94374799857918 -3.186370761539199 1471.062728 1386.497482
55.94374799857918 -3.186370761539199 NNE 55.94402516243893 -3.1862559565094895 1471.062728 1385.247482
55.94402516243893 -3.1862559565094895 N 55.944325162438936 -3.1862559565094895 1471.062728 1383.997482
55.944325162438936 -3.1862559565094895 WSW 55.944210357409226 -3.186533120369243 1471.062728 1382.747482
55.944210357409226 -3.186533120369243 WNW 55.944325162438936 -3.1868102842289963 1466.615879 1277.248550
