55.944425 -3.188396 ENE 55.94453980502971 -3.1881188361402466 0.000000 248.750000
55.94453980502971 -3.1881188361402466 ENE 55.94465461005942 -3.187841672280493 0.000000 247.500000
55.94465461005942 -3.187841672280493 ENE 55.944769415089134 -3.18756450842074 0.000000 246.250000
55.944769415089134 -3.18756450842074 ENE 55.944884220118844 -3.1872873445609864 0.000000 245.000000
55.944884220118844 -3.1872873445609864 ENE 55.944999025148554 -3.187010180701233 49.270928 256.824749
55.944999025148554 -3.187010180701233 ENE 55.945113830178265 -3.1867330168414796 0.000000 131.704170
55.945113830178265 -3.1867330168414796 ENE 55.945228635207975 -3.186455852981726 0.000000 130.454170
55.945228635207975 -3.186455852981726 ENE 55.945343440237686 -3.1861786891219728 0.000000 129.204170
55.945343440237686 -3.1861786891219728 ENE 55.945458245267396 -3.1859015252622194 0.000000 127.954170
55.945458245267396 -3.1859015252622194 WSW 55.945343440237686 -3.1861786891219728 113.887452 161.557950
55.945343440237686 -3.1861786891219728 SW 55.94513130820333 -3.1863908211563285 113.887452 160.307950
55.94513130820333 -3.1863908211563285 WSW 55.94501650317362 -3.186667985016082 113.887452 159.057950
55.94501650317362 -3.186667985016082 SW 55.94480437113926 -3.1868801170504377 113.887452 157.807950
55.94480437113926 -3.1868801170504377 WSW 55.94468956610955 -3.187157280910191 113.887452 156.557950
55.94468956610955 -3.187157280910191 SW 55.944477434075196 -3.187369412944547 113.887452 155.307950
55.944477434075196 -3.187369412944547 WSW 55.944362629045486 -3.1876465768043003 113.887452 154.057950
55.944362629045486 -3.1876465768043003 SW 55.94415049701113 -3.187858708838656 113.887452 152.807950
55.94415049701113 -3.187858708838656 WSW 55.94403569198142 -3.1881358726984095 87.945044 141.389468
55.94403569198142 -3.1881358726984095 ENE 55.94415049701113 -3.187858708838656 161.314431 217.468305
55.94415049701113 -3.187858708838656 ENE 55.94426530204084 -3.1875815449789027 161.314431 216.218305
55.94426530204084 -3.1875815449789027 ENE 55.94438010707055 -3.1873043811191493 161.314431 214.968305
55.94438010707055 -3.1873043811191493 ENE 55.94449491210026 -3.187027217259396 161.314431 213.718305
55.94449491210026 -3.187027217259396 ENE 55.94460971712997 -3.1867500533996425 161.314431 212.468305
55.94460971712997 -3.1867500533996425 NE 55.94482184916433 -3.1865379213652867 161.314431 211.218305
55.94482184916433 -3.1865379213652867 ENE 55.94493665419404 -3.1862607575055333 161.314431 209.968305
55.94493665419404 -3.1862607575055333 NE 55.945148786228394 -3.1860486254711775 161.314431 208.718305
55.945148786228394 -3.1860486254711775 W 55.945148786228394 -3.1863486254711777 267.633823 224.594765
55.945148786228394 -3.1863486254711777 W 55.945148786228394 -3.186648625471178 267.633823 223.344765
55.945148786228394 -3.186648625471178 WNW 55.945263591258104 -3.1869257893309313 267.633823 222.094765
55.945263591258104 -3.1869257893309313 W 55.945263591258104 -3.1872257893309315 212.891465 220.844765
55.945263591258104 -3.1872257893309315 WNW 55.945378396287815 -3.187502953190685 212.891465 219.594765
55.945378396287815 -3.187502953190685 W 55.945378396287815 -3.187802953190685 212.891465 218.344765
55.945378396287815 -3.187802953190685 WNW 55.945493201317525 -3.1880801170504385 212.891465 217.094765
55.945493201317525 -3.1880801170504385 W 55.945493201317525 -3.1883801170504387 212.891465 215.844765
55.945493201317525 -3.1883801170504387 WNW 55.945608006347236 -3.188657280910192 212.891465 214.594765
55.945608006347236 -3.188657280910192 W 55.945608006347236 -3.1889572809101923 234.784662 314.333680
55.945608006347236 -3.1889572809101923 W 55.945608006347236 -3.1892572809101924 234.784662 313.083680
55.945608006347236 -3.1892572809101924 W 55.945608006347236 -3.1895572809101926 315.415150 427.680158
55.945608006347236 -3.1895572809101926 W 55.945608006347236 -3.189857280910193 315.415150 426.430158
55.945608006347236 -3.189857280910193 WSW 55.945493201317525 -3.1901344447699462 315.415150 425.180158
55.945493201317525 -3.1901344447699462 W 55.945493201317525 -3.1904344447699464 315.415150 423.930158
55.945493201317525 -3.1904344447699464 WSW 55.945378396287815 -3.1907116086297 315.415150 422.680158
55.945378396287815 -3.1907116086297 W 55.945378396287815 -3.1910116086297 315.415150 421.430158
55.945378396287815 -3.1910116086297 SSW 55.94510123242806 -3.1911264136594095 379.345076 538.059768
55.94510123242806 -3.1911264136594095 SW 55.9448891003937 -3.1913385456937653 379.345076 536.809768
55.9448891003937 -3.1913385456937653 SSW 55.944611936533946 -3.191453350723475 379.345076 535.559768
55.944611936533946 -3.191453350723475 E 55.944611936533946 -3.1911533507234746 471.439930 539.404931
55.944611936533946 -3.1911533507234746 E 55.944611936533946 -3.1908533507234744 471.439930 538.154931
55.944611936533946 -3.1908533507234744 E 55.944611936533946 -3.1905533507234742 471.439930 536.904931
55.944611936533946 -3.1905533507234742 E 55.944611936533946 -3.190253350723474 471.439930 535.654931
55.944611936533946 -3.190253350723474 E 55.944611936533946 -3.189953350723474 532.237655 570.923040
55.944611936533946 -3.189953350723474 E 55.944611936533946 -3.1896533507234737 543.015157 631.415262
55.944611936533946 -3.1896533507234737 E 55.944611936533946 -3.1893533507234735 639.097232 664.750347
55.944611936533946 -3.1893533507234735 ESE 55.944497131504235 -3.18907618686372 639.097232 663.500347
55.944497131504235 -3.18907618686372 E 55.944497131504235 -3.18877618686372 639.097232 662.250347
55.944497131504235 -3.18877618686372 ESE 55.944382326474525 -3.1884990230039665 615.269509 637.104413
55.944382326474525 -3.1884990230039665 E 55.944382326474525 -3.1881990230039663 615.269509 635.854413
55.944382326474525 -3.1881990230039663 ESE 55.944267521444814 -3.187921859144213 615.269509 634.604413
55.944267521444814 -3.187921859144213 E 55.944267521444814 -3.1876218591442127 615.269509 633.354413
55.944267521444814 -3.1876218591442127 ESE 55.944152716415104 -3.1873446952844593 615.269509 632.104413
55.944152716415104 -3.1873446952844593 E 55.944152716415104 -3.187044695284459 615.269509 630.854413
55.944152716415104 -3.187044695284459 ESE 55.944037911385394 -3.1867675314247057 615.269509 629.604413
55.944037911385394 -3.1867675314247057 E 55.944037911385394 -3.1864675314247055 725.878478 699.765924
55.944037911385394 -3.1864675314247055 ESE 55.94392310635568 -3.186190367564952 757.540182 778.087290
55.94392310635568 -3.186190367564952 E 55.94392310635568 -3.185890367564952 757.540182 776.837290
55.94392310635568 -3.185890367564952 ESE 55.94380830132597 -3.1856132037051985 757.540182 775.587290
55.94380830132597 -3.1856132037051985 ENE 55.94392310635568 -3.185336039845445 834.755267 783.493012
55.94392310635568 -3.185336039845445 WSW 55.94380830132597 -3.1856132037051985 834.755267 782.243012
55.94380830132597 -3.1856132037051985 NNE 55.94408546518573 -3.185498398675489 834.755267 780.993012
55.94408546518573 -3.185498398675489 NNE 55.944362629045486 -3.1853835936457795 834.755267 779.743012
55.944362629045486 -3.1853835936457795 NE 55.94457476107984 -3.1851714616114237 834.755267 778.493012
55.94457476107984 -3.1851714616114237 NNE 55.9448519249396 -3.185056656581714 834.755267 777.243012
55.9448519249396 -3.185056656581714 NE 55.945064056973955 -3.1848445245473584 834.755267 775.993012
55.945064056973955 -3.1848445245473584 NNE 55.94534122083371 -3.184729719517649 867.548128 861.853015
55.94534122083371 -3.184729719517649 NE 55.94555335286807 -3.184517587483293 867.548128 860.603015
55.94555335286807 -3.184517587483293 NNE 55.945830516727824 -3.1844027824535837 867.548128 859.353015
55.945830516727824 -3.1844027824535837 WSW 55.945715711698114 -3.184679946313337 937.006642 974.187411
55.945715711698114 -3.184679946313337 WSW 55.9456009066684 -3.1849571101730905 937.006642 972.937411
55.9456009066684 -3.1849571101730905 WSW 55.94548610163869 -3.185234274032844 937.006642 971.687411
55.94548610163869 -3.185234274032844 WSW 55.94537129660898 -3.1855114378925973 937.006642 970.437411
55.94537129660898 -3.1855114378925973 WSW 55.94525649157927 -3.1857886017523507 937.006642 969.187411
55.94525649157927 -3.1857886017523507 WSW 55.94514168654956 -3.186065765612104 937.006642 967.937411
55.94514168654956 -3.186065765612104 WSW 55.94502688151985 -3.1863429294718575 937.006642 966.687411
55.94502688151985 -3.1863429294718575 SW 55.944814749485495 -3.1865550615062133 937.006642 965.437411
55.944814749485495 -3.1865550615062133 WSW 55.944699944455785 -3.1868322253659667 937.006642 964.187411
55.944699944455785 -3.1868322253659667 SW 55.94448781242143 -3.1870443574003224 937.006642 962.937411
55.94448781242143 -3.1870443574003224 WSW 55.94437300739172 -3.187321521260076 937.006642 961.687411
55.94437300739172 -3.187321521260076 SW 55.94416087535736 -3.1875336532944316 937.006642 960.437411
55.94416087535736 -3.1875336532944316 WSW 55.94404607032765 -3.187810817154185 937.006642 959.187411
55.94404607032765 -3.187810817154185 SW 55.943833938293295 -3.188022949188541 937.006642 957.937411
55.943833938293295 -3.188022949188541 WSW 55.943719133263585 -3.188300113048294 937.006642 956.687411
55.943719133263585 -3.188300113048294 SW 55.94350700122923 -3.18851224508265 937.006642 955.437411
55.94350700122923 -3.18851224508265 WSW 55.94339219619952 -3.1887894089424034 937.006642 954.187411
55.94339219619952 -3.1887894089424034 SW 55.94318006416516 -3.189001540976759 937.006642 952.937411
55.94318006416516 -3.189001540976759 WSW 55.94306525913545 -3.1892787048365125 993.645203 1035.349453
55.94306525913545 -3.1892787048365125 SW 55.942853127101095 -3.1894908368708683 993.645203 1034.099453
55.942853127101095 -3.1894908368708683 WSW 55.942738322071385 -3.1897680007306217 993.645203 1032.849453
55.942738322071385 -3.1897680007306217 NW 55.94295045410574 -3.1899801327649775 1043.083635 1101.432176
55.94295045410574 -3.1899801327649775 NW 55.9431625861401 -3.1901922647993333 997.688175 1085.485554
55.9431625861401 -3.1901922647993333 NW 55.943374718174454 -3.190404396833689 997.688175 1084.235554
55.943374718174454 -3.190404396833689 NW 55.94358685020881 -3.190616528868045 997.688175 1082.985554
55.94358685020881 -3.190616528868045 NW 55.943798982243166 -3.1908286609024006 997.688175 1081.735554
55.943798982243166 -3.1908286609024006 NW 55.94401111427752 -3.1910407929367564 997.688175 1080.485554
55.94401111427752 -3.1910407929367564 NW 55.94422324631188 -3.191252924971112 997.688175 1079.235554
55.94422324631188 -3.191252924971112 NW 55.944435378346235 -3.191465057005468 997.688175 1077.985554
55.944435378346235 -3.191465057005468 NW 55.94464751038059 -3.1916771890398237 997.688175 1076.735554
55.94464751038059 -3.1916771890398237 NW 55.94485964241495 -3.1918893210741794 1086.846921 1178.276359
55.94485964241495 -3.1918893210741794 NW 55.9450717744493 -3.192101453108535 1086.846921 1177.026359
55.9450717744493 -3.192101453108535 WNW 55.945186579479014 -3.1923786169682886 1086.846921 1175.776359
55.945186579479014 -3.1923786169682886 E 55.945186579479014 -3.1920786169682884 1172.273097 1212.540156
55.945186579479014 -3.1920786169682884 E 55.945186579479014 -3.1917786169682882 1172.273097 1211.290156
55.945186579479014 -3.1917786169682882 E 55.945186579479014 -3.191478616968288 1172.273097 1210.040156
55.945186579479014 -3.191478616968288 E 55.945186579479014 -3.191178616968288 1172.273097 1208.790156
55.945186579479014 -3.191178616968288 E 55.945186579479014 -3.1908786169682877 1172.273097 1207.540156
55.945186579479014 -3.1908786169682877 ESE 55.9450717744493 -3.1906014531085343 1172.273097 1206.290156
55.9450717744493 -3.1906014531085343 E 55.9450717744493 -3.190301453108534 1172.273097 1205.040156
55.9450717744493 -3.190301453108534 ESE 55.94495696941959 -3.1900242892487807 1288.045479 1289.847351
55.94495696941959 -3.1900242892487807 E 55.94495696941959 -3.1897242892487805 1288.045479 1288.597351
55.94495696941959 -3.1897242892487805 ESE 55.94484216438988 -3.189447125389027 1288.045479 1287.347351
55.94484216438988 -3.189447125389027 E 55.94484216438988 -3.189147125389027 1288.045479 1286.097351
55.94484216438988 -3.189147125389027 ESE 55.94472735936017 -3.1888699615292735 1288.045479 1284.847351
55.94472735936017 -3.1888699615292735 E 55.94472735936017 -3.1885699615292733 1254.910329 1209.147933
55.94472735936017 -3.1885699615292733 ESE 55.94461255433046 -3.18829279766952 1254.910329 1207.897933
55.94461255433046 -3.18829279766952 E 55.94461255433046 -3.1879927976695197 1254.910329 1206.647933
55.94461255433046 -3.1879927976695197 ESE 55.94449774930075 -3.1877156338097663 1254.910329 1205.397933
55.94449774930075 -3.1877156338097663 E 55.94449774930075 -3.187415633809766 1254.910329 1204.147933
55.94449774930075 -3.187415633809766 ESE 55.94438294427104 -3.1871384699500127 1254.910329 1202.897933
55.94438294427104 -3.1871384699500127 E 55.94438294427104 -3.1868384699500125 1254.910329 1201.647933
55.94438294427104 -3.1868384699500125 ESE 55.94426813924133 -3.186561306090259 1254.910329 1200.397933
55.94426813924133 -3.186561306090259 E 55.94426813924133 -3.186261306090259 1250.463480 1094.899001
55.94426813924133 -3.186261306090259 ESE 55.94415333421162 -3.1859841422305055 1250.463480 1093.649001
55.94415333421162 -3.1859841422305055 E 55.94415333421162 -3.1856841422305053 1250.463480 1092.399001
55.94415333421162 -3.1856841422305053 ESE 55.94403852918191 -3.185406978370752 1250.463480 1091.149001
55.94403852918191 -3.185406978370752 E 55.94403852918191 -3.1851069783707517 1250.463480 1089.899001
55.94403852918191 -3.1851069783707517 ESE 55.9439237241522 -3.1848298145109983 1250.463480 1088.649001
55.9439237241522 -3.1848298145109983 NW 55.944135856186556 -3.185041946545354 1336.339277 1163.413717
55.944135856186556 -3.185041946545354 NW 55.94434798822091 -3.18525407857971 1336.339277 1162.163717
55.94434798822091 -3.18525407857971 NW 55.94456012025527 -3.1854662106140657 1336.339277 1160.913717
55.94456012025527 -3.1854662106140657 NW 55.944772252289624 -3.1856783426484214 1336.339277 1159.663717
55.944772252289624 -3.1856783426484214 NW 55.94498438432398 -3.185890474682777 1336.339277 1158.413717
55.94498438432398 -3.185890474682777 WNW 55.94509918935369 -3.1861676385425306 1352.058102 1250.455731
55.94509918935369 -3.1861676385425306 WNW 55.9452139943834 -3.186444802402284 1352.058102 1249.205731
55.9452139943834 -3.186444802402284 WNW 55.94532879941311 -3.1867219662620374 1352.058102 1247.955731
55.94532879941311 -3.1867219662620374 WNW 55.94544360444282 -3.186999130121791 1352.058102 1246.705731
55.94544360444282 -3.186999130121791 WNW 55.94555840947253 -3.187276293981544 1352.058102 1245.455731
55.94555840947253 -3.187276293981544 WNW 55.94567321450224 -3.1875534578412976 1352.058102 1244.205731
55.94567321450224 -3.1875534578412976 WSW 55.94555840947253 -3.187830621701051 1362.892085 1325.524821
55.94555840947253 -3.187830621701051 WSW 55.94544360444282 -3.1881077855608044 1362.892085 1324.274821
55.94544360444282 -3.1881077855608044 WSW 55.94532879941311 -3.188384949420558 1362.892085 1323.024821
55.94532879941311 -3.188384949420558 WSW 55.9452139943834 -3.1886621132803112 1362.892085 1321.774821
55.9452139943834 -3.1886621132803112 WSW 55.94509918935369 -3.1889392771400646 1362.892085 1320.524821
55.94509918935369 -3.1889392771400646 WSW 55.94498438432398 -3.189216440999818 1362.892085 1319.274821
55.94498438432398 -3.189216440999818 WSW 55.94486957929427 -3.1894936048595715 1362.892085 1318.024821
55.94486957929427 -3.1894936048595715 WSW 55.94475477426456 -3.189770768719325 1362.892085 1316.774821
55.94475477426456 -3.189770768719325 SW 55.9445426422302 -3.1899829007536806 1362.892085 1315.524821
55.9445426422302 -3.1899829007536806 WSW 55.94442783720049 -3.190260064613434 1362.892085 1314.274821
55.94442783720049 -3.190260064613434 SW 55.94421570516614 -3.19047219664779 1362.892085 1313.024821
55.94421570516614 -3.19047219664779 WSW 55.944100900136426 -3.190749360507543 1385.186199 1322.833385
55.944100900136426 -3.190749360507543 SW 55.94388876810207 -3.190961492541899 1385.186199 1321.583385
55.94388876810207 -3.190961492541899 WSW 55.94377396307236 -3.1912386564016524 1385.186199 1320.333385
55.94377396307236 -3.1912386564016524 S 55.94347396307236 -3.1912386564016524 1446.883710 1340.447930
55.94347396307236 -3.1912386564016524 SSE 55.9431967992126 -3.191123851371943 1378.430734 1335.248274
55.9431967992126 -3.191123851371943 S 55.9428967992126 -3.191123851371943 1378.430734 1333.998274
55.9428967992126 -3.191123851371943 SSE 55.94261963535284 -3.1910090463422334 1456.086152 1416.240153
55.94261963535284 -3.1910090463422334 E 55.94261963535284 -3.190709046342233 1456.086152 1414.990153
55.94261963535284 -3.190709046342233 E 55.94261963535284 -3.190409046342233 1456.086152 1413.740153
55.94261963535284 -3.190409046342233 E 55.94261963535284 -3.190109046342233 1456.086152 1412.490153
55.94261963535284 -3.190109046342233 E 55.94261963535284 -3.1898090463422326 1456.086152 1411.240153
55.94261963535284 -3.1898090463422326 E 55.94261963535284 -3.1895090463422324 1456.086152 1409.990153
55.94261963535284 -3.1895090463422324 E 55.94261963535284 -3.1892090463422322 1456.086152 1408.740153
55.94261963535284 -3.1892090463422322 E 55.94261963535284 -3.188909046342232 1456.086152 1407.490153
55.94261963535284 -3.188909046342232 E 55.94261963535284 -3.188609046342232 1456.086152 1406.240153
55.94261963535284 -3.188609046342232 E 55.94261963535284 -3.1883090463422317 1456.086152 1404.990153
55.94261963535284 -3.1883090463422317 E 55.94261963535284 -3.1880090463422315 1456.086152 1403.740153
55.94261963535284 -3.1880090463422315 E 55.94261963535284 -3.1877090463422313 1456.086152 1402.490153
55.94261963535284 -3.1877090463422313 E 55.94261963535284 -3.187409046342231 1456.086152 1401.240153
55.94261963535284 -3.187409046342231 E 55.94261963535284 -3.187109046342231 1456.086152 1399.990153
55.94261963535284 -3.187109046342231 WNW 55.94273444038255 -3.1873862102019843 1480.112807 1515.836878
55.94273444038255 -3.1873862102019843 WNW 55.94284924541226 -3.1876633740617377 1480.112807 1514.586878
55.94284924541226 -3.1876633740617377 WNW 55.94296405044197 -3.187940537921491 1480.112807 1513.336878
55.94296405044197 -3.187940537921491 WNW 55.94307885547168 -3.1882177017812445 1480.112807 1512.086878
55.94307885547168 -3.1882177017812445 WNW 55.94319366050139 -3.188494865640998 1480.112807 1510.836878
55.94319366050139 -3.188494865640998 WNW 55.9433084655311 -3.1887720295007513 1480.112807 1509.586878
55.9433084655311 -3.1887720295007513 WNW 55.943423270560814 -3.1890491933605047 1480.112807 1508.336878
55.943423270560814 -3.1890491933605047 WNW 55.943538075590524 -3.189326357220258 1480.112807 1507.086878
55.943538075590524 -3.189326357220258 W 55.943538075590524 -3.1896263572202583 1480.112807 1505.836878
55.943538075590524 -3.1896263572202583 WNW 55.943652880620235 -3.1899035210800117 1480.112807 1504.586878
55.943652880620235 -3.1899035210800117 W 55.943652880620235 -3.190203521080012 1480.112807 1503.336878
55.943652880620235 -3.190203521080012 WNW 55.943767685649945 -3.1904806849397653 1480.112807 1502.086878
55.943767685649945 -3.1904806849397653 W 55.943767685649945 -3.1907806849397655 1480.112807 1500.836878
55.943767685649945 -3.1907806849397655 WNW 55.943882490679655 -3.191057848799519 1480.112807 1499.586878
55.943882490679655 -3.191057848799519 W 55.943882490679655 -3.191357848799519 1480.112807 1498.336878
55.943882490679655 -3.191357848799519 E 55.943882490679655 -3.191057848799519 1524.426847 1502.700512
55.943882490679655 -3.191057848799519 E 55.943882490679655 -3.1907578487995187 1524.426847 1501.450512
55.943882490679655 -3.1907578487995187 E 55.943882490679655 -3.1904578487995185 1524.426847 1500.200512
55.943882490679655 -3.1904578487995185 E 55.943882490679655 -3.1901578487995184 1524.426847 1498.950512
55.943882490679655 -3.1901578487995184 ESE 55.943767685649945 -3.189880684939765 1524.426847 1497.700512
55.943767685649945 -3.189880684939765 E 55.943767685649945 -3.1895806849397648 1524.426847 1496.450512
55.943767685649945 -3.1895806849397648 ESE 55.943652880620235 -3.1893035210800114 1524.426847 1495.200512
55.943652880620235 -3.1893035210800114 E 55.943652880620235 -3.189003521080011 1524.426847 1493.950512
55.943652880620235 -3.189003521080011 ESE 55.943538075590524 -3.1887263572202578 1524.426847 1492.700512
55.943538075590524 -3.1887263572202578 E 55.943538075590524 -3.1884263572202576 1524.426847 1491.450512
55.943538075590524 -3.1884263572202576 ESE 55.943423270560814 -3.188149193360504 1524.426847 1490.200512
55.943423270560814 -3.188149193360504 E 55.943423270560814 -3.187849193360504 1524.426847 1488.950512
55.943423270560814 -3.187849193360504 ESE 55.9433084655311 -3.1875720295007506 1524.426847 1487.700512
55.9433084655311 -3.1875720295007506 E 55.9433084655311 -3.1872720295007504 1524.426847 1486.450512
55.9433084655311 -3.1872720295007504 ESE 55.94319366050139 -3.186994865640997 1524.426847 1485.200512
55.94319366050139 -3.186994865640997 E 55.94319366050139 -3.186694865640997 1524.426847 1483.950512
55.94319366050139 -3.186694865640997 ESE 55.94307885547168 -3.1864177017812434 1524.426847 1482.700512
55.94307885547168 -3.1864177017812434 E 55.94307885547168 -3.186117701781243 1524.426847 1481.450512
55.94307885547168 -3.186117701781243 ESE 55.94296405044197 -3.18584053792149 1524.426847 1480.200512
55.94296405044197 -3.18584053792149 E 55.94296405044197 -3.1855405379214896 1524.426847 1478.950512
55.94296405044197 -3.1855405379214896 W 55.94296405044197 -3.18584053792149 1559.566491 1538.041762
55.94296405044197 -3.18584053792149 W 55.94296405044197 -3.18614053792149 1559.566491 1536.791762
55.94296405044197 -3.18614053792149 W 55.94296405044197 -3.18644053792149 1559.566491 1535.541762
55.94296405044197 -3.18644053792149 WNW 55.94307885547168 -3.1867177017812436 1559.566491 1534.291762
55.94307885547168 -3.1867177017812436 W 55.94307885547168 -3.1870177017812438 1559.566491 1533.041762
55.94307885547168 -3.1870177017812438 WNW 55.94319366050139 -3.187294865640997 1559.566491 1531.791762
55.94319366050139 -3.187294865640997 W 55.94319366050139 -3.1875948656409974 1559.566491 1530.541762
55.94319366050139 -3.1875948656409974 WNW 55.9433084655311 -3.1878720295007508 1559.566491 1529.291762
55.9433084655311 -3.1878720295007508 W 55.9433084655311 -3.188172029500751 1559.566491 1528.041762
55.9433084655311 -3.188172029500751 WNW 55.943423270560814 -3.1884491933605044 1559.566491 1526.791762
55.943423270560814 -3.1884491933605044 W 55.943423270560814 -3.1887491933605046 1559.566491 1525.541762
55.943423270560814 -3.1887491933605046 WNW 55.943538075590524 -3.189026357220258 1559.566491 1524.291762
55.943538075590524 -3.189026357220258 W 55.943538075590524 -3.189326357220258 1559.566491 1523.041762
55.943538075590524 -3.189326357220258 WNW 55.943652880620235 -3.1896035210800116 1559.566491 1521.791762
55.943652880620235 -3.1896035210800116 W 55.943652880620235 -3.1899035210800117 1559.566491 1520.541762
55.943652880620235 -3.1899035210800117 WNW 55.943767685649945 -3.190180684939765 1559.566491 1519.291762
55.943767685649945 -3.190180684939765 W 55.943767685649945 -3.1904806849397653 1559.566491 1518.041762
55.943767685649945 -3.1904806849397653 WNW 55.943882490679655 -3.1907578487995187 1559.566491 1516.791762
55.943882490679655 -3.1907578487995187 W 55.943882490679655 -3.191057848799519 1559.566491 1515.541762
55.943882490679655 -3.191057848799519 WNW 55.943997295709366 -3.1913350126592723 1559.566491 1514.291762
55.943997295709366 -3.1913350126592723 W 55.943997295709366 -3.1916350126592725 1559.566491 1513.041762
55.943997295709366 -3.1916350126592725 WNW 55.944112100739076 -3.191912176519026 1575.221698 1552.555189
55.944112100739076 -3.191912176519026 N 55.94441210073908 -3.191912176519026 1575.221698 1551.305189
55.94441210073908 -3.191912176519026 NW 55.944624232773435 -3.1921243085533817 1575.221698 1550.055189
55.944624232773435 -3.1921243085533817 SSW 55.94434706891368 -3.192239113583091 1575.221698 1548.805189
55.94434706891368 -3.192239113583091 W 55.94434706891368 -3.1925391135830914 1575.221698 1547.555189
55.94434706891368 -3.1925391135830914 ENE 55.94446187394339 -3.192261949723338 1575.221698 1546.305189
55.94446187394339 -3.192261949723338 S 55.944161873943386 -3.192261949723338 1575.221698 1545.055189
55.944161873943386 -3.192261949723338 NE 55.94437400597774 -3.192049817688982 1575.221698 1543.805189
55.94437400597774 -3.192049817688982 NW 55.9445861380121 -3.192261949723338 1575.221698 1542.555189
55.9445861380121 -3.192261949723338 E 55.9445861380121 -3.191961949723338 1575.221698 1541.305189
55.9445861380121 -3.191961949723338 ENE 55.94470094304181 -3.1916847858635844 1575.221698 1540.055189
55.94470094304181 -3.1916847858635844 NNW 55.944978106901566 -3.191799590893294 1575.221698 1538.805189
55.944978106901566 -3.191799590893294 S 55.94467810690156 -3.191799590893294 1575.221698 1537.555189
55.94467810690156 -3.191799590893294 SE 55.94446597486721 -3.191587458858938 1575.221698 1536.305189
55.94446597486721 -3.191587458858938 ESE 55.944351169837496 -3.1913102949991847 1575.221698 1535.055189
55.944351169837496 -3.1913102949991847 WNW 55.94446597486721 -3.191587458858938 1575.221698 1533.805189
55.94446597486721 -3.191587458858938 SW 55.94425384283285 -3.191799590893294 1575.221698 1532.555189
