55.944425 -3.188396 ENE 55.94453980502971 -3.1881188361402466 0.000000 248.750000
55.94453980502971 -3.1881188361402466 ENE 55.94465461005942 -3.187841672280493 0.000000 247.500000
55.94465461005942 -3.187841672280493 ENE 55.944769415089134 -3.18756450842074 0.000000 246.250000
55.944769415089134 -3.18756450842074 ENE 55.944884220118844 -3.1872873445609864 0.000000 245.000000
55.944884220118844 -3.1872873445609864 ENE 55.944999025148554 -3.187010180701233 49.270928 256.824749
55.944999025148554 -3.187010180701233 ENE 55.945113830178265 -3.1867330168414796 0.000000 131.704170
55.945113830178265 -3.1867330168414796 ENE 55.945228635207975 -3.186455852981726 0.000000 130.454170
55.945228635207975 -3.186455852981726 ENE 55.945343440237686 -3.1861786891219728 0.000000 129.204170
55.945343440237686 -3.1861786891219728 ENE 55.945458245267396 -3.1859015252622194 0.000000 127.954170
55.945458245267396 -3.1859015252622194 S 55.94515824526739 -3.1859015252622194 113.887452 161.557950
55.94515824526739 -3.1859015252622194 S 55.94485824526739 -3.1859015252622194 220.206845 177.434411
55.94485824526739 -3.1859015252622194 S 55.94455824526739 -3.1859015252622194 235.925669 269.476424
55.94455824526739 -3.1859015252622194 SSE 55.94428108140763 -3.18578672023251 235.925669 268.226424
55.94428108140763 -3.18578672023251 S 55.94398108140763 -3.18578672023251 235.925669 266.976424
55.94398108140763 -3.18578672023251 SSE 55.94370391754787 -3.1856719152028004 235.925669 265.726424
55.94370391754787 -3.1856719152028004 S 55.94340391754787 -3.1856719152028004 313.140754 273.632146
55.94340391754787 -3.1856719152028004 SSE 55.94312675368811 -3.185557110173091 313.140754 272.382146
55.94312675368811 -3.185557110173091 WNW 55.94324155871782 -3.1858342740328442 348.280399 331.473396
55.94324155871782 -3.1858342740328442 WNW 55.94335636374753 -3.1861114378925977 348.280399 330.223396
55.94335636374753 -3.1861114378925977 WNW 55.94347116877724 -3.186388601752351 348.280399 328.973396
55.94347116877724 -3.186388601752351 WNW 55.943585973806954 -3.1866657656121045 348.280399 327.723396
55.943585973806954 -3.1866657656121045 WNW 55.943700778836664 -3.186942929471858 348.280399 326.473396
55.943700778836664 -3.186942929471858 WNW 55.943815583866375 -3.1872200933316113 343.453795 266.180123
55.943815583866375 -3.1872200933316113 WNW 55.943930388896085 -3.1874972571913647 343.453795 264.930123
55.943930388896085 -3.1874972571913647 W 55.943930388896085 -3.187797257191365 343.453795 263.680123
55.943930388896085 -3.187797257191365 WNW 55.944045193925795 -3.1880744210511183 343.453795 262.430123
55.944045193925795 -3.1880744210511183 WNW 55.944159998955506 -3.1883515849108717 416.823182 338.508960
55.944159998955506 -3.1883515849108717 WNW 55.944274803985216 -3.188628748770625 416.823182 337.258960
55.944274803985216 -3.188628748770625 WNW 55.94438960901493 -3.1889059126303785 392.995460 312.113025
55.94438960901493 -3.1889059126303785 WNW 55.94450441404464 -3.189183076490132 392.995460 310.863025
55.94450441404464 -3.189183076490132 WNW 55.94461921907435 -3.1894602403498853 392.995460 309.613025
55.94461921907435 -3.1894602403498853 WNW 55.94473402410406 -3.1897374042096387 489.077534 342.948111
55.94473402410406 -3.1897374042096387 WNW 55.94484882913377 -3.190014568069392 489.077534 341.698111
55.94484882913377 -3.190014568069392 WNW 55.94496363416348 -3.1902917319291455 489.077534 340.448111
55.94496363416348 -3.1902917319291455 WNW 55.94507843919319 -3.190568895788899 489.077534 339.198111
55.94507843919319 -3.190568895788899 WNW 55.9451932442229 -3.1908460596486523 489.077534 337.948111
55.9451932442229 -3.1908460596486523 WNW 55.94530804925261 -3.1911232235084057 489.077534 336.698111
55.94530804925261 -3.1911232235084057 E 55.94530804925261 -3.1908232235084055 553.007461 453.327720
55.94530804925261 -3.1908232235084055 E 55.94530804925261 -3.1905232235084053 553.007461 452.077720
55.94530804925261 -3.1905232235084053 E 55.94530804925261 -3.190223223508405 668.779843 536.884915
55.94530804925261 -3.190223223508405 ENE 55.94542285428232 -3.1899460596486517 668.779843 535.634915
55.94542285428232 -3.1899460596486517 E 55.94542285428232 -3.1896460596486516 668.779843 534.384915
55.94542285428232 -3.1896460596486516 ENE 55.94553765931203 -3.189368895788898 668.779843 533.134915
55.94553765931203 -3.189368895788898 E 55.94553765931203 -3.189068895788898 668.779843 531.884915
55.94553765931203 -3.189068895788898 SE 55.945325527277674 -3.188856763754542 749.410331 646.481393
55.945325527277674 -3.188856763754542 SE 55.94511339524332 -3.1886446317201864 749.410331 645.231393
55.94511339524332 -3.1886446317201864 SSE 55.94483623138356 -3.188529826690477 716.275181 569.531975
55.94483623138356 -3.188529826690477 SE 55.944624099349205 -3.188317694656121 716.275181 568.281975
55.944624099349205 -3.188317694656121 SSE 55.94434693548945 -3.1882028896264116 716.275181 567.031975
55.94434693548945 -3.1882028896264116 SE 55.94413480345509 -3.187990757592056 716.275181 565.781975
55.94413480345509 -3.187990757592056 SSE 55.943857639595336 -3.1878759525623463 690.332773 554.363493
55.943857639595336 -3.1878759525623463 SE 55.94364550756098 -3.1876638205279906 690.332773 553.113493
55.94364550756098 -3.1876638205279906 SSE 55.94336834370122 -3.187549015498281 690.332773 551.863493
55.94336834370122 -3.187549015498281 SE 55.94315621166687 -3.1873368834639253 690.332773 550.613493
55.94315621166687 -3.1873368834639253 SSE 55.94287904780711 -3.187222078434216 690.332773 549.363493
55.94287904780711 -3.187222078434216 SE 55.942666915772755 -3.18700994639986 690.332773 548.113493
55.942666915772755 -3.18700994639986 WNW 55.942781720802465 -3.1872871102596134 714.359428 663.960219
55.942781720802465 -3.1872871102596134 WNW 55.942896525832175 -3.187564274119367 714.359428 662.710219
55.942896525832175 -3.187564274119367 WNW 55.943011330861886 -3.1878414379791202 714.359428 661.460219
55.943011330861886 -3.1878414379791202 WNW 55.943126135891596 -3.1881186018388736 714.359428 660.210219
55.943126135891596 -3.1881186018388736 NW 55.94333826792595 -3.1883307338732294 714.359428 658.960219
55.94333826792595 -3.1883307338732294 WNW 55.94345307295566 -3.188607897732983 714.359428 657.710219
55.94345307295566 -3.188607897732983 NW 55.94366520499002 -3.1888200297673386 714.359428 656.460219
55.94366520499002 -3.1888200297673386 WNW 55.94378001001973 -3.189097193627092 714.359428 655.210219
55.94378001001973 -3.189097193627092 NW 55.943992142054086 -3.1893093256614478 714.359428 653.960219
55.943992142054086 -3.1893093256614478 WNW 55.944106947083796 -3.189586489521201 714.359428 652.710219
55.944106947083796 -3.189586489521201 NW 55.94431907911815 -3.189798621555557 714.359428 651.460219
55.94431907911815 -3.189798621555557 WNW 55.94443388414786 -3.1900757854153103 714.359428 650.210219
55.94443388414786 -3.1900757854153103 NW 55.94464601618222 -3.190287917449666 725.136930 710.702440
55.94464601618222 -3.190287917449666 SSW 55.94436885232246 -3.1904027224793756 785.934655 745.970549
55.94436885232246 -3.1904027224793756 SSW 55.944091688462706 -3.190517527509085 785.934655 744.720549
55.944091688462706 -3.190517527509085 SSW 55.94381452460295 -3.1906323325387946 808.228769 754.529113
55.94381452460295 -3.1906323325387946 SSW 55.94353736074319 -3.190747137568504 808.228769 753.279113
55.94353736074319 -3.190747137568504 SSW 55.943260196883436 -3.1908619425982137 808.228769 752.029113
55.943260196883436 -3.1908619425982137 SSW 55.94298303302368 -3.190976747627923 808.228769 750.779113
55.94298303302368 -3.190976747627923 SSW 55.94270586916392 -3.1910915526576327 808.228769 749.529113
55.94270586916392 -3.1910915526576327 ENE 55.942820674193634 -3.1908143887978793 885.884186 831.770992
55.942820674193634 -3.1908143887978793 ENE 55.942935479223344 -3.190537224938126 885.884186 830.520992
55.942935479223344 -3.190537224938126 ENE 55.943050284253054 -3.1902600610783725 885.884186 829.270992
55.943050284253054 -3.1902600610783725 ENE 55.943165089282765 -3.189982897218619 885.884186 828.020992
55.943165089282765 -3.189982897218619 E 55.943165089282765 -3.189682897218619 840.488726 812.074371
55.943165089282765 -3.189682897218619 ENE 55.943279894312475 -3.1894057333588655 840.488726 810.824371
55.943279894312475 -3.1894057333588655 E 55.943279894312475 -3.1891057333588653 840.488726 809.574371
55.943279894312475 -3.1891057333588653 ENE 55.943394699342186 -3.188828569499112 897.127286 891.986412
55.943394699342186 -3.188828569499112 E 55.943394699342186 -3.1885285694991117 897.127286 890.736412
55.943394699342186 -3.1885285694991117 ENE 55.943509504371896 -3.1882514056393583 897.127286 889.486412
55.943509504371896 -3.1882514056393583 E 55.943509504371896 -3.187951405639358 897.127286 888.236412
55.943509504371896 -3.187951405639358 ENE 55.943624309401606 -3.1876742417796047 897.127286 886.986412
55.943624309401606 -3.1876742417796047 E 55.943624309401606 -3.1873742417796045 897.127286 885.736412
55.943624309401606 -3.1873742417796045 ENE 55.94373911443132 -3.187097077919851 897.127286 884.486412
55.94373911443132 -3.187097077919851 E 55.94373911443132 -3.186797077919851 897.127286 883.236412
55.94373911443132 -3.186797077919851 ENE 55.94385391946103 -3.1865199140600975 897.127286 881.986412
55.94385391946103 -3.1865199140600975 NW 55.94406605149538 -3.1867320460944533 928.788990 960.307778
55.94406605149538 -3.1867320460944533 NW 55.94427818352974 -3.186944178128809 1039.397959 1030.469289
55.94427818352974 -3.186944178128809 NW 55.944490315564096 -3.187156310163165 1039.397959 1029.219289
55.944490315564096 -3.187156310163165 NW 55.94470244759845 -3.1873684421975206 1039.397959 1027.969289
55.94470244759845 -3.1873684421975206 WNW 55.94481725262816 -3.187645606057274 1039.397959 1026.719289
55.94481725262816 -3.187645606057274 NW 55.94502938466252 -3.1878577380916298 1039.397959 1025.469289
55.94502938466252 -3.1878577380916298 WNW 55.94514418969223 -3.188134901951383 1039.397959 1024.219289
55.94514418969223 -3.188134901951383 NW 55.945356321726585 -3.188347033985739 1039.397959 1022.969289
55.945356321726585 -3.188347033985739 WNW 55.945471126756296 -3.1886241978454923 1039.397959 1021.719289
55.945471126756296 -3.1886241978454923 NW 55.94568325879065 -3.188836329879848 1039.397959 1020.469289
55.94568325879065 -3.188836329879848 SW 55.945471126756296 -3.189048461914204 1061.291155 1120.208204
55.945471126756296 -3.189048461914204 SW 55.94525899472194 -3.1892605939485597 1061.291155 1118.958204
55.94525899472194 -3.1892605939485597 SW 55.94504686268758 -3.1894727259829154 1061.291155 1117.708204
55.94504686268758 -3.1894727259829154 SW 55.94483473065323 -3.189684858017271 1061.291155 1116.458204
55.94483473065323 -3.189684858017271 SW 55.94462259861887 -3.189896990051627 1061.291155 1115.208204
55.94462259861887 -3.189896990051627 WSW 55.94450779358916 -3.1901741539113804 1061.291155 1113.958204
55.94450779358916 -3.1901741539113804 SW 55.944295661554804 -3.190386285945736 1061.291155 1112.708204
55.944295661554804 -3.190386285945736 WSW 55.944180856525094 -3.1906634498054895 1061.291155 1111.458204
55.944180856525094 -3.1906634498054895 SW 55.94396872449074 -3.1908755818398453 1061.291155 1110.208204
55.94396872449074 -3.1908755818398453 WSW 55.94385391946103 -3.1911527456995987 1061.291155 1108.958204
55.94385391946103 -3.1911527456995987 ENE 55.94396872449074 -3.1908755818398453 1122.988667 1129.072748
55.94396872449074 -3.1908755818398453 ENE 55.94408352952045 -3.190598417980092 1122.988667 1127.822748
55.94408352952045 -3.190598417980092 ENE 55.94419833455016 -3.1903212541203385 1122.988667 1126.572748
55.94419833455016 -3.1903212541203385 ENE 55.94431313957987 -3.190044090260585 1122.988667 1125.322748
55.94431313957987 -3.190044090260585 ENE 55.94442794460958 -3.1897669264008317 1122.988667 1124.072748
55.94442794460958 -3.1897669264008317 ENE 55.94454274963929 -3.1894897625410783 1122.988667 1122.822748
55.94454274963929 -3.1894897625410783 ENE 55.944657554669 -3.189212598681325 1122.988667 1121.572748
55.944657554669 -3.189212598681325 NE 55.944869686703356 -3.189000466646969 1122.988667 1120.322748
55.944869686703356 -3.189000466646969 ENE 55.94498449173307 -3.1887233027872157 1122.988667 1119.072748
55.94498449173307 -3.1887233027872157 NE 55.94519662376742 -3.18851117075286 1122.988667 1117.822748
55.94519662376742 -3.18851117075286 ENE 55.94531142879713 -3.1882340068931065 1122.988667 1116.572748
55.94531142879713 -3.1882340068931065 NE 55.94552356083149 -3.1880218748587508 1122.988667 1115.322748
55.94552356083149 -3.1880218748587508 ENE 55.9456383658612 -3.1877447109989974 1122.988667 1114.072748
55.9456383658612 -3.1877447109989974 ESE 55.94552356083149 -3.187467547139244 1133.822650 1195.391839
55.94552356083149 -3.187467547139244 ESE 55.94540875580178 -3.1871903832794906 1133.822650 1194.141839
55.94540875580178 -3.1871903832794906 ESE 55.94529395077207 -3.186913219419737 1133.822650 1192.891839
55.94529395077207 -3.186913219419737 ESE 55.94517914574236 -3.1866360555599837 1133.822650 1191.641839
55.94517914574236 -3.1866360555599837 ESE 55.94506434071265 -3.1863588917002303 1133.822650 1190.391839
55.94506434071265 -3.1863588917002303 ESE 55.94494953568294 -3.186081727840477 1133.822650 1189.141839
55.94494953568294 -3.186081727840477 SE 55.94473740364858 -3.185869595806121 1133.822650 1187.891839
55.94473740364858 -3.185869595806121 ESE 55.94462259861887 -3.1855924319463678 1133.822650 1186.641839
55.94462259861887 -3.1855924319463678 SE 55.944410466584515 -3.185380299912012 1133.822650 1185.391839
55.944410466584515 -3.185380299912012 ESE 55.944295661554804 -3.1851031360522586 1133.822650 1184.141839
55.944295661554804 -3.1851031360522586 SE 55.94408352952045 -3.184891004017903 1133.822650 1182.891839
55.94408352952045 -3.184891004017903 ESE 55.94396872449074 -3.1846138401581494 1133.822650 1181.641839
55.94396872449074 -3.1846138401581494 N 55.94426872449074 -3.1846138401581494 1219.698447 1256.406555
55.94426872449074 -3.1846138401581494 NNW 55.9445458883505 -3.184728645187859 1219.698447 1255.156555
55.9445458883505 -3.184728645187859 N 55.9448458883505 -3.184728645187859 1219.698447 1253.906555
55.9448458883505 -3.184728645187859 W 55.9448458883505 -3.185028645187859 1252.491308 1339.766559
55.9448458883505 -3.185028645187859 W 55.9448458883505 -3.1853286451878593 1252.491308 1338.516559
55.9448458883505 -3.1853286451878593 W 55.9448458883505 -3.1856286451878595 1252.491308 1337.266559
55.9448458883505 -3.1856286451878595 W 55.9448458883505 -3.1859286451878597 1252.491308 1336.016559
55.9448458883505 -3.1859286451878597 W 55.9448458883505 -3.18622864518786 1252.491308 1334.766559
55.9448458883505 -3.18622864518786 W 55.9448458883505 -3.18652864518786 1252.491308 1333.516559
55.9448458883505 -3.18652864518786 W 55.9448458883505 -3.1868286451878602 1252.491308 1332.266559
55.9448458883505 -3.1868286451878602 W 55.9448458883505 -3.1871286451878604 1252.491308 1331.016559
55.9448458883505 -3.1871286451878604 W 55.9448458883505 -3.1874286451878606 1252.491308 1329.766559
55.9448458883505 -3.1874286451878606 W 55.9448458883505 -3.187728645187861 1252.491308 1328.516559
55.9448458883505 -3.187728645187861 W 55.9448458883505 -3.188028645187861 1252.491308 1327.266559
55.9448458883505 -3.188028645187861 W 55.9448458883505 -3.188328645187861 1252.491308 1326.016559
55.9448458883505 -3.188328645187861 W 55.9448458883505 -3.1886286451878614 1252.491308 1324.766559
55.9448458883505 -3.1886286451878614 W 55.9448458883505 -3.1889286451878616 1252.491308 1323.516559
55.9448458883505 -3.1889286451878616 W 55.9448458883505 -3.1892286451878618 1252.491308 1322.266559
55.9448458883505 -3.1892286451878618 W 55.9448458883505 -3.189528645187862 1252.491308 1321.016559
55.9448458883505 -3.189528645187862 W 55.9448458883505 -3.189828645187862 1252.491308 1319.766559
55.9448458883505 -3.189828645187862 W 55.9448458883505 -3.1901286451878623 1252.491308 1318.516559
55.9448458883505 -3.1901286451878623 WSW 55.94473108332079 -3.1904058090476157 1252.491308 1317.266559
55.94473108332079 -3.1904058090476157 W 55.94473108332079 -3.190705809047616 1252.491308 1316.016559
55.94473108332079 -3.190705809047616 WSW 55.94461627829108 -3.1909829729073693 1252.491308 1314.766559
55.94461627829108 -3.1909829729073693 W 55.94461627829108 -3.1912829729073695 1252.491308 1313.516559
55.94461627829108 -3.1912829729073695 WSW 55.94450147326137 -3.191560136767123 1252.491308 1312.266559
55.94450147326137 -3.191560136767123 E 55.94450147326137 -3.1912601367671227 1344.586162 1316.111722
55.94450147326137 -3.1912601367671227 E 55.94450147326137 -3.1909601367671225 1344.586162 1314.861722
55.94450147326137 -3.1909601367671225 ENE 55.94461627829108 -3.190682972907369 1344.586162 1313.611722
55.94461627829108 -3.190682972907369 E 55.94461627829108 -3.190382972907369 1344.586162 1312.361722
55.94461627829108 -3.190382972907369 ENE 55.94473108332079 -3.1901058090476155 1344.586162 1311.111722
55.94473108332079 -3.1901058090476155 E 55.94473108332079 -3.1898058090476153 1344.586162 1309.861722
55.94473108332079 -3.1898058090476153 ENE 55.9448458883505 -3.189528645187862 1344.586162 1308.611722
55.9448458883505 -3.189528645187862 E 55.9448458883505 -3.1892286451878618 1344.586162 1307.361722
55.9448458883505 -3.1892286451878618 ENE 55.94496069338021 -3.1889514813281084 1344.586162 1306.111722
55.94496069338021 -3.1889514813281084 E 55.94496069338021 -3.188651481328108 1344.586162 1304.861722
55.94496069338021 -3.188651481328108 ENE 55.94507549840992 -3.1883743174683548 1344.586162 1303.611722
55.94507549840992 -3.1883743174683548 E 55.94507549840992 -3.1880743174683546 1344.586162 1302.361722
55.94507549840992 -3.1880743174683546 ENE 55.94519030343963 -3.187797153608601 1344.586162 1301.111722
55.94519030343963 -3.187797153608601 E 55.94519030343963 -3.187497153608601 1344.586162 1299.861722
55.94519030343963 -3.187497153608601 ENE 55.94530510846934 -3.1872199897488476 1344.586162 1298.611722
55.94530510846934 -3.1872199897488476 E 55.94530510846934 -3.1869199897488474 1344.586162 1297.361722
55.94530510846934 -3.1869199897488474 ENE 55.94541991349905 -3.186642825889094 1344.586162 1296.111722
55.94541991349905 -3.186642825889094 E 55.94541991349905 -3.186342825889094 1253.928401 1272.826024
55.94541991349905 -3.186342825889094 ENE 55.94553471852876 -3.1860656620293404 1253.928401 1271.576024
55.94553471852876 -3.1860656620293404 E 55.94553471852876 -3.18576566202934 1253.928401 1270.326024
55.94553471852876 -3.18576566202934 ENE 55.94564952355847 -3.185488498169587 1253.928401 1269.076024
55.94564952355847 -3.185488498169587 E 55.94564952355847 -3.1851884981695866 1253.928401 1267.826024
55.94564952355847 -3.1851884981695866 ENE 55.94576432858818 -3.184911334309833 1253.928401 1266.576024
55.94576432858818 -3.184911334309833 E 55.94576432858818 -3.184611334309833 1253.928401 1265.326024
55.94576432858818 -3.184611334309833 ENE 55.94587913361789 -3.1843341704500796 1323.386915 1380.160420
55.94587913361789 -3.1843341704500796 WSW 55.94576432858818 -3.184611334309833 1323.386915 1378.910420
55.94576432858818 -3.184611334309833 WSW 55.94564952355847 -3.1848884981695864 1323.386915 1377.660420
55.94564952355847 -3.1848884981695864 WSW 55.94553471852876 -3.18516566202934 1323.386915 1376.410420
55.94553471852876 -3.18516566202934 WSW 55.94541991349905 -3.185442825889093 1323.386915 1375.160420
55.94541991349905 -3.185442825889093 WSW 55.94530510846934 -3.1857199897488466 1323.386915 1373.910420
55.94530510846934 -3.1857199897488466 WSW 55.94519030343963 -3.1859971536086 1323.386915 1372.660420
55.94519030343963 -3.1859971536086 WSW 55.94507549840992 -3.1862743174683534 1323.386915 1371.410420
55.94507549840992 -3.1862743174683534 WSW 55.94496069338021 -3.186551481328107 1323.386915 1370.160420
55.94496069338021 -3.186551481328107 WSW 55.9448458883505 -3.1868286451878602 1323.386915 1368.910420
55.9448458883505 -3.1868286451878602 WSW 55.94473108332079 -3.1871058090476136 1323.386915 1367.660420
55.94473108332079 -3.1871058090476136 W 55.94473108332079 -3.187405809047614 1323.386915 1366.410420
55.94473108332079 -3.187405809047614 WSW 55.94461627829108 -3.1876829729073672 1323.386915 1365.160420
55.94461627829108 -3.1876829729073672 W 55.94461627829108 -3.1879829729073674 1323.386915 1363.910420
55.94461627829108 -3.1879829729073674 WSW 55.94450147326137 -3.188260136767121 1323.386915 1362.660420
55.94450147326137 -3.188260136767121 W 55.94450147326137 -3.188560136767121 1323.386915 1361.410420
55.94450147326137 -3.188560136767121 WSW 55.94438666823166 -3.1888373006268744 1323.386915 1360.160420
55.94438666823166 -3.1888373006268744 W 55.94438666823166 -3.1891373006268746 1323.386915 1358.910420
55.94438666823166 -3.1891373006268746 WSW 55.94427186320195 -3.189414464486628 1323.386915 1357.660420
55.94427186320195 -3.189414464486628 W 55.94427186320195 -3.189714464486628 1323.386915 1356.410420
55.94427186320195 -3.189714464486628 WSW 55.94415705817224 -3.1899916283463816 1323.386915 1355.160420
55.94415705817224 -3.1899916283463816 W 55.94415705817224 -3.190291628346382 1323.386915 1353.910420
55.94415705817224 -3.190291628346382 WSW 55.94404225314253 -3.190568792206135 1323.386915 1352.660420
55.94404225314253 -3.190568792206135 W 55.94404225314253 -3.1908687922061354 1323.386915 1351.410420
55.94404225314253 -3.1908687922061354 WSW 55.94392744811282 -3.191145956065889 1323.386915 1350.160420
55.94392744811282 -3.191145956065889 W 55.94392744811282 -3.191445956065889 1323.386915 1348.910420
55.94392744811282 -3.191445956065889 WNW 55.94404225314253 -3.1917231199256424 1367.700956 1353.274053
55.94404225314253 -3.1917231199256424 N 55.94434225314253 -3.1917231199256424 1383.356163 1392.787480
55.94434225314253 -3.1917231199256424 NNE 55.944619417002286 -3.191608314895933 1472.514909 1494.328285
55.944619417002286 -3.191608314895933 SE 55.94440728496793 -3.191396182861577 1472.514909 1493.078285
55.94440728496793 -3.191396182861577 SE 55.944195152933574 -3.1911840508272213 1472.514909 1491.828285
55.944195152933574 -3.1911840508272213 SE 55.94398302089922 -3.1909719187928656 1472.514909 1490.578285
55.94398302089922 -3.1909719187928656 SE 55.94377088886486 -3.19075978675851 1472.514909 1489.328285
55.94377088886486 -3.19075978675851 SE 55.943558756830505 -3.190547654724154 1472.514909 1488.078285
55.943558756830505 -3.190547654724154 SE 55.94334662479615 -3.1903355226897983 1472.514909 1486.828285
55.94334662479615 -3.1903355226897983 SE 55.94313449276179 -3.1901233906554425 1472.514909 1485.578285
55.94313449276179 -3.1901233906554425 SSE 55.942857328902036 -3.190008585625733 1472.514909 1484.328285
55.942857328902036 -3.190008585625733 SE 55.94264519686768 -3.189796453591377 1472.514909 1483.078285
55.94264519686768 -3.189796453591377 WNW 55.94276000189739 -3.1900736174511306 1521.953341 1551.661008
55.94276000189739 -3.1900736174511306 NW 55.94297213393175 -3.1902857494854864 1521.953341 1550.411008
55.94297213393175 -3.1902857494854864 NW 55.9431842659661 -3.190497881519842 1521.953341 1549.161008
55.9431842659661 -3.190497881519842 NW 55.94339639800046 -3.190710013554198 1521.953341 1547.911008
55.94339639800046 -3.190710013554198 NW 55.943608530034815 -3.1909221455885537 1521.953341 1546.661008
55.943608530034815 -3.1909221455885537 NW 55.94382066206917 -3.1911342776229095 1521.953341 1545.411008
55.94382066206917 -3.1911342776229095 NW 55.94403279410353 -3.1913464096572652 1521.953341 1544.161008
55.94403279410353 -3.1913464096572652 NW 55.944244926137884 -3.191558541691621 1521.953341 1542.911008
55.944244926137884 -3.191558541691621 NW 55.94445705817224 -3.191770673725977 1521.953341 1541.661008
55.94445705817224 -3.191770673725977 NW 55.9446691902066 -3.1919828057603326 1521.953341 1540.411008
55.9446691902066 -3.1919828057603326 NW 55.94488132224095 -3.1921949377946883 1521.953341 1539.161008
55.94488132224095 -3.1921949377946883 NW 55.94509345427531 -3.192407069829044 1521.953341 1537.911008
55.94509345427531 -3.192407069829044 NNW 55.945370618135065 -3.1925218748587536 1607.379518 1574.674806
55.945370618135065 -3.1925218748587536 SSE 55.94509345427531 -3.192407069829044 1607.379518 1573.424806
55.94509345427531 -3.192407069829044 S 55.944793454275306 -3.192407069829044 1607.379518 1572.174806
55.944793454275306 -3.192407069829044 SE 55.94458132224095 -3.1921949377946883 1607.379518 1570.924806
55.94458132224095 -3.1921949377946883 NE 55.944793454275306 -3.1919828057603326 1607.379518 1569.674806
55.944793454275306 -3.1919828057603326 ESE 55.944678649245596 -3.191705641900579 1607.379518 1568.424806
55.944678649245596 -3.191705641900579 SW 55.94446651721124 -3.191917773934935 1607.379518 1567.174806
55.94446651721124 -3.191917773934935 W 55.94446651721124 -3.192217773934935 1607.379518 1565.924806
55.94446651721124 -3.192217773934935 SE 55.94425438517688 -3.1920056419005793 1607.379518 1564.674806
55.94425438517688 -3.1920056419005793 NW 55.94446651721124 -3.192217773934935 1607.379518 1563.424806
55.94446651721124 -3.192217773934935 SW 55.94425438517688 -3.192429905969291 1607.379518 1562.174806
55.94425438517688 -3.192429905969291 NE 55.94446651721124 -3.192217773934935 1607.379518 1560.924806
55.94446651721124 -3.192217773934935 N 55.94476651721124 -3.192217773934935 1607.379518 1559.674806
