55.944425 -3.188396 ENE 55.94453980502971 -3.1881188361402466 0.000000 248.750000
55.94453980502971 -3.1881188361402466 ENE 55.94465461005942 -3.187841672280493 0.000000 247.500000
55.94465461005942 -3.187841672280493 ENE 55.944769415089134 -3.18756450842074 0.000000 246.250000
55.944769415089134 -3.18756450842074 ENE 55.944884220118844 -3.1872873445609864 0.000000 245.000000
55.944884220118844 -3.1872873445609864 ENE 55.944999025148554 -3.187010180701233 49.270928 256.824749
55.944999025148554 -3.187010180701233 ENE 55.945113830178265 -3.1867330168414796 0.000000 131.704170
55.945113830178265 -3.1867330168414796 ENE 55.945228635207975 -3.186455852981726 0.000000 130.454170
55.945228635207975 -3.186455852981726 ENE 55.945343440237686 -3.1861786891219728 0.000000 129.204170
55.945343440237686 -3.1861786891219728 ENE 55.945458245267396 -3.1859015252622194 0.000000 127.954170
55.945458245267396 -3.1859015252622194 S 55.94515824526739 -3.1859015252622194 113.887452 161.557950
55.94515824526739 -3.1859015252622194 S 55.94485824526739 -3.1859015252622194 220.206845 177.434411
55.94485824526739 -3.1859015252622194 S 55.94455824526739 -3.1859015252622194 235.925669 269.476424
55.94455824526739 -3.1859015252622194 SSE 55.94428108140763 -3.18578672023251 235.925669 268.226424
55.94428108140763 -3.18578672023251 S 55.94398108140763 -3.18578672023251 235.925669 266.976424
55.94398108140763 -3.18578672023251 SSE 55.94370391754787 -3.1856719152028004 235.925669 265.726424
55.94370391754787 -3.1856719152028004 S 55.94340391754787 -3.1856719152028004 313.140754 273.632146
55.94340391754787 -3.1856719152028004 SSE 55.94312675368811 -3.185557110173091 313.140754 272.382146
55.94312675368811 -3.185557110173091 WNW 55.94324155871782 -3.1858342740328442 348.280399 331.473396
55.94324155871782 -3.1858342740328442 WNW 55.94335636374753 -3.1861114378925977 348.280399 330.223396
55.94335636374753 -3.1861114378925977 WNW 55.94347116877724 -3.186388601752351 348.280399 328.973396
55.94347116877724 -3.186388601752351 WNW 55.943585973806954 -3.1866657656121045 348.280399 327.723396
55.943585973806954 -3.1866657656121045 WNW 55.943700778836664 -3.186942929471858 348.280399 326.473396
55.943700778836664 -3.186942929471858 WNW 55.943815583866375 -3.1872200933316113 343.453795 266.180123
55.943815583866375 -3.1872200933316113 WNW 55.943930388896085 -3.1874972571913647 343.453795 264.930123
55.943930388896085 -3.1874972571913647 WNW 55.944045193925795 -3.187774421051118 343.453795 263.680123
55.944045193925795 -3.187774421051118 WNW 55.944159998955506 -3.1880515849108715 343.453795 262.430123
55.944159998955506 -3.1880515849108715 WNW 55.944274803985216 -3.188328748770625 317.511386 251.011641
55.944274803985216 -3.188328748770625 WNW 55.94438960901493 -3.1886059126303783 317.511386 249.761641
55.94438960901493 -3.1886059126303783 WNW 55.94450441404464 -3.1888830764901317 293.683664 224.615706
55.94450441404464 -3.1888830764901317 WNW 55.94461921907435 -3.189160240349885 293.683664 223.365706
55.94461921907435 -3.189160240349885 WNW 55.94473402410406 -3.1894374042096385 293.683664 222.115706
55.94473402410406 -3.1894374042096385 WNW 55.94484882913377 -3.189714568069392 293.683664 220.865706
55.94484882913377 -3.189714568069392 WNW 55.94496363416348 -3.1899917319291453 389.765739 254.200792
55.94496363416348 -3.1899917319291453 WNW 55.94507843919319 -3.1902688957888987 389.765739 252.950792
55.94507843919319 -3.1902688957888987 WNW 55.9451932442229 -3.190546059648652 505.538120 337.757987
55.9451932442229 -3.190546059648652 W 55.9451932442229 -3.1908460596486523 505.538120 336.507987
55.9451932442229 -3.1908460596486523 WNW 55.94530804925261 -3.1911232235084057 505.538120 335.257987
55.94530804925261 -3.1911232235084057 S 55.94500804925261 -3.1911232235084057 569.468047 451.887597
55.94500804925261 -3.1911232235084057 S 55.944708049252604 -3.1911232235084057 569.468047 450.637597
55.944708049252604 -3.1911232235084057 S 55.9444080492526 -3.1911232235084057 569.468047 449.387597
55.9444080492526 -3.1911232235084057 S 55.9441080492526 -3.1911232235084057 569.468047 448.137597
55.9441080492526 -3.1911232235084057 SSW 55.94383088539284 -3.1912380285381152 569.468047 446.887597
55.94383088539284 -3.1912380285381152 SE 55.943618753358486 -3.1910258965037595 631.165558 467.002141
55.943618753358486 -3.1910258965037595 SE 55.94340662132413 -3.1908137644694037 631.165558 465.752141
55.94340662132413 -3.1908137644694037 SE 55.94319448928977 -3.190601632435048 631.165558 464.502141
55.94319448928977 -3.190601632435048 SE 55.94298235725542 -3.190389500400692 631.165558 463.252141
55.94298235725542 -3.190389500400692 ESE 55.94286755222571 -3.1901123365409387 631.165558 462.002141
55.94286755222571 -3.1901123365409387 SE 55.94265542019135 -3.189900204506583 631.165558 460.752141
55.94265542019135 -3.189900204506583 NW 55.94286755222571 -3.1901123365409387 680.603991 529.334864
55.94286755222571 -3.1901123365409387 NW 55.94307968426006 -3.1903244685752945 680.603991 528.084864
55.94307968426006 -3.1903244685752945 NW 55.94329181629442 -3.1905366006096503 680.603991 526.834864
55.94329181629442 -3.1905366006096503 NW 55.943503948328775 -3.190748732644006 680.603991 525.584864
55.943503948328775 -3.190748732644006 NW 55.94371608036313 -3.190960864678362 680.603991 524.334864
55.94371608036313 -3.190960864678362 NW 55.94392821239749 -3.1911729967127176 680.603991 523.084864
55.94392821239749 -3.1911729967127176 NW 55.944140344431844 -3.1913851287470734 680.603991 521.834864
55.944140344431844 -3.1913851287470734 NNW 55.9444175082916 -3.191499933776783 724.918031 526.198498
55.9444175082916 -3.191499933776783 E 55.9444175082916 -3.1911999337767827 817.012884 530.043661
55.9444175082916 -3.1911999337767827 ENE 55.94453231332131 -3.1909227699170293 817.012884 528.793661
55.94453231332131 -3.1909227699170293 E 55.94453231332131 -3.190622769917029 817.012884 527.543661
55.94453231332131 -3.190622769917029 ENE 55.94464711835102 -3.1903456060572757 817.012884 526.293661
55.94464711835102 -3.1903456060572757 E 55.94464711835102 -3.1900456060572755 877.810610 561.561770
55.94464711835102 -3.1900456060572755 ENE 55.94476192338073 -3.189768442197522 888.588112 622.053992
55.94476192338073 -3.189768442197522 E 55.94476192338073 -3.189468442197522 888.588112 620.803992
55.94476192338073 -3.189468442197522 ENE 55.94487672841044 -3.1891912783377685 888.588112 619.553992
55.94487672841044 -3.1891912783377685 E 55.94487672841044 -3.1888912783377683 888.588112 618.303992
55.94487672841044 -3.1888912783377683 ENE 55.94499153344015 -3.188614114478015 855.452962 542.604574
55.94499153344015 -3.188614114478015 E 55.94499153344015 -3.1883141144780147 855.452962 541.354574
55.94499153344015 -3.1883141144780147 ENE 55.94510633846986 -3.1880369506182613 855.452962 540.104574
55.94510633846986 -3.1880369506182613 E 55.94510633846986 -3.187736950618261 855.452962 538.854574
55.94510633846986 -3.187736950618261 ENE 55.94522114349957 -3.1874597867585077 855.452962 537.604574
55.94522114349957 -3.1874597867585077 E 55.94522114349957 -3.1871597867585075 855.452962 536.354574
55.94522114349957 -3.1871597867585075 ENE 55.945335948529284 -3.186882622898754 855.452962 535.104574
55.945335948529284 -3.186882622898754 E 55.945335948529284 -3.186582622898754 855.452962 533.854574
55.945335948529284 -3.186582622898754 ENE 55.945450753558994 -3.1863054590390005 764.795202 510.568875
55.945450753558994 -3.1863054590390005 E 55.945450753558994 -3.1860054590390003 764.795202 509.318875
55.945450753558994 -3.1860054590390003 ENE 55.945565558588704 -3.185728295179247 764.795202 508.068875
55.945565558588704 -3.185728295179247 E 55.945565558588704 -3.1854282951792467 764.795202 506.818875
55.945565558588704 -3.1854282951792467 ENE 55.945680363618415 -3.1851511313194933 764.795202 505.568875
55.945680363618415 -3.1851511313194933 E 55.945680363618415 -3.184851131319493 764.795202 504.318875
55.945680363618415 -3.184851131319493 ENE 55.945795168648125 -3.1845739674597398 764.795202 503.068875
55.945795168648125 -3.1845739674597398 WSW 55.945680363618415 -3.184851131319493 834.253716 617.903271
55.945680363618415 -3.184851131319493 WSW 55.945565558588704 -3.1851282951792466 834.253716 616.653271
55.945565558588704 -3.1851282951792466 WSW 55.945450753558994 -3.185405459039 834.253716 615.403271
55.945450753558994 -3.185405459039 WSW 55.945335948529284 -3.1856826228987534 834.253716 614.153271
55.945335948529284 -3.1856826228987534 WSW 55.94522114349957 -3.1859597867585068 834.253716 612.903271
55.94522114349957 -3.1859597867585068 WSW 55.94510633846986 -3.18623695061826 834.253716 611.653271
55.94510633846986 -3.18623695061826 WSW 55.94499153344015 -3.1865141144780136 834.253716 610.403271
55.94499153344015 -3.1865141144780136 WSW 55.94487672841044 -3.186791278337767 834.253716 609.153271
55.94487672841044 -3.186791278337767 WSW 55.94476192338073 -3.1870684421975204 834.253716 607.903271
55.94476192338073 -3.1870684421975204 WSW 55.94464711835102 -3.187345606057274 834.253716 606.653271
55.94464711835102 -3.187345606057274 WSW 55.94453231332131 -3.187622769917027 834.253716 605.403271
55.94453231332131 -3.187622769917027 WSW 55.9444175082916 -3.1878999337767806 834.253716 604.153271
55.9444175082916 -3.1878999337767806 WSW 55.94430270326189 -3.188177097636534 834.253716 602.903271
55.94430270326189 -3.188177097636534 WSW 55.94418789823218 -3.1884542614962874 834.253716 601.653271
55.94418789823218 -3.1884542614962874 WSW 55.94407309320247 -3.188731425356041 834.253716 600.403271
55.94407309320247 -3.188731425356041 WSW 55.94395828817276 -3.189008589215794 834.253716 599.153271
55.94395828817276 -3.189008589215794 WSW 55.94384348314305 -3.1892857530755476 834.253716 597.903271
55.94384348314305 -3.1892857530755476 WSW 55.94372867811334 -3.189562916935301 834.253716 596.653271
55.94372867811334 -3.189562916935301 WSW 55.94361387308363 -3.1898400807950544 834.253716 595.403271
55.94361387308363 -3.1898400807950544 SW 55.94340174104927 -3.19005221282941 834.253716 594.153271
55.94340174104927 -3.19005221282941 WSW 55.94328693601956 -3.1903293766891636 834.253716 592.903271
55.94328693601956 -3.1903293766891636 SW 55.943074803985205 -3.1905415087235194 834.253716 591.653271
55.943074803985205 -3.1905415087235194 WSW 55.942959998955494 -3.190818672583273 834.253716 590.403271
55.942959998955494 -3.190818672583273 SW 55.94274786692114 -3.1910308046176286 834.253716 589.153271
55.94274786692114 -3.1910308046176286 E 55.94274786692114 -3.1907308046176284 911.909134 671.395150
55.94274786692114 -3.1907308046176284 E 55.94274786692114 -3.190430804617628 911.909134 670.145150
55.94274786692114 -3.190430804617628 ENE 55.94286267195085 -3.1901536407578748 911.909134 668.895150
55.94286267195085 -3.1901536407578748 E 55.94286267195085 -3.1898536407578746 911.909134 667.645150
55.94286267195085 -3.1898536407578746 ENE 55.94297747698056 -3.189576476898121 911.909134 666.395150
55.94297747698056 -3.189576476898121 E 55.94297747698056 -3.189276476898121 911.909134 665.145150
55.94297747698056 -3.189276476898121 ENE 55.94309228201027 -3.1889993130383676 911.909134 663.895150
55.94309228201027 -3.1889993130383676 E 55.94309228201027 -3.1886993130383674 911.909134 662.645150
55.94309228201027 -3.1886993130383674 ENE 55.94320708703998 -3.188422149178614 911.909134 661.395150
55.94320708703998 -3.188422149178614 E 55.94320708703998 -3.188122149178614 911.909134 660.145150
55.94320708703998 -3.188122149178614 ENE 55.94332189206969 -3.1878449853188604 911.909134 658.895150
55.94332189206969 -3.1878449853188604 E 55.94332189206969 -3.18754498531886 911.909134 657.645150
55.94332189206969 -3.18754498531886 ENE 55.9434366970994 -3.187267821459107 911.909134 656.395150
55.9434366970994 -3.187267821459107 E 55.9434366970994 -3.1869678214591066 911.909134 655.145150
55.9434366970994 -3.1869678214591066 ENE 55.94355150212911 -3.186690657599353 911.909134 653.895150
55.94355150212911 -3.186690657599353 E 55.94355150212911 -3.186390657599353 911.909134 652.645150
55.94355150212911 -3.186390657599353 ENE 55.94366630715882 -3.1861134937395996 911.909134 651.395150
55.94366630715882 -3.1861134937395996 E 55.94366630715882 -3.1858134937395994 911.909134 650.145150
55.94366630715882 -3.1858134937395994 ENE 55.94378111218853 -3.185536329879846 911.909134 648.895150
55.94378111218853 -3.185536329879846 E 55.94378111218853 -3.185236329879846 911.909134 647.645150
55.94378111218853 -3.185236329879846 ENE 55.94389591721824 -3.1849591660200924 911.909134 646.395150
55.94389591721824 -3.1849591660200924 E 55.94389591721824 -3.1846591660200922 911.909134 645.145150
55.94389591721824 -3.1846591660200922 WNW 55.94401072224795 -3.1849363298798457 997.784931 719.909867
55.94401072224795 -3.1849363298798457 WNW 55.94412552727766 -3.185213493739599 997.784931 718.659867
55.94412552727766 -3.185213493739599 WNW 55.94424033230737 -3.1854906575993525 997.784931 717.409867
55.94424033230737 -3.1854906575993525 WNW 55.944355137337084 -3.185767821459106 997.784931 716.159867
55.944355137337084 -3.185767821459106 WNW 55.944469942366794 -3.1860449853188593 997.784931 714.909867
55.944469942366794 -3.1860449853188593 WNW 55.944584747396505 -3.1863221491786127 997.784931 713.659867
55.944584747396505 -3.1863221491786127 WNW 55.944699552426215 -3.186599313038366 997.784931 712.409867
55.944699552426215 -3.186599313038366 WNW 55.944814357455925 -3.1868764768981195 997.784931 711.159867
55.944814357455925 -3.1868764768981195 WNW 55.944929162485636 -3.187153640757873 997.784931 709.909867
55.944929162485636 -3.187153640757873 WNW 55.945043967515346 -3.1874308046176263 997.784931 708.659867
55.945043967515346 -3.1874308046176263 WNW 55.94515877254506 -3.1877079684773797 997.784931 707.409867
55.94515877254506 -3.1877079684773797 WNW 55.94527357757477 -3.187985132337133 997.784931 706.159867
55.94527357757477 -3.187985132337133 WNW 55.94538838260448 -3.1882622961968865 997.784931 704.909867
55.94538838260448 -3.1882622961968865 WNW 55.94550318763419 -3.18853946005664 997.784931 703.659867
55.94550318763419 -3.18853946005664 WNW 55.9456179926639 -3.1888166239163933 997.784931 702.409867
55.9456179926639 -3.1888166239163933 WNW 55.94573279769361 -3.1890937877761467 1019.678127 802.148781
55.94573279769361 -3.1890937877761467 SSE 55.94545563383385 -3.188978982746437 1100.308615 916.745259
55.94545563383385 -3.188978982746437 SSE 55.945178469974095 -3.1888641777167277 1100.308615 915.495259
55.945178469974095 -3.1888641777167277 SSE 55.94490130611434 -3.188749372687018 1100.308615 914.245259
55.94490130611434 -3.188749372687018 SE 55.94468917407998 -3.1885372406526624 1100.308615 912.995259
55.94468917407998 -3.1885372406526624 SSE 55.944412010220226 -3.188422435622953 1100.308615 911.745259
55.944412010220226 -3.188422435622953 SE 55.94419987818587 -3.188210303588597 1100.308615 910.495259
55.94419987818587 -3.188210303588597 W 55.94419987818587 -3.1885103035885973 1100.308615 909.245259
55.94419987818587 -3.1885103035885973 W 55.94419987818587 -3.1888103035885975 1100.308615 907.995259
55.94419987818587 -3.1888103035885975 W 55.94419987818587 -3.1891103035885977 1100.308615 906.745259
55.94419987818587 -3.1891103035885977 W 55.94419987818587 -3.189410303588598 1100.308615 905.495259
55.94419987818587 -3.189410303588598 W 55.94419987818587 -3.189710303588598 1100.308615 904.245259
55.94419987818587 -3.189710303588598 W 55.94419987818587 -3.1900103035885983 1100.308615 902.995259
55.94419987818587 -3.1900103035885983 WNW 55.94431468321558 -3.1902874674483517 1100.308615 901.745259
55.94431468321558 -3.1902874674483517 W 55.94431468321558 -3.190587467448352 1100.308615 900.495259
55.94431468321558 -3.190587467448352 WNW 55.94442948824529 -3.1908646313081053 1100.308615 899.245259
55.94442948824529 -3.1908646313081053 W 55.94442948824529 -3.1911646313081055 1100.308615 897.995259
55.94442948824529 -3.1911646313081055 WNW 55.944544293275 -3.191441795167859 1100.308615 896.745259
55.944544293275 -3.191441795167859 W 55.944544293275 -3.191741795167859 1100.308615 895.495259
55.944544293275 -3.191741795167859 ESE 55.94442948824529 -3.1914646313081056 1189.467361 997.036064
55.94442948824529 -3.1914646313081056 ESE 55.94431468321558 -3.1911874674483522 1189.467361 995.786064
55.94431468321558 -3.1911874674483522 ESE 55.94419987818587 -3.190910303588599 1189.467361 994.536064
55.94419987818587 -3.190910303588599 ESE 55.94408507315616 -3.1906331397288454 1189.467361 993.286064
55.94408507315616 -3.1906331397288454 ESE 55.94397026812645 -3.190355975869092 1211.761475 1003.094628
55.94397026812645 -3.190355975869092 ESE 55.94385546309674 -3.1900788120093386 1211.761475 1001.844628
55.94385546309674 -3.1900788120093386 ESE 55.94374065806703 -3.1898016481495852 1211.761475 1000.594628
55.94374065806703 -3.1898016481495852 ESE 55.94362585303732 -3.189524484289832 1211.761475 999.344628
55.94362585303732 -3.189524484289832 ESE 55.94351104800761 -3.1892473204300784 1211.761475 998.094628
55.94351104800761 -3.1892473204300784 ESE 55.9433962429779 -3.188970156570325 1268.400036 1080.506669
55.9433962429779 -3.188970156570325 ESE 55.94328143794819 -3.1886929927105716 1268.400036 1079.256669
55.94328143794819 -3.1886929927105716 ESE 55.94316663291848 -3.188415828850818 1268.400036 1078.006669
55.94316663291848 -3.188415828850818 ESE 55.943051827888766 -3.188138664991065 1268.400036 1076.756669
55.943051827888766 -3.188138664991065 ESE 55.942937022859056 -3.1878615011313114 1268.400036 1075.506669
55.942937022859056 -3.1878615011313114 ESE 55.942822217829345 -3.187584337271558 1268.400036 1074.256669
55.942822217829345 -3.187584337271558 ESE 55.942707412799635 -3.1873071734118046 1268.400036 1073.006669
55.942707412799635 -3.1873071734118046 ESE 55.942592607769924 -3.187030009552051 1268.400036 1071.756669
55.942592607769924 -3.187030009552051 N 55.94289260776993 -3.187030009552051 1292.426691 1187.603395
55.94289260776993 -3.187030009552051 NNW 55.943169771629684 -3.1871448145817607 1292.426691 1186.353395
55.943169771629684 -3.1871448145817607 N 55.94346977162969 -3.1871448145817607 1292.426691 1185.103395
55.94346977162969 -3.1871448145817607 NNW 55.94374693548944 -3.18725961961147 1292.426691 1183.853395
55.94374693548944 -3.18725961961147 N 55.944046935489446 -3.18725961961147 1292.426691 1182.603395
55.944046935489446 -3.18725961961147 NNW 55.9443240993492 -3.1873744246411797 1292.426691 1181.353395
55.9443240993492 -3.1873744246411797 N 55.944624099349205 -3.1873744246411797 1292.426691 1180.103395
55.944624099349205 -3.1873744246411797 NNW 55.94490126320896 -3.187489229670889 1292.426691 1178.853395
55.94490126320896 -3.187489229670889 N 55.945201263208965 -3.187489229670889 1292.426691 1177.603395
55.945201263208965 -3.187489229670889 NNW 55.94547842706872 -3.1876040347005987 1292.426691 1176.353395
55.94547842706872 -3.1876040347005987 N 55.945778427068724 -3.1876040347005987 1292.426691 1175.103395
55.945778427068724 -3.1876040347005987 SSE 55.94550126320897 -3.187489229670889 1303.260674 1256.422485
55.94550126320897 -3.187489229670889 SSE 55.94522409934921 -3.1873744246411797 1303.260674 1255.172485
55.94522409934921 -3.1873744246411797 SE 55.945011967314855 -3.187162292606824 1303.260674 1253.922485
55.945011967314855 -3.187162292606824 SSE 55.9447348034551 -3.1870474875771144 1303.260674 1252.672485
55.9447348034551 -3.1870474875771144 SE 55.94452267142074 -3.1868353555427587 1303.260674 1251.422485
55.94452267142074 -3.1868353555427587 SSE 55.944245507560986 -3.186720550513049 1303.260674 1250.172485
55.944245507560986 -3.186720550513049 SE 55.94403337552663 -3.1865084184786934 1413.869643 1320.333997
55.94403337552663 -3.1865084184786934 SSE 55.94375621166687 -3.186393613448984 1445.531346 1398.655362
55.94375621166687 -3.186393613448984 WNW 55.94387101669658 -3.1866707773087373 1445.531346 1397.405362
55.94387101669658 -3.1866707773087373 WNW 55.943985821726294 -3.1869479411684907 1445.531346 1396.155362
55.943985821726294 -3.1869479411684907 WNW 55.944100626756004 -3.187225105028244 1445.531346 1394.905362
55.944100626756004 -3.187225105028244 WNW 55.944215431785715 -3.1875022688879975 1445.531346 1393.655362
55.944215431785715 -3.1875022688879975 WNW 55.944330236815425 -3.187779432747751 1445.531346 1392.405362
55.944330236815425 -3.187779432747751 WNW 55.944445041845135 -3.1880565966075043 1445.531346 1391.155362
55.944445041845135 -3.1880565966075043 W 55.944445041845135 -3.1883565966075045 1445.531346 1389.905362
55.944445041845135 -3.1883565966075045 WNW 55.944559846874846 -3.188633760467258 1445.531346 1388.655362
55.944559846874846 -3.188633760467258 W 55.944559846874846 -3.188933760467258 1445.531346 1387.405362
55.944559846874846 -3.188933760467258 WNW 55.944674651904556 -3.1892109243270115 1445.531346 1386.155362
55.944674651904556 -3.1892109243270115 W 55.944674651904556 -3.1895109243270117 1445.531346 1384.905362
55.944674651904556 -3.1895109243270117 WNW 55.94478945693427 -3.189788088186765 1445.531346 1383.655362
55.94478945693427 -3.189788088186765 W 55.94478945693427 -3.1900880881867653 1445.531346 1382.405362
55.94478945693427 -3.1900880881867653 WNW 55.94490426196398 -3.1903652520465187 1445.531346 1381.155362
55.94490426196398 -3.1903652520465187 W 55.94490426196398 -3.190665252046519 1445.531346 1379.905362
55.94490426196398 -3.190665252046519 WNW 55.94501906699369 -3.1909424159062723 1445.531346 1378.655362
55.94501906699369 -3.1909424159062723 W 55.94501906699369 -3.1912424159062724 1445.531346 1377.405362
55.94501906699369 -3.1912424159062724 WNW 55.9451338720234 -3.191519579766026 1445.531346 1376.155362
55.9451338720234 -3.191519579766026 W 55.9451338720234 -3.191819579766026 1445.531346 1374.905362
55.9451338720234 -3.191819579766026 WNW 55.94524867705311 -3.1920967436257794 1445.531346 1373.655362
55.94524867705311 -3.1920967436257794 W 55.94524867705311 -3.1923967436257796 1445.531346 1372.405362
55.94524867705311 -3.1923967436257796 WNW 55.94536348208282 -3.192673907485533 1530.957523 1409.169160
55.94536348208282 -3.192673907485533 E 55.94536348208282 -3.192373907485533 1530.957523 1407.919160
55.94536348208282 -3.192373907485533 E 55.94536348208282 -3.1920739074855327 1530.957523 1406.669160
55.94536348208282 -3.1920739074855327 E 55.94536348208282 -3.1917739074855325 1530.957523 1405.419160
55.94536348208282 -3.1917739074855325 E 55.94536348208282 -3.1914739074855323 1530.957523 1404.169160
55.94536348208282 -3.1914739074855323 E 55.94536348208282 -3.191173907485532 1530.957523 1402.919160
55.94536348208282 -3.191173907485532 E 55.94536348208282 -3.190873907485532 1530.957523 1401.669160
55.94536348208282 -3.190873907485532 E 55.94536348208282 -3.1905739074855317 1530.957523 1400.419160
55.94536348208282 -3.1905739074855317 E 55.94536348208282 -3.1902739074855315 1530.957523 1399.169160
55.94536348208282 -3.1902739074855315 E 55.94536348208282 -3.1899739074855313 1530.957523 1397.919160
55.94536348208282 -3.1899739074855313 E 55.94536348208282 -3.189673907485531 1530.957523 1396.669160
55.94536348208282 -3.189673907485531 E 55.94536348208282 -3.189373907485531 1530.957523 1395.419160
55.94536348208282 -3.189373907485531 E 55.94536348208282 -3.1890739074855308 1530.957523 1394.169160
55.94536348208282 -3.1890739074855308 E 55.94536348208282 -3.1887739074855306 1530.957523 1392.919160
55.94536348208282 -3.1887739074855306 E 55.94536348208282 -3.1884739074855304 1530.957523 1391.669160
55.94536348208282 -3.1884739074855304 E 55.94536348208282 -3.18817390748553 1530.957523 1390.419160
55.94536348208282 -3.18817390748553 E 55.94536348208282 -3.18787390748553 1530.957523 1389.169160
55.94536348208282 -3.18787390748553 E 55.94536348208282 -3.18757390748553 1530.957523 1387.919160
55.94536348208282 -3.18757390748553 E 55.94536348208282 -3.1872739074855296 1530.957523 1386.669160
55.94536348208282 -3.1872739074855296 E 55.94536348208282 -3.1869739074855294 1530.957523 1385.419160
55.94536348208282 -3.1869739074855294 E 55.94536348208282 -3.1866739074855293 1530.957523 1384.169160
55.94536348208282 -3.1866739074855293 E 55.94536348208282 -3.186373907485529 1530.957523 1382.919160
55.94536348208282 -3.186373907485529 E 55.94536348208282 -3.186073907485529 1530.957523 1381.669160
55.94536348208282 -3.186073907485529 ESE 55.94524867705311 -3.1857967436257755 1530.957523 1380.419160
55.94524867705311 -3.1857967436257755 E 55.94524867705311 -3.1854967436257753 1530.957523 1379.169160
55.94524867705311 -3.1854967436257753 ESE 55.9451338720234 -3.185219579766022 1530.957523 1377.919160
55.9451338720234 -3.185219579766022 E 55.9451338720234 -3.1849195797660217 1530.957523 1376.669160
55.9451338720234 -3.1849195797660217 ESE 55.94501906699369 -3.1846424159062683 1480.849921 1256.889506
55.94501906699369 -3.1846424159062683 WNW 55.9451338720234 -3.1849195797660217 1513.642783 1342.749509
55.9451338720234 -3.1849195797660217 ESE 55.94501906699369 -3.1846424159062683 1513.642783 1341.499509
55.94501906699369 -3.1846424159062683 N 55.94531906699369 -3.1846424159062683 1513.642783 1340.249509
55.94531906699369 -3.1846424159062683 SW 55.945106934959334 -3.184854547940624 1513.642783 1338.999509
55.945106934959334 -3.184854547940624 SSW 55.94482977109958 -3.1849693529703336 1513.642783 1337.749509
