55.944425 -3.188396 ENE 55.94453980502971 -3.1881188361402466 0.000000 248.750000
55.94453980502971 -3.1881188361402466 ENE 55.94465461005942 -3.187841672280493 0.000000 247.500000
55.94465461005942 -3.187841672280493 ENE 55.944769415089134 -3.18756450842074 0.000000 246.250000
55.944769415089134 -3.18756450842074 ENE 55.944884220118844 -3.1872873445609864 0.000000 245.000000
55.944884220118844 -3.1872873445609864 ENE 55.944999025148554 -3.187010180701233 49.270928 256.824749
55.944999025148554 -3.187010180701233 ENE 55.945113830178265 -3.1867330168414796 0.000000 131.704170
55.945113830178265 -3.1867330168414796 ENE 55.945228635207975 -3.186455852981726 0.000000 130.454170
55.945228635207975 -3.186455852981726 ENE 55.945343440237686 -3.1861786891219728 0.000000 129.204170
55.945343440237686 -3.1861786891219728 ENE 55.945458245267396 -3.1859015252622194 0.000000 127.954170
55.945458245267396 -3.1859015252622194 S 55.94515824526739 -3.1859015252622194 113.887452 161.557950
55.94515824526739 -3.1859015252622194 S 55.94485824526739 -3.1859015252622194 220.206845 177.434411
55.94485824526739 -3.1859015252622194 S 55.94455824526739 -3.1859015252622194 235.925669 269.476424
55.94455824526739 -3.1859015252622194 SSE 55.94428108140763 -3.18578672023251 235.925669 268.226424
55.94428108140763 -3.18578672023251 S 55.94398108140763 -3.18578672023251 235.925669 266.976424
55.94398108140763 -3.18578672023251 SSE 55.94370391754787 -3.1856719152028004 235.925669 265.726424
55.94370391754787 -3.1856719152028004 S 55.94340391754787 -3.1856719152028004 313.140754 273.632146
55.94340391754787 -3.1856719152028004 SSE 55.94312675368811 -3.185557110173091 313.140754 272.382146
55.94312675368811 -3.185557110173091 W 55.94312675368811 -3.185857110173091 348.280399 331.473396
55.94312675368811 -3.185857110173091 W 55.94312675368811 -3.1861571101730912 348.280399 330.223396
55.94312675368811 -3.1861571101730912 W 55.94312675368811 -3.1864571101730914 348.280399 328.973396
55.94312675368811 -3.1864571101730914 W 55.94312675368811 -3.1867571101730916 348.280399 327.723396
55.94312675368811 -3.1867571101730916 W 55.94312675368811 -3.187057110173092 348.280399 326.473396
55.94312675368811 -3.187057110173092 W 55.94312675368811 -3.187357110173092 348.280399 325.223396
55.94312675368811 -3.187357110173092 W 55.94312675368811 -3.187657110173092 348.280399 323.973396
55.94312675368811 -3.187657110173092 WNW 55.94324155871782 -3.1879342740328456 348.280399 322.723396
55.94324155871782 -3.1879342740328456 W 55.94324155871782 -3.1882342740328458 348.280399 321.473396
55.94324155871782 -3.1882342740328458 WNW 55.94335636374753 -3.188511437892599 348.280399 320.223396
55.94335636374753 -3.188511437892599 W 55.94335636374753 -3.1888114378925994 348.280399 318.973396
55.94335636374753 -3.1888114378925994 WNW 55.94347116877724 -3.1890886017523528 348.280399 317.723396
55.94347116877724 -3.1890886017523528 W 55.94347116877724 -3.189388601752353 404.918959 400.135438
55.94347116877724 -3.189388601752353 WNW 55.943585973806954 -3.1896657656121064 404.918959 398.885438
55.943585973806954 -3.1896657656121064 W 55.943585973806954 -3.1899657656121065 404.918959 397.635438
55.943585973806954 -3.1899657656121065 WNW 55.943700778836664 -3.19024292947186 404.918959 396.385438
55.943700778836664 -3.19024292947186 W 55.943700778836664 -3.19054292947186 404.918959 395.135438
55.943700778836664 -3.19054292947186 WNW 55.943815583866375 -3.1908200933316135 404.918959 393.885438
55.943815583866375 -3.1908200933316135 W 55.943815583866375 -3.1911200933316137 404.918959 392.635438
55.943815583866375 -3.1911200933316137 WNW 55.943930388896085 -3.191397257191367 466.616470 412.749982
55.943930388896085 -3.191397257191367 E 55.943930388896085 -3.191097257191367 510.930511 417.113616
55.943930388896085 -3.191097257191367 E 55.943930388896085 -3.1907972571913668 510.930511 415.863616
55.943930388896085 -3.1907972571913668 E 55.943930388896085 -3.1904972571913666 510.930511 414.613616
55.943930388896085 -3.1904972571913666 E 55.943930388896085 -3.1901972571913664 533.224624 424.422179
55.943930388896085 -3.1901972571913664 E 55.943930388896085 -3.189897257191366 533.224624 423.172179
55.943930388896085 -3.189897257191366 E 55.943930388896085 -3.189597257191366 533.224624 421.922179
55.943930388896085 -3.189597257191366 E 55.943930388896085 -3.189297257191366 533.224624 420.672179
55.943930388896085 -3.189297257191366 E 55.943930388896085 -3.1889972571913656 533.224624 419.422179
55.943930388896085 -3.1889972571913656 E 55.943930388896085 -3.1886972571913654 533.224624 418.172179
55.943930388896085 -3.1886972571913654 E 55.943930388896085 -3.1883972571913652 533.224624 416.922179
55.943930388896085 -3.1883972571913652 E 55.943930388896085 -3.188097257191365 533.224624 415.672179
55.943930388896085 -3.188097257191365 E 55.943930388896085 -3.187797257191365 606.594012 491.751016
55.943930388896085 -3.187797257191365 E 55.943930388896085 -3.1874972571913647 606.594012 490.501016
55.943930388896085 -3.1874972571913647 E 55.943930388896085 -3.1871972571913645 606.594012 489.251016
55.943930388896085 -3.1871972571913645 E 55.943930388896085 -3.1868972571913643 606.594012 488.001016
55.943930388896085 -3.1868972571913643 E 55.943930388896085 -3.186597257191364 606.594012 486.751016
55.943930388896085 -3.186597257191364 E 55.943930388896085 -3.186297257191364 638.255715 565.072382
55.943930388896085 -3.186297257191364 E 55.943930388896085 -3.1859972571913637 638.255715 563.822382
55.943930388896085 -3.1859972571913637 E 55.943930388896085 -3.1856972571913635 638.255715 562.572382
55.943930388896085 -3.1856972571913635 E 55.943930388896085 -3.1853972571913634 638.255715 561.322382
55.943930388896085 -3.1853972571913634 E 55.943930388896085 -3.185097257191363 638.255715 560.072382
55.943930388896085 -3.185097257191363 E 55.943930388896085 -3.184797257191363 638.255715 558.822382
55.943930388896085 -3.184797257191363 WNW 55.944045193925795 -3.1850744210511164 724.131512 633.587098
55.944045193925795 -3.1850744210511164 WNW 55.944159998955506 -3.18535158491087 724.131512 632.337098
55.944159998955506 -3.18535158491087 W 55.944159998955506 -3.18565158491087 724.131512 631.087098
55.944159998955506 -3.18565158491087 WNW 55.944274803985216 -3.1859287487706234 724.131512 629.837098
55.944274803985216 -3.1859287487706234 W 55.944274803985216 -3.1862287487706236 724.131512 628.587098
55.944274803985216 -3.1862287487706236 WNW 55.94438960901493 -3.186505912630377 724.131512 627.337098
55.94438960901493 -3.186505912630377 W 55.94438960901493 -3.186805912630377 719.684663 521.838166
55.94438960901493 -3.186805912630377 WNW 55.94450441404464 -3.1870830764901306 830.293632 591.999677
55.94450441404464 -3.1870830764901306 W 55.94450441404464 -3.1873830764901308 830.293632 590.749677
55.94450441404464 -3.1873830764901308 WNW 55.94461921907435 -3.187660240349884 830.293632 589.499677
55.94461921907435 -3.187660240349884 W 55.94461921907435 -3.1879602403498843 830.293632 588.249677
55.94461921907435 -3.1879602403498843 WNW 55.94473402410406 -3.1882374042096377 830.293632 586.999677
55.94473402410406 -3.1882374042096377 W 55.94473402410406 -3.188537404209638 830.293632 585.749677
55.94473402410406 -3.188537404209638 WNW 55.94484882913377 -3.1888145680693913 797.158483 510.050259
55.94484882913377 -3.1888145680693913 W 55.94484882913377 -3.1891145680693915 797.158483 508.800259
55.94484882913377 -3.1891145680693915 WNW 55.94496363416348 -3.189391731929145 797.158483 507.550259
55.94496363416348 -3.189391731929145 W 55.94496363416348 -3.189691731929145 797.158483 506.300259
55.94496363416348 -3.189691731929145 WNW 55.94507843919319 -3.1899688957888985 797.158483 505.050259
55.94507843919319 -3.1899688957888985 W 55.94507843919319 -3.1902688957888987 797.158483 503.800259
55.94507843919319 -3.1902688957888987 WNW 55.9451932442229 -3.190546059648652 912.930864 588.607454
55.9451932442229 -3.190546059648652 W 55.9451932442229 -3.1908460596486523 912.930864 587.357454
55.9451932442229 -3.1908460596486523 WNW 55.94530804925261 -3.1911232235084057 912.930864 586.107454
55.94530804925261 -3.1911232235084057 ESE 55.9451932442229 -3.1908460596486523 976.860791 702.737064
55.9451932442229 -3.1908460596486523 ESE 55.94507843919319 -3.190568895788899 976.860791 701.487064
55.94507843919319 -3.190568895788899 ESE 55.94496363416348 -3.1902917319291455 976.860791 700.237064
55.94496363416348 -3.1902917319291455 ESE 55.94484882913377 -3.190014568069392 976.860791 698.987064
55.94484882913377 -3.190014568069392 ESE 55.94473402410406 -3.1897374042096387 976.860791 697.737064
55.94473402410406 -3.1897374042096387 W 55.94473402410406 -3.190037404209639 1072.942866 731.072150
55.94473402410406 -3.190037404209639 WSW 55.94461921907435 -3.1903145680693923 1083.720368 791.564371
55.94461921907435 -3.1903145680693923 WNW 55.94473402410406 -3.1905917319291457 1144.518093 826.832480
55.94473402410406 -3.1905917319291457 WNW 55.94484882913377 -3.190868895788899 1144.518093 825.582480
55.94484882913377 -3.190868895788899 WNW 55.94496363416348 -3.1911460596486525 1144.518093 824.332480
55.94496363416348 -3.1911460596486525 WNW 55.94507843919319 -3.191423223508406 1144.518093 823.082480
55.94507843919319 -3.191423223508406 W 55.94507843919319 -3.191723223508406 1144.518093 821.832480
55.94507843919319 -3.191723223508406 WNW 55.9451932442229 -3.1920003873681595 1144.518093 820.582480
55.9451932442229 -3.1920003873681595 W 55.9451932442229 -3.1923003873681597 1144.518093 819.332480
55.9451932442229 -3.1923003873681597 WNW 55.94530804925261 -3.192577551227913 1229.944269 856.096277
55.94530804925261 -3.192577551227913 E 55.94530804925261 -3.192277551227913 1229.944269 854.846277
55.94530804925261 -3.192277551227913 E 55.94530804925261 -3.1919775512279127 1229.944269 853.596277
55.94530804925261 -3.1919775512279127 E 55.94530804925261 -3.1916775512279125 1229.944269 852.346277
55.94530804925261 -3.1916775512279125 E 55.94530804925261 -3.1913775512279123 1229.944269 851.096277
55.94530804925261 -3.1913775512279123 E 55.94530804925261 -3.191077551227912 1229.944269 849.846277
55.94530804925261 -3.191077551227912 E 55.94530804925261 -3.190777551227912 1229.944269 848.596277
55.94530804925261 -3.190777551227912 E 55.94530804925261 -3.1904775512279118 1229.944269 847.346277
55.94530804925261 -3.1904775512279118 E 55.94530804925261 -3.1901775512279116 1229.944269 846.096277
55.94530804925261 -3.1901775512279116 E 55.94530804925261 -3.1898775512279114 1229.944269 844.846277
55.94530804925261 -3.1898775512279114 E 55.94530804925261 -3.189577551227911 1229.944269 843.596277
55.94530804925261 -3.189577551227911 E 55.94530804925261 -3.189277551227911 1229.944269 842.346277
55.94530804925261 -3.189277551227911 E 55.94530804925261 -3.188977551227911 1229.944269 841.096277
55.94530804925261 -3.188977551227911 E 55.94530804925261 -3.1886775512279106 1229.944269 839.846277
55.94530804925261 -3.1886775512279106 E 55.94530804925261 -3.1883775512279104 1229.944269 838.596277
55.94530804925261 -3.1883775512279104 E 55.94530804925261 -3.1880775512279103 1229.944269 837.346277
55.94530804925261 -3.1880775512279103 E 55.94530804925261 -3.18777755122791 1229.944269 836.096277
55.94530804925261 -3.18777755122791 E 55.94530804925261 -3.18747755122791 1229.944269 834.846277
55.94530804925261 -3.18747755122791 E 55.94530804925261 -3.1871775512279097 1229.944269 833.596277
55.94530804925261 -3.1871775512279097 E 55.94530804925261 -3.1868775512279095 1229.944269 832.346277
55.94530804925261 -3.1868775512279095 ENE 55.94542285428232 -3.186600387368156 1229.944269 831.096277
55.94542285428232 -3.186600387368156 E 55.94542285428232 -3.186300387368156 1139.286509 807.810578
55.94542285428232 -3.186300387368156 ENE 55.94553765931203 -3.1860232235084025 1139.286509 806.560578
55.94553765931203 -3.1860232235084025 E 55.94553765931203 -3.1857232235084023 1139.286509 805.310578
55.94553765931203 -3.1857232235084023 ENE 55.94565246434174 -3.185446059648649 1139.286509 804.060578
55.94565246434174 -3.185446059648649 E 55.94565246434174 -3.1851460596486487 1139.286509 802.810578
55.94565246434174 -3.1851460596486487 ENE 55.94576726937145 -3.1848688957888953 1139.286509 801.560578
55.94576726937145 -3.1848688957888953 E 55.94576726937145 -3.184568895788895 1139.286509 800.310578
55.94576726937145 -3.184568895788895 W 55.94576726937145 -3.1848688957888953 1208.745023 915.144975
55.94576726937145 -3.1848688957888953 W 55.94576726937145 -3.1851688957888955 1208.745023 913.894975
55.94576726937145 -3.1851688957888955 W 55.94576726937145 -3.1854688957888957 1208.745023 912.644975
55.94576726937145 -3.1854688957888957 WSW 55.94565246434174 -3.185746059648649 1208.745023 911.394975
55.94565246434174 -3.185746059648649 W 55.94565246434174 -3.1860460596486493 1208.745023 910.144975
55.94565246434174 -3.1860460596486493 WSW 55.94553765931203 -3.1863232235084027 1128.437825 823.164377
55.94553765931203 -3.1863232235084027 W 55.94553765931203 -3.186623223508403 1128.437825 821.914377
55.94553765931203 -3.186623223508403 WSW 55.94542285428232 -3.1869003873681563 1128.437825 820.664377
55.94542285428232 -3.1869003873681563 W 55.94542285428232 -3.1872003873681565 1128.437825 819.414377
55.94542285428232 -3.1872003873681565 WSW 55.94530804925261 -3.18747755122791 1128.437825 818.164377
55.94530804925261 -3.18747755122791 W 55.94530804925261 -3.18777755122791 1128.437825 816.914377
55.94530804925261 -3.18777755122791 WSW 55.9451932442229 -3.1880547150876635 1128.437825 815.664377
55.9451932442229 -3.1880547150876635 W 55.9451932442229 -3.1883547150876637 1128.437825 814.414377
55.9451932442229 -3.1883547150876637 WSW 55.94507843919319 -3.188631878947417 1128.437825 813.164377
55.94507843919319 -3.188631878947417 W 55.94507843919319 -3.1889318789474173 1128.437825 811.914377
55.94507843919319 -3.1889318789474173 WSW 55.94496363416348 -3.1892090428071707 1128.437825 810.664377
55.94496363416348 -3.1892090428071707 W 55.94496363416348 -3.189509042807171 1128.437825 809.414377
55.94496363416348 -3.189509042807171 WSW 55.94484882913377 -3.1897862066669243 1128.437825 808.164377
55.94484882913377 -3.1897862066669243 W 55.94484882913377 -3.1900862066669244 1128.437825 806.914377
55.94484882913377 -3.1900862066669244 WSW 55.94473402410406 -3.190363370526678 1128.437825 805.664377
55.94473402410406 -3.190363370526678 W 55.94473402410406 -3.190663370526678 1128.437825 804.414377
55.94473402410406 -3.190663370526678 WSW 55.94461921907435 -3.1909405343864314 1128.437825 803.164377
55.94461921907435 -3.1909405343864314 W 55.94461921907435 -3.1912405343864316 1128.437825 801.914377
55.94461921907435 -3.1912405343864316 WSW 55.94450441404464 -3.191517698246185 1128.437825 800.664377
55.94450441404464 -3.191517698246185 ENE 55.94461921907435 -3.1912405343864316 1220.532678 804.509541
55.94461921907435 -3.1912405343864316 ENE 55.94473402410406 -3.1909633705266782 1220.532678 803.259541
55.94473402410406 -3.1909633705266782 ENE 55.94484882913377 -3.190686206666925 1220.532678 802.009541
55.94484882913377 -3.190686206666925 ENE 55.94496363416348 -3.1904090428071714 1220.532678 800.759541
55.94496363416348 -3.1904090428071714 ENE 55.94507843919319 -3.190131878947418 1220.532678 799.509541
55.94507843919319 -3.190131878947418 ENE 55.9451932442229 -3.1898547150876646 1220.532678 798.259541
55.9451932442229 -3.1898547150876646 ENE 55.94530804925261 -3.189577551227911 1220.532678 797.009541
55.94530804925261 -3.189577551227911 NE 55.945520181286966 -3.1893654191935554 1220.532678 795.759541
55.945520181286966 -3.1893654191935554 ENE 55.945634986316676 -3.189088255333802 1220.532678 794.509541
55.945634986316676 -3.189088255333802 E 55.945634986316676 -3.188788255333802 1301.163166 909.106019
55.945634986316676 -3.188788255333802 E 55.945634986316676 -3.1884882553338016 1323.056363 1008.844933
55.945634986316676 -3.1884882553338016 E 55.945634986316676 -3.1881882553338015 1323.056363 1007.594933
55.945634986316676 -3.1881882553338015 E 55.945634986316676 -3.1878882553338013 1323.056363 1006.344933
55.945634986316676 -3.1878882553338013 E 55.945634986316676 -3.187588255333801 1323.056363 1005.094933
55.945634986316676 -3.187588255333801 ESE 55.945520181286966 -3.1873110914740477 1333.890346 1086.414024
55.945520181286966 -3.1873110914740477 E 55.945520181286966 -3.1870110914740475 1333.890346 1085.164024
55.945520181286966 -3.1870110914740475 ESE 55.945405376257256 -3.186733927614294 1333.890346 1083.914024
55.945405376257256 -3.186733927614294 E 55.945405376257256 -3.186433927614294 1333.890346 1082.664024
55.945405376257256 -3.186433927614294 ESE 55.945290571227545 -3.1861567637545405 1333.890346 1081.414024
55.945290571227545 -3.1861567637545405 E 55.945290571227545 -3.1858567637545403 1333.890346 1080.164024
55.945290571227545 -3.1858567637545403 ESE 55.945175766197835 -3.185579599894787 1333.890346 1078.914024
55.945175766197835 -3.185579599894787 E 55.945175766197835 -3.1852795998947867 1333.890346 1077.664024
55.945175766197835 -3.1852795998947867 ESE 55.945060961168124 -3.1850024360350333 1333.890346 1076.414024
55.945060961168124 -3.1850024360350333 W 55.945060961168124 -3.1853024360350335 1283.782744 956.634370
55.945060961168124 -3.1853024360350335 W 55.945060961168124 -3.1856024360350337 1283.782744 955.384370
55.945060961168124 -3.1856024360350337 W 55.945060961168124 -3.185902436035034 1283.782744 954.134370
55.945060961168124 -3.185902436035034 W 55.945060961168124 -3.186202436035034 1283.782744 952.884370
55.945060961168124 -3.186202436035034 W 55.945060961168124 -3.1865024360350342 1283.782744 951.634370
55.945060961168124 -3.1865024360350342 W 55.945060961168124 -3.1868024360350344 1283.782744 950.384370
55.945060961168124 -3.1868024360350344 WSW 55.944946156138414 -3.187079599894788 1229.040386 949.134370
55.944946156138414 -3.187079599894788 W 55.944946156138414 -3.187379599894788 1229.040386 947.884370
55.944946156138414 -3.187379599894788 WSW 55.944831351108704 -3.1876567637545414 1229.040386 946.634370
55.944831351108704 -3.1876567637545414 W 55.944831351108704 -3.1879567637545416 1229.040386 945.384370
55.944831351108704 -3.1879567637545416 WSW 55.94471654607899 -3.188233927614295 1229.040386 944.134370
55.94471654607899 -3.188233927614295 W 55.94471654607899 -3.188533927614295 1229.040386 942.884370
55.94471654607899 -3.188533927614295 WSW 55.94460174104928 -3.1888110914740486 1229.040386 941.634370
55.94460174104928 -3.1888110914740486 W 55.94460174104928 -3.189111091474049 1229.040386 940.384370
55.94460174104928 -3.189111091474049 WSW 55.94448693601957 -3.189388255333802 1229.040386 939.134370
55.94448693601957 -3.189388255333802 W 55.94448693601957 -3.1896882553338024 1229.040386 937.884370
55.94448693601957 -3.1896882553338024 WSW 55.94437213098986 -3.189965419193556 1229.040386 936.634370
55.94437213098986 -3.189965419193556 W 55.94437213098986 -3.190265419193556 1229.040386 935.384370
55.94437213098986 -3.190265419193556 WSW 55.94425732596015 -3.1905425830533094 1229.040386 934.134370
55.94425732596015 -3.1905425830533094 W 55.94425732596015 -3.1908425830533096 1229.040386 932.884370
55.94425732596015 -3.1908425830533096 WSW 55.94414252093044 -3.191119746913063 1229.040386 931.634370
55.94414252093044 -3.191119746913063 W 55.94414252093044 -3.191419746913063 1229.040386 930.384370
55.94414252093044 -3.191419746913063 WSW 55.94402771590073 -3.1916969107728166 1229.040386 929.134370
55.94402771590073 -3.1916969107728166 NW 55.94423984793509 -3.1919090428071724 1244.695593 968.647798
55.94423984793509 -3.1919090428071724 SE 55.94402771590073 -3.1916969107728166 1244.695593 967.397798
55.94402771590073 -3.1916969107728166 N 55.944327715900734 -3.1916969107728166 1244.695593 966.147798
55.944327715900734 -3.1916969107728166 NNE 55.94460487976049 -3.191582105743107 1333.854339 1067.688602
55.94460487976049 -3.191582105743107 SSE 55.944327715900734 -3.1914673007133976 1333.854339 1066.438602
55.944327715900734 -3.1914673007133976 SSE 55.94405055204098 -3.191352495683688 1333.854339 1065.188602
55.94405055204098 -3.191352495683688 SSE 55.94377338818122 -3.1912376906539786 1333.854339 1063.938602
55.94377338818122 -3.1912376906539786 S 55.94347338818122 -3.1912376906539786 1333.854339 1062.688602
55.94347338818122 -3.1912376906539786 SSE 55.94319622432146 -3.191122885624269 1265.401363 1057.488947
55.94319622432146 -3.191122885624269 S 55.94289622432146 -3.191122885624269 1265.401363 1056.238947
55.94289622432146 -3.191122885624269 SSE 55.9426190604617 -3.1910080805945595 1343.056781 1138.480826
55.9426190604617 -3.1910080805945595 E 55.9426190604617 -3.1907080805945593 1343.056781 1137.230826
55.9426190604617 -3.1907080805945593 E 55.9426190604617 -3.190408080594559 1343.056781 1135.980826
55.9426190604617 -3.190408080594559 E 55.9426190604617 -3.190108080594559 1343.056781 1134.730826
55.9426190604617 -3.190108080594559 E 55.9426190604617 -3.189808080594559 1392.495213 1203.313549
55.9426190604617 -3.189808080594559 E 55.9426190604617 -3.1895080805945586 1392.495213 1202.063549
55.9426190604617 -3.1895080805945586 E 55.9426190604617 -3.1892080805945584 1392.495213 1200.813549
55.9426190604617 -3.1892080805945584 E 55.9426190604617 -3.188908080594558 1392.495213 1199.563549
55.9426190604617 -3.188908080594558 E 55.9426190604617 -3.188608080594558 1392.495213 1198.313549
55.9426190604617 -3.188608080594558 E 55.9426190604617 -3.188308080594558 1392.495213 1197.063549
55.9426190604617 -3.188308080594558 E 55.9426190604617 -3.1880080805945576 1392.495213 1195.813549
55.9426190604617 -3.1880080805945576 E 55.9426190604617 -3.1877080805945575 1392.495213 1194.563549
55.9426190604617 -3.1877080805945575 E 55.9426190604617 -3.1874080805945573 1392.495213 1193.313549
55.9426190604617 -3.1874080805945573 E 55.9426190604617 -3.187108080594557 1392.495213 1192.063549
55.9426190604617 -3.187108080594557 NE 55.94283119249606 -3.1868959485602013 1416.521868 1307.910274
55.94283119249606 -3.1868959485602013 NE 55.943043324530414 -3.1866838165258455 1416.521868 1306.660274
55.943043324530414 -3.1866838165258455 NE 55.94325545656477 -3.1864716844914898 1416.521868 1305.410274
55.94325545656477 -3.1864716844914898 NE 55.94346758859913 -3.186259552457134 1416.521868 1304.160274
55.94346758859913 -3.186259552457134 NE 55.94367972063348 -3.186047420422778 1416.521868 1302.910274
55.94367972063348 -3.186047420422778 NE 55.94389185266784 -3.1858352883884224 1416.521868 1301.660274
55.94389185266784 -3.1858352883884224 NE 55.944103984702195 -3.1856231563540667 1416.521868 1300.410274
55.944103984702195 -3.1856231563540667 NE 55.94431611673655 -3.185411024319711 1416.521868 1299.160274
55.94431611673655 -3.185411024319711 NE 55.94452824877091 -3.185198892285355 1416.521868 1297.910274
55.94452824877091 -3.185198892285355 NE 55.944740380805264 -3.1849867602509994 1416.521868 1296.660274
55.944740380805264 -3.1849867602509994 NNE 55.94501754466502 -3.18487195522129 1416.521868 1295.410274
55.94501754466502 -3.18487195522129 ENE 55.94513234969473 -3.1845947913615364 1449.314730 1381.270278
55.94513234969473 -3.1845947913615364 WSW 55.94501754466502 -3.18487195522129 1449.314730 1380.020278
55.94501754466502 -3.18487195522129 N 55.94531754466502 -3.18487195522129 1449.314730 1378.770278
55.94531754466502 -3.18487195522129 N 55.945617544665026 -3.18487195522129 1449.314730 1377.520278
55.945617544665026 -3.18487195522129 NNW 55.94589470852478 -3.1849867602509994 1449.314730 1376.270278
55.94589470852478 -3.1849867602509994 ESE 55.94577990349507 -3.184709596391246 1449.314730 1375.020278
55.94577990349507 -3.184709596391246 ENE 55.94589470852478 -3.1844324325314926 1449.314730 1373.770278
55.94589470852478 -3.1844324325314926 NNW 55.94617187238454 -3.184547237561202 1449.314730 1372.520278
55.94617187238454 -3.184547237561202 SE 55.94595974035018 -3.1843351055268463 1449.314730 1371.270278
55.94595974035018 -3.1843351055268463 SW 55.94574760831583 -3.184547237561202 1449.314730 1370.020278
55.94574760831583 -3.184547237561202 SE 55.94553547628147 -3.1843351055268463 1449.314730 1368.770278
55.94553547628147 -3.1843351055268463 N 55.945835476281474 -3.1843351055268463 1449.314730 1367.520278
55.945835476281474 -3.1843351055268463 NE 55.94604760831583 -3.1841229734924905 1449.314730 1366.270278
55.94604760831583 -3.1841229734924905 SE 55.945835476281474 -3.1839108414581347 1449.314730 1365.020278
55.945835476281474 -3.1839108414581347 ESE 55.94572067125176 -3.1836336775983813 1449.314730 1363.770278
55.94572067125176 -3.1836336775983813 N 55.946020671251766 -3.1836336775983813 1449.314730 1362.520278
55.946020671251766 -3.1836336775983813 NNW 55.94629783511152 -3.183748482628091 1449.314730 1361.270278
55.94629783511152 -3.183748482628091 NW 55.94650996714588 -3.1839606146624466 1449.314730 1360.020278
55.94650996714588 -3.1839606146624466 SW 55.94629783511152 -3.1841727466968024 1449.314730 1358.770278
55.94629783511152 -3.1841727466968024 SSE 55.946020671251766 -3.184057941667093 1449.314730 1357.520278
55.946020671251766 -3.184057941667093 SSE 55.94574350739201 -3.1839431366373834 1449.314730 1356.270278
55.94574350739201 -3.1839431366373834 N 55.94604350739201 -3.1839431366373834 1449.314730 1355.020278
