55.944425 -3.188396 ENE 55.94453980502971 -3.1881188361402466 0.000000 248.750000
55.94453980502971 -3.1881188361402466 ENE 55.94465461005942 -3.187841672280493 0.000000 247.500000
55.94465461005942 -3.187841672280493 ENE 55.944769415089134 -3.18756450842074 0.000000 246.250000
55.944769415089134 -3.18756450842074 ENE 55.944884220118844 -3.1872873445609864 0.000000 245.000000
55.944884220118844 -3.1872873445609864 ENE 55.944999025148554 -3.187010180701233 49.270928 256.824749
55.944999025148554 -3.187010180701233 ENE 55.945113830178265 -3.1867330168414796 0.000000 131.704170
55.945113830178265 -3.1867330168414796 ENE 55.945228635207975 -3.186455852981726 0.000000 130.454170
55.945228635207975 -3.186455852981726 ENE 55.945343440237686 -3.1861786891219728 0.000000 129.204170
55.945343440237686 -3.1861786891219728 ENE 55.945458245267396 -3.1859015252622194 0.000000 127.954170
55.945458245267396 -3.1859015252622194 S 55.94515824526739 -3.1859015252622194 113.887452 161.557950
55.94515824526739 -3.1859015252622194 S 55.94485824526739 -3.1859015252622194 220.206845 177.434411
55.94485824526739 -3.1859015252622194 S 55.94455824526739 -3.1859015252622194 235.925669 269.476424
55.94455824526739 -3.1859015252622194 SSE 55.94428108140763 -3.18578672023251 235.925669 268.226424
55.94428108140763 -3.18578672023251 S 55.94398108140763 -3.18578672023251 235.925669 266.976424
55.94398108140763 -3.18578672023251 SSE 55.94370391754787 -3.1856719152028004 235.925669 265.726424
55.94370391754787 -3.1856719152028004 S 55.94340391754787 -3.1856719152028004 313.140754 273.632146
55.94340391754787 -3.1856719152028004 SSE 55.94312675368811 -3.185557110173091 313.140754 272.382146
55.94312675368811 -3.185557110173091 S 55.94282675368811 -3.185557110173091 348.280399 331.473396
55.94282675368811 -3.185557110173091 NNE 55.943103917547866 -3.1854423051433813 348.280399 330.223396
55.943103917547866 -3.1854423051433813 NNE 55.94338108140762 -3.185327500113672 348.280399 328.973396
55.94338108140762 -3.185327500113672 NNE 55.94365824526738 -3.1852126950839623 348.280399 327.723396
55.94365824526738 -3.1852126950839623 NNE 55.943935409127135 -3.185097890054253 348.280399 326.473396
55.943935409127135 -3.185097890054253 NNE 55.94421257298689 -3.1849830850245433 348.280399 325.223396
55.94421257298689 -3.1849830850245433 NNE 55.94448973684665 -3.184868279994834 348.280399 323.973396
55.94448973684665 -3.184868279994834 N 55.94478973684665 -3.184868279994834 348.280399 322.723396
55.94478973684665 -3.184868279994834 NNE 55.94506690070641 -3.1847534749651243 348.280399 321.473396
55.94506690070641 -3.1847534749651243 SW 55.94485476867205 -3.18496560699948 381.073260 407.333400
55.94485476867205 -3.18496560699948 SW 55.944642636637695 -3.185177739033836 381.073260 406.083400
55.944642636637695 -3.185177739033836 SW 55.94443050460334 -3.1853898710681916 381.073260 404.833400
55.94443050460334 -3.1853898710681916 SW 55.94421837256898 -3.1856020031025474 381.073260 403.583400
55.94421837256898 -3.1856020031025474 SW 55.94400624053463 -3.185814135136903 381.073260 402.333400
55.94400624053463 -3.185814135136903 SW 55.94379410850027 -3.186026267171259 381.073260 401.083400
55.94379410850027 -3.186026267171259 SW 55.943581976465914 -3.1862383992056147 381.073260 399.833400
55.943581976465914 -3.1862383992056147 SW 55.94336984443156 -3.1864505312399705 381.073260 398.583400
55.94336984443156 -3.1864505312399705 SW 55.9431577123972 -3.1866626632743262 381.073260 397.333400
55.9431577123972 -3.1866626632743262 SSW 55.942880548537445 -3.1867774683040357 381.073260 396.083400
55.942880548537445 -3.1867774683040357 SW 55.94266841650309 -3.1869896003383915 349.606431 335.185730
55.94266841650309 -3.1869896003383915 W 55.94266841650309 -3.1872896003383917 373.633086 451.032455
55.94266841650309 -3.1872896003383917 W 55.94266841650309 -3.187589600338392 373.633086 449.782455
55.94266841650309 -3.187589600338392 W 55.94266841650309 -3.187889600338392 373.633086 448.532455
55.94266841650309 -3.187889600338392 W 55.94266841650309 -3.1881896003383923 373.633086 447.282455
55.94266841650309 -3.1881896003383923 W 55.94266841650309 -3.1884896003383925 373.633086 446.032455
55.94266841650309 -3.1884896003383925 W 55.94266841650309 -3.1887896003383926 373.633086 444.782455
55.94266841650309 -3.1887896003383926 W 55.94266841650309 -3.189089600338393 373.633086 443.532455
55.94266841650309 -3.189089600338393 W 55.94266841650309 -3.189389600338393 373.633086 442.282455
55.94266841650309 -3.189389600338393 W 55.94266841650309 -3.189689600338393 373.633086 441.032455
55.94266841650309 -3.189689600338393 W 55.94266841650309 -3.1899896003383934 423.071518 509.615178
55.94266841650309 -3.1899896003383934 W 55.94266841650309 -3.1902896003383936 423.071518 508.365178
55.94266841650309 -3.1902896003383936 W 55.94266841650309 -3.190589600338394 423.071518 507.115178
55.94266841650309 -3.190589600338394 W 55.94266841650309 -3.190889600338394 423.071518 505.865178
55.94266841650309 -3.190889600338394 NNW 55.942945580362846 -3.1910044053681035 500.726936 588.107058
55.942945580362846 -3.1910044053681035 NNW 55.9432227442226 -3.191119210397813 500.726936 586.857058
55.9432227442226 -3.191119210397813 NW 55.94343487625696 -3.1913313424321688 432.273960 581.657402
55.94343487625696 -3.1913313424321688 NNW 55.943712040116715 -3.1914461474618783 432.273960 580.407402
55.943712040116715 -3.1914461474618783 NW 55.94392417215107 -3.191658279496234 476.588000 584.771035
55.94392417215107 -3.191658279496234 NE 55.94413630418543 -3.1914461474618783 492.243207 624.284462
55.94413630418543 -3.1914461474618783 ENE 55.94425110921514 -3.191168983602125 492.243207 623.034462
55.94425110921514 -3.191168983602125 NE 55.944463241249494 -3.190956851567769 492.243207 621.784462
55.944463241249494 -3.190956851567769 ENE 55.944578046279204 -3.1906796877080157 492.243207 620.534462
55.944578046279204 -3.1906796877080157 NE 55.94479017831356 -3.19046755567366 492.243207 619.284462
55.94479017831356 -3.19046755567366 ENE 55.94490498334327 -3.1901903918139065 553.040932 654.552571
55.94490498334327 -3.1901903918139065 NE 55.94511711537763 -3.1899782597795507 553.040932 653.302571
55.94511711537763 -3.1899782597795507 ENE 55.94523192040734 -3.1897010959197973 553.040932 652.052571
55.94523192040734 -3.1897010959197973 NE 55.945444052441694 -3.1894889638854416 553.040932 650.802571
55.945444052441694 -3.1894889638854416 ENE 55.945558857471404 -3.189211800025688 553.040932 649.552571
55.945558857471404 -3.189211800025688 W 55.945558857471404 -3.1895118000256883 633.671420 764.149048
55.945558857471404 -3.1895118000256883 W 55.945558857471404 -3.1898118000256885 633.671420 762.899048
55.945558857471404 -3.1898118000256885 W 55.945558857471404 -3.1901118000256887 633.671420 761.649048
55.945558857471404 -3.1901118000256887 W 55.945558857471404 -3.190411800025689 633.671420 760.399048
55.945558857471404 -3.190411800025689 W 55.945558857471404 -3.190711800025689 633.671420 759.149048
55.945558857471404 -3.190711800025689 W 55.945558857471404 -3.1910118000256893 633.671420 757.899048
55.945558857471404 -3.1910118000256893 W 55.945558857471404 -3.1913118000256895 633.671420 756.649048
55.945558857471404 -3.1913118000256895 WSW 55.945444052441694 -3.191588963885443 633.671420 755.399048
55.945444052441694 -3.191588963885443 W 55.945444052441694 -3.191888963885443 633.671420 754.149048
55.945444052441694 -3.191888963885443 WSW 55.94532924741198 -3.1921661277451965 522.719716 721.873657
55.94532924741198 -3.1921661277451965 W 55.94532924741198 -3.1924661277451967 522.719716 720.623657
55.94532924741198 -3.1924661277451967 SE 55.94511711537763 -3.192253995710841 608.145892 757.387455
55.94511711537763 -3.192253995710841 SE 55.94490498334327 -3.192041863676485 608.145892 756.137455
55.94490498334327 -3.192041863676485 SE 55.944692851308915 -3.1918297316421294 608.145892 754.887455
55.944692851308915 -3.1918297316421294 SE 55.94448071927456 -3.1916175996077736 608.145892 753.637455
55.94448071927456 -3.1916175996077736 NNW 55.944757883134315 -3.191732404637483 697.304638 855.178259
55.944757883134315 -3.191732404637483 ENE 55.944872688164025 -3.1914552407777297 697.304638 853.928259
55.944872688164025 -3.1914552407777297 ENE 55.944987493193736 -3.1911780769179763 697.304638 852.678259
55.944987493193736 -3.1911780769179763 ENE 55.945102298223446 -3.190900913058223 697.304638 851.428259
55.945102298223446 -3.190900913058223 ENE 55.94521710325316 -3.1906237491984695 697.304638 850.178259
55.94521710325316 -3.1906237491984695 ENE 55.94533190828287 -3.190346585338716 697.304638 848.928259
55.94533190828287 -3.190346585338716 E 55.94533190828287 -3.190046585338716 813.077019 933.735454
55.94533190828287 -3.190046585338716 ENE 55.94544671331258 -3.1897694214789625 813.077019 932.485454
55.94544671331258 -3.1897694214789625 E 55.94544671331258 -3.1894694214789623 813.077019 931.235454
55.94544671331258 -3.1894694214789623 ENE 55.94556151834229 -3.189192257619209 813.077019 929.985454
55.94556151834229 -3.189192257619209 E 55.94556151834229 -3.1888922576192087 813.077019 928.735454
55.94556151834229 -3.1888922576192087 SW 55.94534938630793 -3.1891043896535645 834.970216 1028.474369
55.94534938630793 -3.1891043896535645 SW 55.945137254273575 -3.1893165216879202 834.970216 1027.224369
55.945137254273575 -3.1893165216879202 SW 55.94492512223922 -3.189528653722276 834.970216 1025.974369
55.94492512223922 -3.189528653722276 SSW 55.94464795837946 -3.1896434587519855 834.970216 1024.724369
55.94464795837946 -3.1896434587519855 ENE 55.94476276340917 -3.189366294892232 931.052291 1058.059455
55.94476276340917 -3.189366294892232 ENE 55.94487756843888 -3.1890891310324787 931.052291 1056.809455
55.94487756843888 -3.1890891310324787 ENE 55.944992373468594 -3.1888119671727253 931.052291 1055.559455
55.944992373468594 -3.1888119671727253 E 55.944992373468594 -3.188511967172725 897.917142 979.860037
55.944992373468594 -3.188511967172725 ENE 55.945107178498304 -3.1882348033129717 897.917142 978.610037
55.945107178498304 -3.1882348033129717 E 55.945107178498304 -3.1879348033129715 897.917142 977.360037
55.945107178498304 -3.1879348033129715 ENE 55.945221983528015 -3.187657639453218 897.917142 976.110037
55.945221983528015 -3.187657639453218 E 55.945221983528015 -3.187357639453218 897.917142 974.860037
55.945221983528015 -3.187357639453218 ENE 55.945336788557725 -3.1870804755934645 897.917142 973.610037
55.945336788557725 -3.1870804755934645 E 55.945336788557725 -3.1867804755934643 897.917142 972.360037
55.945336788557725 -3.1867804755934643 ENE 55.945451593587435 -3.186503311733711 897.917142 971.110037
55.945451593587435 -3.186503311733711 E 55.945451593587435 -3.1862033117337107 807.259381 947.824338
55.945451593587435 -3.1862033117337107 ENE 55.945566398617146 -3.1859261478739573 807.259381 946.574338
55.945566398617146 -3.1859261478739573 E 55.945566398617146 -3.185626147873957 807.259381 945.324338
55.945566398617146 -3.185626147873957 ENE 55.945681203646856 -3.1853489840142037 807.259381 944.074338
55.945681203646856 -3.1853489840142037 E 55.945681203646856 -3.1850489840142036 807.259381 942.824338
55.945681203646856 -3.1850489840142036 ENE 55.94579600867657 -3.18477182015445 807.259381 941.574338
55.94579600867657 -3.18477182015445 E 55.94579600867657 -3.18447182015445 807.259381 940.324338
55.94579600867657 -3.18447182015445 W 55.94579600867657 -3.18477182015445 876.717895 1055.158734
55.94579600867657 -3.18477182015445 W 55.94579600867657 -3.1850718201544503 876.717895 1053.908734
55.94579600867657 -3.1850718201544503 WSW 55.945681203646856 -3.1853489840142037 876.717895 1052.658734
55.945681203646856 -3.1853489840142037 W 55.945681203646856 -3.185648984014204 876.717895 1051.408734
55.945681203646856 -3.185648984014204 WSW 55.945566398617146 -3.1859261478739573 876.717895 1050.158734
55.945566398617146 -3.1859261478739573 W 55.945566398617146 -3.1862261478739575 876.717895 1048.908734
55.945566398617146 -3.1862261478739575 WSW 55.945451593587435 -3.186503311733711 876.482167 945.833201
55.945451593587435 -3.186503311733711 W 55.945451593587435 -3.186803311733711 876.482167 944.583201
55.945451593587435 -3.186803311733711 WSW 55.945336788557725 -3.1870804755934645 876.482167 943.333201
55.945336788557725 -3.1870804755934645 W 55.945336788557725 -3.1873804755934647 876.482167 942.083201
55.945336788557725 -3.1873804755934647 WSW 55.945221983528015 -3.187657639453218 876.482167 940.833201
55.945221983528015 -3.187657639453218 W 55.945221983528015 -3.1879576394532183 876.482167 939.583201
55.945221983528015 -3.1879576394532183 WSW 55.945107178498304 -3.1882348033129717 876.482167 938.333201
55.945107178498304 -3.1882348033129717 W 55.945107178498304 -3.188534803312972 876.482167 937.083201
55.945107178498304 -3.188534803312972 WSW 55.944992373468594 -3.1888119671727253 876.482167 935.833201
55.944992373468594 -3.1888119671727253 W 55.944992373468594 -3.1891119671727255 876.482167 934.583201
55.944992373468594 -3.1891119671727255 WSW 55.94487756843888 -3.189389131032479 876.482167 933.333201
55.94487756843888 -3.189389131032479 W 55.94487756843888 -3.189689131032479 876.482167 932.083201
55.94487756843888 -3.189689131032479 WSW 55.94476276340917 -3.1899662948922325 876.482167 930.833201
55.94476276340917 -3.1899662948922325 W 55.94476276340917 -3.1902662948922327 887.259669 991.325423
55.94476276340917 -3.1902662948922327 WSW 55.94464795837946 -3.190543458751986 887.259669 990.075423
55.94464795837946 -3.190543458751986 W 55.94464795837946 -3.1908434587519863 887.259669 988.825423
55.94464795837946 -3.1908434587519863 WSW 55.94453315334975 -3.1911206226117397 887.259669 987.575423
55.94453315334975 -3.1911206226117397 W 55.94453315334975 -3.19142062261174 887.259669 986.325423
55.94453315334975 -3.19142062261174 E 55.94453315334975 -3.1911206226117397 979.354522 990.170587
55.94453315334975 -3.1911206226117397 E 55.94453315334975 -3.1908206226117395 979.354522 988.920587
55.94453315334975 -3.1908206226117395 E 55.94453315334975 -3.1905206226117393 979.354522 987.670587
55.94453315334975 -3.1905206226117393 E 55.94453315334975 -3.190220622611739 979.354522 986.420587
55.94453315334975 -3.190220622611739 E 55.94453315334975 -3.189920622611739 979.354522 985.170587
55.94453315334975 -3.189920622611739 E 55.94453315334975 -3.1896206226117387 979.354522 983.920587
55.94453315334975 -3.1896206226117387 E 55.94453315334975 -3.1893206226117385 979.354522 982.670587
55.94453315334975 -3.1893206226117385 E 55.94453315334975 -3.1890206226117384 979.354522 981.420587
55.94453315334975 -3.1890206226117384 E 55.94453315334975 -3.188720622611738 979.354522 980.170587
55.94453315334975 -3.188720622611738 E 55.94453315334975 -3.188420622611738 955.526800 955.024652
55.94453315334975 -3.188420622611738 E 55.94453315334975 -3.188120622611738 955.526800 953.774652
55.94453315334975 -3.188120622611738 E 55.94453315334975 -3.1878206226117376 955.526800 952.524652
55.94453315334975 -3.1878206226117376 E 55.94453315334975 -3.1875206226117374 955.526800 951.274652
55.94453315334975 -3.1875206226117374 ESE 55.94441834832004 -3.187243458751984 955.526800 950.024652
55.94441834832004 -3.187243458751984 E 55.94441834832004 -3.186943458751984 955.526800 948.774652
55.94441834832004 -3.186943458751984 ESE 55.94430354329033 -3.1866662948922304 955.526800 947.524652
55.94430354329033 -3.1866662948922304 E 55.94430354329033 -3.1863662948922302 1066.135769 1017.686163
55.94430354329033 -3.1863662948922302 ESE 55.94418873826062 -3.186089131032477 1061.688920 912.187231
55.94418873826062 -3.186089131032477 E 55.94418873826062 -3.1857891310324766 1061.688920 910.937231
55.94418873826062 -3.1857891310324766 ESE 55.94407393323091 -3.1855119671727232 1061.688920 909.687231
55.94407393323091 -3.1855119671727232 E 55.94407393323091 -3.185211967172723 1061.688920 908.437231
55.94407393323091 -3.185211967172723 ESE 55.9439591282012 -3.1849348033129696 1061.688920 907.187231
55.9439591282012 -3.1849348033129696 E 55.9439591282012 -3.1846348033129694 1061.688920 905.937231
55.9439591282012 -3.1846348033129694 WNW 55.94407393323091 -3.184911967172723 1147.564717 980.701947
55.94407393323091 -3.184911967172723 WNW 55.94418873826062 -3.1851891310324763 1147.564717 979.451947
55.94418873826062 -3.1851891310324763 WNW 55.94430354329033 -3.1854662948922297 1147.564717 978.201947
55.94430354329033 -3.1854662948922297 NW 55.94451567532469 -3.1856784269265854 1147.564717 976.951947
55.94451567532469 -3.1856784269265854 WNW 55.9446304803544 -3.185955590786339 1147.564717 975.701947
55.9446304803544 -3.185955590786339 NW 55.944842612388754 -3.1861677228206946 1147.564717 974.451947
55.944842612388754 -3.1861677228206946 WNW 55.944957417418465 -3.186444886680448 1147.564717 973.201947
55.944957417418465 -3.186444886680448 NW 55.94516954945282 -3.186657018714804 1147.564717 971.951947
55.94516954945282 -3.186657018714804 WNW 55.94528435448253 -3.186934182574557 1147.564717 970.701947
55.94528435448253 -3.186934182574557 NW 55.94549648651689 -3.187146314608913 1092.822359 969.451947
55.94549648651689 -3.187146314608913 WNW 55.9456112915466 -3.1874234784686664 1092.822359 968.201947
55.9456112915466 -3.1874234784686664 W 55.9456112915466 -3.1877234784686665 1103.656342 1049.521038
55.9456112915466 -3.1877234784686665 W 55.9456112915466 -3.1880234784686667 1103.656342 1048.271038
55.9456112915466 -3.1880234784686667 W 55.9456112915466 -3.188323478468667 1103.656342 1047.021038
55.9456112915466 -3.188323478468667 W 55.9456112915466 -3.188623478468667 1103.656342 1045.771038
55.9456112915466 -3.188623478468667 W 55.9456112915466 -3.1889234784686673 1103.656342 1044.521038
55.9456112915466 -3.1889234784686673 W 55.9456112915466 -3.1892234784686675 1103.656342 1043.271038
55.9456112915466 -3.1892234784686675 W 55.9456112915466 -3.1895234784686677 1103.656342 1042.021038
55.9456112915466 -3.1895234784686677 W 55.9456112915466 -3.189823478468668 1103.656342 1040.771038
55.9456112915466 -3.189823478468668 WSW 55.94549648651689 -3.1901006423284213 1103.656342 1039.521038
55.94549648651689 -3.1901006423284213 W 55.94549648651689 -3.1904006423284215 1103.656342 1038.271038
55.94549648651689 -3.1904006423284215 WSW 55.94538168148718 -3.190677806188175 1103.656342 1037.021038
55.94538168148718 -3.190677806188175 W 55.94538168148718 -3.190977806188175 1103.656342 1035.771038
55.94538168148718 -3.190977806188175 ESE 55.94526687645747 -3.1907006423284217 1167.586268 1152.400647
55.94526687645747 -3.1907006423284217 ESE 55.945152071427756 -3.1904234784686683 1167.586268 1151.150647
55.945152071427756 -3.1904234784686683 ESE 55.945037266398046 -3.190146314608915 1167.586268 1149.900647
55.945037266398046 -3.190146314608915 ESE 55.944922461368336 -3.1898691507491614 1167.586268 1148.650647
55.944922461368336 -3.1898691507491614 ESE 55.944807656338625 -3.189591986889408 1167.586268 1147.400647
55.944807656338625 -3.189591986889408 ESE 55.944692851308915 -3.1893148230296546 1167.586268 1146.150647
55.944692851308915 -3.1893148230296546 ESE 55.944578046279204 -3.1890376591699012 1167.586268 1144.900647
55.944578046279204 -3.1890376591699012 ESE 55.944463241249494 -3.188760495310148 1167.586268 1143.650647
55.944463241249494 -3.188760495310148 ESE 55.944348436219784 -3.1884833314503944 1167.586268 1142.400647
55.944348436219784 -3.1884833314503944 ESE 55.94423363119007 -3.188206167590641 1167.586268 1141.150647
55.94423363119007 -3.188206167590641 ESE 55.94411882616036 -3.1879290037308876 1141.643860 1129.732165
55.94411882616036 -3.1879290037308876 E 55.94411882616036 -3.1876290037308874 1141.643860 1128.482165
55.94411882616036 -3.1876290037308874 ESE 55.94400402113065 -3.187351839871134 1141.643860 1127.232165
55.94400402113065 -3.187351839871134 E 55.94400402113065 -3.187051839871134 1141.643860 1125.982165
55.94400402113065 -3.187051839871134 ESE 55.94388921610094 -3.1867746760113804 1141.643860 1124.732165
55.94388921610094 -3.1867746760113804 E 55.94388921610094 -3.1864746760113802 1141.643860 1123.482165
55.94388921610094 -3.1864746760113802 W 55.94388921610094 -3.1867746760113804 1173.305563 1201.803531
55.94388921610094 -3.1867746760113804 WSW 55.94377441107123 -3.187051839871134 1173.305563 1200.553531
55.94377441107123 -3.187051839871134 W 55.94377441107123 -3.187351839871134 1168.478959 1140.260258
55.94377441107123 -3.187351839871134 WSW 55.94365960604152 -3.1876290037308874 1168.478959 1139.010258
55.94365960604152 -3.1876290037308874 W 55.94365960604152 -3.1879290037308876 1168.478959 1137.760258
55.94365960604152 -3.1879290037308876 WSW 55.94354480101181 -3.188206167590641 1168.478959 1136.510258
55.94354480101181 -3.188206167590641 W 55.94354480101181 -3.188506167590641 1168.478959 1135.260258
55.94354480101181 -3.188506167590641 WSW 55.9434299959821 -3.1887833314503946 1168.478959 1134.010258
55.9434299959821 -3.1887833314503946 W 55.9434299959821 -3.189083331450395 1168.478959 1132.760258
55.9434299959821 -3.189083331450395 SE 55.943217863947744 -3.188871199416039 1225.117520 1215.172299
55.943217863947744 -3.188871199416039 NW 55.9434299959821 -3.189083331450395 1225.117520 1213.922299
55.9434299959821 -3.189083331450395 W 55.9434299959821 -3.189383331450395 1225.117520 1212.672299
55.9434299959821 -3.189383331450395 W 55.9434299959821 -3.189683331450395 1225.117520 1211.422299
55.9434299959821 -3.189683331450395 WNW 55.94354480101181 -3.1899604953101486 1225.117520 1210.172299
55.94354480101181 -3.1899604953101486 W 55.94354480101181 -3.1902604953101488 1225.117520 1208.922299
55.94354480101181 -3.1902604953101488 WNW 55.94365960604152 -3.190537659169902 1225.117520 1207.672299
55.94365960604152 -3.190537659169902 W 55.94365960604152 -3.1908376591699024 1225.117520 1206.422299
55.94365960604152 -3.1908376591699024 WNW 55.94377441107123 -3.1911148230296558 1225.117520 1205.172299
55.94377441107123 -3.1911148230296558 E 55.94377441107123 -3.1908148230296556 1286.815031 1225.286843
55.94377441107123 -3.1908148230296556 E 55.94377441107123 -3.1905148230296554 1286.815031 1224.036843
55.94377441107123 -3.1905148230296554 E 55.94377441107123 -3.190214823029655 1286.815031 1222.786843
55.94377441107123 -3.190214823029655 E 55.94377441107123 -3.189914823029655 1286.815031 1221.536843
55.94377441107123 -3.189914823029655 E 55.94377441107123 -3.189614823029655 1286.815031 1220.286843
55.94377441107123 -3.189614823029655 E 55.94377441107123 -3.1893148230296546 1286.815031 1219.036843
55.94377441107123 -3.1893148230296546 ENE 55.94388921610094 -3.1890376591699012 1286.815031 1217.786843
55.94388921610094 -3.1890376591699012 E 55.94388921610094 -3.188737659169901 1286.815031 1216.536843
55.94388921610094 -3.188737659169901 ENE 55.94400402113065 -3.1884604953101476 1286.815031 1215.286843
55.94400402113065 -3.1884604953101476 E 55.94400402113065 -3.1881604953101474 1286.815031 1214.036843
55.94400402113065 -3.1881604953101474 W 55.94400402113065 -3.1884604953101476 1360.184418 1290.115680
55.94400402113065 -3.1884604953101476 W 55.94400402113065 -3.188760495310148 1360.184418 1288.865680
55.94400402113065 -3.188760495310148 W 55.94400402113065 -3.189060495310148 1360.184418 1287.615680
55.94400402113065 -3.189060495310148 W 55.94400402113065 -3.189360495310148 1360.184418 1286.365680
55.94400402113065 -3.189360495310148 W 55.94400402113065 -3.1896604953101484 1360.184418 1285.115680
55.94400402113065 -3.1896604953101484 W 55.94400402113065 -3.1899604953101486 1360.184418 1283.865680
55.94400402113065 -3.1899604953101486 W 55.94400402113065 -3.1902604953101488 1360.184418 1282.615680
55.94400402113065 -3.1902604953101488 W 55.94400402113065 -3.190560495310149 1382.478532 1292.424244
55.94400402113065 -3.190560495310149 E 55.94400402113065 -3.1902604953101488 1382.478532 1291.174244
55.94400402113065 -3.1902604953101488 SSE 55.943726857270896 -3.1901456902804393 1382.478532 1289.924244
55.943726857270896 -3.1901456902804393 SSW 55.94344969341114 -3.1902604953101488 1382.478532 1288.674244
55.94344969341114 -3.1902604953101488 SSW 55.94317252955138 -3.1903753003398583 1382.478532 1287.424244
55.94317252955138 -3.1903753003398583 WSW 55.94305772452167 -3.1906524641996117 1382.478532 1286.174244
55.94305772452167 -3.1906524641996117 WSW 55.94294291949196 -3.190929628059365 1382.478532 1284.924244
55.94294291949196 -3.190929628059365 SE 55.942730787457606 -3.1907174960250093 1382.478532 1283.674244
55.942730787457606 -3.1907174960250093 WNW 55.942845592487316 -3.1909946598847627 1382.478532 1282.424244
55.942845592487316 -3.1909946598847627 W 55.942845592487316 -3.191294659884763 1382.478532 1281.174244
55.942845592487316 -3.191294659884763 WNW 55.94296039751703 -3.1915718237445163 1382.478532 1279.924244
55.94296039751703 -3.1915718237445163 WSW 55.942845592487316 -3.1918489876042697 1382.478532 1278.674244
55.942845592487316 -3.1918489876042697 E 55.942845592487316 -3.1915489876042695 1382.478532 1277.424244
55.942845592487316 -3.1915489876042695 NE 55.94305772452167 -3.1913368555699138 1382.478532 1276.174244
55.94305772452167 -3.1913368555699138 WSW 55.94294291949196 -3.191614019429667 1382.478532 1274.924244
55.94294291949196 -3.191614019429667 WSW 55.94282811446225 -3.1918911832894206 1382.478532 1273.674244
