55.944425 -3.188396 ENE 55.94453980502971 -3.1881188361402466 0.000000 248.750000
55.94453980502971 -3.1881188361402466 ENE 55.94465461005942 -3.187841672280493 0.000000 247.500000
55.94465461005942 -3.187841672280493 ENE 55.944769415089134 -3.18756450842074 0.000000 246.250000
55.944769415089134 -3.18756450842074 ENE 55.944884220118844 -3.1872873445609864 0.000000 245.000000
55.944884220118844 -3.1872873445609864 ENE 55.944999025148554 -3.187010180701233 49.270928 256.824749
55.944999025148554 -3.187010180701233 ENE 55.945113830178265 -3.1867330168414796 0.000000 131.704170
55.945113830178265 -3.1867330168414796 ENE 55.945228635207975 -3.186455852981726 0.000000 130.454170
55.945228635207975 -3.186455852981726 ENE 55.945343440237686 -3.1861786891219728 0.000000 129.204170
55.945343440237686 -3.1861786891219728 ENE 55.945458245267396 -3.1859015252622194 0.000000 127.954170
55.945458245267396 -3.1859015252622194 S 55.94515824526739 -3.1859015252622194 113.887452 161.557950
55.94515824526739 -3.1859015252622194 SSE 55.94488108140764 -3.18578672023251 220.206845 177.434411
55.94488108140764 -3.18578672023251 S 55.944581081407634 -3.18578672023251 235.925669 269.476424
55.944581081407634 -3.18578672023251 SSE 55.94430391754788 -3.1856719152028004 235.925669 268.226424
55.94430391754788 -3.1856719152028004 S 55.944003917547874 -3.1856719152028004 235.925669 266.976424
55.944003917547874 -3.1856719152028004 NE 55.94421604958223 -3.1854597831684446 313.140754 274.882146
55.94421604958223 -3.1854597831684446 NE 55.94442818161659 -3.185247651134089 313.140754 273.632146
55.94442818161659 -3.185247651134089 NE 55.94464031365094 -3.185035519099733 313.140754 272.382146
55.94464031365094 -3.185035519099733 NNE 55.9449174775107 -3.1849207140700235 313.140754 271.132146
55.9449174775107 -3.1849207140700235 NNE 55.945194641370456 -3.184805909040314 345.933616 356.992149
55.945194641370456 -3.184805909040314 NE 55.94540677340481 -3.1845937770059582 345.933616 355.742149
55.94540677340481 -3.1845937770059582 NNE 55.94568393726457 -3.1844789719762487 345.933616 354.492149
55.94568393726457 -3.1844789719762487 W 55.94568393726457 -3.184778971976249 415.392130 469.326546
55.94568393726457 -3.184778971976249 W 55.94568393726457 -3.185078971976249 415.392130 468.076546
55.94568393726457 -3.185078971976249 W 55.94568393726457 -3.1853789719762493 415.392130 466.826546
55.94568393726457 -3.1853789719762493 W 55.94568393726457 -3.1856789719762495 415.392130 465.576546
55.94568393726457 -3.1856789719762495 WSW 55.94556913223486 -3.185956135836003 415.392130 464.326546
55.94556913223486 -3.185956135836003 W 55.94556913223486 -3.186256135836003 415.392130 463.076546
55.94556913223486 -3.186256135836003 WSW 55.94545432720515 -3.1865332996957565 415.156401 360.001012
55.94545432720515 -3.1865332996957565 W 55.94545432720515 -3.1868332996957567 324.498641 336.715314
55.94545432720515 -3.1868332996957567 WSW 55.94533952217544 -3.18711046355551 324.498641 335.465314
55.94533952217544 -3.18711046355551 W 55.94533952217544 -3.1874104635555103 324.498641 334.215314
55.94533952217544 -3.1874104635555103 WSW 55.94522471714573 -3.1876876274152637 324.498641 332.965314
55.94522471714573 -3.1876876274152637 W 55.94522471714573 -3.187987627415264 324.498641 331.715314
55.94522471714573 -3.187987627415264 WSW 55.94510991211602 -3.1882647912750173 324.498641 330.465314
55.94510991211602 -3.1882647912750173 W 55.94510991211602 -3.1885647912750175 324.498641 329.215314
55.94510991211602 -3.1885647912750175 WSW 55.94499510708631 -3.188841955134771 291.363492 253.515896
55.94499510708631 -3.188841955134771 W 55.94499510708631 -3.189141955134771 291.363492 252.265896
55.94499510708631 -3.189141955134771 WSW 55.944880302056596 -3.1894191189945245 291.363492 251.015896
55.944880302056596 -3.1894191189945245 W 55.944880302056596 -3.1897191189945246 291.363492 249.765896
55.944880302056596 -3.1897191189945246 WSW 55.944765497026886 -3.189996282854278 387.445566 283.100981
55.944765497026886 -3.189996282854278 W 55.944765497026886 -3.1902962828542782 398.223068 343.593203
55.944765497026886 -3.1902962828542782 WSW 55.944650691997175 -3.1905734467140316 459.020793 378.861312
55.944650691997175 -3.1905734467140316 W 55.944650691997175 -3.190873446714032 459.020793 377.611312
55.944650691997175 -3.190873446714032 WSW 55.944535886967465 -3.1911506105737852 459.020793 376.361312
55.944535886967465 -3.1911506105737852 W 55.944535886967465 -3.1914506105737854 459.020793 375.111312
55.944535886967465 -3.1914506105737854 SSE 55.94425872310771 -3.191335805544076 551.115647 378.956475
55.94425872310771 -3.191335805544076 S 55.943958723107706 -3.191335805544076 551.115647 377.706475
55.943958723107706 -3.191335805544076 NNW 55.94423588696746 -3.1914506105737854 595.429687 382.070109
55.94423588696746 -3.1914506105737854 NNW 55.94451305082722 -3.191565415603495 595.429687 380.820109
55.94451305082722 -3.191565415603495 WNW 55.94462785585693 -3.1918425794632483 595.429687 379.570109
55.94462785585693 -3.1918425794632483 SE 55.94441572382257 -3.1916304474288926 684.588433 481.110914
55.94441572382257 -3.1916304474288926 SSE 55.944138559962816 -3.191515642399183 684.588433 479.860914
55.944138559962816 -3.191515642399183 SE 55.94392642792846 -3.1913035103648273 700.243640 519.374341
55.94392642792846 -3.1913035103648273 NE 55.944138559962816 -3.1910913783304715 700.243640 518.124341
55.944138559962816 -3.1910913783304715 NE 55.94435069199717 -3.1908792462961157 700.243640 516.874341
55.94435069199717 -3.1908792462961157 NNE 55.94462785585693 -3.1907644412664062 700.243640 515.624341
55.94462785585693 -3.1907644412664062 NE 55.944839987891285 -3.1905523092320505 700.243640 514.374341
55.944839987891285 -3.1905523092320505 NNE 55.94511715175104 -3.190437504202341 700.243640 513.124341
55.94511715175104 -3.190437504202341 NE 55.9453292837854 -3.190225372167985 816.016021 597.931536
55.9453292837854 -3.190225372167985 W 55.9453292837854 -3.1905253721679854 816.016021 596.681536
55.9453292837854 -3.1905253721679854 W 55.9453292837854 -3.1908253721679856 816.016021 595.431536
55.9453292837854 -3.1908253721679856 W 55.9453292837854 -3.1911253721679858 816.016021 594.181536
55.9453292837854 -3.1911253721679858 WSW 55.94521447875569 -3.191402536027739 879.945948 710.811145
55.94521447875569 -3.191402536027739 ESE 55.94509967372598 -3.1911253721679858 879.945948 709.561145
55.94509967372598 -3.1911253721679858 ESE 55.94498486869627 -3.1908482083082323 879.945948 708.311145
55.94498486869627 -3.1908482083082323 ESE 55.944870063666556 -3.190571044448479 879.945948 707.061145
55.944870063666556 -3.190571044448479 ESE 55.944755258636846 -3.1902938805887255 879.945948 705.811145
55.944755258636846 -3.1902938805887255 ESE 55.944640453607136 -3.190016716728972 879.945948 704.561145
55.944640453607136 -3.190016716728972 ESE 55.944525648577425 -3.1897395528692187 879.945948 703.311145
55.944525648577425 -3.1897395528692187 ESE 55.944410843547715 -3.1894623890094653 879.945948 702.061145
55.944410843547715 -3.1894623890094653 ESE 55.944296038518004 -3.189185225149712 879.945948 700.811145
55.944296038518004 -3.189185225149712 ESE 55.944181233488294 -3.1889080612899585 879.945948 699.561145
55.944181233488294 -3.1889080612899585 ESE 55.944066428458584 -3.188630897430205 856.118226 674.415211
55.944066428458584 -3.188630897430205 ESE 55.94395162342887 -3.1883537335704517 856.118226 673.165211
55.94395162342887 -3.1883537335704517 ESE 55.94383681839916 -3.1880765697106983 929.487613 749.244047
55.94383681839916 -3.1880765697106983 ESE 55.94372201336945 -3.187799405850945 929.487613 747.994047
55.94372201336945 -3.187799405850945 ESE 55.94360720833974 -3.1875222419911915 929.487613 746.744047
55.94360720833974 -3.1875222419911915 ESE 55.94349240331003 -3.187245078131438 929.487613 745.494047
55.94349240331003 -3.187245078131438 ESE 55.94337759828032 -3.1869679142716847 924.661009 685.200774
55.94337759828032 -3.1869679142716847 ESE 55.94326279325061 -3.1866907504119313 924.661009 683.950774
55.94326279325061 -3.1866907504119313 ESE 55.9431479882209 -3.186413586552178 924.661009 682.700774
55.9431479882209 -3.186413586552178 ESE 55.94303318319119 -3.1861364226924245 924.661009 681.450774
55.94303318319119 -3.1861364226924245 E 55.94303318319119 -3.1858364226924243 924.661009 680.200774
55.94303318319119 -3.1858364226924243 ESE 55.94291837816148 -3.185559258832671 924.661009 678.950774
55.94291837816148 -3.185559258832671 W 55.94291837816148 -3.185859258832671 959.800654 738.042024
55.94291837816148 -3.185859258832671 WSW 55.94280357313177 -3.1861364226924245 959.800654 736.792024
55.94280357313177 -3.1861364226924245 W 55.94280357313177 -3.1864364226924247 959.800654 735.542024
55.94280357313177 -3.1864364226924247 WSW 55.94268876810206 -3.186713586552178 928.333824 674.644354
55.94268876810206 -3.186713586552178 W 55.94268876810206 -3.1870135865521783 928.333824 673.394354
55.94268876810206 -3.1870135865521783 WNW 55.94280357313177 -3.1872907504119317 952.360479 789.241080
55.94280357313177 -3.1872907504119317 WNW 55.94291837816148 -3.187567914271685 952.360479 787.991080
55.94291837816148 -3.187567914271685 WNW 55.94303318319119 -3.1878450781314385 952.360479 786.741080
55.94303318319119 -3.1878450781314385 WNW 55.9431479882209 -3.188122241991192 952.360479 785.491080
55.9431479882209 -3.188122241991192 W 55.9431479882209 -3.188422241991192 952.360479 784.241080
55.9431479882209 -3.188422241991192 WNW 55.94326279325061 -3.1886994058509455 952.360479 782.991080
55.94326279325061 -3.1886994058509455 W 55.94326279325061 -3.1889994058509457 952.360479 781.741080
55.94326279325061 -3.1889994058509457 WNW 55.94337759828032 -3.189276569710699 1008.999039 864.153121
55.94337759828032 -3.189276569710699 W 55.94337759828032 -3.1895765697106992 1008.999039 862.903121
55.94337759828032 -3.1895765697106992 WNW 55.94349240331003 -3.1898537335704527 1008.999039 861.653121
55.94349240331003 -3.1898537335704527 W 55.94349240331003 -3.190153733570453 1008.999039 860.403121
55.94349240331003 -3.190153733570453 WNW 55.94360720833974 -3.1904308974302062 1008.999039 859.153121
55.94360720833974 -3.1904308974302062 W 55.94360720833974 -3.1907308974302064 1008.999039 857.903121
55.94360720833974 -3.1907308974302064 WNW 55.94372201336945 -3.19100806128996 1008.999039 856.653121
55.94372201336945 -3.19100806128996 E 55.94372201336945 -3.1907080612899597 1070.696551 876.767666
55.94372201336945 -3.1907080612899597 E 55.94372201336945 -3.1904080612899595 1070.696551 875.517666
55.94372201336945 -3.1904080612899595 E 55.94372201336945 -3.1901080612899593 1070.696551 874.267666
55.94372201336945 -3.1901080612899593 E 55.94372201336945 -3.189808061289959 1070.696551 873.017666
55.94372201336945 -3.189808061289959 E 55.94372201336945 -3.189508061289959 1070.696551 871.767666
55.94372201336945 -3.189508061289959 E 55.94372201336945 -3.1892080612899587 1070.696551 870.517666
55.94372201336945 -3.1892080612899587 E 55.94372201336945 -3.1889080612899585 1070.696551 869.267666
55.94372201336945 -3.1889080612899585 ENE 55.94383681839916 -3.188630897430205 1070.696551 868.017666
55.94383681839916 -3.188630897430205 E 55.94383681839916 -3.188330897430205 1070.696551 866.767666
55.94383681839916 -3.188330897430205 ENE 55.94395162342887 -3.1880537335704515 1070.696551 865.517666
55.94395162342887 -3.1880537335704515 E 55.94395162342887 -3.1877537335704513 1070.696551 864.267666
55.94395162342887 -3.1877537335704513 ENE 55.944066428458584 -3.187476569710698 1070.696551 863.017666
55.944066428458584 -3.187476569710698 E 55.944066428458584 -3.1871765697106977 1070.696551 861.767666
55.944066428458584 -3.1871765697106977 ENE 55.944181233488294 -3.1868994058509443 1070.696551 860.517666
55.944181233488294 -3.1868994058509443 WSW 55.944066428458584 -3.1871765697106977 1181.305520 930.679177
55.944066428458584 -3.1871765697106977 WSW 55.94395162342887 -3.187453733570451 1181.305520 929.429177
55.94395162342887 -3.187453733570451 WSW 55.94383681839916 -3.1877308974302045 1181.305520 928.179177
55.94383681839916 -3.1877308974302045 WSW 55.94372201336945 -3.188008061289958 1181.305520 926.929177
55.94372201336945 -3.188008061289958 WSW 55.94360720833974 -3.1882852251497114 1181.305520 925.679177
55.94360720833974 -3.1882852251497114 WSW 55.94349240331003 -3.1885623890094648 1181.305520 924.429177
55.94349240331003 -3.1885623890094648 WSW 55.94337759828032 -3.188839552869218 1181.305520 923.179177
55.94337759828032 -3.188839552869218 SW 55.943165466245965 -3.189051684903574 1181.305520 921.929177
55.943165466245965 -3.189051684903574 WSW 55.943050661216255 -3.1893288487633273 1181.305520 920.679177
55.943050661216255 -3.1893288487633273 SW 55.9428385291819 -3.189540980797683 1181.305520 919.429177
55.9428385291819 -3.189540980797683 WSW 55.94272372415219 -3.1898181446574365 1181.305520 918.179177
55.94272372415219 -3.1898181446574365 W 55.94272372415219 -3.1901181446574367 1230.743952 986.761900
55.94272372415219 -3.1901181446574367 W 55.94272372415219 -3.190418144657437 1230.743952 985.511900
55.94272372415219 -3.190418144657437 W 55.94272372415219 -3.190718144657437 1230.743952 984.261900
55.94272372415219 -3.190718144657437 W 55.94272372415219 -3.1910181446574373 1230.743952 983.011900
55.94272372415219 -3.1910181446574373 E 55.94272372415219 -3.190718144657437 1308.399370 1065.253779
55.94272372415219 -3.190718144657437 E 55.94272372415219 -3.190418144657437 1308.399370 1064.003779
55.94272372415219 -3.190418144657437 ENE 55.9428385291819 -3.1901409807976835 1308.399370 1062.753779
55.9428385291819 -3.1901409807976835 E 55.9428385291819 -3.1898409807976833 1308.399370 1061.503779
55.9428385291819 -3.1898409807976833 ENE 55.94295333421161 -3.18956381693793 1308.399370 1060.253779
55.94295333421161 -3.18956381693793 E 55.94295333421161 -3.1892638169379297 1308.399370 1059.003779
55.94295333421161 -3.1892638169379297 ENE 55.94306813924132 -3.1889866530781763 1308.399370 1057.753779
55.94306813924132 -3.1889866530781763 E 55.94306813924132 -3.188686653078176 1308.399370 1056.503779
55.94306813924132 -3.188686653078176 ENE 55.94318294427103 -3.1884094892184227 1308.399370 1055.253779
55.94318294427103 -3.1884094892184227 E 55.94318294427103 -3.1881094892184225 1308.399370 1054.003779
55.94318294427103 -3.1881094892184225 ENE 55.94329774930074 -3.187832325358669 1308.399370 1052.753779
55.94329774930074 -3.187832325358669 E 55.94329774930074 -3.187532325358669 1308.399370 1051.503779
55.94329774930074 -3.187532325358669 ENE 55.94341255433045 -3.1872551614989155 1308.399370 1050.253779
55.94341255433045 -3.1872551614989155 E 55.94341255433045 -3.1869551614989153 1308.399370 1049.003779
55.94341255433045 -3.1869551614989153 ENE 55.94352735936016 -3.186677997639162 1308.399370 1047.753779
55.94352735936016 -3.186677997639162 E 55.94352735936016 -3.1863779976391617 1308.399370 1046.503779
55.94352735936016 -3.1863779976391617 ENE 55.94364216438987 -3.1861008337794083 1308.399370 1045.253779
55.94364216438987 -3.1861008337794083 E 55.94364216438987 -3.185800833779408 1308.399370 1044.003779
55.94364216438987 -3.185800833779408 ENE 55.94375696941958 -3.1855236699196547 1308.399370 1042.753779
55.94375696941958 -3.1855236699196547 E 55.94375696941958 -3.1852236699196546 1308.399370 1041.503779
55.94375696941958 -3.1852236699196546 ENE 55.94387177444929 -3.184946506059901 1308.399370 1040.253779
55.94387177444929 -3.184946506059901 E 55.94387177444929 -3.184646506059901 1308.399370 1039.003779
55.94387177444929 -3.184646506059901 WNW 55.943986579479 -3.1849236699196544 1394.275167 1113.768496
55.943986579479 -3.1849236699196544 WNW 55.94410138450871 -3.1852008337794078 1394.275167 1112.518496
55.94410138450871 -3.1852008337794078 WNW 55.94421618953842 -3.185477997639161 1394.275167 1111.268496
55.94421618953842 -3.185477997639161 WNW 55.94433099456813 -3.1857551614989146 1394.275167 1110.018496
55.94433099456813 -3.1857551614989146 WNW 55.944445799597844 -3.186032325358668 1394.275167 1108.768496
55.944445799597844 -3.186032325358668 WNW 55.944560604627554 -3.1863094892184214 1394.275167 1107.518496
55.944560604627554 -3.1863094892184214 WNW 55.944675409657265 -3.186586653078175 1394.275167 1106.268496
55.944675409657265 -3.186586653078175 WNW 55.944790214686975 -3.186863816937928 1394.275167 1105.018496
55.944790214686975 -3.186863816937928 WNW 55.944905019716686 -3.1871409807976816 1394.275167 1103.768496
55.944905019716686 -3.1871409807976816 WNW 55.945019824746396 -3.187418144657435 1394.275167 1102.518496
55.945019824746396 -3.187418144657435 WNW 55.945134629776106 -3.1876953085171884 1394.275167 1101.268496
55.945134629776106 -3.1876953085171884 WNW 55.94524943480582 -3.187972472376942 1394.275167 1100.018496
55.94524943480582 -3.187972472376942 WNW 55.94536423983553 -3.188249636236695 1394.275167 1098.768496
55.94536423983553 -3.188249636236695 WNW 55.94547904486524 -3.1885268000964486 1394.275167 1097.518496
55.94547904486524 -3.1885268000964486 WNW 55.94559384989495 -3.188803963956202 1394.275167 1096.268496
55.94559384989495 -3.188803963956202 WNW 55.94570865492466 -3.1890811278159554 1416.168364 1196.007411
55.94570865492466 -3.1890811278159554 W 55.94570865492466 -3.1893811278159556 1496.798852 1310.603888
55.94570865492466 -3.1893811278159556 W 55.94570865492466 -3.189681127815956 1496.798852 1309.353888
55.94570865492466 -3.189681127815956 W 55.94570865492466 -3.189981127815956 1496.798852 1308.103888
55.94570865492466 -3.189981127815956 W 55.94570865492466 -3.190281127815956 1496.798852 1306.853888
55.94570865492466 -3.190281127815956 W 55.94570865492466 -3.1905811278159564 1373.030661 1230.976030
55.94570865492466 -3.1905811278159564 WSW 55.94559384989495 -3.19085829167571 1373.030661 1229.726030
55.94559384989495 -3.19085829167571 W 55.94559384989495 -3.19115829167571 1373.030661 1228.476030
55.94559384989495 -3.19115829167571 WSW 55.94547904486524 -3.1914354555354634 1373.030661 1227.226030
55.94547904486524 -3.1914354555354634 W 55.94547904486524 -3.1917354555354636 1373.030661 1225.976030
55.94547904486524 -3.1917354555354636 WSW 55.94536423983553 -3.192012619395217 1262.078957 1193.700639
55.94536423983553 -3.192012619395217 W 55.94536423983553 -3.192312619395217 1262.078957 1192.450639
55.94536423983553 -3.192312619395217 WSW 55.94524943480582 -3.1925897832549706 1347.505133 1229.214436
55.94524943480582 -3.1925897832549706 ESE 55.945134629776106 -3.192312619395217 1347.505133 1227.964436
55.945134629776106 -3.192312619395217 ESE 55.945019824746396 -3.1920354555354638 1347.505133 1226.714436
55.945019824746396 -3.1920354555354638 ESE 55.944905019716686 -3.1917582916757103 1347.505133 1225.464436
55.944905019716686 -3.1917582916757103 SE 55.94469288768233 -3.1915461596413546 1347.505133 1224.214436
55.94469288768233 -3.1915461596413546 ESE 55.94457808265262 -3.191268995781601 1347.505133 1222.964436
55.94457808265262 -3.191268995781601 SE 55.94436595061826 -3.1910568637472454 1347.505133 1221.714436
55.94436595061826 -3.1910568637472454 ESE 55.94425114558855 -3.190779699887492 1347.505133 1220.464436
55.94425114558855 -3.190779699887492 SE 55.944039013554196 -3.190567567853136 1347.505133 1219.214436
55.944039013554196 -3.190567567853136 E 55.944039013554196 -3.190267567853136 1369.799247 1229.023000
55.944039013554196 -3.190267567853136 E 55.944039013554196 -3.189967567853136 1369.799247 1227.773000
55.944039013554196 -3.189967567853136 E 55.944039013554196 -3.1896675678531357 1369.799247 1226.523000
55.944039013554196 -3.1896675678531357 E 55.944039013554196 -3.1893675678531355 1369.799247 1225.273000
55.944039013554196 -3.1893675678531355 E 55.944039013554196 -3.1890675678531353 1369.799247 1224.023000
55.944039013554196 -3.1890675678531353 E 55.944039013554196 -3.188767567853135 1369.799247 1222.773000
55.944039013554196 -3.188767567853135 E 55.944039013554196 -3.188467567853135 1369.799247 1221.523000
55.944039013554196 -3.188467567853135 E 55.944039013554196 -3.1881675678531347 1369.799247 1220.273000
55.944039013554196 -3.1881675678531347 E 55.944039013554196 -3.1878675678531345 1369.799247 1219.023000
55.944039013554196 -3.1878675678531345 E 55.944039013554196 -3.1875675678531343 1343.856838 1207.604518
55.944039013554196 -3.1875675678531343 E 55.944039013554196 -3.187267567853134 1343.856838 1206.354518
55.944039013554196 -3.187267567853134 ESE 55.943924208524486 -3.1869904039933807 1343.856838 1205.104518
55.943924208524486 -3.1869904039933807 E 55.943924208524486 -3.1866904039933805 1343.856838 1203.854518
55.943924208524486 -3.1866904039933805 ESE 55.943809403494775 -3.186413240133627 1343.856838 1202.604518
55.943809403494775 -3.186413240133627 NNW 55.94408656735453 -3.1865280451633367 1375.518542 1280.925884
55.94408656735453 -3.1865280451633367 NNW 55.94436373121429 -3.186642850193046 1375.518542 1279.675884
55.94436373121429 -3.186642850193046 NW 55.944575863248645 -3.186854982227402 1371.071692 1174.176952
55.944575863248645 -3.186854982227402 NNW 55.9448530271084 -3.1869697872571114 1371.071692 1172.926952
55.9448530271084 -3.1869697872571114 NW 55.94506515914276 -3.187181919291467 1316.329334 1171.676952
55.94506515914276 -3.187181919291467 NNW 55.945342323002514 -3.1872967243211767 1316.329334 1170.426952
55.945342323002514 -3.1872967243211767 NW 55.94555445503687 -3.1875088563555325 1316.329334 1169.176952
55.94555445503687 -3.1875088563555325 NNW 55.94583161889663 -3.187623661385242 1327.163317 1250.496042
55.94583161889663 -3.187623661385242 E 55.94583161889663 -3.187323661385242 1327.163317 1249.246042
55.94583161889663 -3.187323661385242 E 55.94583161889663 -3.1870236613852416 1327.163317 1247.996042
55.94583161889663 -3.1870236613852416 WSW 55.945716813866916 -3.187300825244995 1327.163317 1246.746042
55.945716813866916 -3.187300825244995 W 55.945716813866916 -3.187600825244995 1327.163317 1245.496042
55.945716813866916 -3.187600825244995 NNW 55.94599397772667 -3.1877156302747047 1327.163317 1244.246042
55.94599397772667 -3.1877156302747047 NNW 55.94627114158643 -3.1878304353044142 1327.163317 1242.996042
55.94627114158643 -3.1878304353044142 WNW 55.94638594661614 -3.1881075991641676 1327.163317 1241.746042
55.94638594661614 -3.1881075991641676 SE 55.94617381458178 -3.187895467129812 1327.163317 1240.496042
55.94617381458178 -3.187895467129812 ENE 55.946288619611494 -3.1876183032700585 1327.163317 1239.246042
55.946288619611494 -3.1876183032700585 WNW 55.946403424641204 -3.187895467129812 1327.163317 1237.996042
55.946403424641204 -3.187895467129812 E 55.946403424641204 -3.1875954671298117 1327.163317 1236.746042
55.946403424641204 -3.1875954671298117 NNW 55.94668058850096 -3.187710272159521 1327.163317 1235.496042
55.94668058850096 -3.187710272159521 NW 55.94689272053532 -3.187922404193877 1327.163317 1234.246042
55.94689272053532 -3.187922404193877 WNW 55.94700752556503 -3.1881995680536304 1327.163317 1232.996042
55.94700752556503 -3.1881995680536304 SSW 55.94673036170527 -3.18831437308334 1327.163317 1231.746042
55.94673036170527 -3.18831437308334 E 55.94673036170527 -3.1880143730833397 1327.163317 1230.496042
55.94673036170527 -3.1880143730833397 E 55.94673036170527 -3.1877143730833395 1327.163317 1229.246042
55.94673036170527 -3.1877143730833395 NNE 55.94700752556503 -3.18759956805363 1327.163317 1227.996042
55.94700752556503 -3.18759956805363 NNE 55.947284689424784 -3.1874847630239205 1327.163317 1226.746042
55.947284689424784 -3.1874847630239205 NW 55.94749682145914 -3.1876968950582762 1327.163317 1225.496042
55.94749682145914 -3.1876968950582762 SSW 55.94721965759938 -3.1878117000879858 1327.163317 1224.246042
55.94721965759938 -3.1878117000879858 N 55.947519657599386 -3.1878117000879858 1327.163317 1222.996042
55.947519657599386 -3.1878117000879858 SW 55.94730752556503 -3.1880238321223415 1327.163317 1221.746042
55.94730752556503 -3.1880238321223415 NE 55.947519657599386 -3.1878117000879858 1327.163317 1220.496042
55.947519657599386 -3.1878117000879858 S 55.94721965759938 -3.1878117000879858 1327.163317 1219.246042
55.94721965759938 -3.1878117000879858 E 55.94721965759938 -3.1875117000879856 1327.163317 1217.996042
55.94721965759938 -3.1875117000879856 SSW 55.94694249373963 -3.187626505117695 1327.163317 1216.746042
55.94694249373963 -3.187626505117695 ENE 55.94705729876934 -3.1873493412579417 1327.163317 1215.496042
55.94705729876934 -3.1873493412579417 E 55.94705729876934 -3.1870493412579415 1327.163317 1214.246042
55.94705729876934 -3.1870493412579415 WSW 55.94694249373963 -3.187326505117695 1327.163317 1212.996042
55.94694249373963 -3.187326505117695 E 55.94694249373963 -3.1870265051176947 1327.163317 1211.746042
55.94694249373963 -3.1870265051176947 N 55.94724249373963 -3.1870265051176947 1327.163317 1210.496042
55.94724249373963 -3.1870265051176947 NE 55.947454625773986 -3.186814373083339 1327.163317 1209.246042
55.947454625773986 -3.186814373083339 ESE 55.947339820744276 -3.1865372092235855 1327.163317 1207.996042
55.947339820744276 -3.1865372092235855 WSW 55.947225015714565 -3.186814373083339 1327.163317 1206.746042
55.947225015714565 -3.186814373083339 NE 55.94743714774892 -3.186602241048983 1327.163317 1205.496042
55.94743714774892 -3.186602241048983 SSW 55.947159983889165 -3.1867170460786927 1327.163317 1204.246042
55.947159983889165 -3.1867170460786927 NNE 55.94743714774892 -3.186602241048983 1327.163317 1202.996042
