55.944425 -3.188396 W 55.944425 -3.188696 0.000000 248.750000
55.944425 -3.188696 W 55.944425 -3.1889960000000004 0.000000 223.604065
55.944425 -3.1889960000000004 W 55.944425 -3.1892960000000006 0.000000 222.354065
55.944425 -3.1892960000000006 W 55.944425 -3.1895960000000008 0.000000 221.104065
55.944425 -3.1895960000000008 W 55.944425 -3.189896000000001 0.000000 219.854065
55.944425 -3.189896000000001 W 55.944425 -3.190196000000001 10.777502 280.346287
55.944425 -3.190196000000001 W 55.944425 -3.1904960000000013 10.777502 279.096287
55.944425 -3.1904960000000013 W 55.944425 -3.1907960000000015 10.777502 277.846287
55.944425 -3.1907960000000015 W 55.944425 -3.1910960000000017 10.777502 276.596287
55.944425 -3.1910960000000017 W 55.944425 -3.191396000000002 10.777502 275.346287
55.944425 -3.191396000000002 NNE 55.94470216385976 -3.1912811949702924 102.872355 279.191451
55.94470216385976 -3.1912811949702924 N 55.94500216385976 -3.1912811949702924 102.872355 277.941451
55.94500216385976 -3.1912811949702924 NNE 55.94527932771952 -3.191166389940583 102.872355 276.691451
55.94527932771952 -3.191166389940583 ESE 55.94516452268981 -3.1908892260808295 166.802282 393.321060
55.94516452268981 -3.1908892260808295 ESE 55.9450497176601 -3.190612062221076 166.802282 392.071060
55.9450497176601 -3.190612062221076 ESE 55.94493491263039 -3.1903348983613227 166.802282 390.821060
55.94493491263039 -3.1903348983613227 ESE 55.94482010760068 -3.1900577345015693 166.802282 389.571060
55.94482010760068 -3.1900577345015693 ESE 55.944705302570966 -3.189780570641816 166.802282 388.321060
55.944705302570966 -3.189780570641816 S 55.944405302570964 -3.189780570641816 262.884357 421.656146
55.944405302570964 -3.189780570641816 S 55.94410530257096 -3.189780570641816 262.884357 420.406146
55.94410530257096 -3.189780570641816 S 55.94380530257096 -3.189780570641816 262.884357 419.156146
55.94380530257096 -3.189780570641816 S 55.943505302570955 -3.189780570641816 262.884357 417.906146
55.943505302570955 -3.189780570641816 S 55.94320530257095 -3.189780570641816 262.884357 416.656146
55.94320530257095 -3.189780570641816 S 55.94290530257095 -3.189780570641816 217.488896 400.709525
55.94290530257095 -3.189780570641816 SSW 55.94262813871119 -3.1898953756715254 217.488896 399.459525
55.94262813871119 -3.1898953756715254 ENE 55.9427429437409 -3.189618211811772 266.927329 468.042248
55.9427429437409 -3.189618211811772 ENE 55.942857748770614 -3.1893410479520186 266.927329 466.792248
55.942857748770614 -3.1893410479520186 NE 55.94306988080497 -3.189128915917663 266.927329 465.542248
55.94306988080497 -3.189128915917663 ENE 55.94318468583468 -3.1888517520579094 266.927329 464.292248
55.94318468583468 -3.1888517520579094 NE 55.943396817869036 -3.1886396200235536 266.927329 463.042248
55.943396817869036 -3.1886396200235536 ENE 55.94351162289875 -3.1883624561638 266.927329 461.792248
55.94351162289875 -3.1883624561638 NE 55.9437237549331 -3.1881503241294444 266.927329 460.542248
55.9437237549331 -3.1881503241294444 ENE 55.94383855996281 -3.187873160269691 266.927329 459.292248
55.94383855996281 -3.187873160269691 NE 55.94405069199717 -3.1876610282353353 266.927329 458.042248
55.94405069199717 -3.1876610282353353 ENE 55.94416549702688 -3.187383864375582 266.927329 456.792248
55.94416549702688 -3.187383864375582 NE 55.944377629061236 -3.187171732341226 266.927329 455.542248
55.944377629061236 -3.187171732341226 ENE 55.94449243409095 -3.1868945684814727 266.927329 454.292248
55.94449243409095 -3.1868945684814727 NE 55.9447045661253 -3.186682436447117 266.927329 453.042248
55.9447045661253 -3.186682436447117 ENE 55.94481937115501 -3.1864052725873635 266.927329 451.792248
55.94481937115501 -3.1864052725873635 NE 55.94503150318937 -3.1861931405530077 266.927329 450.542248
55.94503150318937 -3.1861931405530077 ENE 55.94514630821908 -3.1859159766932543 282.646153 542.584261
55.94514630821908 -3.1859159766932543 WSW 55.94503150318937 -3.1861931405530077 388.965546 558.460722
55.94503150318937 -3.1861931405530077 WSW 55.94491669815966 -3.186470304412761 388.965546 557.210722
55.94491669815966 -3.186470304412761 WSW 55.94480189312995 -3.1867474682725145 388.965546 555.960722
55.94480189312995 -3.1867474682725145 WSW 55.94468708810024 -3.187024632132268 388.965546 554.710722
55.94468708810024 -3.187024632132268 WSW 55.94457228307053 -3.1873017959920213 388.965546 553.460722
55.94457228307053 -3.1873017959920213 SW 55.94436015103617 -3.187513928026377 388.965546 552.210722
55.94436015103617 -3.187513928026377 WSW 55.94424534600646 -3.1877910918861305 388.965546 550.960722
55.94424534600646 -3.1877910918861305 SW 55.944033213972105 -3.1880032239204863 388.965546 549.710722
55.944033213972105 -3.1880032239204863 W 55.944033213972105 -3.1883032239204865 363.023137 538.292240
55.944033213972105 -3.1883032239204865 W 55.944033213972105 -3.1886032239204867 436.392524 614.371077
55.944033213972105 -3.1886032239204867 W 55.944033213972105 -3.188903223920487 436.392524 613.121077
55.944033213972105 -3.188903223920487 W 55.944033213972105 -3.189203223920487 436.392524 611.871077
55.944033213972105 -3.189203223920487 W 55.944033213972105 -3.1895032239204872 436.392524 610.621077
55.944033213972105 -3.1895032239204872 W 55.944033213972105 -3.1898032239204874 436.392524 609.371077
55.944033213972105 -3.1898032239204874 W 55.944033213972105 -3.1901032239204876 436.392524 608.121077
55.944033213972105 -3.1901032239204876 W 55.944033213972105 -3.190403223920488 436.392524 606.871077
55.944033213972105 -3.190403223920488 W 55.944033213972105 -3.190703223920488 458.686638 616.679641
55.944033213972105 -3.190703223920488 W 55.944033213972105 -3.191003223920488 458.686638 615.429641
55.944033213972105 -3.191003223920488 W 55.944033213972105 -3.1913032239204884 458.686638 614.179641
55.944033213972105 -3.1913032239204884 W 55.944033213972105 -3.1916032239204886 503.000679 618.543274
55.944033213972105 -3.1916032239204886 E 55.944033213972105 -3.1913032239204884 518.655885 658.056702
55.944033213972105 -3.1913032239204884 E 55.944033213972105 -3.191003223920488 518.655885 656.806702
55.944033213972105 -3.191003223920488 E 55.944033213972105 -3.190703223920488 518.655885 655.556702
55.944033213972105 -3.190703223920488 E 55.944033213972105 -3.190403223920488 518.655885 654.306702
55.944033213972105 -3.190403223920488 E 55.944033213972105 -3.1901032239204876 518.655885 653.056702
55.944033213972105 -3.1901032239204876 E 55.944033213972105 -3.1898032239204874 518.655885 651.806702
55.944033213972105 -3.1898032239204874 E 55.944033213972105 -3.1895032239204872 518.655885 650.556702
55.944033213972105 -3.1895032239204872 E 55.944033213972105 -3.189203223920487 518.655885 649.306702
55.944033213972105 -3.189203223920487 E 55.944033213972105 -3.188903223920487 518.655885 648.056702
55.944033213972105 -3.188903223920487 E 55.944033213972105 -3.1886032239204867 518.655885 646.806702
55.944033213972105 -3.1886032239204867 E 55.944033213972105 -3.1883032239204865 518.655885 645.556702
55.944033213972105 -3.1883032239204865 E 55.944033213972105 -3.1880032239204863 518.655885 644.306702
55.944033213972105 -3.1880032239204863 E 55.944033213972105 -3.187703223920486 518.655885 643.056702
55.944033213972105 -3.187703223920486 E 55.944033213972105 -3.187403223920486 518.655885 641.806702
55.944033213972105 -3.187403223920486 E 55.944033213972105 -3.1871032239204857 518.655885 640.556702
55.944033213972105 -3.1871032239204857 E 55.944033213972105 -3.1868032239204855 518.655885 639.306702
55.944033213972105 -3.1868032239204855 E 55.944033213972105 -3.1865032239204854 629.264855 709.468213
55.944033213972105 -3.1865032239204854 E 55.944033213972105 -3.186203223920485 660.926558 787.789579
55.944033213972105 -3.186203223920485 E 55.944033213972105 -3.185903223920485 660.926558 786.539579
55.944033213972105 -3.185903223920485 E 55.944033213972105 -3.185603223920485 660.926558 785.289579
55.944033213972105 -3.185603223920485 E 55.944033213972105 -3.1853032239204846 738.141643 793.195301
55.944033213972105 -3.1853032239204846 E 55.944033213972105 -3.1850032239204844 738.141643 791.945301
55.944033213972105 -3.1850032239204844 ESE 55.943918408942395 -3.184726060060731 738.141643 790.695301
55.943918408942395 -3.184726060060731 SW 55.94370627690804 -3.1849381920950868 824.017440 865.460017
55.94370627690804 -3.1849381920950868 SW 55.94349414487368 -3.1851503241294425 824.017440 864.210017
55.94349414487368 -3.1851503241294425 SW 55.943282012839326 -3.1853624561637983 824.017440 862.960017
55.943282012839326 -3.1853624561637983 SSW 55.94300484897957 -3.185477261193508 824.017440 861.710017
55.94300484897957 -3.185477261193508 WSW 55.94289004394986 -3.1857544250532612 859.157085 920.801267
55.94289004394986 -3.1857544250532612 W 55.94289004394986 -3.1860544250532614 859.157085 919.551267
55.94289004394986 -3.1860544250532614 WSW 55.94277523892015 -3.186331588913015 859.157085 918.301267
55.94277523892015 -3.186331588913015 W 55.94277523892015 -3.186631588913015 859.157085 917.051267
55.94277523892015 -3.186631588913015 WSW 55.94266043389044 -3.1869087527727684 827.690255 856.153597
55.94266043389044 -3.1869087527727684 NNW 55.942937597750195 -3.187023557802478 851.716910 972.000323
55.942937597750195 -3.187023557802478 NW 55.94314972978455 -3.1872356898368337 851.716910 970.750323
55.94314972978455 -3.1872356898368337 NNW 55.94342689364431 -3.187350494866543 851.716910 969.500323
55.94342689364431 -3.187350494866543 NW 55.943639025678664 -3.187562626900899 851.716910 968.250323
55.943639025678664 -3.187562626900899 NNW 55.94391618953842 -3.1876774319306085 851.716910 967.000323
55.94391618953842 -3.1876774319306085 NW 55.94412832157278 -3.1878895639649643 851.716910 965.750323
55.94412832157278 -3.1878895639649643 NNW 55.94440548543253 -3.1880043689946738 851.716910 964.500323
55.94440548543253 -3.1880043689946738 NW 55.94461761746689 -3.1882165010290295 851.716910 963.250323
55.94461761746689 -3.1882165010290295 NNW 55.944894781326646 -3.188331306058739 851.716910 962.000323
55.944894781326646 -3.188331306058739 NW 55.945106913361 -3.188543438093095 851.716910 960.750323
55.945106913361 -3.188543438093095 NNW 55.94538407722076 -3.1886582431228043 851.716910 959.500323
55.94538407722076 -3.1886582431228043 NW 55.945596209255115 -3.18887037515716 851.716910 958.250323
55.945596209255115 -3.18887037515716 WSW 55.945481404225404 -3.1891475390169135 873.610107 1057.989238
55.945481404225404 -3.1891475390169135 WSW 55.945366599195694 -3.189424702876667 954.240595 1172.585715
55.945366599195694 -3.189424702876667 WSW 55.94525179416598 -3.1897018667364203 954.240595 1171.335715
55.94525179416598 -3.1897018667364203 WSW 55.94513698913627 -3.1899790305961737 954.240595 1170.085715
55.94513698913627 -3.1899790305961737 WSW 55.94502218410656 -3.190256194455927 954.240595 1168.835715
55.94502218410656 -3.190256194455927 WSW 55.94490737907685 -3.1905333583156805 1070.012976 1253.642910
55.94490737907685 -3.1905333583156805 WSW 55.94479257404714 -3.190810522175434 1070.012976 1252.392910
55.94479257404714 -3.190810522175434 WSW 55.94467776901743 -3.1910876860351873 1070.012976 1251.142910
55.94467776901743 -3.1910876860351873 WSW 55.94456296398772 -3.1913648498949407 1070.012976 1249.892910
55.94456296398772 -3.1913648498949407 W 55.94456296398772 -3.191664849894941 1070.012976 1248.642910
55.94456296398772 -3.191664849894941 E 55.94456296398772 -3.1913648498949407 1159.171722 1350.183715
55.94456296398772 -3.1913648498949407 E 55.94456296398772 -3.1910648498949405 1159.171722 1348.933715
55.94456296398772 -3.1910648498949405 E 55.94456296398772 -3.1907648498949404 1159.171722 1347.683715
55.94456296398772 -3.1907648498949404 E 55.94456296398772 -3.19046484989494 1159.171722 1346.433715
55.94456296398772 -3.19046484989494 ENE 55.94467776901743 -3.1901876860351868 1219.969447 1381.701824
55.94467776901743 -3.1901876860351868 E 55.94467776901743 -3.1898876860351866 1219.969447 1380.451824
55.94467776901743 -3.1898876860351866 ENE 55.94479257404714 -3.189610522175433 1219.969447 1379.201824
55.94479257404714 -3.189610522175433 E 55.94479257404714 -3.189310522175433 1219.969447 1377.951824
55.94479257404714 -3.189310522175433 ENE 55.94490737907685 -3.1890333583156796 1219.969447 1376.701824
55.94490737907685 -3.1890333583156796 E 55.94490737907685 -3.1887333583156794 1219.969447 1375.451824
55.94490737907685 -3.1887333583156794 ENE 55.94502218410656 -3.188456194455926 1186.834298 1299.752406
55.94502218410656 -3.188456194455926 E 55.94502218410656 -3.188156194455926 1186.834298 1298.502406
55.94502218410656 -3.188156194455926 ENE 55.94513698913627 -3.1878790305961724 1186.834298 1297.252406
55.94513698913627 -3.1878790305961724 E 55.94513698913627 -3.187579030596172 1186.834298 1296.002406
55.94513698913627 -3.187579030596172 ENE 55.94525179416598 -3.187301866736419 1186.834298 1294.752406
55.94525179416598 -3.187301866736419 E 55.94525179416598 -3.1870018667364186 1186.834298 1293.502406
55.94525179416598 -3.1870018667364186 ENE 55.945366599195694 -3.186724702876665 1082.821012 1168.381827
55.945366599195694 -3.186724702876665 E 55.945366599195694 -3.186424702876665 992.163251 1145.096128
55.945366599195694 -3.186424702876665 ENE 55.945481404225404 -3.1861475390169116 992.163251 1143.846128
55.945481404225404 -3.1861475390169116 E 55.945481404225404 -3.1858475390169114 992.163251 1142.596128
55.945481404225404 -3.1858475390169114 W 55.945481404225404 -3.1861475390169116 1106.050703 1176.199908
55.945481404225404 -3.1861475390169116 W 55.945481404225404 -3.186447539016912 1106.050703 1174.949908
55.945481404225404 -3.186447539016912 W 55.945481404225404 -3.186747539016912 1106.050703 1173.699908
55.945481404225404 -3.186747539016912 W 55.945481404225404 -3.187047539016912 1106.050703 1172.449908
55.945481404225404 -3.187047539016912 W 55.945481404225404 -3.1873475390169124 1106.050703 1171.199908
55.945481404225404 -3.1873475390169124 W 55.945481404225404 -3.1876475390169126 1106.050703 1169.949908
55.945481404225404 -3.1876475390169126 W 55.945481404225404 -3.1879475390169127 1106.050703 1168.699908
55.945481404225404 -3.1879475390169127 W 55.945481404225404 -3.188247539016913 1106.050703 1167.449908
55.945481404225404 -3.188247539016913 W 55.945481404225404 -3.188547539016913 1106.050703 1166.199908
55.945481404225404 -3.188547539016913 W 55.945481404225404 -3.1888475390169133 1106.050703 1164.949908
55.945481404225404 -3.1888475390169133 W 55.945481404225404 -3.1891475390169135 1106.050703 1163.699908
55.945481404225404 -3.1891475390169135 W 55.945481404225404 -3.1894475390169137 1106.050703 1162.449908
55.945481404225404 -3.1894475390169137 W 55.945481404225404 -3.189747539016914 1106.050703 1161.199908
55.945481404225404 -3.189747539016914 W 55.945481404225404 -3.190047539016914 1106.050703 1159.949908
55.945481404225404 -3.190047539016914 W 55.945481404225404 -3.1903475390169143 1106.050703 1158.699908
55.945481404225404 -3.1903475390169143 W 55.945481404225404 -3.1906475390169144 1106.050703 1157.449908
55.945481404225404 -3.1906475390169144 W 55.945481404225404 -3.1909475390169146 1106.050703 1156.199908
55.945481404225404 -3.1909475390169146 W 55.945481404225404 -3.191247539016915 1106.050703 1154.949908
55.945481404225404 -3.191247539016915 W 55.945481404225404 -3.191547539016915 1106.050703 1153.699908
55.945481404225404 -3.191547539016915 WSW 55.945366599195694 -3.1918247028766684 1106.050703 1152.449908
55.945366599195694 -3.1918247028766684 W 55.945366599195694 -3.1921247028766686 1106.050703 1151.199908
55.945366599195694 -3.1921247028766686 WSW 55.94525179416598 -3.192401866736422 1106.050703 1149.949908
55.94525179416598 -3.192401866736422 WNW 55.945366599195694 -3.1926790305961754 1191.476880 1186.713705
55.945366599195694 -3.1926790305961754 E 55.945366599195694 -3.1923790305961752 1191.476880 1185.463705
55.945366599195694 -3.1923790305961752 E 55.945366599195694 -3.192079030596175 1191.476880 1184.213705
55.945366599195694 -3.192079030596175 E 55.945366599195694 -3.191779030596175 1191.476880 1182.963705
55.945366599195694 -3.191779030596175 E 55.945366599195694 -3.1914790305961747 1191.476880 1181.713705
55.945366599195694 -3.1914790305961747 E 55.945366599195694 -3.1911790305961745 1191.476880 1180.463705
55.945366599195694 -3.1911790305961745 E 55.945366599195694 -3.1908790305961743 1191.476880 1179.213705
55.945366599195694 -3.1908790305961743 E 55.945366599195694 -3.190579030596174 1191.476880 1177.963705
55.945366599195694 -3.190579030596174 E 55.945366599195694 -3.190279030596174 1191.476880 1176.713705
55.945366599195694 -3.190279030596174 E 55.945366599195694 -3.1899790305961737 1191.476880 1175.463705
55.945366599195694 -3.1899790305961737 E 55.945366599195694 -3.1896790305961735 1191.476880 1174.213705
55.945366599195694 -3.1896790305961735 E 55.945366599195694 -3.1893790305961733 1191.476880 1172.963705
55.945366599195694 -3.1893790305961733 E 55.945366599195694 -3.189079030596173 1191.476880 1171.713705
55.945366599195694 -3.189079030596173 E 55.945366599195694 -3.188779030596173 1191.476880 1170.463705
55.945366599195694 -3.188779030596173 E 55.945366599195694 -3.1884790305961728 1191.476880 1169.213705
55.945366599195694 -3.1884790305961728 E 55.945366599195694 -3.1881790305961726 1191.476880 1167.963705
55.945366599195694 -3.1881790305961726 E 55.945366599195694 -3.1878790305961724 1191.476880 1166.713705
55.945366599195694 -3.1878790305961724 E 55.945366599195694 -3.187579030596172 1191.476880 1165.463705
55.945366599195694 -3.187579030596172 E 55.945366599195694 -3.187279030596172 1191.476880 1164.213705
55.945366599195694 -3.187279030596172 E 55.945366599195694 -3.186979030596172 1191.476880 1162.963705
55.945366599195694 -3.186979030596172 E 55.945366599195694 -3.1866790305961716 1191.476880 1161.713705
55.945366599195694 -3.1866790305961716 E 55.945366599195694 -3.1863790305961714 1191.476880 1160.463705
55.945366599195694 -3.1863790305961714 ENE 55.945481404225404 -3.186101866736418 1191.476880 1159.213705
55.945481404225404 -3.186101866736418 E 55.945481404225404 -3.185801866736418 1191.476880 1157.963705
55.945481404225404 -3.185801866736418 ENE 55.945596209255115 -3.1855247028766644 1191.476880 1156.713705
55.945596209255115 -3.1855247028766644 E 55.945596209255115 -3.1852247028766643 1191.476880 1155.463705
55.945596209255115 -3.1852247028766643 ENE 55.945711014284825 -3.184947539016911 1191.476880 1154.213705
55.945711014284825 -3.184947539016911 E 55.945711014284825 -3.1846475390169107 1191.476880 1152.963705
55.945711014284825 -3.1846475390169107 ENE 55.945825819314535 -3.1843703751571573 1191.476880 1151.713705
55.945825819314535 -3.1843703751571573 WSW 55.945711014284825 -3.1846475390169107 1260.935394 1266.548102
55.945711014284825 -3.1846475390169107 WSW 55.945596209255115 -3.184924702876664 1260.935394 1265.298102
55.945596209255115 -3.184924702876664 WSW 55.945481404225404 -3.1852018667364175 1260.935394 1264.048102
55.945481404225404 -3.1852018667364175 WSW 55.945366599195694 -3.185479030596171 1260.935394 1262.798102
55.945366599195694 -3.185479030596171 WSW 55.94525179416598 -3.1857561944559243 1260.935394 1261.548102
55.94525179416598 -3.1857561944559243 WSW 55.94513698913627 -3.1860333583156777 1260.935394 1260.298102
55.94513698913627 -3.1860333583156777 WSW 55.94502218410656 -3.186310522175431 1260.935394 1259.048102
55.94502218410656 -3.186310522175431 WSW 55.94490737907685 -3.1865876860351845 1260.935394 1257.798102
55.94490737907685 -3.1865876860351845 WSW 55.94479257404714 -3.186864849894938 1260.935394 1256.548102
55.94479257404714 -3.186864849894938 WSW 55.94467776901743 -3.1871420137546913 1260.935394 1255.298102
55.94467776901743 -3.1871420137546913 WSW 55.94456296398772 -3.1874191776144447 1260.935394 1254.048102
55.94456296398772 -3.1874191776144447 WSW 55.94444815895801 -3.187696341474198 1260.935394 1252.798102
55.94444815895801 -3.187696341474198 WSW 55.9443333539283 -3.1879735053339515 1260.935394 1251.548102
55.9443333539283 -3.1879735053339515 WSW 55.94421854889859 -3.188250669193705 1260.935394 1250.298102
55.94421854889859 -3.188250669193705 WSW 55.94410374386888 -3.1885278330534583 1260.935394 1249.048102
55.94410374386888 -3.1885278330534583 WSW 55.94398893883917 -3.1888049969132117 1260.935394 1247.798102
55.94398893883917 -3.1888049969132117 WSW 55.94387413380946 -3.189082160772965 1260.935394 1246.548102
55.94387413380946 -3.189082160772965 WSW 55.94375932877975 -3.1893593246327185 1260.935394 1245.298102
55.94375932877975 -3.1893593246327185 WSW 55.94364452375004 -3.189636488492472 1260.935394 1244.048102
55.94364452375004 -3.189636488492472 WSW 55.94352971872033 -3.1899136523522253 1260.935394 1242.798102
55.94352971872033 -3.1899136523522253 SW 55.94331758668597 -3.190125784386581 1260.935394 1241.548102
55.94331758668597 -3.190125784386581 WSW 55.94320278165626 -3.1904029482463345 1260.935394 1240.298102
55.94320278165626 -3.1904029482463345 SW 55.942990649621905 -3.1906150802806903 1260.935394 1239.048102
55.942990649621905 -3.1906150802806903 WSW 55.942875844592194 -3.1908922441404437 1260.935394 1237.798102
55.942875844592194 -3.1908922441404437 SW 55.94266371255784 -3.1911043761747995 1338.590811 1320.039981
55.94266371255784 -3.1911043761747995 N 55.94296371255784 -3.1911043761747995 1338.590811 1318.789981
55.94296371255784 -3.1911043761747995 N 55.943263712557844 -3.1911043761747995 1338.590811 1317.539981
55.943263712557844 -3.1911043761747995 NNW 55.9435408764176 -3.191219181204509 1270.137835 1312.340325
55.9435408764176 -3.191219181204509 ENE 55.94365568144731 -3.1909420173447556 1331.835347 1332.454869
55.94365568144731 -3.1909420173447556 ENE 55.94377048647702 -3.190664853485002 1331.835347 1331.204869
55.94377048647702 -3.190664853485002 ENE 55.94388529150673 -3.1903876896252488 1331.835347 1329.954869
55.94388529150673 -3.1903876896252488 ENE 55.94400009653644 -3.1901105257654954 1331.835347 1328.704869
55.94400009653644 -3.1901105257654954 ENE 55.94411490156615 -3.189833361905742 1331.835347 1327.454869
55.94411490156615 -3.189833361905742 ENE 55.94422970659586 -3.1895561980459886 1331.835347 1326.204869
55.94422970659586 -3.1895561980459886 ENE 55.94434451162557 -3.189279034186235 1331.835347 1324.954869
55.94434451162557 -3.189279034186235 ENE 55.94445931665528 -3.1890018703264817 1331.835347 1323.704869
55.94445931665528 -3.1890018703264817 ENE 55.944574121684994 -3.1887247064667283 1308.007624 1322.454869
55.944574121684994 -3.1887247064667283 ENE 55.944688926714704 -3.188447542606975 1308.007624 1321.204869
55.944688926714704 -3.188447542606975 ENE 55.944803731744415 -3.1881703787472215 1308.007624 1319.954869
55.944803731744415 -3.1881703787472215 ENE 55.944918536774125 -3.187893214887468 1308.007624 1318.704869
55.944918536774125 -3.187893214887468 E 55.944918536774125 -3.187593214887468 1308.007624 1317.454869
55.944918536774125 -3.187593214887468 ENE 55.945033341803835 -3.1873160510277145 1308.007624 1316.204869
55.945033341803835 -3.1873160510277145 E 55.945033341803835 -3.1870160510277143 1357.278553 1328.029618
55.945033341803835 -3.1870160510277143 NW 55.94524547383819 -3.18722818306207 1357.278553 1326.779618
55.94524547383819 -3.18722818306207 NW 55.94545760587255 -3.187440315096426 1357.278553 1325.529618
55.94545760587255 -3.187440315096426 NNW 55.945734769732304 -3.1875551201261354 1357.278553 1324.279618
55.945734769732304 -3.1875551201261354 ESE 55.945619964702594 -3.187277956266382 1368.112536 1405.598709
55.945619964702594 -3.187277956266382 ESE 55.945505159672884 -3.1870007924066286 1368.112536 1404.348709
55.945505159672884 -3.1870007924066286 E 55.945505159672884 -3.1867007924066284 1368.112536 1403.098709
55.945505159672884 -3.1867007924066284 ESE 55.94539035464317 -3.186423628546875 1368.112536 1401.848709
55.94539035464317 -3.186423628546875 E 55.94539035464317 -3.186123628546875 1368.112536 1400.598709
55.94539035464317 -3.186123628546875 ESE 55.94527554961346 -3.1858464646871214 1368.112536 1399.348709
55.94527554961346 -3.1858464646871214 E 55.94527554961346 -3.185546464687121 1368.112536 1398.098709
55.94527554961346 -3.185546464687121 ESE 55.94516074458375 -3.185269300827368 1368.112536 1396.848709
55.94516074458375 -3.185269300827368 E 55.94516074458375 -3.1849693008273676 1368.112536 1395.598709
55.94516074458375 -3.1849693008273676 ESE 55.94504593955404 -3.184692136967614 1318.004934 1275.819055
55.94504593955404 -3.184692136967614 WNW 55.94516074458375 -3.1849693008273676 1350.797796 1361.679059
55.94516074458375 -3.1849693008273676 NW 55.94537287661811 -3.1851814328617234 1350.797796 1360.429059
55.94537287661811 -3.1851814328617234 ESE 55.9452580715884 -3.18490426900197 1350.797796 1359.179059
55.9452580715884 -3.18490426900197 ESE 55.94514326655869 -3.1846271051422166 1350.797796 1357.929059
55.94514326655869 -3.1846271051422166 SE 55.94493113452433 -3.184414973107861 1350.797796 1356.679059
55.94493113452433 -3.184414973107861 SW 55.944719002489975 -3.1846271051422166 1350.797796 1355.429059
55.944719002489975 -3.1846271051422166 S 55.94441900248997 -3.1846271051422166 1350.797796 1354.179059
55.94441900248997 -3.1846271051422166 NNE 55.94469616634973 -3.184512300112507 1350.797796 1352.929059
