55.944425 -3.188396 ENE 55.94453980502971 -3.1881188361402466 0.000000 248.750000
55.94453980502971 -3.1881188361402466 ENE 55.94465461005942 -3.187841672280493 0.000000 247.500000
55.94465461005942 -3.187841672280493 ENE 55.944769415089134 -3.18756450842074 0.000000 246.250000
55.944769415089134 -3.18756450842074 ENE 55.944884220118844 -3.1872873445609864 0.000000 245.000000
55.944884220118844 -3.1872873445609864 ENE 55.944999025148554 -3.187010180701233 49.270928 256.824749
55.944999025148554 -3.187010180701233 ENE 55.945113830178265 -3.1867330168414796 0.000000 131.704170
55.945113830178265 -3.1867330168414796 ENE 55.945228635207975 -3.186455852981726 0.000000 130.454170
55.945228635207975 -3.186455852981726 ENE 55.945343440237686 -3.1861786891219728 0.000000 129.204170
55.945343440237686 -3.1861786891219728 ENE 55.945458245267396 -3.1859015252622194 0.000000 127.954170
55.945458245267396 -3.1859015252622194 S 55.94515824526739 -3.1859015252622194 113.887452 161.557950
55.94515824526739 -3.1859015252622194 S 55.94485824526739 -3.1859015252622194 220.206845 177.434411
55.94485824526739 -3.1859015252622194 S 55.94455824526739 -3.1859015252622194 235.925669 269.476424
55.94455824526739 -3.1859015252622194 SSE 55.94428108140763 -3.18578672023251 235.925669 268.226424
55.94428108140763 -3.18578672023251 S 55.94398108140763 -3.18578672023251 235.925669 266.976424
55.94398108140763 -3.18578672023251 SSE 55.94370391754787 -3.1856719152028004 235.925669 265.726424
55.94370391754787 -3.1856719152028004 S 55.94340391754787 -3.1856719152028004 313.140754 273.632146
55.94340391754787 -3.1856719152028004 SSE 55.94312675368811 -3.185557110173091 313.140754 272.382146
55.94312675368811 -3.185557110173091 WNW 55.94324155871782 -3.1858342740328442 348.280399 331.473396
55.94324155871782 -3.1858342740328442 WNW 55.94335636374753 -3.1861114378925977 348.280399 330.223396
55.94335636374753 -3.1861114378925977 WNW 55.94347116877724 -3.186388601752351 348.280399 328.973396
55.94347116877724 -3.186388601752351 WNW 55.943585973806954 -3.1866657656121045 348.280399 327.723396
55.943585973806954 -3.1866657656121045 WNW 55.943700778836664 -3.186942929471858 348.280399 326.473396
55.943700778836664 -3.186942929471858 WNW 55.943815583866375 -3.1872200933316113 343.453795 266.180123
55.943815583866375 -3.1872200933316113 WNW 55.943930388896085 -3.1874972571913647 343.453795 264.930123
55.943930388896085 -3.1874972571913647 W 55.943930388896085 -3.187797257191365 343.453795 263.680123
55.943930388896085 -3.187797257191365 WNW 55.944045193925795 -3.1880744210511183 343.453795 262.430123
55.944045193925795 -3.1880744210511183 WNW 55.944159998955506 -3.1883515849108717 416.823182 338.508960
55.944159998955506 -3.1883515849108717 WNW 55.944274803985216 -3.188628748770625 416.823182 337.258960
55.944274803985216 -3.188628748770625 WNW 55.94438960901493 -3.1889059126303785 392.995460 312.113025
55.94438960901493 -3.1889059126303785 WNW 55.94450441404464 -3.189183076490132 392.995460 310.863025
55.94450441404464 -3.189183076490132 WNW 55.94461921907435 -3.1894602403498853 392.995460 309.613025
55.94461921907435 -3.1894602403498853 WNW 55.94473402410406 -3.1897374042096387 489.077534 342.948111
55.94473402410406 -3.1897374042096387 WNW 55.94484882913377 -3.190014568069392 489.077534 341.698111
55.94484882913377 -3.190014568069392 W 55.94484882913377 -3.1903145680693923 489.077534 340.448111
55.94484882913377 -3.1903145680693923 WNW 55.94496363416348 -3.1905917319291457 549.875260 375.716219
55.94496363416348 -3.1905917319291457 W 55.94496363416348 -3.190891731929146 549.875260 374.466219
55.94496363416348 -3.190891731929146 WNW 55.94507843919319 -3.1911688957888993 549.875260 373.216219
55.94507843919319 -3.1911688957888993 W 55.94507843919319 -3.1914688957888995 613.805186 489.845829
55.94507843919319 -3.1914688957888995 WNW 55.9451932442229 -3.191746059648653 613.805186 488.595829
55.9451932442229 -3.191746059648653 W 55.9451932442229 -3.192046059648653 613.805186 487.345829
55.9451932442229 -3.192046059648653 WNW 55.94530804925261 -3.1923232235084065 613.805186 486.095829
55.94530804925261 -3.1923232235084065 E 55.94530804925261 -3.1920232235084063 699.231363 522.859626
55.94530804925261 -3.1920232235084063 E 55.94530804925261 -3.191723223508406 699.231363 521.609626
55.94530804925261 -3.191723223508406 E 55.94530804925261 -3.191423223508406 699.231363 520.359626
55.94530804925261 -3.191423223508406 E 55.94530804925261 -3.1911232235084057 699.231363 519.109626
55.94530804925261 -3.1911232235084057 E 55.94530804925261 -3.1908232235084055 699.231363 517.859626
55.94530804925261 -3.1908232235084055 E 55.94530804925261 -3.1905232235084053 699.231363 516.609626
55.94530804925261 -3.1905232235084053 SW 55.945095917218254 -3.190735355542761 815.003744 601.416821
55.945095917218254 -3.190735355542761 WSW 55.94498111218854 -3.1910125194025145 815.003744 600.166821
55.94498111218854 -3.1910125194025145 SW 55.94476898015419 -3.1912246514368703 815.003744 598.916821
55.94476898015419 -3.1912246514368703 WSW 55.94465417512448 -3.1915018152966237 815.003744 597.666821
55.94465417512448 -3.1915018152966237 E 55.94465417512448 -3.1912018152966235 907.098598 601.511985
55.94465417512448 -3.1912018152966235 E 55.94465417512448 -3.1909018152966233 907.098598 600.261985
55.94465417512448 -3.1909018152966233 E 55.94465417512448 -3.190601815296623 907.098598 599.011985
55.94465417512448 -3.190601815296623 E 55.94465417512448 -3.190301815296623 907.098598 597.761985
55.94465417512448 -3.190301815296623 ESE 55.944539370094766 -3.1900246514368695 907.098598 596.511985
55.944539370094766 -3.1900246514368695 W 55.944539370094766 -3.1903246514368697 917.876100 657.004207
55.944539370094766 -3.1903246514368697 W 55.944539370094766 -3.19062465143687 917.876100 655.754207
55.944539370094766 -3.19062465143687 W 55.944539370094766 -3.19092465143687 917.876100 654.504207
55.944539370094766 -3.19092465143687 W 55.944539370094766 -3.1912246514368703 917.876100 653.254207
55.944539370094766 -3.1912246514368703 W 55.944539370094766 -3.1915246514368705 917.876100 652.004207
55.944539370094766 -3.1915246514368705 ESE 55.944424565065056 -3.191247487577117 917.876100 650.754207
55.944424565065056 -3.191247487577117 ESE 55.944309760035345 -3.1909703237173637 917.876100 649.504207
55.944309760035345 -3.1909703237173637 ESE 55.944194955005635 -3.1906931598576103 917.876100 648.254207
55.944194955005635 -3.1906931598576103 ESE 55.944080149975925 -3.190415995997857 917.876100 647.004207
55.944080149975925 -3.190415995997857 ESE 55.943965344946214 -3.1901388321381035 940.170213 656.812770
55.943965344946214 -3.1901388321381035 ESE 55.943850539916504 -3.18986166827835 940.170213 655.562770
55.943850539916504 -3.18986166827835 ESE 55.94373573488679 -3.1895845044185966 940.170213 654.312770
55.94373573488679 -3.1895845044185966 ESE 55.94362092985708 -3.1893073405588432 940.170213 653.062770
55.94362092985708 -3.1893073405588432 SE 55.94340879782273 -3.1890952085244875 940.170213 651.812770
55.94340879782273 -3.1890952085244875 E 55.94340879782273 -3.1887952085244873 996.808774 734.224812
55.94340879782273 -3.1887952085244873 E 55.94340879782273 -3.188495208524487 996.808774 732.974812
55.94340879782273 -3.188495208524487 ENE 55.94352360285244 -3.1882180446647337 996.808774 731.724812
55.94352360285244 -3.1882180446647337 E 55.94352360285244 -3.1879180446647335 996.808774 730.474812
55.94352360285244 -3.1879180446647335 ENE 55.94363840788215 -3.18764088080498 996.808774 729.224812
55.94363840788215 -3.18764088080498 E 55.94363840788215 -3.18734088080498 996.808774 727.974812
55.94363840788215 -3.18734088080498 ENE 55.94375321291186 -3.1870637169452265 996.808774 726.724812
55.94375321291186 -3.1870637169452265 E 55.94375321291186 -3.1867637169452263 996.808774 725.474812
55.94375321291186 -3.1867637169452263 ENE 55.94386801794157 -3.186486553085473 996.808774 724.224812
55.94386801794157 -3.186486553085473 NE 55.944080149975925 -3.186274421051117 1028.470477 802.546178
55.944080149975925 -3.186274421051117 NE 55.94429228201028 -3.1860622890167614 1028.470477 801.296178
55.94429228201028 -3.1860622890167614 NE 55.94450441404464 -3.1858501569824056 1028.470477 800.046178
55.94450441404464 -3.1858501569824056 NE 55.94471654607899 -3.18563802494805 1028.470477 798.796178
55.94471654607899 -3.18563802494805 NE 55.94492867811335 -3.185425892913694 1028.470477 797.546178
55.94492867811335 -3.185425892913694 NE 55.945140810147706 -3.1852137608793383 1028.470477 796.296178
55.945140810147706 -3.1852137608793383 NE 55.94535294218206 -3.1850016288449825 978.362875 676.516524
55.94535294218206 -3.1850016288449825 NE 55.94556507421642 -3.1847894968106267 978.362875 675.266524
55.94556507421642 -3.1847894968106267 ENE 55.94567987924613 -3.1845123329508733 978.362875 674.016524
55.94567987924613 -3.1845123329508733 W 55.94567987924613 -3.1848123329508735 1047.821390 788.850920
55.94567987924613 -3.1848123329508735 W 55.94567987924613 -3.1851123329508737 1047.821390 787.600920
55.94567987924613 -3.1851123329508737 W 55.94567987924613 -3.185412332950874 1047.821390 786.350920
55.94567987924613 -3.185412332950874 W 55.94567987924613 -3.185712332950874 1047.821390 785.100920
55.94567987924613 -3.185712332950874 W 55.94567987924613 -3.1860123329508743 1047.821390 783.850920
55.94567987924613 -3.1860123329508743 W 55.94567987924613 -3.1863123329508745 967.514192 696.870323
55.94567987924613 -3.1863123329508745 W 55.94567987924613 -3.1866123329508746 967.278463 593.794790
55.94567987924613 -3.1866123329508746 W 55.94567987924613 -3.186912332950875 876.620703 570.509091
55.94567987924613 -3.186912332950875 W 55.94567987924613 -3.187212332950875 876.620703 569.259091
55.94567987924613 -3.187212332950875 W 55.94567987924613 -3.187512332950875 876.620703 568.009091
55.94567987924613 -3.187512332950875 W 55.94567987924613 -3.1878123329508754 887.454686 649.328181
55.94567987924613 -3.1878123329508754 W 55.94567987924613 -3.1881123329508756 887.454686 648.078181
55.94567987924613 -3.1881123329508756 W 55.94567987924613 -3.188412332950876 887.454686 646.828181
55.94567987924613 -3.188412332950876 W 55.94567987924613 -3.188712332950876 887.454686 645.578181
55.94567987924613 -3.188712332950876 W 55.94567987924613 -3.189012332950876 909.347882 745.317096
55.94567987924613 -3.189012332950876 ESE 55.94556507421642 -3.1887351690911228 989.978370 859.913574
55.94556507421642 -3.1887351690911228 ESE 55.94545026918671 -3.1884580052313694 989.978370 858.663574
55.94545026918671 -3.1884580052313694 ESE 55.945335464157 -3.188180841371616 989.978370 857.413574
55.945335464157 -3.188180841371616 ESE 55.94522065912729 -3.1879036775118625 989.978370 856.163574
55.94522065912729 -3.1879036775118625 ESE 55.94510585409758 -3.187626513652109 989.978370 854.913574
55.94510585409758 -3.187626513652109 ESE 55.944991049067866 -3.1873493497923557 989.978370 853.663574
55.944991049067866 -3.1873493497923557 ESE 55.944876244038156 -3.1870721859326023 989.978370 852.413574
55.944876244038156 -3.1870721859326023 ESE 55.944761439008445 -3.186795022072849 989.978370 851.163574
55.944761439008445 -3.186795022072849 ESE 55.944646633978735 -3.1865178582130955 989.978370 849.913574
55.944646633978735 -3.1865178582130955 ESE 55.944531828949025 -3.186240694353342 989.978370 848.663574
55.944531828949025 -3.186240694353342 ESE 55.944417023919314 -3.1859635304935887 989.978370 847.413574
55.944417023919314 -3.1859635304935887 ESE 55.944302218889604 -3.1856863666338353 989.978370 846.163574
55.944302218889604 -3.1856863666338353 ESE 55.94418741385989 -3.185409202774082 989.978370 844.913574
55.94418741385989 -3.185409202774082 ESE 55.94407260883018 -3.1851320389143285 989.978370 843.663574
55.94407260883018 -3.1851320389143285 ESE 55.94395780380047 -3.184854875054575 989.978370 842.413574
55.94395780380047 -3.184854875054575 E 55.94395780380047 -3.184554875054575 1075.854167 917.178290
55.94395780380047 -3.184554875054575 W 55.94395780380047 -3.184854875054575 1075.854167 915.928290
55.94395780380047 -3.184854875054575 W 55.94395780380047 -3.1851548750545753 1075.854167 914.678290
55.94395780380047 -3.1851548750545753 W 55.94395780380047 -3.1854548750545755 1075.854167 913.428290
55.94395780380047 -3.1854548750545755 W 55.94395780380047 -3.1857548750545757 1075.854167 912.178290
55.94395780380047 -3.1857548750545757 W 55.94395780380047 -3.186054875054576 1075.854167 910.928290
55.94395780380047 -3.186054875054576 W 55.94395780380047 -3.186354875054576 1075.854167 909.678290
55.94395780380047 -3.186354875054576 W 55.94395780380047 -3.1866548750545762 1075.854167 908.428290
55.94395780380047 -3.1866548750545762 W 55.94395780380047 -3.1869548750545764 1075.854167 907.178290
55.94395780380047 -3.1869548750545764 W 55.94395780380047 -3.1872548750545766 1075.854167 905.928290
55.94395780380047 -3.1872548750545766 W 55.94395780380047 -3.187554875054577 1075.854167 904.678290
55.94395780380047 -3.187554875054577 W 55.94395780380047 -3.187854875054577 1075.854167 903.428290
55.94395780380047 -3.187854875054577 W 55.94395780380047 -3.188154875054577 1075.854167 902.178290
55.94395780380047 -3.188154875054577 W 55.94395780380047 -3.1884548750545774 1075.854167 900.928290
55.94395780380047 -3.1884548750545774 W 55.94395780380047 -3.1887548750545776 1075.854167 899.678290
55.94395780380047 -3.1887548750545776 WNW 55.94407260883018 -3.189032038914331 1075.854167 898.428290
55.94407260883018 -3.189032038914331 W 55.94407260883018 -3.189332038914331 1075.854167 897.178290
55.94407260883018 -3.189332038914331 WNW 55.94418741385989 -3.1896092027740846 1075.854167 895.928290
55.94418741385989 -3.1896092027740846 W 55.94418741385989 -3.1899092027740847 1075.854167 894.678290
55.94418741385989 -3.1899092027740847 WNW 55.944302218889604 -3.190186366633838 1075.854167 893.428290
55.944302218889604 -3.190186366633838 W 55.944302218889604 -3.1904863666338383 1075.854167 892.178290
55.944302218889604 -3.1904863666338383 WNW 55.944417023919314 -3.1907635304935917 1075.854167 890.928290
55.944417023919314 -3.1907635304935917 W 55.944417023919314 -3.191063530493592 1075.854167 889.678290
55.944417023919314 -3.191063530493592 WNW 55.944531828949025 -3.1913406943533453 1075.854167 888.428290
55.944531828949025 -3.1913406943533453 W 55.944531828949025 -3.1916406943533455 1075.854167 887.178290
55.944531828949025 -3.1916406943533455 SSE 55.94425466508927 -3.191525889323636 1165.012914 988.719095
55.94425466508927 -3.191525889323636 SSE 55.94397750122951 -3.1914110842939265 1165.012914 987.469095
55.94397750122951 -3.1914110842939265 SSE 55.943700337369755 -3.191296279264217 1209.326954 991.832728
55.943700337369755 -3.191296279264217 SSE 55.94342317351 -3.1911814742345075 1271.024465 1011.947273
55.94342317351 -3.1911814742345075 S 55.943123173509996 -3.1911814742345075 1202.571489 1006.747617
55.943123173509996 -3.1911814742345075 SSE 55.94284600965024 -3.191066669204798 1202.571489 1005.497617
55.94284600965024 -3.191066669204798 ENE 55.94296081467995 -3.1907895053450446 1280.226906 1087.739496
55.94296081467995 -3.1907895053450446 ENE 55.94307561970966 -3.190512341485291 1280.226906 1086.489496
55.94307561970966 -3.190512341485291 ENE 55.94319042473937 -3.1902351776255378 1280.226906 1085.239496
55.94319042473937 -3.1902351776255378 ENE 55.94330522976908 -3.1899580137657844 1280.226906 1083.989496
55.94330522976908 -3.1899580137657844 ENE 55.94342003479879 -3.189680849906031 1234.831446 1068.042875
55.94342003479879 -3.189680849906031 ENE 55.9435348398285 -3.1894036860462776 1234.831446 1066.792875
55.9435348398285 -3.1894036860462776 ENE 55.94364964485821 -3.189126522186524 1234.831446 1065.542875
55.94364964485821 -3.189126522186524 ENE 55.94376444988792 -3.1888493583267707 1234.831446 1064.292875
55.94376444988792 -3.1888493583267707 ENE 55.94387925491763 -3.1885721944670173 1234.831446 1063.042875
55.94387925491763 -3.1885721944670173 ENE 55.94399405994734 -3.188295030607264 1234.831446 1061.792875
55.94399405994734 -3.188295030607264 ENE 55.94410886497705 -3.1880178667475105 1234.831446 1060.542875
55.94410886497705 -3.1880178667475105 ENE 55.944223670006764 -3.187740702887757 1208.889037 1049.124393
55.944223670006764 -3.187740702887757 ENE 55.944338475036474 -3.1874635390280037 1208.889037 1047.874393
55.944338475036474 -3.1874635390280037 ENE 55.944453280066185 -3.1871863751682503 1208.889037 1046.624393
55.944453280066185 -3.1871863751682503 ENE 55.944568085095895 -3.186909211308497 1208.889037 1045.374393
55.944568085095895 -3.186909211308497 ENE 55.944682890125605 -3.1866320474487435 1208.889037 1044.124393
55.944682890125605 -3.1866320474487435 ENE 55.944797695155316 -3.18635488358899 1208.889037 1042.874393
55.944797695155316 -3.18635488358899 E 55.944797695155316 -3.18605488358899 1208.889037 1041.624393
55.944797695155316 -3.18605488358899 ENE 55.944912500185026 -3.1857777197292365 1208.889037 1040.374393
55.944912500185026 -3.1857777197292365 E 55.944912500185026 -3.1854777197292363 1208.889037 1039.124393
55.944912500185026 -3.1854777197292363 ENE 55.94502730521474 -3.185200555869483 1208.889037 1037.874393
55.94502730521474 -3.185200555869483 E 55.94502730521474 -3.1849005558694827 1208.889037 1036.624393
55.94502730521474 -3.1849005558694827 WSW 55.944912500185026 -3.185177719729236 1241.681899 1122.484396
55.944912500185026 -3.185177719729236 WSW 55.944797695155316 -3.1854548835889895 1241.681899 1121.234396
55.944797695155316 -3.1854548835889895 WSW 55.944682890125605 -3.185732047448743 1241.681899 1119.984396
55.944682890125605 -3.185732047448743 WSW 55.944568085095895 -3.1860092113084963 1241.681899 1118.734396
55.944568085095895 -3.1860092113084963 WSW 55.944453280066185 -3.1862863751682498 1241.681899 1117.484396
55.944453280066185 -3.1862863751682498 WSW 55.944338475036474 -3.186563539028003 1241.681899 1116.234396
55.944338475036474 -3.186563539028003 SW 55.94412634300212 -3.186775671062359 1237.235049 1010.735464
55.94412634300212 -3.186775671062359 WSW 55.94401153797241 -3.1870528349221123 1347.844019 1080.896975
55.94401153797241 -3.1870528349221123 WSW 55.9438967329427 -3.1873299987818657 1347.844019 1079.646975
55.9438967329427 -3.1873299987818657 WSW 55.94378192791299 -3.187607162641619 1347.844019 1078.396975
55.94378192791299 -3.187607162641619 WSW 55.94366712288328 -3.1878843265013725 1347.844019 1077.146975
55.94366712288328 -3.1878843265013725 WSW 55.943552317853566 -3.188161490361126 1347.844019 1075.896975
55.943552317853566 -3.188161490361126 WSW 55.943437512823856 -3.1884386542208794 1347.844019 1074.646975
55.943437512823856 -3.1884386542208794 WSW 55.943322707794145 -3.1887158180806328 1347.844019 1073.396975
55.943322707794145 -3.1887158180806328 WSW 55.943207902764435 -3.188992981940386 1347.844019 1072.146975
55.943207902764435 -3.188992981940386 WSW 55.943093097734724 -3.1892701458001396 1347.844019 1070.896975
55.943093097734724 -3.1892701458001396 SW 55.94288096570037 -3.1894822778344953 1347.844019 1069.646975
55.94288096570037 -3.1894822778344953 WSW 55.94276616067066 -3.1897594416942487 1347.844019 1068.396975
55.94276616067066 -3.1897594416942487 SW 55.9425540286363 -3.1899715737286045 1397.282451 1136.979698
55.9425540286363 -3.1899715737286045 NW 55.94276616067066 -3.1901837057629603 1397.282451 1135.729698
55.94276616067066 -3.1901837057629603 NW 55.942978292705014 -3.190395837797316 1397.282451 1134.479698
55.942978292705014 -3.190395837797316 NW 55.94319042473937 -3.190607969831672 1397.282451 1133.229698
55.94319042473937 -3.190607969831672 NW 55.94340255677373 -3.1908201018660276 1397.282451 1131.979698
55.94340255677373 -3.1908201018660276 NW 55.94361468880808 -3.1910322339003834 1397.282451 1130.729698
55.94361468880808 -3.1910322339003834 WNW 55.94372949383779 -3.191309397760137 1397.282451 1129.479698
55.94372949383779 -3.191309397760137 NW 55.94394162587215 -3.1915215297944926 1397.282451 1128.229698
55.94394162587215 -3.1915215297944926 WNW 55.94405643090186 -3.191798693654246 1397.282451 1126.979698
55.94405643090186 -3.191798693654246 E 55.94405643090186 -3.1914986936542458 1412.937658 1166.493125
55.94405643090186 -3.1914986936542458 ESE 55.94394162587215 -3.1912215297944924 1412.937658 1165.243125
55.94394162587215 -3.1912215297944924 ESE 55.94382682084244 -3.190944365934739 1412.937658 1163.993125
55.94382682084244 -3.190944365934739 ESE 55.94371201581273 -3.1906672020749856 1412.937658 1162.743125
55.94371201581273 -3.1906672020749856 ESE 55.94359721078302 -3.190390038215232 1412.937658 1161.493125
55.94359721078302 -3.190390038215232 ESE 55.94348240575331 -3.1901128743554787 1412.937658 1160.243125
55.94348240575331 -3.1901128743554787 ESE 55.9433676007236 -3.1898357104957253 1412.937658 1158.993125
55.9433676007236 -3.1898357104957253 ESE 55.94325279569389 -3.189558546635972 1412.937658 1157.743125
55.94325279569389 -3.189558546635972 ESE 55.94313799066418 -3.1892813827762185 1412.937658 1156.493125
55.94313799066418 -3.1892813827762185 ESE 55.943023185634466 -3.189004218916465 1412.937658 1155.243125
55.943023185634466 -3.189004218916465 E 55.943023185634466 -3.188704218916465 1412.937658 1153.993125
55.943023185634466 -3.188704218916465 ESE 55.942908380604756 -3.1884270550567115 1412.937658 1152.743125
55.942908380604756 -3.1884270550567115 E 55.942908380604756 -3.1881270550567113 1412.937658 1151.493125
55.942908380604756 -3.1881270550567113 ESE 55.942793575575045 -3.187849891196958 1412.937658 1150.243125
55.942793575575045 -3.187849891196958 E 55.942793575575045 -3.1875498911969578 1412.937658 1148.993125
55.942793575575045 -3.1875498911969578 ESE 55.942678770545335 -3.1872727273372043 1412.937658 1147.743125
55.942678770545335 -3.1872727273372043 E 55.942678770545335 -3.186972727337204 1412.937658 1146.493125
55.942678770545335 -3.186972727337204 SW 55.94246663851098 -3.18718485937156 1436.964313 1262.339851
55.94246663851098 -3.18718485937156 NE 55.942678770545335 -3.186972727337204 1436.964313 1261.089851
55.942678770545335 -3.186972727337204 SSE 55.94240160668558 -3.1868579223074947 1436.964313 1259.839851
55.94240160668558 -3.1868579223074947 S 55.942101606685576 -3.1868579223074947 1436.964313 1258.589851
55.942101606685576 -3.1868579223074947 NW 55.94231373871993 -3.1870700543418504 1436.964313 1257.339851
55.94231373871993 -3.1870700543418504 SSE 55.942036574860175 -3.186955249312141 1436.964313 1256.089851
55.942036574860175 -3.186955249312141 ESE 55.941921769830465 -3.1866780854523875 1436.964313 1254.839851
55.941921769830465 -3.1866780854523875 W 55.941921769830465 -3.1869780854523877 1436.964313 1253.589851
55.941921769830465 -3.1869780854523877 SSW 55.94164460597071 -3.187092890482097 1436.964313 1252.339851
55.94164460597071 -3.187092890482097 SSW 55.94136744211095 -3.1872076955118067 1436.964313 1251.089851
55.94136744211095 -3.1872076955118067 SSW 55.941090278251195 -3.1873225005415162 1436.964313 1249.839851
55.941090278251195 -3.1873225005415162 SSE 55.94081311439144 -3.1872076955118067 1436.964313 1248.589851
55.94081311439144 -3.1872076955118067 NW 55.941025246425795 -3.1874198275461625 1436.964313 1247.339851
55.941025246425795 -3.1874198275461625 SSW 55.94074808256604 -3.187534632575872 1436.964313 1246.089851
55.94074808256604 -3.187534632575872 ENE 55.94086288759575 -3.1872574687161186 1436.964313 1244.839851
55.94086288759575 -3.1872574687161186 SSE 55.94058572373599 -3.187142663686409 1436.964313 1243.589851
55.94058572373599 -3.187142663686409 SE 55.940373591701636 -3.1869305316520533 1436.964313 1242.339851
55.940373591701636 -3.1869305316520533 E 55.940373591701636 -3.186630531652053 1436.964313 1241.089851
55.940373591701636 -3.186630531652053 SW 55.94016145966728 -3.186842663686409 1436.964313 1239.839851
55.94016145966728 -3.186842663686409 NE 55.940373591701636 -3.186630531652053 1436.964313 1238.589851
55.940373591701636 -3.186630531652053 SSW 55.94009642784188 -3.1867453366817626 1436.964313 1237.339851
55.94009642784188 -3.1867453366817626 NNE 55.940373591701636 -3.186630531652053 1436.964313 1236.089851
55.940373591701636 -3.186630531652053 WNW 55.94048839673135 -3.1869076955118065 1436.964313 1234.839851
55.94048839673135 -3.1869076955118065 SW 55.94027626469699 -3.1871198275461623 1436.964313 1233.589851
55.94027626469699 -3.1871198275461623 N 55.94057626469699 -3.1871198275461623 1436.964313 1232.339851
55.94057626469699 -3.1871198275461623 ENE 55.940691069726704 -3.186842663686409 1436.964313 1231.089851
55.940691069726704 -3.186842663686409 NW 55.94090320176106 -3.1870547957207647 1436.964313 1229.839851
55.94090320176106 -3.1870547957207647 SW 55.940691069726704 -3.1872669277551204 1436.964313 1228.589851
55.940691069726704 -3.1872669277551204 NW 55.94090320176106 -3.187479059789476 1436.964313 1227.339851
55.94090320176106 -3.187479059789476 S 55.94060320176106 -3.187479059789476 1436.964313 1226.089851
55.94060320176106 -3.187479059789476 WSW 55.94048839673135 -3.1877562236492296 1436.964313 1224.839851
55.94048839673135 -3.1877562236492296 W 55.94048839673135 -3.18805622364923 1436.964313 1223.589851
55.94048839673135 -3.18805622364923 ESE 55.940373591701636 -3.1877790597894764 1436.964313 1222.339851
55.940373591701636 -3.1877790597894764 ESE 55.940258786671926 -3.187501895929723 1436.964313 1221.089851
55.940258786671926 -3.187501895929723 NNW 55.94053595053168 -3.1876167009594325 1436.964313 1219.839851
