55.944425 -3.188396 ENE 55.94453980502971 -3.1881188361402466 0.000000 248.750000
55.94453980502971 -3.1881188361402466 ENE 55.94465461005942 -3.187841672280493 0.000000 247.500000
55.94465461005942 -3.187841672280493 ENE 55.944769415089134 -3.18756450842074 0.000000 246.250000
55.944769415089134 -3.18756450842074 ENE 55.944884220118844 -3.1872873445609864 0.000000 245.000000
55.944884220118844 -3.1872873445609864 ENE 55.944999025148554 -3.187010180701233 49.270928 256.824749
55.944999025148554 -3.187010180701233 ENE 55.945113830178265 -3.1867330168414796 0.000000 131.704170
55.945113830178265 -3.1867330168414796 ENE 55.945228635207975 -3.186455852981726 0.000000 130.454170
55.945228635207975 -3.186455852981726 ENE 55.945343440237686 -3.1861786891219728 0.000000 129.204170
55.945343440237686 -3.1861786891219728 ENE 55.945458245267396 -3.1859015252622194 0.000000 127.954170
55.945458245267396 -3.1859015252622194 S 55.94515824526739 -3.1859015252622194 113.887452 161.557950
55.94515824526739 -3.1859015252622194 S 55.94485824526739 -3.1859015252622194 220.206845 177.434411
55.94485824526739 -3.1859015252622194 S 55.94455824526739 -3.1859015252622194 235.925669 269.476424
55.94455824526739 -3.1859015252622194 SSE 55.94428108140763 -3.18578672023251 235.925669 268.226424
55.94428108140763 -3.18578672023251 S 55.94398108140763 -3.18578672023251 235.925669 266.976424
55.94398108140763 -3.18578672023251 SSE 55.94370391754787 -3.1856719152028004 235.925669 265.726424
55.94370391754787 -3.1856719152028004 S 55.94340391754787 -3.1856719152028004 313.140754 273.632146
55.94340391754787 -3.1856719152028004 SSE 55.94312675368811 -3.185557110173091 313.140754 272.382146
55.94312675368811 -3.185557110173091 WNW 55.94324155871782 -3.1858342740328442 348.280399 331.473396
55.94324155871782 -3.1858342740328442 WNW 55.94335636374753 -3.1861114378925977 348.280399 330.223396
55.94335636374753 -3.1861114378925977 WNW 55.94347116877724 -3.186388601752351 348.280399 328.973396
55.94347116877724 -3.186388601752351 WNW 55.943585973806954 -3.1866657656121045 348.280399 327.723396
55.943585973806954 -3.1866657656121045 WNW 55.943700778836664 -3.186942929471858 348.280399 326.473396
55.943700778836664 -3.186942929471858 WNW 55.943815583866375 -3.1872200933316113 343.453795 266.180123
55.943815583866375 -3.1872200933316113 WNW 55.943930388896085 -3.1874972571913647 343.453795 264.930123
55.943930388896085 -3.1874972571913647 W 55.943930388896085 -3.187797257191365 343.453795 263.680123
55.943930388896085 -3.187797257191365 WNW 55.944045193925795 -3.1880744210511183 343.453795 262.430123
55.944045193925795 -3.1880744210511183 SW 55.94383306189144 -3.188286553085474 416.823182 338.508960
55.94383306189144 -3.188286553085474 SW 55.94362092985708 -3.18849868511983 416.823182 337.258960
55.94362092985708 -3.18849868511983 SW 55.94340879782273 -3.1887108171541856 416.823182 336.008960
55.94340879782273 -3.1887108171541856 WSW 55.943293992793016 -3.188987981013939 416.823182 334.758960
55.943293992793016 -3.188987981013939 SW 55.94308186075866 -3.1892001130482948 473.461742 417.171001
55.94308186075866 -3.1892001130482948 WSW 55.94296705572895 -3.189477276908048 473.461742 415.921001
55.94296705572895 -3.189477276908048 SW 55.942754923694594 -3.189689408942404 473.461742 414.671001
55.942754923694594 -3.189689408942404 W 55.942754923694594 -3.189989408942404 522.900175 483.253724
55.942754923694594 -3.189989408942404 W 55.942754923694594 -3.1902894089424043 522.900175 482.003724
55.942754923694594 -3.1902894089424043 W 55.942754923694594 -3.1905894089424045 522.900175 480.753724
55.942754923694594 -3.1905894089424045 W 55.942754923694594 -3.1908894089424047 522.900175 479.503724
55.942754923694594 -3.1908894089424047 ENE 55.942869728724304 -3.1906122450826513 600.555592 561.745603
55.942869728724304 -3.1906122450826513 ENE 55.942984533754014 -3.190335081222898 600.555592 560.495603
55.942984533754014 -3.190335081222898 ENE 55.943099338783725 -3.1900579173631445 600.555592 559.245603
55.943099338783725 -3.1900579173631445 ENE 55.943214143813435 -3.189780753503391 555.160132 543.298982
55.943214143813435 -3.189780753503391 ENE 55.943328948843146 -3.1895035896436377 555.160132 542.048982
55.943328948843146 -3.1895035896436377 ENE 55.943443753872856 -3.1892264257838843 555.160132 540.798982
55.943443753872856 -3.1892264257838843 ENE 55.943558558902566 -3.188949261924131 555.160132 539.548982
55.943558558902566 -3.188949261924131 ENE 55.94367336393228 -3.1886720980643775 555.160132 538.298982
55.94367336393228 -3.1886720980643775 ENE 55.94378816896199 -3.188394934204624 555.160132 537.048982
55.94378816896199 -3.188394934204624 ENE 55.9439029739917 -3.1881177703448706 555.160132 535.798982
55.9439029739917 -3.1881177703448706 ENE 55.94401777902141 -3.1878406064851172 555.160132 534.548982
55.94401777902141 -3.1878406064851172 E 55.94401777902141 -3.187540606485117 529.217723 523.130500
55.94401777902141 -3.187540606485117 ENE 55.94413258405112 -3.1872634426253637 529.217723 521.880500
55.94413258405112 -3.1872634426253637 E 55.94413258405112 -3.1869634426253635 529.217723 520.630500
55.94413258405112 -3.1869634426253635 ENE 55.94424738908083 -3.18668627876561 529.217723 519.380500
55.94424738908083 -3.18668627876561 W 55.94424738908083 -3.1869862787656102 639.826692 589.542011
55.94424738908083 -3.1869862787656102 W 55.94424738908083 -3.1872862787656104 639.826692 588.292011
55.94424738908083 -3.1872862787656104 W 55.94424738908083 -3.1875862787656106 639.826692 587.042011
55.94424738908083 -3.1875862787656106 W 55.94424738908083 -3.187886278765611 639.826692 585.792011
55.94424738908083 -3.187886278765611 W 55.94424738908083 -3.188186278765611 639.826692 584.542011
55.94424738908083 -3.188186278765611 W 55.94424738908083 -3.188486278765611 639.826692 583.292011
55.94424738908083 -3.188486278765611 W 55.94424738908083 -3.1887862787656114 639.826692 582.042011
55.94424738908083 -3.1887862787656114 W 55.94424738908083 -3.1890862787656116 615.998970 556.896077
55.94424738908083 -3.1890862787656116 W 55.94424738908083 -3.1893862787656118 615.998970 555.646077
55.94424738908083 -3.1893862787656118 W 55.94424738908083 -3.189686278765612 615.998970 554.396077
55.94424738908083 -3.189686278765612 W 55.94424738908083 -3.189986278765612 615.998970 553.146077
55.94424738908083 -3.189986278765612 W 55.94424738908083 -3.1902862787656123 615.998970 551.896077
55.94424738908083 -3.1902862787656123 WNW 55.94436219411054 -3.1905634426253657 615.998970 550.646077
55.94436219411054 -3.1905634426253657 W 55.94436219411054 -3.190863442625366 615.998970 549.396077
55.94436219411054 -3.190863442625366 WNW 55.94447699914025 -3.1911406064851193 615.998970 548.146077
55.94447699914025 -3.1911406064851193 W 55.94447699914025 -3.1914406064851195 615.998970 546.896077
55.94447699914025 -3.1914406064851195 E 55.94447699914025 -3.1911406064851193 708.093824 550.741240
55.94447699914025 -3.1911406064851193 E 55.94447699914025 -3.190840606485119 708.093824 549.491240
55.94447699914025 -3.190840606485119 E 55.94447699914025 -3.190540606485119 708.093824 548.241240
55.94447699914025 -3.190540606485119 E 55.94447699914025 -3.1902406064851188 708.093824 546.991240
55.94447699914025 -3.1902406064851188 E 55.94447699914025 -3.1899406064851186 768.891549 582.259349
55.94447699914025 -3.1899406064851186 E 55.94447699914025 -3.1896406064851184 779.669051 642.751571
55.94447699914025 -3.1896406064851184 E 55.94447699914025 -3.189340606485118 875.751125 676.086656
55.94447699914025 -3.189340606485118 E 55.94447699914025 -3.189040606485118 875.751125 674.836656
55.94447699914025 -3.189040606485118 E 55.94447699914025 -3.188740606485118 875.751125 673.586656
55.94447699914025 -3.188740606485118 E 55.94447699914025 -3.1884406064851176 875.751125 672.336656
55.94447699914025 -3.1884406064851176 E 55.94447699914025 -3.1881406064851174 875.751125 671.086656
55.94447699914025 -3.1881406064851174 E 55.94447699914025 -3.1878406064851172 875.751125 669.836656
55.94447699914025 -3.1878406064851172 E 55.94447699914025 -3.187540606485117 875.751125 668.586656
55.94447699914025 -3.187540606485117 ENE 55.94459180416996 -3.1872634426253637 875.751125 667.336656
55.94459180416996 -3.1872634426253637 E 55.94459180416996 -3.1869634426253635 875.751125 666.086656
55.94459180416996 -3.1869634426253635 ENE 55.94470660919967 -3.18668627876561 875.751125 664.836656
55.94470660919967 -3.18668627876561 E 55.94470660919967 -3.18638627876561 875.751125 663.586656
55.94470660919967 -3.18638627876561 ENE 55.94482141422938 -3.1861091149058565 875.751125 662.336656
55.94482141422938 -3.1861091149058565 E 55.94482141422938 -3.1858091149058563 875.751125 661.086656
55.94482141422938 -3.1858091149058563 ENE 55.94493621925909 -3.185531951046103 875.751125 659.836656
55.94493621925909 -3.185531951046103 E 55.94493621925909 -3.1852319510461027 875.751125 658.586656
55.94493621925909 -3.1852319510461027 ENE 55.9450510242888 -3.1849547871863493 875.751125 657.336656
55.9450510242888 -3.1849547871863493 W 55.9450510242888 -3.1852547871863495 908.543987 743.196660
55.9450510242888 -3.1852547871863495 W 55.9450510242888 -3.1855547871863497 908.543987 741.946660
55.9450510242888 -3.1855547871863497 W 55.9450510242888 -3.18585478718635 908.543987 740.696660
55.9450510242888 -3.18585478718635 W 55.9450510242888 -3.18615478718635 908.543987 739.446660
55.9450510242888 -3.18615478718635 W 55.9450510242888 -3.1864547871863502 908.543987 738.196660
55.9450510242888 -3.1864547871863502 W 55.9450510242888 -3.1867547871863504 908.543987 736.946660
55.9450510242888 -3.1867547871863504 W 55.9450510242888 -3.1870547871863506 853.801629 735.696660
55.9450510242888 -3.1870547871863506 W 55.9450510242888 -3.187354787186351 853.801629 734.446660
55.9450510242888 -3.187354787186351 W 55.9450510242888 -3.187654787186351 853.801629 733.196660
55.9450510242888 -3.187654787186351 W 55.9450510242888 -3.187954787186351 853.801629 731.946660
55.9450510242888 -3.187954787186351 W 55.9450510242888 -3.1882547871863514 853.801629 730.696660
55.9450510242888 -3.1882547871863514 W 55.9450510242888 -3.1885547871863515 853.801629 729.446660
55.9450510242888 -3.1885547871863515 W 55.9450510242888 -3.1888547871863517 820.666479 653.747242
55.9450510242888 -3.1888547871863517 W 55.9450510242888 -3.189154787186352 820.666479 652.497242
55.9450510242888 -3.189154787186352 W 55.9450510242888 -3.189454787186352 820.666479 651.247242
55.9450510242888 -3.189454787186352 W 55.9450510242888 -3.1897547871863523 820.666479 649.997242
55.9450510242888 -3.1897547871863523 W 55.9450510242888 -3.1900547871863525 820.666479 648.747242
55.9450510242888 -3.1900547871863525 WNW 55.94516582931851 -3.190331951046106 820.666479 647.497242
55.94516582931851 -3.190331951046106 W 55.94516582931851 -3.190631951046106 936.438861 732.304437
55.94516582931851 -3.190631951046106 WNW 55.94528063434822 -3.1909091149058595 936.438861 731.054437
55.94528063434822 -3.1909091149058595 W 55.94528063434822 -3.1912091149058597 936.438861 729.804437
55.94528063434822 -3.1912091149058597 E 55.94528063434822 -3.1909091149058595 1000.368788 846.434046
55.94528063434822 -3.1909091149058595 ENE 55.94539543937793 -3.190631951046106 1000.368788 845.184046
55.94539543937793 -3.190631951046106 E 55.94539543937793 -3.190331951046106 1000.368788 843.934046
55.94539543937793 -3.190331951046106 ENE 55.94551024440764 -3.1900547871863525 1000.368788 842.684046
55.94551024440764 -3.1900547871863525 E 55.94551024440764 -3.1897547871863523 1000.368788 841.434046
55.94551024440764 -3.1897547871863523 ENE 55.94562504943735 -3.189477623326599 1000.368788 840.184046
55.94562504943735 -3.189477623326599 E 55.94562504943735 -3.1891776233265987 1000.368788 838.934046
55.94562504943735 -3.1891776233265987 SW 55.945412917403 -3.1893897553609545 1080.999276 953.530524
55.945412917403 -3.1893897553609545 SW 55.94520078536864 -3.1896018873953103 1080.999276 952.280524
55.94520078536864 -3.1896018873953103 SW 55.944988653334285 -3.189814019429666 1080.999276 951.030524
55.944988653334285 -3.189814019429666 SW 55.94477652129993 -3.190026151464022 1080.999276 949.780524
55.94477652129993 -3.190026151464022 SW 55.94456438926557 -3.1902382834983776 1080.999276 948.530524
55.94456438926557 -3.1902382834983776 SW 55.944352257231216 -3.1904504155327333 1080.999276 947.280524
55.944352257231216 -3.1904504155327333 SW 55.94414012519686 -3.190662547567089 1080.999276 946.030524
55.94414012519686 -3.190662547567089 WSW 55.94402532016715 -3.1909397114268425 1103.293390 955.839088
55.94402532016715 -3.1909397114268425 SW 55.94381318813279 -3.1911518434611983 1103.293390 954.589088
55.94381318813279 -3.1911518434611983 NE 55.94402532016715 -3.1909397114268425 1164.990901 974.703632
55.94402532016715 -3.1909397114268425 NE 55.944237452201506 -3.1907275793924867 1164.990901 973.453632
55.944237452201506 -3.1907275793924867 NE 55.94444958423586 -3.190515447358131 1164.990901 972.203632
55.94444958423586 -3.190515447358131 NE 55.94466171627022 -3.190303315323775 1164.990901 970.953632
55.94466171627022 -3.190303315323775 ENE 55.94477652129993 -3.190026151464022 1164.990901 969.703632
55.94477652129993 -3.190026151464022 NE 55.944988653334285 -3.189814019429666 1164.990901 968.453632
55.944988653334285 -3.189814019429666 ENE 55.945103458363995 -3.1895368555699126 1164.990901 967.203632
55.945103458363995 -3.1895368555699126 NE 55.94531559039835 -3.189324723535557 1164.990901 965.953632
55.94531559039835 -3.189324723535557 ENE 55.94543039542806 -3.1890475596758034 1164.990901 964.703632
55.94543039542806 -3.1890475596758034 NE 55.94564252746242 -3.1888354276414477 1164.990901 963.453632
55.94564252746242 -3.1888354276414477 SW 55.94543039542806 -3.1890475596758034 1186.884098 1063.192547
55.94543039542806 -3.1890475596758034 WSW 55.94531559039835 -3.189324723535557 1186.884098 1061.942547
55.94531559039835 -3.189324723535557 SW 55.945103458363995 -3.1895368555699126 1186.884098 1060.692547
55.945103458363995 -3.1895368555699126 WSW 55.944988653334285 -3.189814019429666 1186.884098 1059.442547
55.944988653334285 -3.189814019429666 SW 55.94477652129993 -3.190026151464022 1186.884098 1058.192547
55.94477652129993 -3.190026151464022 WSW 55.94466171627022 -3.190303315323775 1186.884098 1056.942547
55.94466171627022 -3.190303315323775 SW 55.94444958423586 -3.190515447358131 1186.884098 1055.692547
55.94444958423586 -3.190515447358131 WSW 55.94433477920615 -3.1907926112178844 1186.884098 1054.442547
55.94433477920615 -3.1907926112178844 SW 55.944122647171795 -3.19100474325224 1186.884098 1053.192547
55.944122647171795 -3.19100474325224 WSW 55.944007842142085 -3.1912819071119936 1186.884098 1051.942547
55.944007842142085 -3.1912819071119936 E 55.944007842142085 -3.1909819071119934 1231.198138 1056.306181
55.944007842142085 -3.1909819071119934 E 55.944007842142085 -3.190681907111993 1231.198138 1055.056181
55.944007842142085 -3.190681907111993 E 55.944007842142085 -3.190381907111993 1231.198138 1053.806181
55.944007842142085 -3.190381907111993 E 55.944007842142085 -3.190081907111993 1231.198138 1052.556181
55.944007842142085 -3.190081907111993 E 55.944007842142085 -3.1897819071119926 1231.198138 1051.306181
55.944007842142085 -3.1897819071119926 E 55.944007842142085 -3.1894819071119924 1231.198138 1050.056181
55.944007842142085 -3.1894819071119924 E 55.944007842142085 -3.1891819071119922 1231.198138 1048.806181
55.944007842142085 -3.1891819071119922 E 55.944007842142085 -3.188881907111992 1231.198138 1047.556181
55.944007842142085 -3.188881907111992 E 55.944007842142085 -3.188581907111992 1231.198138 1046.306181
55.944007842142085 -3.188581907111992 E 55.944007842142085 -3.1882819071119917 1231.198138 1045.056181
55.944007842142085 -3.1882819071119917 E 55.944007842142085 -3.1879819071119915 1231.198138 1043.806181
55.944007842142085 -3.1879819071119915 E 55.944007842142085 -3.1876819071119913 1231.198138 1042.556181
55.944007842142085 -3.1876819071119913 E 55.944007842142085 -3.187381907111991 1231.198138 1041.306181
55.944007842142085 -3.187381907111991 E 55.944007842142085 -3.187081907111991 1231.198138 1040.056181
55.944007842142085 -3.187081907111991 E 55.944007842142085 -3.1867819071119907 1231.198138 1038.806181
55.944007842142085 -3.1867819071119907 E 55.944007842142085 -3.1864819071119905 1231.198138 1037.556181
55.944007842142085 -3.1864819071119905 E 55.944007842142085 -3.1861819071119903 1262.859841 1115.877546
55.944007842142085 -3.1861819071119903 E 55.944007842142085 -3.18588190711199 1262.859841 1114.627546
55.944007842142085 -3.18588190711199 E 55.944007842142085 -3.18558190711199 1262.859841 1113.377546
55.944007842142085 -3.18558190711199 E 55.944007842142085 -3.1852819071119898 1262.859841 1112.127546
55.944007842142085 -3.1852819071119898 E 55.944007842142085 -3.1849819071119896 1262.859841 1110.877546
55.944007842142085 -3.1849819071119896 ESE 55.943893037112375 -3.184704743252236 1262.859841 1109.627546
55.943893037112375 -3.184704743252236 WNW 55.944007842142085 -3.1849819071119896 1348.735638 1184.392263
55.944007842142085 -3.1849819071119896 WNW 55.944122647171795 -3.185259070971743 1348.735638 1183.142263
55.944122647171795 -3.185259070971743 NW 55.94433477920615 -3.1854712030060988 1348.735638 1181.892263
55.94433477920615 -3.1854712030060988 WNW 55.94444958423586 -3.185748366865852 1348.735638 1180.642263
55.94444958423586 -3.185748366865852 NW 55.94466171627022 -3.185960498900208 1348.735638 1179.392263
55.94466171627022 -3.185960498900208 WNW 55.94477652129993 -3.1862376627599613 1348.735638 1178.142263
55.94477652129993 -3.1862376627599613 NW 55.944988653334285 -3.186449794794317 1348.735638 1176.892263
55.944988653334285 -3.186449794794317 WNW 55.945103458363995 -3.1867269586540705 1348.735638 1175.642263
55.945103458363995 -3.1867269586540705 NW 55.94531559039835 -3.1869390906884263 1348.735638 1174.392263
55.94531559039835 -3.1869390906884263 WNW 55.94543039542806 -3.1872162545481797 1348.735638 1173.142263
55.94543039542806 -3.1872162545481797 NW 55.94564252746242 -3.1874283865825355 1348.735638 1171.892263
55.94564252746242 -3.1874283865825355 W 55.94564252746242 -3.1877283865825357 1359.569621 1253.211353
55.94564252746242 -3.1877283865825357 W 55.94564252746242 -3.188028386582536 1359.569621 1251.961353
55.94564252746242 -3.188028386582536 W 55.94564252746242 -3.188328386582536 1359.569621 1250.711353
55.94564252746242 -3.188328386582536 W 55.94564252746242 -3.1886283865825362 1359.569621 1249.461353
55.94564252746242 -3.1886283865825362 W 55.94564252746242 -3.1889283865825364 1359.569621 1248.211353
55.94564252746242 -3.1889283865825364 W 55.94564252746242 -3.1892283865825366 1359.569621 1246.961353
55.94564252746242 -3.1892283865825366 W 55.94564252746242 -3.189528386582537 1359.569621 1245.711353
55.94564252746242 -3.189528386582537 W 55.94564252746242 -3.189828386582537 1359.569621 1244.461353
55.94564252746242 -3.189828386582537 W 55.94564252746242 -3.190128386582537 1359.569621 1243.211353
55.94564252746242 -3.190128386582537 W 55.94564252746242 -3.1904283865825374 1359.569621 1241.961353
55.94564252746242 -3.1904283865825374 W 55.94564252746242 -3.1907283865825375 1359.569621 1240.711353
55.94564252746242 -3.1907283865825375 WSW 55.94552772243271 -3.191005550442291 1359.569621 1239.461353
55.94552772243271 -3.191005550442291 W 55.94552772243271 -3.191305550442291 1359.569621 1238.211353
55.94552772243271 -3.191305550442291 WSW 55.945412917403 -3.1915827143020445 1359.569621 1236.961353
55.945412917403 -3.1915827143020445 W 55.945412917403 -3.1918827143020447 1359.569621 1235.711353
55.945412917403 -3.1918827143020447 WSW 55.94529811237329 -3.192159878161798 1248.617917 1203.435962
55.94529811237329 -3.192159878161798 W 55.94529811237329 -3.1924598781617983 1248.617917 1202.185962
55.94529811237329 -3.1924598781617983 SE 55.94508598033893 -3.1922477461274426 1334.044093 1238.949759
55.94508598033893 -3.1922477461274426 SE 55.944873848304574 -3.192035614093087 1334.044093 1237.699759
55.944873848304574 -3.192035614093087 SE 55.94466171627022 -3.191823482058731 1334.044093 1236.449759
55.94466171627022 -3.191823482058731 SE 55.94444958423586 -3.1916113500243752 1423.202840 1337.990564
55.94444958423586 -3.1916113500243752 ESE 55.94433477920615 -3.191334186164622 1423.202840 1336.740564
55.94433477920615 -3.191334186164622 ESE 55.94421997417644 -3.1910570223048684 1423.202840 1335.490564
55.94421997417644 -3.1910570223048684 ESE 55.94410516914673 -3.190779858445115 1423.202840 1334.240564
55.94410516914673 -3.190779858445115 ESE 55.94399036411702 -3.1905026945853616 1423.202840 1332.990564
55.94399036411702 -3.1905026945853616 ESE 55.94387555908731 -3.190225530725608 1423.202840 1331.740564
55.94387555908731 -3.190225530725608 ESE 55.9437607540576 -3.189948366865855 1423.202840 1330.490564
55.9437607540576 -3.189948366865855 ESE 55.94364594902789 -3.1896712030061014 1423.202840 1329.240564
55.94364594902789 -3.1896712030061014 ESE 55.94353114399818 -3.189394039146348 1423.202840 1327.990564
55.94353114399818 -3.189394039146348 ESE 55.94341633896847 -3.1891168752865946 1423.202840 1326.740564
55.94341633896847 -3.1891168752865946 ESE 55.94330153393876 -3.188839711426841 1423.202840 1325.490564
55.94330153393876 -3.188839711426841 ESE 55.94318672890905 -3.188562547567088 1423.202840 1324.240564
55.94318672890905 -3.188562547567088 ESE 55.94307192387934 -3.1882853837073344 1423.202840 1322.990564
55.94307192387934 -3.1882853837073344 ESE 55.94295711884963 -3.188008219847581 1423.202840 1321.740564
55.94295711884963 -3.188008219847581 ESE 55.94284231381992 -3.1877310559878276 1423.202840 1320.490564
55.94284231381992 -3.1877310559878276 ESE 55.942727508790206 -3.187453892128074 1423.202840 1319.240564
55.942727508790206 -3.187453892128074 E 55.942727508790206 -3.187153892128074 1423.202840 1317.990564
55.942727508790206 -3.187153892128074 NE 55.94293964082456 -3.186941760093718 1447.229495 1433.837290
55.94293964082456 -3.186941760093718 NE 55.94315177285892 -3.1867296280593624 1447.229495 1432.587290
55.94315177285892 -3.1867296280593624 NE 55.943363904893275 -3.1865174960250067 1447.229495 1431.337290
55.943363904893275 -3.1865174960250067 NE 55.94357603692763 -3.186305363990651 1447.229495 1430.087290
55.94357603692763 -3.186305363990651 NE 55.94378816896199 -3.186093231956295 1447.229495 1428.837290
55.94378816896199 -3.186093231956295 NE 55.94400030099634 -3.1858810999219394 1447.229495 1427.587290
55.94400030099634 -3.1858810999219394 NE 55.9442124330307 -3.1856689678875836 1447.229495 1426.337290
55.9442124330307 -3.1856689678875836 NE 55.944424565065056 -3.185456835853228 1447.229495 1425.087290
55.944424565065056 -3.185456835853228 NE 55.94463669709941 -3.185244703818872 1447.229495 1423.837290
55.94463669709941 -3.185244703818872 NE 55.94484882913377 -3.1850325717845163 1447.229495 1422.587290
55.94484882913377 -3.1850325717845163 NE 55.945060961168124 -3.1848204397501605 1447.229495 1421.337290
55.945060961168124 -3.1848204397501605 NNE 55.94533812502788 -3.184705634720451 1447.229495 1420.087290
55.94533812502788 -3.184705634720451 NE 55.94555025706224 -3.184493502686095 1447.229495 1418.837290
55.94555025706224 -3.184493502686095 NNE 55.945827420921994 -3.1843786976563857 1447.229495 1417.587290
55.945827420921994 -3.1843786976563857 SSW 55.94555025706224 -3.184493502686095 1516.688009 1532.421686
55.94555025706224 -3.184493502686095 NNE 55.945827420921994 -3.1843786976563857 1516.688009 1531.171686
55.945827420921994 -3.1843786976563857 ENE 55.945942225951704 -3.1841015337966323 1516.688009 1529.921686
55.945942225951704 -3.1841015337966323 SSE 55.94566506209195 -3.183986728766923 1516.688009 1528.671686
55.94566506209195 -3.183986728766923 NW 55.945877194126304 -3.1841988608012786 1516.688009 1527.421686
55.945877194126304 -3.1841988608012786 NE 55.94608932616066 -3.183986728766923 1516.688009 1526.171686
55.94608932616066 -3.183986728766923 WSW 55.94597452113095 -3.184263892626676 1516.688009 1524.921686
55.94597452113095 -3.184263892626676 S 55.94567452113095 -3.184263892626676 1516.688009 1523.671686
55.94567452113095 -3.184263892626676 SSW 55.94539735727119 -3.1843786976563857 1516.688009 1522.421686
55.94539735727119 -3.1843786976563857 ESE 55.94528255224148 -3.1841015337966323 1516.688009 1521.171686
55.94528255224148 -3.1841015337966323 SW 55.945070420207124 -3.184313665830988 1516.688009 1519.921686
55.945070420207124 -3.184313665830988 NNE 55.94534758406688 -3.1841988608012786 1516.688009 1518.671686
55.94534758406688 -3.1841988608012786 WSW 55.94523277903717 -3.184476024661032 1516.688009 1517.421686
55.94523277903717 -3.184476024661032 E 55.94523277903717 -3.184176024661032 1516.688009 1516.171686
55.94523277903717 -3.184176024661032 SSW 55.94495561517741 -3.1842908296907413 1516.688009 1514.921686
55.94495561517741 -3.1842908296907413 SE 55.94474348314306 -3.1840786976563855 1516.688009 1513.671686
55.94474348314306 -3.1840786976563855 SSE 55.9444663192833 -3.183963892626676 1516.688009 1512.421686
55.9444663192833 -3.183963892626676 NNW 55.94474348314306 -3.1840786976563855 1516.688009 1511.171686
55.94474348314306 -3.1840786976563855 ENE 55.94485828817277 -3.183801533796632 1516.688009 1509.921686
