55.944425 -3.188396 ENE 55.94453980502971 -3.1881188361402466 0.000000 248.750000
55.94453980502971 -3.1881188361402466 ENE 55.94465461005942 -3.187841672280493 0.000000 247.500000
55.94465461005942 -3.187841672280493 ENE 55.944769415089134 -3.18756450842074 0.000000 246.250000
55.944769415089134 -3.18756450842074 ENE 55.944884220118844 -3.1872873445609864 0.000000 245.000000
55.944884220118844 -3.1872873445609864 ENE 55.944999025148554 -3.187010180701233 49.270928 256.824749
55.944999025148554 -3.187010180701233 ENE 55.945113830178265 -3.1867330168414796 0.000000 131.704170
55.945113830178265 -3.1867330168414796 ENE 55.945228635207975 -3.186455852981726 0.000000 130.454170
55.945228635207975 -3.186455852981726 ENE 55.945343440237686 -3.1861786891219728 0.000000 129.204170
55.945343440237686 -3.1861786891219728 ENE 55.945458245267396 -3.1859015252622194 0.000000 127.954170
55.945458245267396 -3.1859015252622194 S 55.94515824526739 -3.1859015252622194 113.887452 161.557950
55.94515824526739 -3.1859015252622194 S 55.94485824526739 -3.1859015252622194 220.206845 177.434411
55.94485824526739 -3.1859015252622194 S 55.94455824526739 -3.1859015252622194 235.925669 269.476424
55.94455824526739 -3.1859015252622194 SSE 55.94428108140763 -3.18578672023251 235.925669 268.226424
55.94428108140763 -3.18578672023251 S 55.94398108140763 -3.18578672023251 235.925669 266.976424
55.94398108140763 -3.18578672023251 SSE 55.94370391754787 -3.1856719152028004 235.925669 265.726424
55.94370391754787 -3.1856719152028004 S 55.94340391754787 -3.1856719152028004 313.140754 273.632146
55.94340391754787 -3.1856719152028004 SSE 55.94312675368811 -3.185557110173091 313.140754 272.382146
55.94312675368811 -3.185557110173091 WNW 55.94324155871782 -3.1858342740328442 348.280399 331.473396
55.94324155871782 -3.1858342740328442 WNW 55.94335636374753 -3.1861114378925977 348.280399 330.223396
55.94335636374753 -3.1861114378925977 WNW 55.94347116877724 -3.186388601752351 348.280399 328.973396
55.94347116877724 -3.186388601752351 WNW 55.943585973806954 -3.1866657656121045 348.280399 327.723396
55.943585973806954 -3.1866657656121045 WNW 55.943700778836664 -3.186942929471858 348.280399 326.473396
55.943700778836664 -3.186942929471858 WNW 55.943815583866375 -3.1872200933316113 343.453795 266.180123
55.943815583866375 -3.1872200933316113 WNW 55.943930388896085 -3.1874972571913647 343.453795 264.930123
55.943930388896085 -3.1874972571913647 WNW 55.944045193925795 -3.187774421051118 343.453795 263.680123
55.944045193925795 -3.187774421051118 WNW 55.944159998955506 -3.1880515849108715 343.453795 262.430123
55.944159998955506 -3.1880515849108715 W 55.944159998955506 -3.1883515849108717 317.511386 251.011641
55.944159998955506 -3.1883515849108717 WNW 55.944274803985216 -3.188628748770625 317.511386 249.761641
55.944274803985216 -3.188628748770625 W 55.944274803985216 -3.1889287487706253 293.683664 224.615706
55.944274803985216 -3.1889287487706253 WNW 55.94438960901493 -3.1892059126303787 293.683664 223.365706
55.94438960901493 -3.1892059126303787 W 55.94438960901493 -3.189505912630379 293.683664 222.115706
55.94438960901493 -3.189505912630379 WNW 55.94450441404464 -3.1897830764901323 293.683664 220.865706
55.94450441404464 -3.1897830764901323 W 55.94450441404464 -3.1900830764901325 389.765739 254.200792
55.94450441404464 -3.1900830764901325 NE 55.94471654607899 -3.1898709444557767 400.543241 314.693014
55.94471654607899 -3.1898709444557767 NE 55.94492867811335 -3.189658812421421 400.543241 313.443014
55.94492867811335 -3.189658812421421 NE 55.945140810147706 -3.189446680387065 400.543241 312.193014
55.945140810147706 -3.189446680387065 NNE 55.94541797400746 -3.1893318753573556 400.543241 310.943014
55.94541797400746 -3.1893318753573556 NE 55.94563010604182 -3.189119743323 400.543241 309.693014
55.94563010604182 -3.189119743323 E 55.94563010604182 -3.1888197433229997 481.173729 424.289491
55.94563010604182 -3.1888197433229997 E 55.94563010604182 -3.1885197433229995 503.066925 524.028406
55.94563010604182 -3.1885197433229995 E 55.94563010604182 -3.1882197433229993 503.066925 522.778406
55.94563010604182 -3.1882197433229993 ENE 55.94574491107153 -3.187942579463246 503.066925 521.528406
55.94574491107153 -3.187942579463246 E 55.94574491107153 -3.1876425794632457 503.066925 520.278406
55.94574491107153 -3.1876425794632457 SW 55.94553277903717 -3.1878547114976015 513.900908 601.597497
55.94553277903717 -3.1878547114976015 SW 55.945320647002816 -3.1880668435319572 513.900908 600.347497
55.945320647002816 -3.1880668435319572 SW 55.94510851496846 -3.188278975566313 513.900908 599.097497
55.94510851496846 -3.188278975566313 SSW 55.944831351108704 -3.1883937805960225 513.900908 597.847497
55.944831351108704 -3.1883937805960225 SW 55.94461921907435 -3.1886059126303783 513.900908 596.597497
55.94461921907435 -3.1886059126303783 SSW 55.94434205521459 -3.188720717660088 513.900908 595.347497
55.94434205521459 -3.188720717660088 SW 55.944129923180235 -3.1889328496944436 513.900908 594.097497
55.944129923180235 -3.1889328496944436 SSW 55.94385275932048 -3.189047654724153 513.900908 592.847497
55.94385275932048 -3.189047654724153 SW 55.94364062728612 -3.189259786758509 513.900908 591.597497
55.94364062728612 -3.189259786758509 SSW 55.943363463426365 -3.1893745917882184 513.900908 590.347497
55.943363463426365 -3.1893745917882184 SW 55.94315133139201 -3.189586723822574 513.900908 589.097497
55.94315133139201 -3.189586723822574 SSW 55.94287416753225 -3.1897015288522836 513.900908 587.847497
55.94287416753225 -3.1897015288522836 SW 55.9426620354979 -3.1899136608866394 513.900908 586.597497
55.9426620354979 -3.1899136608866394 NW 55.94287416753225 -3.190125792920995 563.339341 655.180220
55.94287416753225 -3.190125792920995 NW 55.94308629956661 -3.190337924955351 563.339341 653.930220
55.94308629956661 -3.190337924955351 NW 55.943298431600965 -3.1905500569897067 563.339341 652.680220
55.943298431600965 -3.1905500569897067 WNW 55.943413236630676 -3.19082722084946 563.339341 651.430220
55.943413236630676 -3.19082722084946 NW 55.94362536866503 -3.191039352883816 563.339341 650.180220
55.94362536866503 -3.191039352883816 WNW 55.94374017369474 -3.1913165167435693 625.036852 670.294764
55.94374017369474 -3.1913165167435693 NW 55.9439523057291 -3.191528648777925 625.036852 669.044764
55.9439523057291 -3.191528648777925 NE 55.944164437763455 -3.1913165167435693 669.350892 673.408398
55.944164437763455 -3.1913165167435693 NE 55.94437656979781 -3.1911043847092135 669.350892 672.158398
55.94437656979781 -3.1911043847092135 NE 55.94458870183217 -3.1908922526748578 669.350892 670.908398
55.94458870183217 -3.1908922526748578 NE 55.94480083386652 -3.190680120640502 669.350892 669.658398
55.94480083386652 -3.190680120640502 NE 55.94501296590088 -3.190467988606146 669.350892 668.408398
55.94501296590088 -3.190467988606146 NNE 55.945290129760636 -3.1903531835764367 669.350892 667.158398
55.945290129760636 -3.1903531835764367 E 55.945290129760636 -3.1900531835764365 785.123274 751.965593
55.945290129760636 -3.1900531835764365 E 55.945290129760636 -3.1897531835764363 785.123274 750.715593
55.945290129760636 -3.1897531835764363 E 55.945290129760636 -3.189453183576436 785.123274 749.465593
55.945290129760636 -3.189453183576436 E 55.945290129760636 -3.189153183576436 785.123274 748.215593
55.945290129760636 -3.189153183576436 E 55.945290129760636 -3.1888531835764358 785.123274 746.965593
55.945290129760636 -3.1888531835764358 E 55.945290129760636 -3.1885531835764356 785.123274 745.715593
55.945290129760636 -3.1885531835764356 E 55.945290129760636 -3.1882531835764354 785.123274 744.465593
55.945290129760636 -3.1882531835764354 E 55.945290129760636 -3.187953183576435 785.123274 743.215593
55.945290129760636 -3.187953183576435 E 55.945290129760636 -3.187653183576435 785.123274 741.965593
55.945290129760636 -3.187653183576435 E 55.945290129760636 -3.187353183576435 785.123274 740.715593
55.945290129760636 -3.187353183576435 E 55.945290129760636 -3.1870531835764346 785.123274 739.465593
55.945290129760636 -3.1870531835764346 E 55.945290129760636 -3.1867531835764344 730.380916 738.215593
55.945290129760636 -3.1867531835764344 E 55.945290129760636 -3.1864531835764343 730.380916 736.965593
55.945290129760636 -3.1864531835764343 E 55.945290129760636 -3.186153183576434 730.380916 735.715593
55.945290129760636 -3.186153183576434 E 55.945290129760636 -3.185853183576434 730.380916 734.465593
55.945290129760636 -3.185853183576434 ESE 55.945175324730926 -3.1855760197166805 730.380916 733.215593
55.945175324730926 -3.1855760197166805 E 55.945175324730926 -3.1852760197166803 730.380916 731.965593
55.945175324730926 -3.1852760197166803 ESE 55.945060519701215 -3.184998855856927 730.380916 730.715593
55.945060519701215 -3.184998855856927 WSW 55.944945714671505 -3.1852760197166803 680.273314 610.935939
55.944945714671505 -3.1852760197166803 WSW 55.944830909641794 -3.1855531835764337 680.273314 609.685939
55.944830909641794 -3.1855531835764337 WSW 55.944716104612084 -3.185830347436187 680.273314 608.435939
55.944716104612084 -3.185830347436187 WSW 55.944601299582374 -3.1861075112959405 680.273314 607.185939
55.944601299582374 -3.1861075112959405 SW 55.94438916754802 -3.1863196433302963 680.273314 605.935939
55.94438916754802 -3.1863196433302963 WSW 55.94427436251831 -3.1865968071900497 680.273314 604.685939
55.94427436251831 -3.1865968071900497 E 55.94427436251831 -3.1862968071900495 675.826465 499.187007
55.94427436251831 -3.1862968071900495 ESE 55.9441595574886 -3.186019643330296 675.826465 497.937007
55.9441595574886 -3.186019643330296 E 55.9441595574886 -3.185719643330296 675.826465 496.687007
55.9441595574886 -3.185719643330296 ESE 55.944044752458886 -3.1854424794705425 675.826465 495.437007
55.944044752458886 -3.1854424794705425 E 55.944044752458886 -3.1851424794705423 675.826465 494.187007
55.944044752458886 -3.1851424794705423 ESE 55.943929947429176 -3.184865315610789 675.826465 492.937007
55.943929947429176 -3.184865315610789 E 55.943929947429176 -3.1845653156107887 675.826465 491.687007
55.943929947429176 -3.1845653156107887 W 55.943929947429176 -3.184865315610789 761.702262 566.451723
55.943929947429176 -3.184865315610789 W 55.943929947429176 -3.185165315610789 761.702262 565.201723
55.943929947429176 -3.185165315610789 W 55.943929947429176 -3.1854653156107893 761.702262 563.951723
55.943929947429176 -3.1854653156107893 W 55.943929947429176 -3.1857653156107895 761.702262 562.701723
55.943929947429176 -3.1857653156107895 W 55.943929947429176 -3.1860653156107896 761.702262 561.451723
55.943929947429176 -3.1860653156107896 W 55.943929947429176 -3.18636531561079 761.702262 560.201723
55.943929947429176 -3.18636531561079 W 55.943929947429176 -3.18666531561079 793.363965 638.523089
55.943929947429176 -3.18666531561079 WSW 55.943815142399465 -3.1869424794705434 793.363965 637.273089
55.943815142399465 -3.1869424794705434 W 55.943815142399465 -3.1872424794705436 793.363965 636.023089
55.943815142399465 -3.1872424794705436 WSW 55.943700337369755 -3.187519643330297 793.363965 634.773089
55.943700337369755 -3.187519643330297 W 55.943700337369755 -3.187819643330297 793.363965 633.523089
55.943700337369755 -3.187819643330297 WSW 55.943585532340045 -3.1880968071900506 793.363965 632.273089
55.943585532340045 -3.1880968071900506 W 55.943585532340045 -3.188396807190051 793.363965 631.023089
55.943585532340045 -3.188396807190051 WSW 55.943470727310334 -3.188673971049804 793.363965 629.773089
55.943470727310334 -3.188673971049804 W 55.943470727310334 -3.1889739710498044 793.363965 628.523089
55.943470727310334 -3.1889739710498044 ENE 55.943585532340045 -3.188696807190051 850.002525 710.935130
55.943585532340045 -3.188696807190051 ENE 55.943700337369755 -3.1884196433302976 850.002525 709.685130
55.943700337369755 -3.1884196433302976 ENE 55.943815142399465 -3.188142479470544 850.002525 708.435130
55.943815142399465 -3.188142479470544 ENE 55.943929947429176 -3.187865315610791 923.371913 784.513967
55.943929947429176 -3.187865315610791 ENE 55.944044752458886 -3.1875881517510374 923.371913 783.263967
55.944044752458886 -3.1875881517510374 ENE 55.9441595574886 -3.187310987891284 923.371913 782.013967
55.9441595574886 -3.187310987891284 ENE 55.94427436251831 -3.1870338240315306 923.371913 780.763967
55.94427436251831 -3.1870338240315306 ENE 55.94438916754802 -3.186756660171777 923.371913 779.513967
55.94438916754802 -3.186756660171777 ENE 55.94450397257773 -3.1864794963120238 923.371913 778.263967
55.94450397257773 -3.1864794963120238 ENE 55.94461877760744 -3.1862023324522704 923.371913 777.013967
55.94461877760744 -3.1862023324522704 ENE 55.94473358263715 -3.185925168592517 923.371913 775.763967
55.94473358263715 -3.185925168592517 ENE 55.94484838766686 -3.1856480047327635 923.371913 774.513967
55.94484838766686 -3.1856480047327635 ENE 55.94496319269657 -3.18537084087301 923.371913 773.263967
55.94496319269657 -3.18537084087301 E 55.94496319269657 -3.18507084087301 923.371913 772.013967
55.94496319269657 -3.18507084087301 ENE 55.94507799772628 -3.1847936770132566 923.371913 770.763967
55.94507799772628 -3.1847936770132566 SSE 55.94480083386652 -3.184678871983547 956.164774 856.623970
55.94480083386652 -3.184678871983547 NNW 55.94507799772628 -3.1847936770132566 956.164774 855.373970
55.94507799772628 -3.1847936770132566 W 55.94507799772628 -3.1850936770132567 956.164774 854.123970
55.94507799772628 -3.1850936770132567 W 55.94507799772628 -3.185393677013257 956.164774 852.873970
55.94507799772628 -3.185393677013257 W 55.94507799772628 -3.185693677013257 956.164774 851.623970
55.94507799772628 -3.185693677013257 W 55.94507799772628 -3.1859936770132573 956.164774 850.373970
55.94507799772628 -3.1859936770132573 W 55.94507799772628 -3.1862936770132575 956.164774 849.123970
55.94507799772628 -3.1862936770132575 W 55.94507799772628 -3.1865936770132577 956.164774 847.873970
55.94507799772628 -3.1865936770132577 W 55.94507799772628 -3.186893677013258 956.164774 846.623970
55.94507799772628 -3.186893677013258 W 55.94507799772628 -3.187193677013258 956.164774 845.373970
55.94507799772628 -3.187193677013258 W 55.94507799772628 -3.1874936770132583 956.164774 844.123970
55.94507799772628 -3.1874936770132583 W 55.94507799772628 -3.1877936770132584 956.164774 842.873970
55.94507799772628 -3.1877936770132584 W 55.94507799772628 -3.1880936770132586 956.164774 841.623970
55.94507799772628 -3.1880936770132586 W 55.94507799772628 -3.188393677013259 956.164774 840.373970
55.94507799772628 -3.188393677013259 W 55.94507799772628 -3.188693677013259 956.164774 839.123970
55.94507799772628 -3.188693677013259 W 55.94507799772628 -3.188993677013259 923.029625 763.424552
55.94507799772628 -3.188993677013259 W 55.94507799772628 -3.1892936770132594 923.029625 762.174552
55.94507799772628 -3.1892936770132594 W 55.94507799772628 -3.1895936770132596 923.029625 760.924552
55.94507799772628 -3.1895936770132596 W 55.94507799772628 -3.1898936770132598 923.029625 759.674552
55.94507799772628 -3.1898936770132598 W 55.94507799772628 -3.19019367701326 923.029625 758.424552
55.94507799772628 -3.19019367701326 W 55.94507799772628 -3.19049367701326 923.029625 757.174552
55.94507799772628 -3.19049367701326 W 55.94507799772628 -3.1907936770132603 923.029625 755.924552
55.94507799772628 -3.1907936770132603 W 55.94507799772628 -3.1910936770132605 923.029625 754.674552
55.94507799772628 -3.1910936770132605 W 55.94507799772628 -3.1913936770132607 986.959552 871.304162
55.94507799772628 -3.1913936770132607 W 55.94507799772628 -3.191693677013261 986.959552 870.054162
55.94507799772628 -3.191693677013261 WNW 55.94519280275599 -3.1919708408730143 986.959552 868.804162
55.94519280275599 -3.1919708408730143 W 55.94519280275599 -3.1922708408730145 986.959552 867.554162
55.94519280275599 -3.1922708408730145 E 55.94519280275599 -3.1919708408730143 1072.385728 904.317959
55.94519280275599 -3.1919708408730143 E 55.94519280275599 -3.191670840873014 1072.385728 903.067959
55.94519280275599 -3.191670840873014 E 55.94519280275599 -3.191370840873014 1072.385728 901.817959
55.94519280275599 -3.191370840873014 ESE 55.94507799772628 -3.1910936770132605 1072.385728 900.567959
55.94507799772628 -3.1910936770132605 E 55.94507799772628 -3.1907936770132603 1072.385728 899.317959
55.94507799772628 -3.1907936770132603 ESE 55.94496319269657 -3.190516513153507 1072.385728 898.067959
55.94496319269657 -3.190516513153507 E 55.94496319269657 -3.1902165131535067 1072.385728 896.817959
55.94496319269657 -3.1902165131535067 ESE 55.94484838766686 -3.1899393492937533 1072.385728 895.567959
55.94484838766686 -3.1899393492937533 E 55.94484838766686 -3.189639349293753 1072.385728 894.317959
55.94484838766686 -3.189639349293753 ESE 55.94473358263715 -3.1893621854339997 1072.385728 893.067959
55.94473358263715 -3.1893621854339997 E 55.94473358263715 -3.1890621854339996 1072.385728 891.817959
55.94473358263715 -3.1890621854339996 ESE 55.94461877760744 -3.188785021574246 1072.385728 890.567959
55.94461877760744 -3.188785021574246 E 55.94461877760744 -3.188485021574246 1072.385728 889.317959
55.94461877760744 -3.188485021574246 ESE 55.94450397257773 -3.1882078577144926 1072.385728 888.067959
55.94450397257773 -3.1882078577144926 E 55.94450397257773 -3.1879078577144924 1072.385728 886.817959
55.94450397257773 -3.1879078577144924 ESE 55.94438916754802 -3.187630693854739 1072.385728 885.567959
55.94438916754802 -3.187630693854739 E 55.94438916754802 -3.1873306938547388 1072.385728 884.317959
55.94438916754802 -3.1873306938547388 ESE 55.94427436251831 -3.1870535299949854 1072.385728 883.067959
55.94427436251831 -3.1870535299949854 E 55.94427436251831 -3.186753529994985 1072.385728 881.817959
55.94427436251831 -3.186753529994985 S 55.943974362518304 -3.186753529994985 1182.994697 951.979470
55.943974362518304 -3.186753529994985 S 55.9436743625183 -3.186753529994985 1182.994697 950.729470
55.9436743625183 -3.186753529994985 SSW 55.943397198658545 -3.1868683350246947 1182.994697 949.479470
55.943397198658545 -3.1868683350246947 S 55.94309719865854 -3.1868683350246947 1182.994697 948.229470
55.94309719865854 -3.1868683350246947 SSW 55.942820034798785 -3.186983140054404 1182.994697 946.979470
55.942820034798785 -3.186983140054404 W 55.942820034798785 -3.1872831400544044 1207.021352 1062.826196
55.942820034798785 -3.1872831400544044 W 55.942820034798785 -3.1875831400544046 1207.021352 1061.576196
55.942820034798785 -3.1875831400544046 W 55.942820034798785 -3.1878831400544048 1207.021352 1060.326196
55.942820034798785 -3.1878831400544048 W 55.942820034798785 -3.188183140054405 1207.021352 1059.076196
55.942820034798785 -3.188183140054405 W 55.942820034798785 -3.188483140054405 1207.021352 1057.826196
55.942820034798785 -3.188483140054405 W 55.942820034798785 -3.1887831400544053 1207.021352 1056.576196
55.942820034798785 -3.1887831400544053 W 55.942820034798785 -3.1890831400544055 1207.021352 1055.326196
55.942820034798785 -3.1890831400544055 W 55.942820034798785 -3.1893831400544057 1207.021352 1054.076196
55.942820034798785 -3.1893831400544057 W 55.942820034798785 -3.189683140054406 1207.021352 1052.826196
55.942820034798785 -3.189683140054406 W 55.942820034798785 -3.189983140054406 1207.021352 1051.576196
55.942820034798785 -3.189983140054406 W 55.942820034798785 -3.1902831400544063 1207.021352 1050.326196
55.942820034798785 -3.1902831400544063 W 55.942820034798785 -3.1905831400544065 1207.021352 1049.076196
55.942820034798785 -3.1905831400544065 W 55.942820034798785 -3.1908831400544067 1207.021352 1047.826196
55.942820034798785 -3.1908831400544067 NNW 55.94309719865854 -3.190997945084116 1284.676770 1130.068075
55.94309719865854 -3.190997945084116 NNW 55.9433743625183 -3.1911127501138257 1284.676770 1128.818075
55.9433743625183 -3.1911127501138257 NNW 55.943651526378055 -3.191227555143535 1216.223794 1123.618419
55.943651526378055 -3.191227555143535 NNW 55.94392869023781 -3.1913423601732447 1216.223794 1122.368419
55.94392869023781 -3.1913423601732447 NNW 55.94420585409757 -3.191457165202954 1216.223794 1121.118419
55.94420585409757 -3.191457165202954 NNW 55.944483017957324 -3.1915719702326637 1216.223794 1119.868419
55.944483017957324 -3.1915719702326637 SSW 55.94420585409757 -3.191686775262373 1308.318647 1123.713583
55.94420585409757 -3.191686775262373 E 55.94420585409757 -3.191386775262373 1323.973854 1163.227010
55.94420585409757 -3.191386775262373 ESE 55.94409104906786 -3.1911096114026196 1323.973854 1161.977010
55.94409104906786 -3.1911096114026196 E 55.94409104906786 -3.1908096114026194 1323.973854 1160.727010
55.94409104906786 -3.1908096114026194 ESE 55.94397624403815 -3.190532447542866 1323.973854 1159.477010
55.94397624403815 -3.190532447542866 WNW 55.94409104906786 -3.1908096114026194 1346.267968 1169.285574
55.94409104906786 -3.1908096114026194 WNW 55.94420585409757 -3.191086775262373 1346.267968 1168.035574
55.94420585409757 -3.191086775262373 WNW 55.94432065912728 -3.1913639391221262 1346.267968 1166.785574
55.94432065912728 -3.1913639391221262 NW 55.944532791161635 -3.191576071156482 1346.267968 1165.535574
55.944532791161635 -3.191576071156482 W 55.944532791161635 -3.191876071156482 1346.267968 1164.285574
55.944532791161635 -3.191876071156482 E 55.944532791161635 -3.191576071156482 1435.426714 1265.826379
55.944532791161635 -3.191576071156482 E 55.944532791161635 -3.191276071156482 1435.426714 1264.576379
55.944532791161635 -3.191276071156482 E 55.944532791161635 -3.1909760711564816 1435.426714 1263.326379
55.944532791161635 -3.1909760711564816 E 55.944532791161635 -3.1906760711564814 1435.426714 1262.076379
55.944532791161635 -3.1906760711564814 ENE 55.944647596191345 -3.190398907296728 1435.426714 1260.826379
55.944647596191345 -3.190398907296728 E 55.944647596191345 -3.190098907296728 1496.224439 1296.094488
55.944647596191345 -3.190098907296728 ENE 55.944762401221055 -3.1898217434369744 1496.224439 1294.844488
55.944762401221055 -3.1898217434369744 E 55.944762401221055 -3.1895217434369743 1496.224439 1293.594488
55.944762401221055 -3.1895217434369743 ENE 55.944877206250766 -3.189244579577221 1496.224439 1292.344488
55.944877206250766 -3.189244579577221 E 55.944877206250766 -3.1889445795772207 1496.224439 1291.094488
55.944877206250766 -3.1889445795772207 ENE 55.944992011280476 -3.1886674157174673 1496.224439 1289.844488
55.944992011280476 -3.1886674157174673 E 55.944992011280476 -3.188367415717467 1496.224439 1288.594488
55.944992011280476 -3.188367415717467 ENE 55.94510681631019 -3.1880902518577137 1496.224439 1287.344488
55.94510681631019 -3.1880902518577137 E 55.94510681631019 -3.1877902518577135 1496.224439 1286.094488
55.94510681631019 -3.1877902518577135 ENE 55.9452216213399 -3.18751308799796 1496.224439 1284.844488
55.9452216213399 -3.18751308799796 E 55.9452216213399 -3.18721308799796 1496.224439 1283.594488
55.9452216213399 -3.18721308799796 ENE 55.94533642636961 -3.1869359241382065 1496.224439 1282.344488
55.94533642636961 -3.1869359241382065 E 55.94533642636961 -3.1866359241382063 1496.224439 1281.094488
55.94533642636961 -3.1866359241382063 ENE 55.94545123139932 -3.186358760278453 1405.566679 1257.808789
55.94545123139932 -3.186358760278453 E 55.94545123139932 -3.1860587602784527 1405.566679 1256.558789
55.94545123139932 -3.1860587602784527 ENE 55.94556603642903 -3.1857815964186993 1405.566679 1255.308789
55.94556603642903 -3.1857815964186993 E 55.94556603642903 -3.185481596418699 1405.566679 1254.058789
55.94556603642903 -3.185481596418699 ENE 55.94568084145874 -3.1852044325589457 1405.566679 1252.808789
55.94568084145874 -3.1852044325589457 E 55.94568084145874 -3.1849044325589455 1405.566679 1251.558789
55.94568084145874 -3.1849044325589455 ENE 55.94579564648845 -3.184627268699192 1405.566679 1250.308789
55.94579564648845 -3.184627268699192 E 55.94579564648845 -3.184327268699192 1475.025193 1365.143185
55.94579564648845 -3.184327268699192 ENE 55.94591045151816 -3.1840501048394385 1475.025193 1363.893185
55.94591045151816 -3.1840501048394385 N 55.94621045151816 -3.1840501048394385 1475.025193 1362.643185
55.94621045151816 -3.1840501048394385 ESE 55.94609564648845 -3.183772940979685 1475.025193 1361.393185
55.94609564648845 -3.183772940979685 ESE 55.94598084145874 -3.1834957771199317 1475.025193 1360.143185
55.94598084145874 -3.1834957771199317 NW 55.9461929734931 -3.1837079091542875 1475.025193 1358.893185
55.9461929734931 -3.1837079091542875 W 55.9461929734931 -3.1840079091542877 1475.025193 1357.643185
55.9461929734931 -3.1840079091542877 NW 55.946405105527454 -3.1842200411886434 1475.025193 1356.393185
55.946405105527454 -3.1842200411886434 W 55.946405105527454 -3.1845200411886436 1475.025193 1355.143185
55.946405105527454 -3.1845200411886436 N 55.94670510552746 -3.1845200411886436 1475.025193 1353.893185
55.94670510552746 -3.1845200411886436 WSW 55.946590300497746 -3.184797205048397 1475.025193 1352.643185
55.946590300497746 -3.184797205048397 SSW 55.94631313663799 -3.1849120100781065 1475.025193 1351.393185
55.94631313663799 -3.1849120100781065 NNE 55.946590300497746 -3.184797205048397 1475.025193 1350.143185
55.946590300497746 -3.184797205048397 NNE 55.9468674643575 -3.1846824000186875 1475.025193 1348.893185
55.9468674643575 -3.1846824000186875 NE 55.94707959639186 -3.1844702679843317 1475.025193 1347.643185
