55.944425 -3.188396 ENE 55.94453980502971 -3.1881188361402466 0.000000 248.750000
55.94453980502971 -3.1881188361402466 ENE 55.94465461005942 -3.187841672280493 0.000000 247.500000
55.94465461005942 -3.187841672280493 ENE 55.944769415089134 -3.18756450842074 0.000000 246.250000
55.944769415089134 -3.18756450842074 ENE 55.944884220118844 -3.1872873445609864 0.000000 245.000000
55.944884220118844 -3.1872873445609864 ENE 55.944999025148554 -3.187010180701233 49.270928 256.824749
55.944999025148554 -3.187010180701233 ENE 55.945113830178265 -3.1867330168414796 0.000000 131.704170
55.945113830178265 -3.1867330168414796 ENE 55.945228635207975 -3.186455852981726 0.000000 130.454170
55.945228635207975 -3.186455852981726 ENE 55.945343440237686 -3.1861786891219728 0.000000 129.204170
55.945343440237686 -3.1861786891219728 ENE 55.945458245267396 -3.1859015252622194 0.000000 127.954170
55.945458245267396 -3.1859015252622194 S 55.94515824526739 -3.1859015252622194 113.887452 161.557950
55.94515824526739 -3.1859015252622194 S 55.94485824526739 -3.1859015252622194 220.206845 177.434411
55.94485824526739 -3.1859015252622194 S 55.94455824526739 -3.1859015252622194 235.925669 269.476424
55.94455824526739 -3.1859015252622194 SSE 55.94428108140763 -3.18578672023251 235.925669 268.226424
55.94428108140763 -3.18578672023251 S 55.94398108140763 -3.18578672023251 235.925669 266.976424
55.94398108140763 -3.18578672023251 SSE 55.94370391754787 -3.1856719152028004 235.925669 265.726424
55.94370391754787 -3.1856719152028004 S 55.94340391754787 -3.1856719152028004 313.140754 273.632146
55.94340391754787 -3.1856719152028004 SSE 55.94312675368811 -3.185557110173091 313.140754 272.382146
55.94312675368811 -3.185557110173091 WSW 55.9430119486584 -3.1858342740328442 348.280399 331.473396
55.9430119486584 -3.1858342740328442 WSW 55.94289714362869 -3.1861114378925977 348.280399 330.223396
55.94289714362869 -3.1861114378925977 WSW 55.94278233859898 -3.186388601752351 348.280399 328.973396
55.94278233859898 -3.186388601752351 WSW 55.94266753356927 -3.1866657656121045 316.813569 268.075726
55.94266753356927 -3.1866657656121045 W 55.94266753356927 -3.1869657656121047 316.813569 266.825726
55.94266753356927 -3.1869657656121047 ENE 55.94278233859898 -3.1866886017523512 340.840224 382.672452
55.94278233859898 -3.1866886017523512 ENE 55.94289714362869 -3.186411437892598 340.840224 381.422452
55.94289714362869 -3.186411437892598 ENE 55.9430119486584 -3.1861342740328444 340.840224 380.172452
55.9430119486584 -3.1861342740328444 ENE 55.94312675368811 -3.185857110173091 340.840224 378.922452
55.94312675368811 -3.185857110173091 ENE 55.94324155871782 -3.1855799463133376 340.840224 377.672452
55.94324155871782 -3.1855799463133376 NE 55.94345369075218 -3.185367814278982 340.840224 376.422452
55.94345369075218 -3.185367814278982 ENE 55.94356849578189 -3.1850906504192285 340.840224 375.172452
55.94356849578189 -3.1850906504192285 NE 55.943780627816245 -3.1848785183848727 340.840224 373.922452
55.943780627816245 -3.1848785183848727 ENE 55.943895432845956 -3.1846013545251193 340.840224 372.672452
55.943895432845956 -3.1846013545251193 W 55.943895432845956 -3.1849013545251195 426.716021 447.437168
55.943895432845956 -3.1849013545251195 W 55.943895432845956 -3.1852013545251197 426.716021 446.187168
55.943895432845956 -3.1852013545251197 W 55.943895432845956 -3.18550135452512 426.716021 444.937168
55.943895432845956 -3.18550135452512 W 55.943895432845956 -3.18580135452512 426.716021 443.687168
55.943895432845956 -3.18580135452512 WNW 55.944010237875666 -3.1860785183848734 426.716021 442.437168
55.944010237875666 -3.1860785183848734 W 55.944010237875666 -3.1863785183848736 426.716021 441.187168
55.944010237875666 -3.1863785183848736 WNW 55.94412504290538 -3.186655682244627 458.377725 519.508534
55.94412504290538 -3.186655682244627 W 55.94412504290538 -3.186955682244627 568.986694 589.670046
55.94412504290538 -3.186955682244627 WNW 55.94423984793509 -3.1872328461043806 568.986694 588.420046
55.94423984793509 -3.1872328461043806 W 55.94423984793509 -3.187532846104381 568.986694 587.170046
55.94423984793509 -3.187532846104381 WNW 55.9443546529648 -3.187810009964134 568.986694 585.920046
55.9443546529648 -3.187810009964134 W 55.9443546529648 -3.1881100099641344 568.986694 584.670046
55.9443546529648 -3.1881100099641344 WNW 55.94446945799451 -3.188387173823888 543.044285 573.251564
55.94446945799451 -3.188387173823888 W 55.94446945799451 -3.188687173823888 543.044285 572.001564
55.94446945799451 -3.188687173823888 WNW 55.94458426302422 -3.1889643376836414 519.216563 546.855629
55.94458426302422 -3.1889643376836414 W 55.94458426302422 -3.1892643376836416 519.216563 545.605629
55.94458426302422 -3.1892643376836416 WNW 55.94469906805393 -3.189541501543395 519.216563 544.355629
55.94469906805393 -3.189541501543395 NNE 55.944976231913685 -3.1894266965136855 615.298638 577.690715
55.944976231913685 -3.1894266965136855 NNE 55.94525339577344 -3.189311891483976 615.298638 576.440715
55.94525339577344 -3.189311891483976 NNE 55.9455305596332 -3.1891970864542665 615.298638 575.190715
55.9455305596332 -3.1891970864542665 NNE 55.945807723492955 -3.189082281424557 695.929126 689.787192
55.945807723492955 -3.189082281424557 WSW 55.945692918463244 -3.1893594452843104 695.929126 688.537192
55.945692918463244 -3.1893594452843104 WSW 55.945578113433534 -3.1896366091440638 695.929126 687.287192
55.945578113433534 -3.1896366091440638 WSW 55.94546330840382 -3.189913773003817 695.929126 686.037192
55.94546330840382 -3.189913773003817 WSW 55.94534850337411 -3.1901909368635706 695.929126 684.787192
55.94534850337411 -3.1901909368635706 WSW 55.9452336983444 -3.190468100723324 811.701507 769.594387
55.9452336983444 -3.190468100723324 SW 55.94502156631005 -3.1906802327576798 811.701507 768.344387
55.94502156631005 -3.1906802327576798 WSW 55.944906761280336 -3.190957396617433 811.701507 767.094387
55.944906761280336 -3.190957396617433 SW 55.94469462924598 -3.191169528651789 811.701507 765.844387
55.94469462924598 -3.191169528651789 WSW 55.94457982421627 -3.1914466925115423 811.701507 764.594387
55.94457982421627 -3.1914466925115423 NW 55.944791956250626 -3.191658824545898 903.796360 768.439551
55.944791956250626 -3.191658824545898 WNW 55.944906761280336 -3.1919359884056515 903.796360 767.189551
55.944906761280336 -3.1919359884056515 NW 55.94511889331469 -3.1921481204400073 903.796360 765.939551
55.94511889331469 -3.1921481204400073 WNW 55.9452336983444 -3.1924252842997607 903.796360 764.689551
55.9452336983444 -3.1924252842997607 SSE 55.944956534484646 -3.192310479270051 989.222537 801.453348
55.944956534484646 -3.192310479270051 SSE 55.94467937062489 -3.1921956742403417 989.222537 800.203348
55.94467937062489 -3.1921956742403417 SSE 55.94440220676513 -3.192080869210632 989.222537 798.953348
55.94440220676513 -3.192080869210632 SSE 55.94412504290538 -3.1919660641809227 989.222537 797.703348
55.94412504290538 -3.1919660641809227 SSE 55.94384787904562 -3.191851259151213 989.222537 796.453348
55.94384787904562 -3.191851259151213 SE 55.943635747011264 -3.1916391271168574 1004.877744 835.966776
55.943635747011264 -3.1916391271168574 SSE 55.94335858315151 -3.191524322087148 1004.877744 834.716776
55.94335858315151 -3.191524322087148 SE 55.94314645111715 -3.191312190052792 1004.877744 833.466776
55.94314645111715 -3.191312190052792 SSE 55.942869287257395 -3.1911973850230826 936.424768 828.267120
55.942869287257395 -3.1911973850230826 N 55.9431692872574 -3.1911973850230826 1014.080185 910.508999
55.9431692872574 -3.1911973850230826 N 55.9434692872574 -3.1911973850230826 1014.080185 909.258999
55.9434692872574 -3.1911973850230826 N 55.9437692872574 -3.1911973850230826 1014.080185 908.008999
55.9437692872574 -3.1911973850230826 N 55.944069287257406 -3.1911973850230826 1075.777697 928.123543
55.944069287257406 -3.1911973850230826 N 55.94436928725741 -3.1911973850230826 1075.777697 926.873543
55.94436928725741 -3.1911973850230826 N 55.94466928725741 -3.1911973850230826 1075.777697 925.623543
55.94466928725741 -3.1911973850230826 N 55.944969287257415 -3.1911973850230826 1075.777697 924.373543
55.944969287257415 -3.1911973850230826 N 55.94526928725742 -3.1911973850230826 1075.777697 923.123543
55.94526928725742 -3.1911973850230826 SSE 55.94499212339766 -3.191082579993373 1139.707623 1039.753153
55.94499212339766 -3.191082579993373 SSE 55.944714959537905 -3.1909677749636636 1139.707623 1038.503153
55.944714959537905 -3.1909677749636636 SE 55.94450282750355 -3.190755642929308 1139.707623 1037.253153
55.94450282750355 -3.190755642929308 SSE 55.94422566364379 -3.1906408378995983 1139.707623 1036.003153
55.94422566364379 -3.1906408378995983 SE 55.944013531609436 -3.1904287058652425 1139.707623 1034.753153
55.944013531609436 -3.1904287058652425 SSE 55.94373636774968 -3.190313900835533 1162.001737 1044.561717
55.94373636774968 -3.190313900835533 SSE 55.94345920388992 -3.1901990958058235 1162.001737 1043.311717
55.94345920388992 -3.1901990958058235 SSE 55.943182040030166 -3.190084290776114 1162.001737 1042.061717
55.943182040030166 -3.190084290776114 SSE 55.94290487617041 -3.1899694857464045 1116.606277 1026.115096
55.94290487617041 -3.1899694857464045 SSE 55.94262771231065 -3.189854680716695 1116.606277 1024.865096
55.94262771231065 -3.189854680716695 NE 55.94283984434501 -3.189642548682339 1166.044709 1093.447819
55.94283984434501 -3.189642548682339 NE 55.943051976379365 -3.1894304166479834 1166.044709 1092.197819
55.943051976379365 -3.1894304166479834 NE 55.94326410841372 -3.1892182846136277 1166.044709 1090.947819
55.94326410841372 -3.1892182846136277 NE 55.94347624044808 -3.189006152579272 1222.683270 1173.359860
55.94347624044808 -3.189006152579272 ENE 55.94359104547779 -3.1887289887195185 1222.683270 1172.109860
55.94359104547779 -3.1887289887195185 NE 55.943803177512144 -3.1885168566851627 1222.683270 1170.859860
55.943803177512144 -3.1885168566851627 ENE 55.943917982541855 -3.1882396928254093 1222.683270 1169.609860
55.943917982541855 -3.1882396928254093 WNW 55.944032787571565 -3.1885168566851627 1296.052657 1245.688697
55.944032787571565 -3.1885168566851627 WNW 55.944147592601276 -3.188794020544916 1296.052657 1244.438697
55.944147592601276 -3.188794020544916 WNW 55.944262397630986 -3.1890711844046695 1296.052657 1243.188697
55.944262397630986 -3.1890711844046695 WNW 55.9443772026607 -3.189348348264423 1296.052657 1241.938697
55.9443772026607 -3.189348348264423 WNW 55.94449200769041 -3.1896255121241763 1296.052657 1240.688697
55.94449200769041 -3.1896255121241763 WNW 55.94460681272012 -3.1899026759839297 1296.052657 1239.438697
55.94460681272012 -3.1899026759839297 W 55.94460681272012 -3.19020267598393 1306.830159 1299.930919
55.94460681272012 -3.19020267598393 NE 55.94481894475447 -3.189990543949574 1367.627884 1335.199027
55.94481894475447 -3.189990543949574 NE 55.94503107678883 -3.1897784119152184 1367.627884 1333.949027
55.94503107678883 -3.1897784119152184 ENE 55.94514588181854 -3.189501248055465 1367.627884 1332.699027
55.94514588181854 -3.189501248055465 NE 55.945358013852896 -3.189289116021109 1367.627884 1331.449027
55.945358013852896 -3.189289116021109 ENE 55.94547281888261 -3.189011952161356 1367.627884 1330.199027
55.94547281888261 -3.189011952161356 WSW 55.945358013852896 -3.189289116021109 1389.521080 1429.937942
55.945358013852896 -3.189289116021109 WSW 55.945243208823186 -3.1895662798808626 1389.521080 1428.687942
55.945243208823186 -3.1895662798808626 WSW 55.945128403793476 -3.189843443740616 1389.521080 1427.437942
55.945128403793476 -3.189843443740616 WSW 55.945013598763765 -3.1901206076003694 1389.521080 1426.187942
55.945013598763765 -3.1901206076003694 WSW 55.944898793734055 -3.190397771460123 1389.521080 1424.937942
55.944898793734055 -3.190397771460123 WSW 55.944783988704344 -3.1906749353198762 1389.521080 1423.687942
55.944783988704344 -3.1906749353198762 WSW 55.944669183674634 -3.1909520991796296 1389.521080 1422.437942
55.944669183674634 -3.1909520991796296 WSW 55.94455437864492 -3.191229263039383 1389.521080 1421.187942
55.94455437864492 -3.191229263039383 W 55.94455437864492 -3.1915292630393832 1389.521080 1419.937942
55.94455437864492 -3.1915292630393832 ENE 55.944669183674634 -3.19125209917963 1389.521080 1418.687942
55.944669183674634 -3.19125209917963 ENE 55.944783988704344 -3.1909749353198764 1389.521080 1417.437942
55.944783988704344 -3.1909749353198764 ENE 55.944898793734055 -3.190697771460123 1389.521080 1416.187942
55.944898793734055 -3.190697771460123 ENE 55.945013598763765 -3.1904206076003696 1389.521080 1414.937942
55.945013598763765 -3.1904206076003696 ENE 55.945128403793476 -3.190143443740616 1389.521080 1413.687942
55.945128403793476 -3.190143443740616 ENE 55.945243208823186 -3.189866279880863 1389.521080 1412.437942
55.945243208823186 -3.189866279880863 ENE 55.945358013852896 -3.1895891160211094 1389.521080 1411.187942
55.945358013852896 -3.1895891160211094 ENE 55.94547281888261 -3.189311952161356 1389.521080 1409.937942
55.94547281888261 -3.189311952161356 E 55.94547281888261 -3.189011952161356 1389.521080 1408.687942
55.94547281888261 -3.189011952161356 ENE 55.94558762391232 -3.1887347883016024 1389.521080 1407.437942
55.94558762391232 -3.1887347883016024 E 55.94558762391232 -3.188434788301602 1389.521080 1406.187942
55.94558762391232 -3.188434788301602 ENE 55.94570242894203 -3.188157624441849 1389.521080 1404.937942
55.94570242894203 -3.188157624441849 E 55.94570242894203 -3.1878576244418486 1389.521080 1403.687942
55.94570242894203 -3.1878576244418486 ENE 55.94581723397174 -3.187580460582095 1389.521080 1402.437942
55.94581723397174 -3.187580460582095 ESE 55.94570242894203 -3.187303296722342 1400.355063 1483.757032
55.94570242894203 -3.187303296722342 ESE 55.94558762391232 -3.1870261328625884 1400.355063 1482.507032
55.94558762391232 -3.1870261328625884 ESE 55.94547281888261 -3.186748969002835 1400.355063 1481.257032
55.94547281888261 -3.186748969002835 ESE 55.945358013852896 -3.1864718051430816 1309.697303 1457.971334
55.945358013852896 -3.1864718051430816 E 55.945358013852896 -3.1861718051430814 1309.697303 1456.721334
55.945358013852896 -3.1861718051430814 ESE 55.945243208823186 -3.185894641283328 1309.697303 1455.471334
55.945243208823186 -3.185894641283328 E 55.945243208823186 -3.185594641283328 1309.697303 1454.221334
55.945243208823186 -3.185594641283328 ESE 55.945128403793476 -3.1853174774235744 1309.697303 1452.971334
55.945128403793476 -3.1853174774235744 E 55.945128403793476 -3.185017477423574 1309.697303 1451.721334
55.945128403793476 -3.185017477423574 NE 55.94534053582783 -3.1848053453892184 1259.589702 1331.941680
55.94534053582783 -3.1848053453892184 NE 55.94555266786219 -3.1845932133548627 1259.589702 1330.691680
55.94555266786219 -3.1845932133548627 NE 55.945764799896544 -3.184381081320507 1259.589702 1329.441680
55.945764799896544 -3.184381081320507 N 55.94606479989655 -3.184381081320507 1329.048216 1444.276076
55.94606479989655 -3.184381081320507 SSW 55.94578763603679 -3.1844958863502164 1329.048216 1443.026076
55.94578763603679 -3.1844958863502164 SSW 55.945510472177034 -3.184610691379926 1329.048216 1441.776076
55.945510472177034 -3.184610691379926 SSW 55.94523330831728 -3.1847254964096354 1329.048216 1440.526076
55.94523330831728 -3.1847254964096354 W 55.94523330831728 -3.1850254964096356 1361.841077 1526.386080
55.94523330831728 -3.1850254964096356 W 55.94523330831728 -3.185325496409636 1361.841077 1525.136080
55.94523330831728 -3.185325496409636 W 55.94523330831728 -3.185625496409636 1361.841077 1523.886080
55.94523330831728 -3.185625496409636 W 55.94523330831728 -3.185925496409636 1361.841077 1522.636080
55.94523330831728 -3.185925496409636 W 55.94523330831728 -3.1862254964096364 1361.841077 1521.386080
55.94523330831728 -3.1862254964096364 W 55.94523330831728 -3.1865254964096366 1361.841077 1520.136080
55.94523330831728 -3.1865254964096366 W 55.94523330831728 -3.1868254964096367 1361.841077 1518.886080
55.94523330831728 -3.1868254964096367 W 55.94523330831728 -3.187125496409637 1361.841077 1517.636080
55.94523330831728 -3.187125496409637 W 55.94523330831728 -3.187425496409637 1361.841077 1516.386080
55.94523330831728 -3.187425496409637 W 55.94523330831728 -3.1877254964096373 1361.841077 1515.136080
55.94523330831728 -3.1877254964096373 W 55.94523330831728 -3.1880254964096375 1361.841077 1513.886080
55.94523330831728 -3.1880254964096375 W 55.94523330831728 -3.1883254964096377 1361.841077 1512.636080
55.94523330831728 -3.1883254964096377 WSW 55.94511850328757 -3.188602660269391 1361.841077 1511.386080
55.94511850328757 -3.188602660269391 W 55.94511850328757 -3.1889026602693913 1328.705928 1435.686662
55.94511850328757 -3.1889026602693913 WSW 55.94500369825786 -3.1891798241291447 1328.705928 1434.436662
55.94500369825786 -3.1891798241291447 W 55.94500369825786 -3.189479824129145 1328.705928 1433.186662
55.94500369825786 -3.189479824129145 WSW 55.944888893228146 -3.1897569879888983 1328.705928 1431.936662
55.944888893228146 -3.1897569879888983 W 55.944888893228146 -3.1900569879888985 1328.705928 1430.686662
55.944888893228146 -3.1900569879888985 WSW 55.944774088198436 -3.190334151848652 1328.705928 1429.436662
55.944774088198436 -3.190334151848652 W 55.944774088198436 -3.190634151848652 1328.705928 1428.186662
55.944774088198436 -3.190634151848652 WSW 55.944659283168725 -3.1909113157084055 1328.705928 1426.936662
55.944659283168725 -3.1909113157084055 W 55.944659283168725 -3.1912113157084057 1328.705928 1425.686662
55.944659283168725 -3.1912113157084057 WSW 55.944544478139015 -3.191488479568159 1328.705928 1424.436662
55.944544478139015 -3.191488479568159 S 55.94424447813901 -3.191488479568159 1328.705928 1423.186662
55.94424447813901 -3.191488479568159 S 55.94394447813901 -3.191488479568159 1328.705928 1421.936662
55.94394447813901 -3.191488479568159 SE 55.94373234610465 -3.1912763475338033 1373.019968 1426.300295
55.94373234610465 -3.1912763475338033 NNW 55.94400950996441 -3.191391152563513 1373.019968 1425.050295
55.94400950996441 -3.191391152563513 NNW 55.944286673824166 -3.1915059575932223 1373.019968 1423.800295
55.944286673824166 -3.1915059575932223 NNW 55.94456383768392 -3.191620762622932 1373.019968 1422.550295
55.94456383768392 -3.191620762622932 SSW 55.944286673824166 -3.1917355676526413 1462.178714 1524.091100
55.944286673824166 -3.1917355676526413 NNE 55.94456383768392 -3.191620762622932 1462.178714 1522.841100
55.94456383768392 -3.191620762622932 E 55.94456383768392 -3.1913207626229316 1462.178714 1521.591100
55.94456383768392 -3.1913207626229316 NE 55.94477596971828 -3.191108630588576 1462.178714 1520.341100
55.94477596971828 -3.191108630588576 W 55.94477596971828 -3.191408630588576 1462.178714 1519.091100
55.94477596971828 -3.191408630588576 NW 55.944988101752635 -3.191620762622932 1462.178714 1517.841100
55.944988101752635 -3.191620762622932 ENE 55.945102906782346 -3.1913435987631784 1462.178714 1516.591100
55.945102906782346 -3.1913435987631784 ESE 55.944988101752635 -3.191066434903425 1462.178714 1515.341100
55.944988101752635 -3.191066434903425 E 55.944988101752635 -3.190766434903425 1462.178714 1514.091100
55.944988101752635 -3.190766434903425 WNW 55.945102906782346 -3.1910435987631782 1462.178714 1512.841100
55.945102906782346 -3.1910435987631782 N 55.94540290678235 -3.1910435987631782 1462.178714 1511.591100
55.94540290678235 -3.1910435987631782 NE 55.945615038816705 -3.1908314667288225 1462.178714 1510.341100
55.945615038816705 -3.1908314667288225 E 55.945615038816705 -3.1905314667288223 1462.178714 1509.091100
55.945615038816705 -3.1905314667288223 WNW 55.945729843846415 -3.1908086305885757 1462.178714 1507.841100
55.945729843846415 -3.1908086305885757 S 55.94542984384641 -3.1908086305885757 1462.178714 1506.591100
55.94542984384641 -3.1908086305885757 WSW 55.9453150388167 -3.191085794448329 1462.178714 1505.341100
55.9453150388167 -3.191085794448329 E 55.9453150388167 -3.190785794448329 1462.178714 1504.091100
55.9453150388167 -3.190785794448329 SSE 55.945037874956945 -3.1906709894186194 1462.178714 1502.841100
55.945037874956945 -3.1906709894186194 SSE 55.94476071109719 -3.19055618438891 1462.178714 1501.591100
55.94476071109719 -3.19055618438891 SSE 55.94448354723743 -3.1904413793592004 1462.178714 1500.341100
55.94448354723743 -3.1904413793592004 E 55.94448354723743 -3.1901413793592 1462.178714 1499.091100
55.94448354723743 -3.1901413793592 NE 55.94469567927179 -3.1899292473248444 1462.178714 1497.841100
55.94469567927179 -3.1899292473248444 NNW 55.944972843131545 -3.190044052354554 1462.178714 1496.591100
55.944972843131545 -3.190044052354554 N 55.94527284313155 -3.190044052354554 1462.178714 1495.341100
55.94527284313155 -3.190044052354554 NE 55.945484975165904 -3.189831920320198 1462.178714 1494.091100
55.945484975165904 -3.189831920320198 WNW 55.945599780195614 -3.1901090841799515 1462.178714 1492.841100
55.945599780195614 -3.1901090841799515 E 55.945599780195614 -3.1898090841799513 1462.178714 1491.591100
55.945599780195614 -3.1898090841799513 WNW 55.945714585225325 -3.1900862480397048 1462.178714 1490.341100
55.945714585225325 -3.1900862480397048 W 55.945714585225325 -3.190386248039705 1338.410523 1414.463242
55.945714585225325 -3.190386248039705 NW 55.94592671725968 -3.1905983800740607 1338.410523 1413.213242
55.94592671725968 -3.1905983800740607 SE 55.945714585225325 -3.190386248039705 1338.410523 1411.963242
55.945714585225325 -3.190386248039705 WNW 55.945829390255035 -3.1906634118994583 1338.410523 1410.713242
55.945829390255035 -3.1906634118994583 E 55.945829390255035 -3.190363411899458 1338.410523 1409.463242
55.945829390255035 -3.190363411899458 S 55.94552939025503 -3.190363411899458 1338.410523 1408.213242
55.94552939025503 -3.190363411899458 S 55.94522939025503 -3.190363411899458 1338.410523 1406.963242
55.94522939025503 -3.190363411899458 SSW 55.94495222639527 -3.1904782169291677 1338.410523 1405.713242
55.94495222639527 -3.1904782169291677 ESE 55.94483742136556 -3.1902010530694143 1338.410523 1404.463242
55.94483742136556 -3.1902010530694143 NE 55.94504955339992 -3.1899889210350585 1338.410523 1403.213242
55.94504955339992 -3.1899889210350585 NNW 55.945326717259675 -3.190103726064768 1338.410523 1401.963242
55.945326717259675 -3.190103726064768 ESE 55.945211912229965 -3.1898265622050146 1338.410523 1400.713242
55.945211912229965 -3.1898265622050146 N 55.94551191222997 -3.1898265622050146 1338.410523 1399.463242
55.94551191222997 -3.1898265622050146 ENE 55.94562671725968 -3.189549398345261 1338.410523 1398.213242
55.94562671725968 -3.189549398345261 NE 55.945838849294034 -3.1893372663109054 1338.410523 1396.963242
55.945838849294034 -3.1893372663109054 ENE 55.945953654323745 -3.189060102451152 1338.410523 1395.713242
55.945953654323745 -3.189060102451152 SW 55.94574152228939 -3.189272234485508 1338.410523 1394.463242
55.94574152228939 -3.189272234485508 ENE 55.9458563273191 -3.1889950706257544 1338.410523 1393.213242
55.9458563273191 -3.1889950706257544 NE 55.946068459353455 -3.1887829385913986 1338.410523 1391.963242
55.946068459353455 -3.1887829385913986 WSW 55.945953654323745 -3.189060102451152 1338.410523 1390.713242
55.945953654323745 -3.189060102451152 SE 55.94574152228939 -3.1888479704167962 1338.410523 1389.463242
55.94574152228939 -3.1888479704167962 WSW 55.94562671725968 -3.1891251342765496 1338.410523 1388.213242
55.94562671725968 -3.1891251342765496 ENE 55.94574152228939 -3.1888479704167962 1338.410523 1386.963242
55.94574152228939 -3.1888479704167962 N 55.94604152228939 -3.1888479704167962 1338.410523 1385.713242
55.94604152228939 -3.1888479704167962 NNW 55.94631868614915 -3.1889627754465057 1338.410523 1384.463242
55.94631868614915 -3.1889627754465057 WSW 55.94620388111944 -3.189239939306259 1338.410523 1383.213242
55.94620388111944 -3.189239939306259 WSW 55.94608907608973 -3.1895171031660126 1338.410523 1381.963242
55.94608907608973 -3.1895171031660126 NE 55.94630120812408 -3.189304971131657 1338.410523 1380.713242
55.94630120812408 -3.189304971131657 W 55.94630120812408 -3.189604971131657 1338.410523 1379.463242
55.94630120812408 -3.189604971131657 W 55.94630120812408 -3.189904971131657 1338.410523 1378.213242
55.94630120812408 -3.189904971131657 NE 55.94651334015844 -3.1896928390973014 1338.410523 1376.963242
55.94651334015844 -3.1896928390973014 WNW 55.94662814518815 -3.189970002957055 1338.410523 1375.713242
55.94662814518815 -3.189970002957055 NNW 55.94690530904791 -3.1900848079867643 1338.410523 1374.463242
55.94690530904791 -3.1900848079867643 WSW 55.946790504018196 -3.1903619718465177 1338.410523 1373.213242
55.946790504018196 -3.1903619718465177 SW 55.94657837198384 -3.1905741038808735 1338.410523 1371.963242
55.94657837198384 -3.1905741038808735 NE 55.946790504018196 -3.1903619718465177 1338.410523 1370.713242
55.946790504018196 -3.1903619718465177 W 55.946790504018196 -3.190661971846518 1338.410523 1369.463242
55.946790504018196 -3.190661971846518 N 55.9470905040182 -3.190661971846518 1338.410523 1368.213242
55.9470905040182 -3.190661971846518 S 55.946790504018196 -3.190661971846518 1338.410523 1366.963242
55.946790504018196 -3.190661971846518 NE 55.94700263605255 -3.190449839812162 1338.410523 1365.713242
55.94700263605255 -3.190449839812162 WSW 55.94688783102284 -3.1907270036719155 1338.410523 1364.463242
55.94688783102284 -3.1907270036719155 W 55.94688783102284 -3.1910270036719157 1338.410523 1363.213242
55.94688783102284 -3.1910270036719157 N 55.947187831022845 -3.1910270036719157 1338.410523 1361.963242
