55.944425 -3.188396 ENE 55.94453980502971 -3.1881188361402466 0.000000 248.750000
55.94453980502971 -3.1881188361402466 ENE 55.94465461005942 -3.187841672280493 0.000000 247.500000
55.94465461005942 -3.187841672280493 ENE 55.944769415089134 -3.18756450842074 0.000000 246.250000
55.944769415089134 -3.18756450842074 ENE 55.944884220118844 -3.1872873445609864 0.000000 245.000000
55.944884220118844 -3.1872873445609864 ENE 55.944999025148554 -3.187010180701233 49.270928 256.824749
55.944999025148554 -3.187010180701233 ENE 55.945113830178265 -3.1867330168414796 0.000000 131.704170
55.945113830178265 -3.1867330168414796 ENE 55.945228635207975 -3.186455852981726 0.000000 130.454170
55.945228635207975 -3.186455852981726 ENE 55.945343440237686 -3.1861786891219728 0.000000 129.204170
55.945343440237686 -3.1861786891219728 ENE 55.945458245267396 -3.1859015252622194 0.000000 127.954170
55.945458245267396 -3.1859015252622194 S 55.94515824526739 -3.1859015252622194 113.887452 161.557950
55.94515824526739 -3.1859015252622194 S 55.94485824526739 -3.1859015252622194 220.206845 177.434411
55.94485824526739 -3.1859015252622194 S 55.94455824526739 -3.1859015252622194 235.925669 269.476424
55.94455824526739 -3.1859015252622194 SSE 55.94428108140763 -3.18578672023251 235.925669 268.226424
55.94428108140763 -3.18578672023251 S 55.94398108140763 -3.18578672023251 235.925669 266.976424
55.94398108140763 -3.18578672023251 SSE 55.94370391754787 -3.1856719152028004 235.925669 265.726424
55.94370391754787 -3.1856719152028004 S 55.94340391754787 -3.1856719152028004 313.140754 273.632146
55.94340391754787 -3.1856719152028004 SSE 55.94312675368811 -3.185557110173091 313.140754 272.382146
55.94312675368811 -3.185557110173091 W 55.94312675368811 -3.185857110173091 348.280399 331.473396
55.94312675368811 -3.185857110173091 W 55.94312675368811 -3.1861571101730912 348.280399 330.223396
55.94312675368811 -3.1861571101730912 W 55.94312675368811 -3.1864571101730914 348.280399 328.973396
55.94312675368811 -3.1864571101730914 W 55.94312675368811 -3.1867571101730916 348.280399 327.723396
55.94312675368811 -3.1867571101730916 W 55.94312675368811 -3.187057110173092 348.280399 326.473396
55.94312675368811 -3.187057110173092 W 55.94312675368811 -3.187357110173092 348.280399 325.223396
55.94312675368811 -3.187357110173092 W 55.94312675368811 -3.187657110173092 348.280399 323.973396
55.94312675368811 -3.187657110173092 WNW 55.94324155871782 -3.1879342740328456 348.280399 322.723396
55.94324155871782 -3.1879342740328456 W 55.94324155871782 -3.1882342740328458 348.280399 321.473396
55.94324155871782 -3.1882342740328458 WNW 55.94335636374753 -3.188511437892599 348.280399 320.223396
55.94335636374753 -3.188511437892599 W 55.94335636374753 -3.1888114378925994 348.280399 318.973396
55.94335636374753 -3.1888114378925994 WNW 55.94347116877724 -3.1890886017523528 348.280399 317.723396
55.94347116877724 -3.1890886017523528 ENE 55.943585973806954 -3.1888114378925994 404.918959 400.135438
55.943585973806954 -3.1888114378925994 ENE 55.943700778836664 -3.188534274032846 404.918959 398.885438
55.943700778836664 -3.188534274032846 ENE 55.943815583866375 -3.1882571101730925 404.918959 397.635438
55.943815583866375 -3.1882571101730925 ENE 55.943930388896085 -3.187979946313339 478.288346 473.714274
55.943930388896085 -3.187979946313339 ENE 55.944045193925795 -3.1877027824535857 478.288346 472.464274
55.944045193925795 -3.1877027824535857 E 55.944045193925795 -3.1874027824535855 478.288346 471.214274
55.944045193925795 -3.1874027824535855 ENE 55.944159998955506 -3.187125618593832 478.288346 469.964274
55.944159998955506 -3.187125618593832 E 55.944159998955506 -3.186825618593832 478.288346 468.714274
55.944159998955506 -3.186825618593832 NW 55.94437213098986 -3.1870377506281877 588.897315 538.875786
55.94437213098986 -3.1870377506281877 WNW 55.94448693601957 -3.187314914487941 588.897315 537.625786
55.94448693601957 -3.187314914487941 NW 55.94469906805393 -3.187527046522297 588.897315 536.375786
55.94469906805393 -3.187527046522297 WNW 55.94481387308364 -3.1878042103820503 588.897315 535.125786
55.94481387308364 -3.1878042103820503 NW 55.945026005117995 -3.188016342416406 588.897315 533.875786
55.945026005117995 -3.188016342416406 WNW 55.945140810147706 -3.1882935062761595 588.897315 532.625786
55.945140810147706 -3.1882935062761595 NW 55.94535294218206 -3.1885056383105153 588.897315 531.375786
55.94535294218206 -3.1885056383105153 WNW 55.94546774721177 -3.1887828021702687 588.897315 530.125786
55.94546774721177 -3.1887828021702687 NW 55.94567987924613 -3.1889949342046244 610.790512 629.864701
55.94567987924613 -3.1889949342046244 E 55.94567987924613 -3.1886949342046242 691.421000 744.461178
55.94567987924613 -3.1886949342046242 E 55.94567987924613 -3.188394934204624 691.421000 743.211178
55.94567987924613 -3.188394934204624 E 55.94567987924613 -3.188094934204624 691.421000 741.961178
55.94567987924613 -3.188094934204624 E 55.94567987924613 -3.1877949342046237 691.421000 740.711178
55.94567987924613 -3.1877949342046237 E 55.94567987924613 -3.1874949342046235 702.254983 822.030269
55.94567987924613 -3.1874949342046235 E 55.94567987924613 -3.1871949342046233 702.254983 820.780269
55.94567987924613 -3.1871949342046233 E 55.94567987924613 -3.186894934204623 702.254983 819.530269
55.94567987924613 -3.186894934204623 E 55.94567987924613 -3.186594934204623 702.254983 818.280269
55.94567987924613 -3.186594934204623 E 55.94567987924613 -3.1862949342046227 611.597223 794.994570
55.94567987924613 -3.1862949342046227 E 55.94567987924613 -3.1859949342046225 611.361494 691.919037
55.94567987924613 -3.1859949342046225 E 55.94567987924613 -3.1856949342046224 611.361494 690.669037
55.94567987924613 -3.1856949342046224 E 55.94567987924613 -3.185394934204622 611.361494 689.419037
55.94567987924613 -3.185394934204622 E 55.94567987924613 -3.185094934204622 611.361494 688.169037
55.94567987924613 -3.185094934204622 E 55.94567987924613 -3.184794934204622 611.361494 686.919037
55.94567987924613 -3.184794934204622 ENE 55.94579468427584 -3.1845177703448684 611.361494 685.669037
55.94579468427584 -3.1845177703448684 W 55.94579468427584 -3.1848177703448686 680.820008 800.503433
55.94579468427584 -3.1848177703448686 W 55.94579468427584 -3.1851177703448688 680.820008 799.253433
55.94579468427584 -3.1851177703448688 W 55.94579468427584 -3.185417770344869 680.820008 798.003433
55.94579468427584 -3.185417770344869 WSW 55.94567987924613 -3.1856949342046224 680.820008 796.753433
55.94567987924613 -3.1856949342046224 W 55.94567987924613 -3.1859949342046225 680.820008 795.503433
55.94567987924613 -3.1859949342046225 WSW 55.94556507421642 -3.186272098064376 680.820008 794.253433
55.94556507421642 -3.186272098064376 W 55.94556507421642 -3.186572098064376 680.820008 793.003433
55.94556507421642 -3.186572098064376 WSW 55.94545026918671 -3.1868492619241295 680.820008 791.753433
55.94545026918671 -3.1868492619241295 W 55.94545026918671 -3.1871492619241297 680.820008 790.503433
55.94545026918671 -3.1871492619241297 WSW 55.945335464157 -3.187426425783883 680.820008 789.253433
55.945335464157 -3.187426425783883 W 55.945335464157 -3.1877264257838833 680.820008 788.003433
55.945335464157 -3.1877264257838833 WSW 55.94522065912729 -3.1880035896436367 680.820008 786.753433
55.94522065912729 -3.1880035896436367 W 55.94522065912729 -3.188303589643637 680.820008 785.503433
55.94522065912729 -3.188303589643637 WSW 55.94510585409758 -3.1885807535033903 680.820008 784.253433
55.94510585409758 -3.1885807535033903 W 55.94510585409758 -3.1888807535033905 647.684859 708.554015
55.94510585409758 -3.1888807535033905 WSW 55.944991049067866 -3.189157917363144 647.684859 707.304015
55.944991049067866 -3.189157917363144 W 55.944991049067866 -3.189457917363144 647.684859 706.054015
55.944991049067866 -3.189457917363144 WSW 55.944876244038156 -3.1897350812228975 647.684859 704.804015
55.944876244038156 -3.1897350812228975 W 55.944876244038156 -3.1900350812228977 743.766934 738.139101
55.944876244038156 -3.1900350812228977 WSW 55.944761439008445 -3.190312245082651 743.766934 736.889101
55.944761439008445 -3.190312245082651 W 55.944761439008445 -3.1906122450826513 804.564659 772.157209
55.944761439008445 -3.1906122450826513 WSW 55.944646633978735 -3.1908894089424047 804.564659 770.907209
55.944646633978735 -3.1908894089424047 W 55.944646633978735 -3.191189408942405 804.564659 769.657209
55.944646633978735 -3.191189408942405 WSW 55.944531828949025 -3.1914665728021583 804.564659 768.407209
55.944531828949025 -3.1914665728021583 SE 55.94431969691467 -3.1912544407678025 896.659512 772.252373
55.94431969691467 -3.1912544407678025 SE 55.94410756488031 -3.1910423087334467 896.659512 771.002373
55.94410756488031 -3.1910423087334467 SE 55.943895432845956 -3.190830176699091 896.659512 769.752373
55.943895432845956 -3.190830176699091 SE 55.9436833008116 -3.190618044664735 896.659512 768.502373
55.9436833008116 -3.190618044664735 SE 55.94347116877724 -3.1904059126303794 896.659512 767.252373
55.94347116877724 -3.1904059126303794 SE 55.94325903674289 -3.1901937805960237 896.659512 766.002373
55.94325903674289 -3.1901937805960237 SSE 55.94298187288313 -3.190078975566314 896.659512 764.752373
55.94298187288313 -3.190078975566314 SE 55.942769740848775 -3.1898668435319584 851.264052 748.805752
55.942769740848775 -3.1898668435319584 N 55.94306974084878 -3.1898668435319584 900.702484 817.388475
55.94306974084878 -3.1898668435319584 NNW 55.943346904708534 -3.189981648561668 900.702484 816.138475
55.943346904708534 -3.189981648561668 N 55.94364690470854 -3.189981648561668 900.702484 814.888475
55.94364690470854 -3.189981648561668 NNW 55.94392406856829 -3.1900964535913774 900.702484 813.638475
55.94392406856829 -3.1900964535913774 N 55.944224068568296 -3.1900964535913774 900.702484 812.388475
55.944224068568296 -3.1900964535913774 NNW 55.94450123242805 -3.190211258621087 900.702484 811.138475
55.94450123242805 -3.190211258621087 N 55.944801232428055 -3.190211258621087 900.702484 809.888475
55.944801232428055 -3.190211258621087 NNW 55.94507839628781 -3.1903260636507964 900.702484 808.638475
55.94507839628781 -3.1903260636507964 WSW 55.9449635912581 -3.19060322751055 1016.474866 893.445670
55.9449635912581 -3.19060322751055 WSW 55.94484878622839 -3.190880391370303 1016.474866 892.195670
55.94484878622839 -3.190880391370303 WSW 55.94473398119868 -3.1911575552300566 1016.474866 890.945670
55.94473398119868 -3.1911575552300566 WSW 55.94461917616897 -3.19143471908981 1016.474866 889.695670
55.94461917616897 -3.19143471908981 WNW 55.94473398119868 -3.1917118829495634 1016.474866 888.445670
55.94473398119868 -3.1917118829495634 NW 55.94494611323304 -3.191924014983919 1105.633612 989.986474
55.94494611323304 -3.191924014983919 WNW 55.94506091826275 -3.1922011788436726 1105.633612 988.736474
55.94506091826275 -3.1922011788436726 NW 55.945273050297104 -3.1924133108780284 1105.633612 987.486474
55.945273050297104 -3.1924133108780284 ESE 55.94515824526739 -3.192136147018275 1191.059788 1024.250272
55.94515824526739 -3.192136147018275 ESE 55.94504344023768 -3.1918589831585216 1191.059788 1023.000272
55.94504344023768 -3.1918589831585216 ESE 55.94492863520797 -3.191581819298768 1191.059788 1021.750272
55.94492863520797 -3.191581819298768 ESE 55.94481383017826 -3.1913046554390148 1191.059788 1020.500272
55.94481383017826 -3.1913046554390148 ESE 55.94469902514855 -3.1910274915792614 1191.059788 1019.250272
55.94469902514855 -3.1910274915792614 E 55.94469902514855 -3.190727491579261 1191.059788 1018.000272
55.94469902514855 -3.190727491579261 ESE 55.94458422011884 -3.1904503277195078 1191.059788 1016.750272
55.94458422011884 -3.1904503277195078 E 55.94458422011884 -3.1901503277195076 1191.059788 1015.500272
55.94458422011884 -3.1901503277195076 WSW 55.94446941508913 -3.190427491579261 1201.837290 1075.992494
55.94446941508913 -3.190427491579261 WSW 55.94435461005942 -3.1907046554390144 1201.837290 1074.742494
55.94435461005942 -3.1907046554390144 WSW 55.94423980502971 -3.190981819298768 1201.837290 1073.492494
55.94423980502971 -3.190981819298768 WSW 55.944125 -3.191258983158521 1201.837290 1072.242494
55.944125 -3.191258983158521 W 55.944125 -3.1915589831585214 1201.837290 1070.992494
55.944125 -3.1915589831585214 E 55.944125 -3.191258983158521 1217.492497 1110.505921
55.944125 -3.191258983158521 E 55.944125 -3.190958983158521 1217.492497 1109.255921
55.944125 -3.190958983158521 E 55.944125 -3.190658983158521 1217.492497 1108.005921
55.944125 -3.190658983158521 E 55.944125 -3.1903589831585206 1239.786611 1117.814485
55.944125 -3.1903589831585206 E 55.944125 -3.1900589831585204 1239.786611 1116.564485
55.944125 -3.1900589831585204 E 55.944125 -3.1897589831585202 1239.786611 1115.314485
55.944125 -3.1897589831585202 E 55.944125 -3.18945898315852 1239.786611 1114.064485
55.944125 -3.18945898315852 ENE 55.94423980502971 -3.1891818192987667 1239.786611 1112.814485
55.94423980502971 -3.1891818192987667 E 55.94423980502971 -3.1888818192987665 1239.786611 1111.564485
55.94423980502971 -3.1888818192987665 ENE 55.94435461005942 -3.188604655439013 1215.958889 1086.418550
55.94435461005942 -3.188604655439013 E 55.94435461005942 -3.188304655439013 1215.958889 1085.168550
55.94435461005942 -3.188304655439013 ENE 55.94446941508913 -3.1880274915792595 1215.958889 1083.918550
55.94446941508913 -3.1880274915792595 E 55.94446941508913 -3.1877274915792593 1215.958889 1082.668550
55.94446941508913 -3.1877274915792593 ENE 55.94458422011884 -3.187450327719506 1215.958889 1081.418550
55.94458422011884 -3.187450327719506 E 55.94458422011884 -3.1871503277195057 1215.958889 1080.168550
55.94458422011884 -3.1871503277195057 ENE 55.94469902514855 -3.1868731638597523 1215.958889 1078.918550
55.94469902514855 -3.1868731638597523 E 55.94469902514855 -3.186573163859752 1215.958889 1077.668550
55.94469902514855 -3.186573163859752 ENE 55.94481383017826 -3.1862959999999987 1215.958889 1076.418550
55.94481383017826 -3.1862959999999987 E 55.94481383017826 -3.1859959999999985 1215.958889 1075.168550
55.94481383017826 -3.1859959999999985 ENE 55.94492863520797 -3.185718836140245 1215.958889 1073.918550
55.94492863520797 -3.185718836140245 E 55.94492863520797 -3.185418836140245 1215.958889 1072.668550
55.94492863520797 -3.185418836140245 ENE 55.94504344023768 -3.1851416722804915 1215.958889 1071.418550
55.94504344023768 -3.1851416722804915 E 55.94504344023768 -3.1848416722804913 1165.851287 951.638897
55.94504344023768 -3.1848416722804913 SW 55.94483130820333 -3.185053804314847 1198.644149 1037.498900
55.94483130820333 -3.185053804314847 SW 55.94461917616897 -3.185265936349203 1198.644149 1036.248900
55.94461917616897 -3.185265936349203 SW 55.944407044134614 -3.1854780683835586 1198.644149 1034.998900
55.944407044134614 -3.1854780683835586 SW 55.94419491210026 -3.1856902004179144 1198.644149 1033.748900
55.94419491210026 -3.1856902004179144 SW 55.9439827800659 -3.18590233245227 1198.644149 1032.498900
55.9439827800659 -3.18590233245227 SW 55.943770648031546 -3.186114464486626 1198.644149 1031.248900
55.943770648031546 -3.186114464486626 SW 55.94355851599719 -3.1863265965209817 1198.644149 1029.998900
55.94355851599719 -3.1863265965209817 SW 55.94334638396283 -3.1865387285553375 1198.644149 1028.748900
55.94334638396283 -3.1865387285553375 SSW 55.94306922010308 -3.186653533585047 1198.644149 1027.498900
55.94306922010308 -3.186653533585047 SW 55.94285708806872 -3.1868656656194028 1198.644149 1026.248900
55.94285708806872 -3.1868656656194028 SSW 55.942579924208964 -3.1869804706491123 1222.670804 1142.095625
55.942579924208964 -3.1869804706491123 WNW 55.942694729238674 -3.1872576345088657 1222.670804 1140.845625
55.942694729238674 -3.1872576345088657 WNW 55.942809534268385 -3.187534798368619 1222.670804 1139.595625
55.942809534268385 -3.187534798368619 WNW 55.942924339298095 -3.1878119622283725 1222.670804 1138.345625
55.942924339298095 -3.1878119622283725 WNW 55.943039144327805 -3.188089126088126 1222.670804 1137.095625
55.943039144327805 -3.188089126088126 WNW 55.943153949357516 -3.1883662899478793 1222.670804 1135.845625
55.943153949357516 -3.1883662899478793 WNW 55.943268754387226 -3.1886434538076327 1222.670804 1134.595625
55.943268754387226 -3.1886434538076327 W 55.943268754387226 -3.188943453807633 1222.670804 1133.345625
55.943268754387226 -3.188943453807633 WNW 55.94338355941694 -3.1892206176673863 1222.670804 1132.095625
55.94338355941694 -3.1892206176673863 W 55.94338355941694 -3.1895206176673865 1222.670804 1130.845625
55.94338355941694 -3.1895206176673865 WNW 55.94349836444665 -3.18979778152714 1222.670804 1129.595625
55.94349836444665 -3.18979778152714 W 55.94349836444665 -3.19009778152714 1222.670804 1128.345625
55.94349836444665 -3.19009778152714 WNW 55.94361316947636 -3.1903749453868935 1222.670804 1127.095625
55.94361316947636 -3.1903749453868935 W 55.94361316947636 -3.1906749453868937 1222.670804 1125.845625
55.94361316947636 -3.1906749453868937 WNW 55.94372797450607 -3.190952109246647 1222.670804 1124.595625
55.94372797450607 -3.190952109246647 W 55.94372797450607 -3.1912521092466473 1222.670804 1123.345625
55.94372797450607 -3.1912521092466473 S 55.943427974506065 -3.1912521092466473 1284.368315 1143.460170
55.943427974506065 -3.1912521092466473 SSE 55.94315081064631 -3.1911373042169378 1215.915339 1138.260514
55.94315081064631 -3.1911373042169378 S 55.942850810646306 -3.1911373042169378 1215.915339 1137.010514
55.942850810646306 -3.1911373042169378 E 55.942850810646306 -3.1908373042169376 1293.570756 1219.252393
55.942850810646306 -3.1908373042169376 E 55.942850810646306 -3.1905373042169374 1293.570756 1218.002393
55.942850810646306 -3.1905373042169374 E 55.942850810646306 -3.190237304216937 1293.570756 1216.752393
55.942850810646306 -3.190237304216937 E 55.942850810646306 -3.189937304216937 1293.570756 1215.502393
55.942850810646306 -3.189937304216937 ENE 55.942965615676016 -3.1896601403571836 1293.570756 1214.252393
55.942965615676016 -3.1896601403571836 E 55.942965615676016 -3.1893601403571834 1293.570756 1213.002393
55.942965615676016 -3.1893601403571834 ENE 55.943080420705726 -3.18908297649743 1293.570756 1211.752393
55.943080420705726 -3.18908297649743 E 55.943080420705726 -3.18878297649743 1293.570756 1210.502393
55.943080420705726 -3.18878297649743 ENE 55.94319522573544 -3.1885058126376764 1293.570756 1209.252393
55.94319522573544 -3.1885058126376764 E 55.94319522573544 -3.188205812637676 1293.570756 1208.002393
55.94319522573544 -3.188205812637676 ENE 55.94331003076515 -3.187928648777923 1293.570756 1206.752393
55.94331003076515 -3.187928648777923 E 55.94331003076515 -3.1876286487779226 1293.570756 1205.502393
55.94331003076515 -3.1876286487779226 ENE 55.94342483579486 -3.187351484918169 1293.570756 1204.252393
55.94342483579486 -3.187351484918169 E 55.94342483579486 -3.187051484918169 1293.570756 1203.002393
55.94342483579486 -3.187051484918169 ENE 55.94353964082457 -3.1867743210584156 1288.744152 1142.709120
55.94353964082457 -3.1867743210584156 E 55.94353964082457 -3.1864743210584154 1288.744152 1141.459120
55.94353964082457 -3.1864743210584154 ENE 55.94365444585428 -3.186197157198662 1288.744152 1140.209120
55.94365444585428 -3.186197157198662 E 55.94365444585428 -3.185897157198662 1288.744152 1138.959120
55.94365444585428 -3.185897157198662 ENE 55.94376925088399 -3.1856199933389084 1288.744152 1137.709120
55.94376925088399 -3.1856199933389084 E 55.94376925088399 -3.1853199933389083 1288.744152 1136.459120
55.94376925088399 -3.1853199933389083 ENE 55.9438840559137 -3.185042829479155 1288.744152 1135.209120
55.9438840559137 -3.185042829479155 E 55.9438840559137 -3.1847428294791547 1288.744152 1133.959120
55.9438840559137 -3.1847428294791547 WNW 55.94399886094341 -3.185019993338908 1374.619950 1208.723836
55.94399886094341 -3.185019993338908 WNW 55.94411366597312 -3.1852971571986615 1374.619950 1207.473836
55.94411366597312 -3.1852971571986615 WNW 55.94422847100283 -3.185574321058415 1374.619950 1206.223836
55.94422847100283 -3.185574321058415 W 55.94422847100283 -3.185874321058415 1374.619950 1204.973836
55.94422847100283 -3.185874321058415 WNW 55.94434327603254 -3.1861514849181685 1374.619950 1203.723836
55.94434327603254 -3.1861514849181685 W 55.94434327603254 -3.1864514849181687 1374.619950 1202.473836
55.94434327603254 -3.1864514849181687 WNW 55.94445808106225 -3.186728648777922 1370.173100 1096.974903
55.94445808106225 -3.186728648777922 W 55.94445808106225 -3.1870286487779222 1370.173100 1095.724903
55.94445808106225 -3.1870286487779222 WNW 55.94457288609196 -3.1873058126376757 1370.173100 1094.474903
55.94457288609196 -3.1873058126376757 W 55.94457288609196 -3.187605812637676 1370.173100 1093.224903
55.94457288609196 -3.187605812637676 WNW 55.94468769112167 -3.1878829764974292 1370.173100 1091.974903
55.94468769112167 -3.1878829764974292 W 55.94468769112167 -3.1881829764974294 1370.173100 1090.724903
55.94468769112167 -3.1881829764974294 WNW 55.94480249615138 -3.188460140357183 1370.173100 1089.474903
55.94480249615138 -3.188460140357183 W 55.94480249615138 -3.188760140357183 1370.173100 1088.224903
55.94480249615138 -3.188760140357183 WNW 55.94491730118109 -3.1890373042169364 1370.173100 1086.974903
55.94491730118109 -3.1890373042169364 W 55.94491730118109 -3.1893373042169366 1370.173100 1085.724903
55.94491730118109 -3.1893373042169366 WNW 55.9450321062108 -3.18961446807669 1370.173100 1084.474903
55.9450321062108 -3.18961446807669 W 55.9450321062108 -3.18991446807669 1370.173100 1083.224903
55.9450321062108 -3.18991446807669 WNW 55.94514691124051 -3.1901916319364436 1370.173100 1081.974903
55.94514691124051 -3.1901916319364436 W 55.94514691124051 -3.190491631936444 1370.173100 1080.724903
55.94514691124051 -3.190491631936444 WNW 55.945261716270224 -3.190768795796197 1370.173100 1079.474903
55.945261716270224 -3.190768795796197 W 55.945261716270224 -3.1910687957961974 1370.173100 1078.224903
55.945261716270224 -3.1910687957961974 ESE 55.94514691124051 -3.190791631936444 1434.103027 1194.854513
55.94514691124051 -3.190791631936444 ESE 55.9450321062108 -3.1905144680766906 1434.103027 1193.604513
55.9450321062108 -3.1905144680766906 ESE 55.94491730118109 -3.190237304216937 1434.103027 1192.354513
55.94491730118109 -3.190237304216937 ESE 55.94480249615138 -3.189960140357184 1434.103027 1191.104513
55.94480249615138 -3.189960140357184 ESE 55.94468769112167 -3.1896829764974304 1434.103027 1189.854513
55.94468769112167 -3.1896829764974304 ESE 55.94457288609196 -3.189405812637677 1434.103027 1188.604513
55.94457288609196 -3.189405812637677 ESE 55.94445808106225 -3.1891286487779236 1434.103027 1187.354513
55.94445808106225 -3.1891286487779236 ESE 55.94434327603254 -3.18885148491817 1434.103027 1186.104513
55.94434327603254 -3.18885148491817 E 55.94434327603254 -3.18855148491817 1434.103027 1184.854513
55.94434327603254 -3.18855148491817 ESE 55.94422847100283 -3.1882743210584166 1434.103027 1183.604513
55.94422847100283 -3.1882743210584166 E 55.94422847100283 -3.1879743210584164 1434.103027 1182.354513
55.94422847100283 -3.1879743210584164 ESE 55.94411366597312 -3.187697157198663 1408.160619 1170.936031
55.94411366597312 -3.187697157198663 E 55.94411366597312 -3.187397157198663 1408.160619 1169.686031
55.94411366597312 -3.187397157198663 ESE 55.94399886094341 -3.1871199933389094 1408.160619 1168.436031
55.94399886094341 -3.1871199933389094 E 55.94399886094341 -3.186819993338909 1408.160619 1167.186031
55.94399886094341 -3.186819993338909 ESE 55.9438840559137 -3.186542829479156 1408.160619 1165.936031
55.9438840559137 -3.186542829479156 E 55.9438840559137 -3.1862428294791556 1439.822322 1244.257397
55.9438840559137 -3.1862428294791556 S 55.943584055913696 -3.1862428294791556 1439.822322 1243.007397
55.943584055913696 -3.1862428294791556 SSE 55.94330689205394 -3.186128024449446 1439.822322 1241.757397
55.94330689205394 -3.186128024449446 SW 55.943094760019584 -3.186340156483802 1439.822322 1240.507397
55.943094760019584 -3.186340156483802 NE 55.94330689205394 -3.186128024449446 1439.822322 1239.257397
55.94330689205394 -3.186128024449446 WNW 55.94342169708365 -3.1864051883091995 1439.822322 1238.007397
55.94342169708365 -3.1864051883091995 NNW 55.94369886094341 -3.186519993338909 1439.822322 1236.757397
55.94369886094341 -3.186519993338909 ENE 55.94381366597312 -3.1862428294791556 1439.822322 1235.507397
55.94381366597312 -3.1862428294791556 SE 55.94360153393876 -3.1860306974448 1439.822322 1234.257397
55.94360153393876 -3.1860306974448 NW 55.94381366597312 -3.1862428294791556 1439.822322 1233.007397
55.94381366597312 -3.1862428294791556 WSW 55.94369886094341 -3.186519993338909 1439.822322 1231.757397
55.94369886094341 -3.186519993338909 ESE 55.943584055913696 -3.1862428294791556 1439.822322 1230.507397
55.943584055913696 -3.1862428294791556 SSW 55.94330689205394 -3.186357634508865 1439.822322 1229.257397
55.94330689205394 -3.186357634508865 SW 55.943094760019584 -3.186569766543221 1439.822322 1228.007397
55.943094760019584 -3.186569766543221 ESE 55.94297995498987 -3.1862926026834675 1439.822322 1226.757397
55.94297995498987 -3.1862926026834675 WNW 55.943094760019584 -3.186569766543221 1439.822322 1225.507397
