55.944425 -3.188396 ENE 55.94453980502971 -3.1881188361402466 0.000000 248.750000
55.94453980502971 -3.1881188361402466 ENE 55.94465461005942 -3.187841672280493 0.000000 247.500000
55.94465461005942 -3.187841672280493 ENE 55.944769415089134 -3.18756450842074 0.000000 246.250000
55.944769415089134 -3.18756450842074 ENE 55.944884220118844 -3.1872873445609864 0.000000 245.000000
55.944884220118844 -3.1872873445609864 ENE 55.944999025148554 -3.187010180701233 49.270928 256.824749
55.944999025148554 -3.187010180701233 ENE 55.945113830178265 -3.1867330168414796 0.000000 131.704170
55.945113830178265 -3.1867330168414796 ENE 55.945228635207975 -3.186455852981726 0.000000 130.454170
55.945228635207975 -3.186455852981726 ENE 55.945343440237686 -3.1861786891219728 0.000000 129.204170
55.945343440237686 -3.1861786891219728 ENE 55.945458245267396 -3.1859015252622194 0.000000 127.954170
55.945458245267396 -3.1859015252622194 S 55.94515824526739 -3.1859015252622194 113.887452 161.557950
55.94515824526739 -3.1859015252622194 S 55.94485824526739 -3.1859015252622194 220.206845 177.434411
55.94485824526739 -3.1859015252622194 S 55.94455824526739 -3.1859015252622194 235.925669 269.476424
55.94455824526739 -3.1859015252622194 SSE 55.94428108140763 -3.18578672023251 235.925669 268.226424
55.94428108140763 -3.18578672023251 S 55.94398108140763 -3.18578672023251 235.925669 266.976424
55.94398108140763 -3.18578672023251 SSE 55.94370391754787 -3.1856719152028004 235.925669 265.726424
55.94370391754787 -3.1856719152028004 S 55.94340391754787 -3.1856719152028004 313.140754 273.632146
55.94340391754787 -3.1856719152028004 SSE 55.94312675368811 -3.185557110173091 313.140754 272.382146
55.94312675368811 -3.185557110173091 WNW 55.94324155871782 -3.1858342740328442 348.280399 331.473396
55.94324155871782 -3.1858342740328442 WNW 55.94335636374753 -3.1861114378925977 348.280399 330.223396
55.94335636374753 -3.1861114378925977 WNW 55.94347116877724 -3.186388601752351 348.280399 328.973396
55.94347116877724 -3.186388601752351 WNW 55.943585973806954 -3.1866657656121045 348.280399 327.723396
55.943585973806954 -3.1866657656121045 WNW 55.943700778836664 -3.186942929471858 348.280399 326.473396
55.943700778836664 -3.186942929471858 WNW 55.943815583866375 -3.1872200933316113 343.453795 266.180123
55.943815583866375 -3.1872200933316113 WNW 55.943930388896085 -3.1874972571913647 343.453795 264.930123
55.943930388896085 -3.1874972571913647 WNW 55.944045193925795 -3.187774421051118 343.453795 263.680123
55.944045193925795 -3.187774421051118 WNW 55.944159998955506 -3.1880515849108715 343.453795 262.430123
55.944159998955506 -3.1880515849108715 W 55.944159998955506 -3.1883515849108717 317.511386 251.011641
55.944159998955506 -3.1883515849108717 WNW 55.944274803985216 -3.188628748770625 317.511386 249.761641
55.944274803985216 -3.188628748770625 W 55.944274803985216 -3.1889287487706253 293.683664 224.615706
55.944274803985216 -3.1889287487706253 WNW 55.94438960901493 -3.1892059126303787 293.683664 223.365706
55.94438960901493 -3.1892059126303787 W 55.94438960901493 -3.189505912630379 293.683664 222.115706
55.94438960901493 -3.189505912630379 WNW 55.94450441404464 -3.1897830764901323 293.683664 220.865706
55.94450441404464 -3.1897830764901323 W 55.94450441404464 -3.1900830764901325 389.765739 254.200792
55.94450441404464 -3.1900830764901325 SSW 55.94422725018488 -3.190197881519842 400.543241 314.693014
55.94422725018488 -3.190197881519842 SSW 55.943950086325124 -3.1903126865495515 400.543241 313.443014
55.943950086325124 -3.1903126865495515 SSW 55.94367292246537 -3.190427491579261 422.837354 323.251578
55.94367292246537 -3.190427491579261 SW 55.94346079043101 -3.1906396236136167 422.837354 322.001578
55.94346079043101 -3.1906396236136167 SSW 55.943183626571255 -3.1907544286433263 422.837354 320.751578
55.943183626571255 -3.1907544286433263 SW 55.9429714945369 -3.190966560677682 422.837354 319.501578
55.9429714945369 -3.190966560677682 SSW 55.94269433067714 -3.1910813657073915 422.837354 318.251578
55.94269433067714 -3.1910813657073915 NNE 55.9429714945369 -3.190966560677682 500.492772 400.493457
55.9429714945369 -3.190966560677682 NE 55.943183626571255 -3.1907544286433263 500.492772 399.243457
55.943183626571255 -3.1907544286433263 NNE 55.94346079043101 -3.1906396236136167 500.492772 397.993457
55.94346079043101 -3.1906396236136167 NE 55.94367292246537 -3.190427491579261 500.492772 396.743457
55.94367292246537 -3.190427491579261 NNE 55.943950086325124 -3.1903126865495515 500.492772 395.493457
55.943950086325124 -3.1903126865495515 NE 55.94416221835948 -3.1901005545151957 500.492772 394.243457
55.94416221835948 -3.1901005545151957 NNE 55.94443938221924 -3.189985749485486 500.492772 392.993457
55.94443938221924 -3.189985749485486 NE 55.94465151425359 -3.1897736174511304 500.492772 391.743457
55.94465151425359 -3.1897736174511304 NNE 55.94492867811335 -3.189658812421421 500.492772 390.493457
55.94492867811335 -3.189658812421421 NE 55.945140810147706 -3.189446680387065 500.492772 389.243457
55.945140810147706 -3.189446680387065 NNE 55.94541797400746 -3.1893318753573556 500.492772 387.993457
55.94541797400746 -3.1893318753573556 NE 55.94563010604182 -3.189119743323 500.492772 386.743457
55.94563010604182 -3.189119743323 W 55.94563010604182 -3.189419743323 581.123260 501.339934
55.94563010604182 -3.189419743323 W 55.94563010604182 -3.1897197433230002 581.123260 500.089934
55.94563010604182 -3.1897197433230002 W 55.94563010604182 -3.1900197433230004 581.123260 498.839934
55.94563010604182 -3.1900197433230004 W 55.94563010604182 -3.1903197433230006 581.123260 497.589934
55.94563010604182 -3.1903197433230006 W 55.94563010604182 -3.190619743323001 581.123260 496.339934
55.94563010604182 -3.190619743323001 W 55.94563010604182 -3.190919743323001 581.123260 495.089934
55.94563010604182 -3.190919743323001 WSW 55.94551530101211 -3.1911969071827544 581.123260 493.839934
55.94551530101211 -3.1911969071827544 W 55.94551530101211 -3.1914969071827546 645.053187 610.469544
55.94551530101211 -3.1914969071827546 WSW 55.9454004959824 -3.191774071042508 645.053187 609.219544
55.9454004959824 -3.191774071042508 W 55.9454004959824 -3.192074071042508 645.053187 607.969544
55.9454004959824 -3.192074071042508 WSW 55.94528569095269 -3.1923512349022616 645.053187 606.719544
55.94528569095269 -3.1923512349022616 SSE 55.94500852709293 -3.192236429872552 730.479363 643.483341
55.94500852709293 -3.192236429872552 SE 55.944796395058574 -3.1920242978381963 730.479363 642.233341
55.944796395058574 -3.1920242978381963 SSE 55.94451923119882 -3.191909492808487 730.479363 640.983341
55.94451923119882 -3.191909492808487 SE 55.94430709916446 -3.191697360774131 730.479363 639.733341
55.94430709916446 -3.191697360774131 SSE 55.944029935304705 -3.1915825557444215 819.638109 741.274146
55.944029935304705 -3.1915825557444215 W 55.944029935304705 -3.1918825557444217 835.293316 780.787573
55.944029935304705 -3.1918825557444217 NE 55.94424206733906 -3.191670423710066 835.293316 779.537573
55.94424206733906 -3.191670423710066 NNE 55.94451923119882 -3.1915556186803564 835.293316 778.287573
55.94451923119882 -3.1915556186803564 E 55.94451923119882 -3.1912556186803562 927.388170 782.132737
55.94451923119882 -3.1912556186803562 E 55.94451923119882 -3.190955618680356 927.388170 780.882737
55.94451923119882 -3.190955618680356 E 55.94451923119882 -3.190655618680356 927.388170 779.632737
55.94451923119882 -3.190655618680356 E 55.94451923119882 -3.1903556186803557 927.388170 778.382737
55.94451923119882 -3.1903556186803557 ESE 55.94440442616911 -3.1900784548206023 988.185895 813.650846
55.94440442616911 -3.1900784548206023 E 55.94440442616911 -3.189778454820602 988.185895 812.400846
55.94440442616911 -3.189778454820602 ESE 55.9442896211394 -3.1895012909608487 988.185895 811.150846
55.9442896211394 -3.1895012909608487 E 55.9442896211394 -3.1892012909608485 988.185895 809.900846
55.9442896211394 -3.1892012909608485 ESE 55.94417481610969 -3.188924127101095 988.185895 808.650846
55.94417481610969 -3.188924127101095 E 55.94417481610969 -3.188624127101095 988.185895 807.400846
55.94417481610969 -3.188624127101095 ESE 55.944060011079976 -3.1883469632413415 988.185895 806.150846
55.944060011079976 -3.1883469632413415 E 55.944060011079976 -3.1880469632413413 1061.555282 882.229682
55.944060011079976 -3.1880469632413413 E 55.944060011079976 -3.187746963241341 1061.555282 880.979682
55.944060011079976 -3.187746963241341 E 55.944060011079976 -3.187446963241341 1061.555282 879.729682
55.944060011079976 -3.187446963241341 E 55.944060011079976 -3.1871469632413407 1061.555282 878.479682
55.944060011079976 -3.1871469632413407 ESE 55.943945206050266 -3.1868697993815873 1061.555282 877.229682
55.943945206050266 -3.1868697993815873 E 55.943945206050266 -3.186569799381587 1061.555282 875.979682
55.943945206050266 -3.186569799381587 ENE 55.944060011079976 -3.1862926355218337 1093.216985 954.301048
55.944060011079976 -3.1862926355218337 NE 55.94427214311433 -3.186080503487478 1093.216985 953.051048
55.94427214311433 -3.186080503487478 ENE 55.94438694814404 -3.1858033396277246 1093.216985 951.801048
55.94438694814404 -3.1858033396277246 NE 55.9445990801784 -3.185591207593369 1093.216985 950.551048
55.9445990801784 -3.185591207593369 ENE 55.94471388520811 -3.1853140437336154 1093.216985 949.301048
55.94471388520811 -3.1853140437336154 NE 55.944926017242466 -3.1851019116992596 1093.216985 948.051048
55.944926017242466 -3.1851019116992596 ENE 55.945040822272176 -3.184824747839506 1093.216985 946.801048
55.945040822272176 -3.184824747839506 W 55.945040822272176 -3.1851247478395064 1126.009847 1032.661051
55.945040822272176 -3.1851247478395064 W 55.945040822272176 -3.1854247478395066 1075.902245 912.881398
55.945040822272176 -3.1854247478395066 W 55.945040822272176 -3.1857247478395068 1075.902245 911.631398
55.945040822272176 -3.1857247478395068 W 55.945040822272176 -3.186024747839507 1075.902245 910.381398
55.945040822272176 -3.186024747839507 W 55.945040822272176 -3.186324747839507 1075.902245 909.131398
55.945040822272176 -3.186324747839507 W 55.945040822272176 -3.1866247478395073 1075.902245 907.881398
55.945040822272176 -3.1866247478395073 W 55.945040822272176 -3.1869247478395075 1075.902245 906.631398
55.945040822272176 -3.1869247478395075 W 55.945040822272176 -3.1872247478395077 1021.159887 905.381398
55.945040822272176 -3.1872247478395077 W 55.945040822272176 -3.187524747839508 1021.159887 904.131398
55.945040822272176 -3.187524747839508 W 55.945040822272176 -3.187824747839508 1021.159887 902.881398
55.945040822272176 -3.187824747839508 W 55.945040822272176 -3.1881247478395083 1021.159887 901.631398
55.945040822272176 -3.1881247478395083 W 55.945040822272176 -3.1884247478395085 1021.159887 900.381398
55.945040822272176 -3.1884247478395085 W 55.945040822272176 -3.1887247478395087 1021.159887 899.131398
55.945040822272176 -3.1887247478395087 W 55.945040822272176 -3.189024747839509 988.024738 823.431980
55.945040822272176 -3.189024747839509 W 55.945040822272176 -3.189324747839509 988.024738 822.181980
55.945040822272176 -3.189324747839509 WNW 55.94515562730189 -3.1896019116992624 988.024738 820.931980
55.94515562730189 -3.1896019116992624 W 55.94515562730189 -3.1899019116992626 988.024738 819.681980
55.94515562730189 -3.1899019116992626 WNW 55.9452704323316 -3.190179075559016 988.024738 818.431980
55.9452704323316 -3.190179075559016 ESE 55.94515562730189 -3.1899019116992626 1103.797119 903.239175
55.94515562730189 -3.1899019116992626 ESE 55.945040822272176 -3.1896247478395092 1103.797119 901.989175
55.945040822272176 -3.1896247478395092 ESE 55.944926017242466 -3.189347583979756 1103.797119 900.739175
55.944926017242466 -3.189347583979756 ESE 55.944811212212755 -3.1890704201200024 1103.797119 899.489175
55.944811212212755 -3.1890704201200024 E 55.944811212212755 -3.1887704201200022 1103.797119 898.239175
55.944811212212755 -3.1887704201200022 ESE 55.944696407183045 -3.188493256260249 1103.797119 896.989175
55.944696407183045 -3.188493256260249 E 55.944696407183045 -3.1881932562602486 1103.797119 895.739175
55.944696407183045 -3.1881932562602486 ESE 55.944581602153335 -3.1879160924004952 1103.797119 894.489175
55.944581602153335 -3.1879160924004952 E 55.944581602153335 -3.187616092400495 1103.797119 893.239175
55.944581602153335 -3.187616092400495 ESE 55.944466797123624 -3.1873389285407416 1103.797119 891.989175
55.944466797123624 -3.1873389285407416 E 55.944466797123624 -3.1870389285407414 1103.797119 890.739175
55.944466797123624 -3.1870389285407414 ESE 55.944351992093914 -3.186761764680988 1103.797119 889.489175
55.944351992093914 -3.186761764680988 E 55.944351992093914 -3.186461764680988 1214.406089 959.650686
55.944351992093914 -3.186461764680988 ESE 55.9442371870642 -3.1861846008212344 1209.959239 854.151754
55.9442371870642 -3.1861846008212344 E 55.9442371870642 -3.1858846008212343 1209.959239 852.901754
55.9442371870642 -3.1858846008212343 ESE 55.94412238203449 -3.185607436961481 1209.959239 851.651754
55.94412238203449 -3.185607436961481 E 55.94412238203449 -3.1853074369614807 1209.959239 850.401754
55.94412238203449 -3.1853074369614807 ESE 55.94400757700478 -3.1850302731017273 1209.959239 849.151754
55.94400757700478 -3.1850302731017273 E 55.94400757700478 -3.184730273101727 1209.959239 847.901754
55.94400757700478 -3.184730273101727 N 55.944307577004786 -3.184730273101727 1295.835036 922.666470
55.944307577004786 -3.184730273101727 NNE 55.94458474086454 -3.1846154680720176 1295.835036 921.416470
55.94458474086454 -3.1846154680720176 N 55.944884740864545 -3.1846154680720176 1295.835036 920.166470
55.944884740864545 -3.1846154680720176 NNE 55.9451619047243 -3.184500663042308 1295.835036 918.916470
55.9451619047243 -3.184500663042308 N 55.945461904724304 -3.184500663042308 1295.835036 917.666470
55.945461904724304 -3.184500663042308 NNE 55.94573906858406 -3.1843858580125985 1295.835036 916.416470
55.94573906858406 -3.1843858580125985 W 55.94573906858406 -3.1846858580125987 1365.293550 1031.250866
55.94573906858406 -3.1846858580125987 W 55.94573906858406 -3.184985858012599 1365.293550 1030.000866
55.94573906858406 -3.184985858012599 W 55.94573906858406 -3.185285858012599 1365.293550 1028.750866
55.94573906858406 -3.185285858012599 W 55.94573906858406 -3.1855858580125993 1365.293550 1027.500866
55.94573906858406 -3.1855858580125993 W 55.94573906858406 -3.1858858580125995 1365.293550 1026.250866
55.94573906858406 -3.1858858580125995 W 55.94573906858406 -3.1861858580125997 1365.293550 1025.000866
55.94573906858406 -3.1861858580125997 W 55.94573906858406 -3.1864858580126 1365.057822 921.925333
55.94573906858406 -3.1864858580126 W 55.94573906858406 -3.1867858580126 1274.400062 898.639634
55.94573906858406 -3.1867858580126 W 55.94573906858406 -3.1870858580126002 1274.400062 897.389634
55.94573906858406 -3.1870858580126002 W 55.94573906858406 -3.1873858580126004 1274.400062 896.139634
55.94573906858406 -3.1873858580126004 W 55.94573906858406 -3.1876858580126006 1285.234045 977.458725
55.94573906858406 -3.1876858580126006 W 55.94573906858406 -3.187985858012601 1285.234045 976.208725
55.94573906858406 -3.187985858012601 W 55.94573906858406 -3.188285858012601 1285.234045 974.958725
55.94573906858406 -3.188285858012601 WSW 55.94562426355435 -3.1885630218723544 1285.234045 973.708725
55.94562426355435 -3.1885630218723544 W 55.94562426355435 -3.1888630218723546 1285.234045 972.458725
55.94562426355435 -3.1888630218723546 SW 55.945412131519994 -3.1890751539067104 1307.127241 1072.197640
55.945412131519994 -3.1890751539067104 SW 55.94519999948564 -3.189287285941066 1307.127241 1070.947640
55.94519999948564 -3.189287285941066 SW 55.94498786745128 -3.189499417975422 1307.127241 1069.697640
55.94498786745128 -3.189499417975422 SW 55.944775735416925 -3.1897115500097777 1307.127241 1068.447640
55.944775735416925 -3.1897115500097777 WSW 55.944660930387215 -3.189988713869531 1307.127241 1067.197640
55.944660930387215 -3.189988713869531 SW 55.94444879835286 -3.190200845903887 1307.127241 1065.947640
55.94444879835286 -3.190200845903887 WSW 55.94433399332315 -3.1904780097636403 1307.127241 1064.697640
55.94433399332315 -3.1904780097636403 SW 55.94412186128879 -3.190690141797996 1307.127241 1063.447640
55.94412186128879 -3.190690141797996 WSW 55.94400705625908 -3.1909673056577494 1307.127241 1062.197640
55.94400705625908 -3.1909673056577494 SW 55.943794924224726 -3.191179437692105 1307.127241 1060.947640
55.943794924224726 -3.191179437692105 WNW 55.943909729254436 -3.1914566015518586 1368.824753 1081.062184
55.943909729254436 -3.1914566015518586 ESE 55.943794924224726 -3.191179437692105 1413.138793 1085.425817
55.943794924224726 -3.191179437692105 ESE 55.943680119195015 -3.190902273832352 1413.138793 1084.175817
55.943680119195015 -3.190902273832352 ESE 55.943565314165305 -3.1906251099725984 1413.138793 1082.925817
55.943565314165305 -3.1906251099725984 ESE 55.943450509135594 -3.190347946112845 1413.138793 1081.675817
55.943450509135594 -3.190347946112845 ESE 55.943335704105884 -3.1900707822530916 1413.138793 1080.425817
55.943335704105884 -3.1900707822530916 ESE 55.943220899076174 -3.189793618393338 1413.138793 1079.175817
55.943220899076174 -3.189793618393338 ESE 55.94310609404646 -3.189516454533585 1367.743332 1063.229196
55.94310609404646 -3.189516454533585 E 55.94310609404646 -3.1892164545335846 1367.743332 1061.979196
55.94310609404646 -3.1892164545335846 ESE 55.94299128901675 -3.188939290673831 1367.743332 1060.729196
55.94299128901675 -3.188939290673831 E 55.94299128901675 -3.188639290673831 1367.743332 1059.479196
55.94299128901675 -3.188639290673831 ESE 55.94287648398704 -3.1883621268140776 1367.743332 1058.229196
55.94287648398704 -3.1883621268140776 E 55.94287648398704 -3.1880621268140774 1367.743332 1056.979196
55.94287648398704 -3.1880621268140774 ESE 55.94276167895733 -3.187784962954324 1367.743332 1055.729196
55.94276167895733 -3.187784962954324 E 55.94276167895733 -3.187484962954324 1367.743332 1054.479196
55.94276167895733 -3.187484962954324 ESE 55.94264687392762 -3.1872077990945704 1367.743332 1053.229196
55.94264687392762 -3.1872077990945704 E 55.94264687392762 -3.1869077990945702 1391.769987 1169.075922
55.94264687392762 -3.1869077990945702 W 55.94264687392762 -3.1872077990945704 1391.769987 1167.825922
55.94264687392762 -3.1872077990945704 W 55.94264687392762 -3.1875077990945706 1391.769987 1166.575922
55.94264687392762 -3.1875077990945706 W 55.94264687392762 -3.187807799094571 1391.769987 1165.325922
55.94264687392762 -3.187807799094571 W 55.94264687392762 -3.188107799094571 1391.769987 1164.075922
55.94264687392762 -3.188107799094571 W 55.94264687392762 -3.188407799094571 1391.769987 1162.825922
55.94264687392762 -3.188407799094571 W 55.94264687392762 -3.1887077990945714 1391.769987 1161.575922
55.94264687392762 -3.1887077990945714 W 55.94264687392762 -3.1890077990945715 1391.769987 1160.325922
55.94264687392762 -3.1890077990945715 W 55.94264687392762 -3.1893077990945717 1391.769987 1159.075922
55.94264687392762 -3.1893077990945717 W 55.94264687392762 -3.189607799094572 1391.769987 1157.825922
55.94264687392762 -3.189607799094572 W 55.94264687392762 -3.189907799094572 1391.769987 1156.575922
55.94264687392762 -3.189907799094572 ENE 55.94276167895733 -3.1896306352348187 1441.208420 1225.158645
55.94276167895733 -3.1896306352348187 WSW 55.94264687392762 -3.189907799094572 1441.208420 1223.908645
55.94264687392762 -3.189907799094572 NE 55.94285900596198 -3.1896956670602163 1441.208420 1222.658645
55.94285900596198 -3.1896956670602163 NE 55.943071137996334 -3.1894835350258606 1441.208420 1221.408645
55.943071137996334 -3.1894835350258606 NE 55.94328327003069 -3.189271402991505 1441.208420 1220.158645
55.94328327003069 -3.189271402991505 ENE 55.9433980750604 -3.1889942391317514 1497.846980 1302.570686
55.9433980750604 -3.1889942391317514 NNE 55.94367523892016 -3.188879434102042 1497.846980 1301.320686
55.94367523892016 -3.188879434102042 W 55.94367523892016 -3.189179434102042 1497.846980 1300.070686
55.94367523892016 -3.189179434102042 N 55.94397523892016 -3.189179434102042 1497.846980 1298.820686
55.94397523892016 -3.189179434102042 SE 55.943763106885804 -3.1889673020676863 1497.846980 1297.570686
55.943763106885804 -3.1889673020676863 NE 55.94397523892016 -3.1887551700333305 1497.846980 1296.320686
55.94397523892016 -3.1887551700333305 ENE 55.94409004394987 -3.188478006173577 1497.846980 1295.070686
55.94409004394987 -3.188478006173577 ESE 55.94397523892016 -3.1882008423138237 1497.846980 1293.820686
55.94397523892016 -3.1882008423138237 SSW 55.943698075060404 -3.1883156473435332 1497.846980 1292.570686
55.943698075060404 -3.1883156473435332 WSW 55.94358327003069 -3.1885928112032866 1497.846980 1291.320686
55.94358327003069 -3.1885928112032866 W 55.94358327003069 -3.188892811203287 1497.846980 1290.070686
55.94358327003069 -3.188892811203287 SSE 55.94330610617094 -3.1887780061735773 1497.846980 1288.820686
55.94330610617094 -3.1887780061735773 ENE 55.94342091120065 -3.188500842313824 1497.846980 1287.570686
55.94342091120065 -3.188500842313824 N 55.94372091120065 -3.188500842313824 1497.846980 1286.320686
55.94372091120065 -3.188500842313824 WSW 55.94360610617094 -3.1887780061735773 1497.846980 1285.070686
55.94360610617094 -3.1887780061735773 NNE 55.943883270030696 -3.188663201143868 1497.846980 1283.820686
55.943883270030696 -3.188663201143868 WSW 55.943768465000986 -3.188940365003621 1497.846980 1282.570686
55.943768465000986 -3.188940365003621 ESE 55.943653659971275 -3.188663201143868 1497.846980 1281.320686
55.943653659971275 -3.188663201143868 SSW 55.94337649611152 -3.1887780061735773 1497.846980 1280.070686
55.94337649611152 -3.1887780061735773 WNW 55.94349130114123 -3.1890551700333307 1497.846980 1278.820686
55.94349130114123 -3.1890551700333307 NW 55.943703433175585 -3.1892673020676865 1497.846980 1277.570686
55.943703433175585 -3.1892673020676865 ENE 55.943818238205296 -3.188990138207933 1497.846980 1276.320686
55.943818238205296 -3.188990138207933 E 55.943818238205296 -3.188690138207933 1497.846980 1275.070686
55.943818238205296 -3.188690138207933 NNW 55.94409540206505 -3.1888049432376424 1497.846980 1273.820686
55.94409540206505 -3.1888049432376424 WSW 55.94398059703534 -3.189082107097396 1497.846980 1272.570686
55.94398059703534 -3.189082107097396 SW 55.943768465000986 -3.1892942391317516 1497.846980 1271.320686
55.943768465000986 -3.1892942391317516 SSW 55.94349130114123 -3.189409044161461 1497.846980 1270.070686
55.94349130114123 -3.189409044161461 N 55.94379130114123 -3.189409044161461 1497.846980 1268.820686
55.94379130114123 -3.189409044161461 SW 55.943579169106876 -3.189621176195817 1497.846980 1267.570686
55.943579169106876 -3.189621176195817 WSW 55.943464364077165 -3.1898983400555703 1497.846980 1266.320686
55.943464364077165 -3.1898983400555703 SE 55.94325223204281 -3.1896862080212145 1497.846980 1265.070686
55.94325223204281 -3.1896862080212145 WSW 55.9431374270131 -3.189963371880968 1497.846980 1263.820686
55.9431374270131 -3.189963371880968 E 55.9431374270131 -3.1896633718809677 1497.846980 1262.570686
55.9431374270131 -3.1896633718809677 NNE 55.943414590872855 -3.189548566851258 1497.846980 1261.320686
55.943414590872855 -3.189548566851258 N 55.94371459087286 -3.189548566851258 1497.846980 1260.070686
55.94371459087286 -3.189548566851258 SW 55.9435024588385 -3.189760698885614 1497.846980 1258.820686
55.9435024588385 -3.189760698885614 SSE 55.943225294978745 -3.1896458938559045 1497.846980 1257.570686
55.943225294978745 -3.1896458938559045 NW 55.9434374270131 -3.1898580258902602 1497.846980 1256.320686
55.9434374270131 -3.1898580258902602 NNW 55.94371459087286 -3.1899728309199697 1497.846980 1255.070686
55.94371459087286 -3.1899728309199697 E 55.94371459087286 -3.1896728309199696 1497.846980 1253.820686
55.94371459087286 -3.1896728309199696 NNE 55.943991754732615 -3.18955802589026 1497.846980 1252.570686
55.943991754732615 -3.18955802589026 NNE 55.94426891859237 -3.1894432208605505 1497.846980 1251.320686
55.94426891859237 -3.1894432208605505 N 55.944568918592374 -3.1894432208605505 1497.846980 1250.070686
55.944568918592374 -3.1894432208605505 NNW 55.94484608245213 -3.18955802589026 1497.846980 1248.820686
55.94484608245213 -3.18955802589026 N 55.94514608245213 -3.18955802589026 1497.846980 1247.570686
55.94514608245213 -3.18955802589026 S 55.94484608245213 -3.18955802589026 1497.846980 1246.320686
55.94484608245213 -3.18955802589026 NNW 55.94512324631189 -3.1896728309199696 1497.846980 1245.070686
55.94512324631189 -3.1896728309199696 ESE 55.94500844128218 -3.189395667060216 1497.846980 1243.820686
55.94500844128218 -3.189395667060216 WNW 55.94512324631189 -3.1896728309199696 1497.846980 1242.570686
55.94512324631189 -3.1896728309199696 NW 55.94533537834624 -3.1898849629543253 1497.846980 1241.320686
55.94533537834624 -3.1898849629543253 SE 55.94512324631189 -3.1896728309199696 1497.846980 1240.070686
55.94512324631189 -3.1896728309199696 SE 55.94491111427753 -3.189460698885614 1497.846980 1238.820686
55.94491111427753 -3.189460698885614 W 55.94491111427753 -3.189760698885614 1497.846980 1237.570686
55.94491111427753 -3.189760698885614 N 55.945211114277534 -3.189760698885614 1497.846980 1236.320686
55.945211114277534 -3.189760698885614 NW 55.94542324631189 -3.1899728309199697 1497.846980 1235.070686
