55.944425 -3.188396 ENE 55.94453980502971 -3.1881188361402466 0.000000 248.750000
55.94453980502971 -3.1881188361402466 ENE 55.94465461005942 -3.187841672280493 0.000000 247.500000
55.94465461005942 -3.187841672280493 ENE 55.944769415089134 -3.18756450842074 0.000000 246.250000
55.944769415089134 -3.18756450842074 ENE 55.944884220118844 -3.1872873445609864 0.000000 245.000000
55.944884220118844 -3.1872873445609864 ENE 55.944999025148554 -3.187010180701233 49.270928 256.824749
55.944999025148554 -3.187010180701233 ENE 55.945113830178265 -3.1867330168414796 0.000000 131.704170
55.945113830178265 -3.1867330168414796 ENE 55.945228635207975 -3.186455852981726 0.000000 130.454170
55.945228635207975 -3.186455852981726 ENE 55.945343440237686 -3.1861786891219728 0.000000 129.204170
55.945343440237686 -3.1861786891219728 ENE 55.945458245267396 -3.1859015252622194 0.000000 127.954170
55.945458245267396 -3.1859015252622194 S 55.94515824526739 -3.1859015252622194 113.887452 161.557950
55.94515824526739 -3.1859015252622194 S 55.94485824526739 -3.1859015252622194 220.206845 177.434411
55.94485824526739 -3.1859015252622194 S 55.94455824526739 -3.1859015252622194 235.925669 269.476424
55.94455824526739 -3.1859015252622194 SSE 55.94428108140763 -3.18578672023251 235.925669 268.226424
55.94428108140763 -3.18578672023251 S 55.94398108140763 -3.18578672023251 235.925669 266.976424
55.94398108140763 -3.18578672023251 SSE 55.94370391754787 -3.1856719152028004 235.925669 265.726424
55.94370391754787 -3.1856719152028004 S 55.94340391754787 -3.1856719152028004 313.140754 273.632146
55.94340391754787 -3.1856719152028004 SSE 55.94312675368811 -3.185557110173091 313.140754 272.382146
55.94312675368811 -3.185557110173091 NW 55.94333888572247 -3.1857692422074466 348.280399 331.473396
55.94333888572247 -3.1857692422074466 NW 55.943551017756825 -3.1859813742418024 348.280399 330.223396
55.943551017756825 -3.1859813742418024 NW 55.94376314979118 -3.186193506276158 348.280399 328.973396
55.94376314979118 -3.186193506276158 NW 55.94397528182554 -3.186405638310514 379.942102 407.294762
55.94397528182554 -3.186405638310514 NW 55.94418741385989 -3.1866177703448697 379.942102 406.044762
55.94418741385989 -3.1866177703448697 WNW 55.944302218889604 -3.186894934204623 490.551071 476.206273
55.944302218889604 -3.186894934204623 NW 55.94451435092396 -3.187107066238979 490.551071 474.956273
55.94451435092396 -3.187107066238979 WNW 55.94462915595367 -3.1873842300987323 490.551071 473.706273
55.94462915595367 -3.1873842300987323 NW 55.94484128798803 -3.187596362133088 490.551071 472.456273
55.94484128798803 -3.187596362133088 WNW 55.94495609301774 -3.1878735259928415 490.551071 471.206273
55.94495609301774 -3.1878735259928415 NW 55.94516822505209 -3.1880856580271972 490.551071 469.956273
55.94516822505209 -3.1880856580271972 WNW 55.945283030081804 -3.1883628218869506 490.551071 468.706273
55.945283030081804 -3.1883628218869506 NW 55.94549516211616 -3.1885749539213064 490.551071 467.456273
55.94549516211616 -3.1885749539213064 WNW 55.94560996714587 -3.18885211778106 490.551071 466.206273
55.94560996714587 -3.18885211778106 SW 55.945397835111514 -3.1890642498154156 512.444268 565.945188
55.945397835111514 -3.1890642498154156 SW 55.94518570307716 -3.1892763818497714 512.444268 564.695188
55.94518570307716 -3.1892763818497714 SW 55.9449735710428 -3.189488513884127 512.444268 563.445188
55.9449735710428 -3.189488513884127 SW 55.944761439008445 -3.189700645918483 512.444268 562.195188
55.944761439008445 -3.189700645918483 ENE 55.944876244038156 -3.1894234820587295 608.526343 595.530274
55.944876244038156 -3.1894234820587295 ENE 55.944991049067866 -3.189146318198976 608.526343 594.280274
55.944991049067866 -3.189146318198976 ENE 55.94510585409758 -3.1888691543392227 608.526343 593.030274
55.94510585409758 -3.1888691543392227 ENE 55.94522065912729 -3.1885919904794693 608.526343 591.780274
55.94522065912729 -3.1885919904794693 ENE 55.945335464157 -3.188314826619716 608.526343 590.530274
55.945335464157 -3.188314826619716 ENE 55.94545026918671 -3.1880376627599625 608.526343 589.280274
55.94545026918671 -3.1880376627599625 NE 55.945662401221064 -3.1878255307256067 608.526343 588.030274
55.945662401221064 -3.1878255307256067 W 55.945662401221064 -3.188125530725607 619.360326 669.349365
55.945662401221064 -3.188125530725607 W 55.945662401221064 -3.188425530725607 619.360326 668.099365
55.945662401221064 -3.188425530725607 W 55.945662401221064 -3.1887255307256073 619.360326 666.849365
55.945662401221064 -3.1887255307256073 W 55.945662401221064 -3.1890255307256075 619.360326 665.599365
55.945662401221064 -3.1890255307256075 W 55.945662401221064 -3.1893255307256076 699.990814 780.195842
55.945662401221064 -3.1893255307256076 W 55.945662401221064 -3.189625530725608 699.990814 778.945842
55.945662401221064 -3.189625530725608 WSW 55.94554759619135 -3.1899026945853612 699.990814 777.695842
55.94554759619135 -3.1899026945853612 W 55.94554759619135 -3.1902026945853614 699.990814 776.445842
55.94554759619135 -3.1902026945853614 WSW 55.94543279116164 -3.190479858445115 699.990814 775.195842
55.94543279116164 -3.190479858445115 W 55.94543279116164 -3.190779858445115 815.763195 860.003037
55.94543279116164 -3.190779858445115 WSW 55.94531798613193 -3.1910570223048684 815.763195 858.753037
55.94531798613193 -3.1910570223048684 E 55.94531798613193 -3.1907570223048682 879.693122 975.382647
55.94531798613193 -3.1907570223048682 E 55.94531798613193 -3.190457022304868 879.693122 974.132647
55.94531798613193 -3.190457022304868 E 55.94531798613193 -3.190157022304868 879.693122 972.882647
55.94531798613193 -3.190157022304868 E 55.94531798613193 -3.1898570223048677 879.693122 971.632647
55.94531798613193 -3.1898570223048677 E 55.94531798613193 -3.1895570223048675 879.693122 970.382647
55.94531798613193 -3.1895570223048675 E 55.94531798613193 -3.1892570223048673 879.693122 969.132647
55.94531798613193 -3.1892570223048673 E 55.94531798613193 -3.188957022304867 879.693122 967.882647
55.94531798613193 -3.188957022304867 E 55.94531798613193 -3.188657022304867 879.693122 966.632647
55.94531798613193 -3.188657022304867 E 55.94531798613193 -3.1883570223048667 879.693122 965.382647
55.94531798613193 -3.1883570223048667 E 55.94531798613193 -3.1880570223048665 879.693122 964.132647
55.94531798613193 -3.1880570223048665 E 55.94531798613193 -3.1877570223048664 879.693122 962.882647
55.94531798613193 -3.1877570223048664 E 55.94531798613193 -3.187457022304866 879.693122 961.632647
55.94531798613193 -3.187457022304866 E 55.94531798613193 -3.187157022304866 879.693122 960.382647
55.94531798613193 -3.187157022304866 E 55.94531798613193 -3.186857022304866 879.693122 959.132647
55.94531798613193 -3.186857022304866 ENE 55.94543279116164 -3.1865798584451124 879.693122 957.882647
55.94543279116164 -3.1865798584451124 E 55.94543279116164 -3.186279858445112 789.035362 934.596948
55.94543279116164 -3.186279858445112 ENE 55.94554759619135 -3.186002694585359 789.035362 933.346948
55.94554759619135 -3.186002694585359 E 55.94554759619135 -3.1857026945853586 789.035362 932.096948
55.94554759619135 -3.1857026945853586 ENE 55.945662401221064 -3.185425530725605 789.035362 930.846948
55.945662401221064 -3.185425530725605 E 55.945662401221064 -3.185125530725605 789.035362 929.596948
55.945662401221064 -3.185125530725605 ENE 55.945777206250774 -3.1848483668658516 789.035362 928.346948
55.945777206250774 -3.1848483668658516 E 55.945777206250774 -3.1845483668658514 789.035362 927.096948
55.945777206250774 -3.1845483668658514 WSW 55.945662401221064 -3.184825530725605 858.493876 1041.931344
55.945662401221064 -3.184825530725605 WSW 55.94554759619135 -3.185102694585358 858.493876 1040.681344
55.94554759619135 -3.185102694585358 WSW 55.94543279116164 -3.1853798584451116 858.493876 1039.431344
55.94543279116164 -3.1853798584451116 W 55.94543279116164 -3.185679858445112 858.493876 1038.181344
55.94543279116164 -3.185679858445112 WSW 55.94531798613193 -3.185957022304865 858.493876 1036.931344
55.94531798613193 -3.185957022304865 W 55.94531798613193 -3.1862570223048654 858.493876 1035.681344
55.94531798613193 -3.1862570223048654 WSW 55.94520318110222 -3.186534186164619 858.493876 1034.431344
55.94520318110222 -3.186534186164619 W 55.94520318110222 -3.186834186164619 858.493876 1033.181344
55.94520318110222 -3.186834186164619 WSW 55.94508837607251 -3.1871113500243724 803.751517 1031.931344
55.94508837607251 -3.1871113500243724 W 55.94508837607251 -3.1874113500243726 803.751517 1030.681344
55.94508837607251 -3.1874113500243726 WSW 55.9449735710428 -3.187688513884126 803.751517 1029.431344
55.9449735710428 -3.187688513884126 W 55.9449735710428 -3.187988513884126 803.751517 1028.181344
55.9449735710428 -3.187988513884126 WSW 55.94485876601309 -3.1882656777438796 803.751517 1026.931344
55.94485876601309 -3.1882656777438796 W 55.94485876601309 -3.18856567774388 803.751517 1025.681344
55.94485876601309 -3.18856567774388 WSW 55.94474396098338 -3.188842841603633 770.616368 949.981926
55.94474396098338 -3.188842841603633 W 55.94474396098338 -3.1891428416036334 770.616368 948.731926
55.94474396098338 -3.1891428416036334 WSW 55.94462915595367 -3.1894200054633868 770.616368 947.481926
55.94462915595367 -3.1894200054633868 W 55.94462915595367 -3.189720005463387 770.616368 946.231926
55.94462915595367 -3.189720005463387 WSW 55.94451435092396 -3.1899971693231404 770.616368 944.981926
55.94451435092396 -3.1899971693231404 ESE 55.94439954589425 -3.189720005463387 781.393870 1005.474148
55.94439954589425 -3.189720005463387 ESE 55.94428474086454 -3.1894428416036336 781.393870 1004.224148
55.94428474086454 -3.1894428416036336 SE 55.94407260883018 -3.189230709569278 781.393870 1002.974148
55.94407260883018 -3.189230709569278 ESE 55.94395780380047 -3.1889535457095244 781.393870 1001.724148
55.94395780380047 -3.1889535457095244 SE 55.943745671766116 -3.1887414136751686 781.393870 1000.474148
55.943745671766116 -3.1887414136751686 ESE 55.943630866736406 -3.188464249815415 781.393870 999.224148
55.943630866736406 -3.188464249815415 SE 55.94341873470205 -3.1882521177810594 781.393870 997.974148
55.94341873470205 -3.1882521177810594 ESE 55.94330392967234 -3.187974953921306 781.393870 996.724148
55.94330392967234 -3.187974953921306 SE 55.94309179763798 -3.1877628218869503 781.393870 995.474148
55.94309179763798 -3.1877628218869503 ESE 55.94297699260827 -3.187485658027197 781.393870 994.224148
55.94297699260827 -3.187485658027197 SE 55.94276486057392 -3.187273525992841 781.393870 992.974148
55.94276486057392 -3.187273525992841 ESE 55.942650055544206 -3.1869963621330877 781.393870 991.724148
55.942650055544206 -3.1869963621330877 ENE 55.94276486057392 -3.1867191982733343 805.420525 1107.570874
55.94276486057392 -3.1867191982733343 ENE 55.94287966560363 -3.186442034413581 773.953695 1046.673204
55.94287966560363 -3.186442034413581 ENE 55.94299447063334 -3.1861648705538275 773.953695 1045.423204
55.94299447063334 -3.1861648705538275 ENE 55.94310927566305 -3.185887706694074 773.953695 1044.173204
55.94310927566305 -3.185887706694074 ENE 55.94322408069276 -3.1856105428343207 773.953695 1042.923204
55.94322408069276 -3.1856105428343207 NE 55.943436212727114 -3.185398410799965 773.953695 1041.673204
55.943436212727114 -3.185398410799965 ENE 55.943551017756825 -3.1851212469402115 773.953695 1040.423204
55.943551017756825 -3.1851212469402115 NE 55.94376314979118 -3.1849091149058557 773.953695 1039.173204
55.94376314979118 -3.1849091149058557 ENE 55.94387795482089 -3.1846319510461023 773.953695 1037.923204
55.94387795482089 -3.1846319510461023 WSW 55.94376314979118 -3.1849091149058557 859.829493 1112.687920
55.94376314979118 -3.1849091149058557 WSW 55.94364834476147 -3.185186278765609 859.829493 1111.437920
55.94364834476147 -3.185186278765609 WSW 55.94353353973176 -3.1854634426253625 859.829493 1110.187920
55.94353353973176 -3.1854634426253625 W 55.94353353973176 -3.1857634426253627 859.829493 1108.937920
55.94353353973176 -3.1857634426253627 WSW 55.94341873470205 -3.186040606485116 859.829493 1107.687920
55.94341873470205 -3.186040606485116 W 55.94341873470205 -3.1863406064851163 859.829493 1106.437920
55.94341873470205 -3.1863406064851163 WSW 55.94330392967234 -3.1866177703448697 859.829493 1105.187920
55.94330392967234 -3.1866177703448697 W 55.94330392967234 -3.18691777034487 859.829493 1103.937920
55.94330392967234 -3.18691777034487 WSW 55.94318912464263 -3.1871949342046233 859.829493 1102.687920
55.94318912464263 -3.1871949342046233 W 55.94318912464263 -3.1874949342046235 859.829493 1101.437920
55.94318912464263 -3.1874949342046235 WSW 55.94307431961292 -3.187772098064377 859.829493 1100.187920
55.94307431961292 -3.187772098064377 W 55.94307431961292 -3.188072098064377 859.829493 1098.937920
55.94307431961292 -3.188072098064377 WSW 55.94295951458321 -3.1883492619241305 859.829493 1097.687920
55.94295951458321 -3.1883492619241305 W 55.94295951458321 -3.1886492619241307 859.829493 1096.437920
55.94295951458321 -3.1886492619241307 WSW 55.9428447095535 -3.188926425783884 859.829493 1095.187920
55.9428447095535 -3.188926425783884 W 55.9428447095535 -3.1892264257838843 859.829493 1093.937920
55.9428447095535 -3.1892264257838843 WSW 55.94272990452379 -3.1895035896436377 859.829493 1092.687920
55.94272990452379 -3.1895035896436377 W 55.94272990452379 -3.189803589643638 859.829493 1091.437920
55.94272990452379 -3.189803589643638 NNW 55.943007068383544 -3.1899183946733474 909.267925 1160.020643
55.943007068383544 -3.1899183946733474 NNW 55.9432842322433 -3.190033199703057 863.872465 1144.074022
55.9432842322433 -3.190033199703057 N 55.9435842322433 -3.190033199703057 863.872465 1142.824022
55.9435842322433 -3.190033199703057 NNW 55.94386139610306 -3.1901480047327664 863.872465 1141.574022
55.94386139610306 -3.1901480047327664 N 55.94416139610306 -3.1901480047327664 863.872465 1140.324022
55.94416139610306 -3.1901480047327664 NNW 55.94443855996282 -3.190262809762476 863.872465 1139.074022
55.94443855996282 -3.190262809762476 WSW 55.94432375493311 -3.1905399736222293 924.670190 1174.342130
55.94432375493311 -3.1905399736222293 WSW 55.9442089499034 -3.1908171374819827 924.670190 1173.092130
55.9442089499034 -3.1908171374819827 W 55.9442089499034 -3.191117137481983 924.670190 1171.842130
55.9442089499034 -3.191117137481983 WSW 55.94409414487369 -3.1913943013417363 924.670190 1170.592130
55.94409414487369 -3.1913943013417363 W 55.94409414487369 -3.1916943013417365 968.984230 1174.955764
55.94409414487369 -3.1916943013417365 NNW 55.944371308733444 -3.191809106371446 984.639437 1214.469191
55.944371308733444 -3.191809106371446 NW 55.9445834407678 -3.1920212384058018 1073.798183 1316.009996
55.9445834407678 -3.1920212384058018 NNW 55.94486060462756 -3.1921360434355113 1073.798183 1314.759996
55.94486060462756 -3.1921360434355113 NW 55.94507273666191 -3.192348175469867 1073.798183 1313.509996
55.94507273666191 -3.192348175469867 SE 55.94486060462756 -3.1921360434355113 1159.224359 1350.273793
55.94486060462756 -3.1921360434355113 SE 55.9446484725932 -3.1919239114011555 1159.224359 1349.023793
55.9446484725932 -3.1919239114011555 SE 55.944436340558845 -3.1917117793667997 1159.224359 1347.773793
55.944436340558845 -3.1917117793667997 SE 55.94422420852449 -3.191499647332444 1159.224359 1346.523793
55.94422420852449 -3.191499647332444 SSE 55.94394704466473 -3.1913848423027344 1159.224359 1345.273793
55.94394704466473 -3.1913848423027344 NNW 55.94422420852449 -3.191499647332444 1159.224359 1344.023793
55.94422420852449 -3.191499647332444 N 55.94452420852449 -3.191499647332444 1159.224359 1342.773793
55.94452420852449 -3.191499647332444 E 55.94452420852449 -3.1911996473324438 1251.319213 1346.618957
55.94452420852449 -3.1911996473324438 E 55.94452420852449 -3.1908996473324436 1251.319213 1345.368957
55.94452420852449 -3.1908996473324436 E 55.94452420852449 -3.1905996473324434 1251.319213 1344.118957
55.94452420852449 -3.1905996473324434 ESE 55.94440940349478 -3.19032248347269 1251.319213 1342.868957
55.94440940349478 -3.19032248347269 E 55.94440940349478 -3.19002248347269 1251.319213 1341.618957
55.94440940349478 -3.19002248347269 ESE 55.94429459846507 -3.1897453196129364 1251.319213 1340.368957
55.94429459846507 -3.1897453196129364 E 55.94429459846507 -3.189445319612936 1251.319213 1339.118957
55.94429459846507 -3.189445319612936 ESE 55.94417979343536 -3.189168155753183 1251.319213 1337.868957
55.94417979343536 -3.189168155753183 E 55.94417979343536 -3.1888681557531826 1251.319213 1336.618957
55.94417979343536 -3.1888681557531826 ESE 55.94406498840565 -3.188590991893429 1227.491491 1311.473022
55.94406498840565 -3.188590991893429 E 55.94406498840565 -3.188290991893429 1227.491491 1310.223022
55.94406498840565 -3.188290991893429 WSW 55.94395018337594 -3.1885681557531824 1300.860878 1386.301859
55.94395018337594 -3.1885681557531824 WSW 55.94383537834623 -3.188845319612936 1300.860878 1385.051859
55.94383537834623 -3.188845319612936 WSW 55.94372057331652 -3.1891224834726892 1300.860878 1383.801859
55.94372057331652 -3.1891224834726892 WSW 55.94360576828681 -3.1893996473324426 1300.860878 1382.551859
55.94360576828681 -3.1893996473324426 WSW 55.9434909632571 -3.189676811192196 1300.860878 1381.301859
55.9434909632571 -3.189676811192196 WSW 55.94337615822739 -3.1899539750519494 1300.860878 1380.051859
55.94337615822739 -3.1899539750519494 WSW 55.94326135319768 -3.190231138911703 1300.860878 1378.801859
55.94326135319768 -3.190231138911703 WSW 55.94314654816797 -3.1905083027714563 1300.860878 1377.551859
55.94314654816797 -3.1905083027714563 SW 55.94293441613361 -3.190720434805812 1300.860878 1376.301859
55.94293441613361 -3.190720434805812 WSW 55.9428196111039 -3.1909975986655654 1300.860878 1375.051859
55.9428196111039 -3.1909975986655654 SW 55.942607479069544 -3.191209730699921 1378.516295 1457.293738
55.942607479069544 -3.191209730699921 NNE 55.9428846429293 -3.1910949256702117 1378.516295 1456.043738
55.9428846429293 -3.1910949256702117 NNE 55.94316180678906 -3.190980120640502 1378.516295 1454.793738
55.94316180678906 -3.190980120640502 NNE 55.94343897064881 -3.1908653156107927 1310.063319 1449.594082
55.94343897064881 -3.1908653156107927 NE 55.94365110268317 -3.190653183576437 1310.063319 1448.344082
55.94365110268317 -3.190653183576437 NNE 55.943928266542926 -3.1905383785467274 1310.063319 1447.094082
55.943928266542926 -3.1905383785467274 E 55.943928266542926 -3.190238378546727 1332.357433 1456.902646
55.943928266542926 -3.190238378546727 ENE 55.94404307157264 -3.189961214686974 1332.357433 1455.652646
55.94404307157264 -3.189961214686974 E 55.94404307157264 -3.1896612146869736 1332.357433 1454.402646
55.94404307157264 -3.1896612146869736 ENE 55.94415787660235 -3.18938405082722 1332.357433 1453.152646
55.94415787660235 -3.18938405082722 E 55.94415787660235 -3.18908405082722 1332.357433 1451.902646
55.94415787660235 -3.18908405082722 ENE 55.94427268163206 -3.1888068869674666 1332.357433 1450.652646
55.94427268163206 -3.1888068869674666 E 55.94427268163206 -3.1885068869674664 1332.357433 1449.402646
55.94427268163206 -3.1885068869674664 ENE 55.94438748666177 -3.188229723107713 1332.357433 1448.152646
55.94438748666177 -3.188229723107713 E 55.94438748666177 -3.187929723107713 1332.357433 1446.902646
55.94438748666177 -3.187929723107713 ENE 55.94450229169148 -3.1876525592479594 1332.357433 1445.652646
55.94450229169148 -3.1876525592479594 E 55.94450229169148 -3.1873525592479592 1332.357433 1444.402646
55.94450229169148 -3.1873525592479592 ENE 55.94461709672119 -3.187075395388206 1332.357433 1443.152646
55.94461709672119 -3.187075395388206 E 55.94461709672119 -3.1867753953882056 1332.357433 1441.902646
55.94461709672119 -3.1867753953882056 ENE 55.9447319017509 -3.1864982315284522 1332.357433 1440.652646
55.9447319017509 -3.1864982315284522 E 55.9447319017509 -3.186198231528452 1332.357433 1439.402646
55.9447319017509 -3.186198231528452 ENE 55.94484670678061 -3.1859210676686986 1332.357433 1438.152646
55.94484670678061 -3.1859210676686986 E 55.94484670678061 -3.1856210676686985 1332.357433 1436.902646
55.94484670678061 -3.1856210676686985 ENE 55.94496151181032 -3.185343903808945 1332.357433 1435.652646
55.94496151181032 -3.185343903808945 E 55.94496151181032 -3.185043903808945 1332.357433 1434.402646
55.94496151181032 -3.185043903808945 ENE 55.94507631684003 -3.1847667399491915 1332.357433 1433.152646
55.94507631684003 -3.1847667399491915 WSW 55.94496151181032 -3.185043903808945 1365.150294 1519.012649
55.94496151181032 -3.185043903808945 ENE 55.94507631684003 -3.1847667399491915 1365.150294 1517.762649
55.94507631684003 -3.1847667399491915 WSW 55.94496151181032 -3.185043903808945 1365.150294 1516.512649
55.94496151181032 -3.185043903808945 W 55.94496151181032 -3.185343903808945 1365.150294 1515.262649
55.94496151181032 -3.185343903808945 WSW 55.94484670678061 -3.1856210676686985 1365.150294 1514.012649
55.94484670678061 -3.1856210676686985 W 55.94484670678061 -3.1859210676686986 1365.150294 1512.762649
55.94484670678061 -3.1859210676686986 WSW 55.9447319017509 -3.186198231528452 1365.150294 1511.512649
55.9447319017509 -3.186198231528452 W 55.9447319017509 -3.1864982315284522 1365.150294 1510.262649
55.9447319017509 -3.1864982315284522 WSW 55.94461709672119 -3.1867753953882056 1365.150294 1509.012649
55.94461709672119 -3.1867753953882056 W 55.94461709672119 -3.187075395388206 1365.150294 1507.762649
55.94461709672119 -3.187075395388206 WSW 55.94450229169148 -3.1873525592479592 1365.150294 1506.512649
55.94450229169148 -3.1873525592479592 W 55.94450229169148 -3.1876525592479594 1365.150294 1505.262649
55.94450229169148 -3.1876525592479594 WSW 55.94438748666177 -3.187929723107713 1365.150294 1504.012649
55.94438748666177 -3.187929723107713 W 55.94438748666177 -3.188229723107713 1365.150294 1502.762649
55.94438748666177 -3.188229723107713 WSW 55.94427268163206 -3.1885068869674664 1365.150294 1501.512649
55.94427268163206 -3.1885068869674664 W 55.94427268163206 -3.1888068869674666 1365.150294 1500.262649
55.94427268163206 -3.1888068869674666 WSW 55.94415787660235 -3.18908405082722 1365.150294 1499.012649
55.94415787660235 -3.18908405082722 W 55.94415787660235 -3.18938405082722 1365.150294 1497.762649
55.94415787660235 -3.18938405082722 WSW 55.94404307157264 -3.1896612146869736 1365.150294 1496.512649
55.94404307157264 -3.1896612146869736 W 55.94404307157264 -3.189961214686974 1365.150294 1495.262649
55.94404307157264 -3.189961214686974 WSW 55.943928266542926 -3.190238378546727 1365.150294 1494.012649
55.943928266542926 -3.190238378546727 W 55.943928266542926 -3.1905383785467274 1365.150294 1492.762649
55.943928266542926 -3.1905383785467274 WSW 55.943813461513216 -3.190815542406481 1365.150294 1491.512649
55.943813461513216 -3.190815542406481 W 55.943813461513216 -3.191115542406481 1365.150294 1490.262649
55.943813461513216 -3.191115542406481 WSW 55.943698656483505 -3.1913927062662344 1426.847806 1510.377194
55.943698656483505 -3.1913927062662344 E 55.943698656483505 -3.191092706266234 1426.847806 1509.127194
55.943698656483505 -3.191092706266234 E 55.943698656483505 -3.190792706266234 1426.847806 1507.877194
55.943698656483505 -3.190792706266234 E 55.943698656483505 -3.190492706266234 1426.847806 1506.627194
55.943698656483505 -3.190492706266234 ESE 55.943583851453795 -3.1902155424064804 1426.847806 1505.377194
55.943583851453795 -3.1902155424064804 E 55.943583851453795 -3.1899155424064802 1426.847806 1504.127194
55.943583851453795 -3.1899155424064802 ESE 55.943469046424084 -3.189638378546727 1426.847806 1502.877194
55.943469046424084 -3.189638378546727 E 55.943469046424084 -3.1893383785467266 1426.847806 1501.627194
55.943469046424084 -3.1893383785467266 ESE 55.943354241394374 -3.1890612146869732 1426.847806 1500.377194
55.943354241394374 -3.1890612146869732 N 55.94365424139438 -3.1890612146869732 1483.486366 1582.789235
55.94365424139438 -3.1890612146869732 SE 55.94344210936002 -3.1888490826526175 1483.486366 1581.539235
55.94344210936002 -3.1888490826526175 NW 55.94365424139438 -3.1890612146869732 1483.486366 1580.289235
55.94365424139438 -3.1890612146869732 NNW 55.94393140525413 -3.1891760197166827 1483.486366 1579.039235
55.94393140525413 -3.1891760197166827 WSW 55.94381660022442 -3.189453183576436 1483.486366 1577.789235
55.94381660022442 -3.189453183576436 SSW 55.94353943636467 -3.1895679886061457 1483.486366 1576.539235
55.94353943636467 -3.1895679886061457 SE 55.94332730433031 -3.18935585657179 1483.486366 1575.289235
55.94332730433031 -3.18935585657179 WNW 55.94344210936002 -3.1896330204315433 1483.486366 1574.039235
55.94344210936002 -3.1896330204315433 WSW 55.94332730433031 -3.1899101842912967 1483.486366 1572.789235
55.94332730433031 -3.1899101842912967 NE 55.94353943636467 -3.189698052256941 1483.486366 1571.539235
55.94353943636467 -3.189698052256941 NW 55.94375156839902 -3.1899101842912967 1483.486366 1570.289235
55.94375156839902 -3.1899101842912967 ESE 55.94363676336931 -3.1896330204315433 1483.486366 1569.039235
55.94363676336931 -3.1896330204315433 S 55.94333676336931 -3.1896330204315433 1483.486366 1567.789235
55.94333676336931 -3.1896330204315433 NE 55.943548895403666 -3.1894208883971875 1483.486366 1566.539235
55.943548895403666 -3.1894208883971875 SE 55.94333676336931 -3.1892087563628317 1483.486366 1565.289235
