55.944425 -3.188396 SW 55.944212867965646 -3.188608132034356 0.000000 248.750000
55.944212867965646 -3.188608132034356 SW 55.94400073593129 -3.1888202640687116 0.000000 223.604065
55.94400073593129 -3.1888202640687116 SW 55.943788603896934 -3.1890323961030673 0.000000 222.354065
55.943788603896934 -3.1890323961030673 SW 55.94357647186258 -3.189244528137423 0.000000 221.104065
55.94357647186258 -3.189244528137423 SW 55.94336433982822 -3.189456660171779 56.638560 303.516107
55.94336433982822 -3.189456660171779 SSW 55.943087175968465 -3.1895714652014884 56.638560 302.266107
55.943087175968465 -3.1895714652014884 SW 55.94287504393411 -3.189783597235844 56.638560 301.016107
55.94287504393411 -3.189783597235844 NE 55.943087175968465 -3.1895714652014884 106.076993 369.598830
55.943087175968465 -3.1895714652014884 ENE 55.943201980998175 -3.189294301341735 106.076993 368.348830
55.943201980998175 -3.189294301341735 NE 55.94341411303253 -3.189082169307379 106.076993 367.098830
55.94341411303253 -3.189082169307379 ENE 55.94352891806224 -3.188805005447626 106.076993 365.848830
55.94352891806224 -3.188805005447626 NE 55.9437410500966 -3.18859287341327 106.076993 364.598830
55.9437410500966 -3.18859287341327 ENE 55.94385585512631 -3.1883157095535166 106.076993 363.348830
55.94385585512631 -3.1883157095535166 E 55.94385585512631 -3.1880157095535164 179.446380 439.427666
55.94385585512631 -3.1880157095535164 E 55.94385585512631 -3.1877157095535162 179.446380 438.177666
55.94385585512631 -3.1877157095535162 E 55.94385585512631 -3.187415709553516 179.446380 436.927666
55.94385585512631 -3.187415709553516 E 55.94385585512631 -3.187115709553516 179.446380 435.677666
55.94385585512631 -3.187115709553516 E 55.94385585512631 -3.1868157095535157 179.446380 434.427666
55.94385585512631 -3.1868157095535157 E 55.94385585512631 -3.1865157095535155 179.446380 433.177666
55.94385585512631 -3.1865157095535155 E 55.94385585512631 -3.1862157095535153 211.108083 511.499032
55.94385585512631 -3.1862157095535153 E 55.94385585512631 -3.185915709553515 211.108083 510.249032
55.94385585512631 -3.185915709553515 E 55.94385585512631 -3.185615709553515 211.108083 508.999032
55.94385585512631 -3.185615709553515 WNW 55.94397066015602 -3.1858928734132683 288.323168 516.904754
55.94397066015602 -3.1858928734132683 W 55.94397066015602 -3.1861928734132685 288.323168 515.654754
55.94397066015602 -3.1861928734132685 WNW 55.94408546518573 -3.186470037273022 288.323168 514.404754
55.94408546518573 -3.186470037273022 W 55.94408546518573 -3.186770037273022 288.323168 513.154754
55.94408546518573 -3.186770037273022 WNW 55.94420027021544 -3.1870472011327755 398.932137 583.316266
55.94420027021544 -3.1870472011327755 W 55.94420027021544 -3.1873472011327757 398.932137 582.066266
55.94420027021544 -3.1873472011327757 WNW 55.94431507524515 -3.187624364992529 398.932137 580.816266
55.94431507524515 -3.187624364992529 W 55.94431507524515 -3.1879243649925293 398.932137 579.566266
55.94431507524515 -3.1879243649925293 WNW 55.94442988027486 -3.1882015288522827 372.989729 568.147784
55.94442988027486 -3.1882015288522827 W 55.94442988027486 -3.188501528852283 372.989729 566.897784
55.94442988027486 -3.188501528852283 WNW 55.94454468530457 -3.1887786927120363 372.989729 565.647784
55.94454468530457 -3.1887786927120363 W 55.94454468530457 -3.1890786927120365 349.162007 564.397784
55.94454468530457 -3.1890786927120365 WNW 55.94465949033428 -3.18935585657179 349.162007 563.147784
55.94465949033428 -3.18935585657179 W 55.94465949033428 -3.18965585657179 349.162007 561.897784
55.94465949033428 -3.18965585657179 WNW 55.94477429536399 -3.1899330204315435 445.244081 595.232870
55.94477429536399 -3.1899330204315435 W 55.94477429536399 -3.1902330204315437 445.244081 593.982870
55.94477429536399 -3.1902330204315437 WNW 55.9448891003937 -3.190510184291297 506.041806 629.250978
55.9448891003937 -3.190510184291297 W 55.9448891003937 -3.1908101842912973 506.041806 628.000978
55.9448891003937 -3.1908101842912973 WNW 55.94500390542341 -3.1910873481510507 506.041806 626.750978
55.94500390542341 -3.1910873481510507 W 55.94500390542341 -3.191387348151051 506.041806 625.500978
55.94500390542341 -3.191387348151051 WNW 55.94511871045312 -3.1916645120108043 506.041806 624.250978
55.94511871045312 -3.1916645120108043 W 55.94511871045312 -3.1919645120108044 506.041806 623.000978
55.94511871045312 -3.1919645120108044 WNW 55.94523351548283 -3.192241675870558 506.041806 621.750978
55.94523351548283 -3.192241675870558 W 55.94523351548283 -3.192541675870558 591.467983 658.514775
55.94523351548283 -3.192541675870558 E 55.94523351548283 -3.192241675870558 591.467983 657.264775
55.94523351548283 -3.192241675870558 E 55.94523351548283 -3.1919416758705577 591.467983 656.014775
55.94523351548283 -3.1919416758705577 E 55.94523351548283 -3.1916416758705575 591.467983 654.764775
55.94523351548283 -3.1916416758705575 E 55.94523351548283 -3.1913416758705573 591.467983 653.514775
55.94523351548283 -3.1913416758705573 E 55.94523351548283 -3.191041675870557 655.397910 770.144385
55.94523351548283 -3.191041675870557 E 55.94523351548283 -3.190741675870557 655.397910 768.894385
55.94523351548283 -3.190741675870557 E 55.94523351548283 -3.1904416758705567 655.397910 767.644385
55.94523351548283 -3.1904416758705567 E 55.94523351548283 -3.1901416758705565 771.170291 852.451580
55.94523351548283 -3.1901416758705565 E 55.94523351548283 -3.1898416758705563 771.170291 851.201580
55.94523351548283 -3.1898416758705563 E 55.94523351548283 -3.189541675870556 771.170291 849.951580
55.94523351548283 -3.189541675870556 E 55.94523351548283 -3.189241675870556 771.170291 848.701580
55.94523351548283 -3.189241675870556 E 55.94523351548283 -3.1889416758705558 771.170291 847.451580
55.94523351548283 -3.1889416758705558 E 55.94523351548283 -3.1886416758705556 771.170291 846.201580
55.94523351548283 -3.1886416758705556 E 55.94523351548283 -3.1883416758705554 771.170291 844.951580
55.94523351548283 -3.1883416758705554 E 55.94523351548283 -3.188041675870555 771.170291 843.701580
55.94523351548283 -3.188041675870555 E 55.94523351548283 -3.187741675870555 771.170291 842.451580
55.94523351548283 -3.187741675870555 E 55.94523351548283 -3.187441675870555 771.170291 841.201580
55.94523351548283 -3.187441675870555 E 55.94523351548283 -3.1871416758705546 771.170291 839.951580
55.94523351548283 -3.1871416758705546 E 55.94523351548283 -3.1868416758705544 820.441220 851.776329
55.94523351548283 -3.1868416758705544 E 55.94523351548283 -3.1865416758705543 716.427933 726.655750
55.94523351548283 -3.1865416758705543 E 55.94523351548283 -3.186241675870554 716.427933 725.405750
55.94523351548283 -3.186241675870554 E 55.94523351548283 -3.185941675870554 716.427933 724.155750
55.94523351548283 -3.185941675870554 E 55.94523351548283 -3.1856416758705537 822.747325 740.032211
55.94523351548283 -3.1856416758705537 E 55.94523351548283 -3.1853416758705535 822.747325 738.782211
55.94523351548283 -3.1853416758705535 ESE 55.94511871045312 -3.1850645120108 822.747325 737.532211
55.94511871045312 -3.1850645120108 E 55.94511871045312 -3.1847645120108 772.639724 617.752558
55.94511871045312 -3.1847645120108 SSW 55.944841546593366 -3.1848793170405094 805.432585 703.612561
55.944841546593366 -3.1848793170405094 SSW 55.94456438273361 -3.184994122070219 805.432585 702.362561
55.94456438273361 -3.184994122070219 SSW 55.94428721887385 -3.1851089270999284 805.432585 701.112561
55.94428721887385 -3.1851089270999284 SSW 55.9440100550141 -3.185223732129638 805.432585 699.862561
55.9440100550141 -3.185223732129638 SSW 55.94373289115434 -3.1853385371593474 805.432585 698.612561
55.94373289115434 -3.1853385371593474 SSW 55.943455727294584 -3.185453342189057 805.432585 697.362561
55.943455727294584 -3.185453342189057 SSW 55.94317856343483 -3.1855681472187665 805.432585 696.112561
55.94317856343483 -3.1855681472187665 NW 55.94339069546918 -3.1857802792531222 840.572230 755.203811
55.94339069546918 -3.1857802792531222 NW 55.94360282750354 -3.185992411287478 840.572230 753.953811
55.94360282750354 -3.185992411287478 NW 55.943814959537896 -3.186204543321834 840.572230 752.703811
55.943814959537896 -3.186204543321834 NW 55.94402709157225 -3.1864166753561896 840.572230 751.453811
55.94402709157225 -3.1864166753561896 WNW 55.94414189660196 -3.186693839215943 840.572230 750.203811
55.94414189660196 -3.186693839215943 NW 55.94435402863632 -3.1869059712502987 840.572230 748.953811
55.94435402863632 -3.1869059712502987 WNW 55.94446883366603 -3.187183135110052 840.572230 747.703811
55.94446883366603 -3.187183135110052 NW 55.944680965700385 -3.187395267144408 840.572230 746.453811
55.944680965700385 -3.187395267144408 WNW 55.944795770730096 -3.1876724310041613 840.572230 745.203811
55.944795770730096 -3.1876724310041613 NW 55.94500790276445 -3.187884563038517 840.572230 743.953811
55.94500790276445 -3.187884563038517 WNW 55.94512270779416 -3.1881617268982705 840.572230 742.703811
55.94512270779416 -3.1881617268982705 NW 55.94533483982852 -3.1883738589326263 840.572230 741.453811
55.94533483982852 -3.1883738589326263 WNW 55.94544964485823 -3.1886510227923797 840.572230 740.203811
55.94544964485823 -3.1886510227923797 NW 55.945661776892585 -3.1888631548267354 840.572230 738.953811
55.945661776892585 -3.1888631548267354 SSE 55.94538461303283 -3.188748349797026 862.465427 838.692726
55.94538461303283 -3.188748349797026 SSE 55.94510744917307 -3.1886335447673164 862.465427 837.442726
55.94510744917307 -3.1886335447673164 SSE 55.944830285313316 -3.188518739737607 829.330277 761.743308
55.944830285313316 -3.188518739737607 SE 55.94461815327896 -3.188306607703251 829.330277 760.493308
55.94461815327896 -3.188306607703251 SSE 55.9443409894192 -3.1881918026735416 829.330277 759.243308
55.9443409894192 -3.1881918026735416 SE 55.94412885738485 -3.187979670639186 829.330277 757.993308
55.94412885738485 -3.187979670639186 SSE 55.94385169352509 -3.1878648656094764 829.330277 756.743308
55.94385169352509 -3.1878648656094764 SE 55.943639561490734 -3.1876527335751206 829.330277 755.493308
55.943639561490734 -3.1876527335751206 SSE 55.94336239763098 -3.187537928545411 829.330277 754.243308
55.94336239763098 -3.187537928545411 SE 55.94315026559662 -3.1873257965110553 829.330277 752.993308
55.94315026559662 -3.1873257965110553 SSE 55.942873101736865 -3.187210991481346 829.330277 751.743308
55.942873101736865 -3.187210991481346 SE 55.94266096970251 -3.18699885944699 829.330277 750.493308
55.94266096970251 -3.18699885944699 NE 55.942873101736865 -3.1867867274126342 853.356933 866.340033
55.942873101736865 -3.1867867274126342 NE 55.94308523377122 -3.1865745953782785 821.890103 805.442363
55.94308523377122 -3.1865745953782785 NE 55.94329736580558 -3.1863624633439227 821.890103 804.192363
55.94329736580558 -3.1863624633439227 NE 55.94350949783993 -3.186150331309567 821.890103 802.942363
55.94350949783993 -3.186150331309567 NE 55.94372162987429 -3.185938199275211 821.890103 801.692363
55.94372162987429 -3.185938199275211 NE 55.943933761908646 -3.1857260672408554 821.890103 800.442363
55.943933761908646 -3.1857260672408554 NE 55.944145893943 -3.1855139352064996 821.890103 799.192363
55.944145893943 -3.1855139352064996 NE 55.94435802597736 -3.185301803172144 821.890103 797.942363
55.94435802597736 -3.185301803172144 NNE 55.944635189837115 -3.1851869981424343 821.890103 796.692363
55.944635189837115 -3.1851869981424343 NE 55.94484732187147 -3.1849748661080786 821.890103 795.442363
55.94484732187147 -3.1849748661080786 NNE 55.94512448573123 -3.184860061078369 821.890103 794.192363
55.94512448573123 -3.184860061078369 NE 55.945336617765584 -3.1846479290440133 821.890103 792.942363
55.945336617765584 -3.1846479290440133 NNE 55.94561378162534 -3.1845331240143038 821.890103 791.692363
55.94561378162534 -3.1845331240143038 NE 55.9458259136597 -3.184320991979948 821.890103 790.442363
55.9458259136597 -3.184320991979948 W 55.9458259136597 -3.184620991979948 891.348617 905.276760
55.9458259136597 -3.184620991979948 WSW 55.945711108629986 -3.1848981558397016 891.348617 904.026760
55.945711108629986 -3.1848981558397016 WSW 55.945596303600276 -3.185175319699455 891.348617 902.776760
55.945596303600276 -3.185175319699455 WSW 55.945481498570565 -3.1854524835592084 891.348617 901.526760
55.945481498570565 -3.1854524835592084 WSW 55.945366693540855 -3.185729647418962 891.348617 900.276760
55.945366693540855 -3.185729647418962 WSW 55.945251888511145 -3.186006811278715 1005.236069 933.880539
55.945251888511145 -3.186006811278715 WSW 55.945137083481434 -3.1862839751384686 1005.236069 932.630539
55.945137083481434 -3.1862839751384686 WSW 55.945022278451724 -3.186561138998222 1005.236069 931.380539
55.945022278451724 -3.186561138998222 WSW 55.94490747342201 -3.1868383028579754 1005.236069 930.130539
55.94490747342201 -3.1868383028579754 WSW 55.9447926683923 -3.187115466717729 1005.236069 928.880539
55.9447926683923 -3.187115466717729 WSW 55.94467786336259 -3.1873926305774822 1005.236069 927.630539
55.94467786336259 -3.1873926305774822 WSW 55.94456305833288 -3.1876697944372356 1005.236069 926.380539
55.94456305833288 -3.1876697944372356 WSW 55.94444825330317 -3.187946958296989 1005.236069 925.130539
55.94444825330317 -3.187946958296989 WSW 55.94433344827346 -3.1882241221567424 1005.236069 923.880539
55.94433344827346 -3.1882241221567424 WSW 55.94421864324375 -3.188501286016496 1005.236069 922.630539
55.94421864324375 -3.188501286016496 WSW 55.94410383821404 -3.1887784498762493 1005.236069 921.380539
55.94410383821404 -3.1887784498762493 WSW 55.94398903318433 -3.1890556137360027 1005.236069 920.130539
55.94398903318433 -3.1890556137360027 WSW 55.94387422815462 -3.189332777595756 1005.236069 918.880539
55.94387422815462 -3.189332777595756 WSW 55.94375942312491 -3.1896099414555095 1005.236069 917.630539
55.94375942312491 -3.1896099414555095 SW 55.94354729109055 -3.1898220734898652 1005.236069 916.380539
55.94354729109055 -3.1898220734898652 WSW 55.94343248606084 -3.1900992373496186 1005.236069 915.130539
55.94343248606084 -3.1900992373496186 SW 55.94322035402649 -3.1903113693839744 1005.236069 913.880539
55.94322035402649 -3.1903113693839744 WSW 55.943105548996776 -3.190588533243728 1005.236069 912.630539
55.943105548996776 -3.190588533243728 SW 55.94289341696242 -3.1908006652780836 1005.236069 911.380539
55.94289341696242 -3.1908006652780836 WSW 55.94277861193271 -3.191077829137837 1005.236069 910.130539
55.94277861193271 -3.191077829137837 NNW 55.943055775792466 -3.1911926341675465 1082.891487 992.372418
55.943055775792466 -3.1911926341675465 NNW 55.94333293965222 -3.191307439197256 1014.438510 987.172763
55.94333293965222 -3.191307439197256 NNW 55.94361010351198 -3.1914222442269655 1014.438510 985.922763
55.94361010351198 -3.1914222442269655 NNW 55.943887267371736 -3.191537049256675 1076.136022 1006.037307
55.943887267371736 -3.191537049256675 N 55.94418726737174 -3.191537049256675 1120.450062 1010.400941
55.94418726737174 -3.191537049256675 NNW 55.944464431231495 -3.1916518542863845 1136.105269 1049.914368
55.944464431231495 -3.1916518542863845 NNE 55.94474159509125 -3.191537049256675 1225.264015 1151.455173
55.94474159509125 -3.191537049256675 E 55.94474159509125 -3.191237049256675 1225.264015 1150.205173
55.94474159509125 -3.191237049256675 E 55.94474159509125 -3.1909370492566747 1225.264015 1148.955173
55.94474159509125 -3.1909370492566747 E 55.94474159509125 -3.1906370492566745 1225.264015 1147.705173
55.94474159509125 -3.1906370492566745 E 55.94474159509125 -3.1903370492566743 1225.264015 1146.455173
55.94474159509125 -3.1903370492566743 E 55.94474159509125 -3.190037049256674 1225.264015 1145.205173
55.94474159509125 -3.190037049256674 E 55.94474159509125 -3.189737049256674 1236.041517 1205.697394
55.94474159509125 -3.189737049256674 E 55.94474159509125 -3.1894370492566737 1236.041517 1204.447394
55.94474159509125 -3.1894370492566737 E 55.94474159509125 -3.1891370492566735 1236.041517 1203.197394
55.94474159509125 -3.1891370492566735 E 55.94474159509125 -3.1888370492566733 1236.041517 1201.947394
55.94474159509125 -3.1888370492566733 E 55.94474159509125 -3.188537049256673 1236.041517 1200.697394
55.94474159509125 -3.188537049256673 ESE 55.94462679006154 -3.1882598853969197 1236.041517 1199.447394
55.94462679006154 -3.1882598853969197 E 55.94462679006154 -3.1879598853969195 1236.041517 1198.197394
55.94462679006154 -3.1879598853969195 ESE 55.94451198503183 -3.187682721537166 1236.041517 1196.947394
55.94451198503183 -3.187682721537166 E 55.94451198503183 -3.187382721537166 1236.041517 1195.697394
55.94451198503183 -3.187382721537166 ESE 55.94439718000212 -3.1871055576774125 1236.041517 1194.447394
55.94439718000212 -3.1871055576774125 E 55.94439718000212 -3.1868055576774124 1236.041517 1193.197394
55.94439718000212 -3.1868055576774124 ESE 55.94428237497241 -3.186528393817659 1236.041517 1191.947394
55.94428237497241 -3.186528393817659 E 55.94428237497241 -3.1862283938176588 1231.594667 1086.448462
55.94428237497241 -3.1862283938176588 ESE 55.9441675699427 -3.1859512299579054 1231.594667 1085.198462
55.9441675699427 -3.1859512299579054 E 55.9441675699427 -3.185651229957905 1231.594667 1083.948462
55.9441675699427 -3.185651229957905 ESE 55.94405276491299 -3.1853740660981518 1231.594667 1082.698462
55.94405276491299 -3.1853740660981518 E 55.94405276491299 -3.1850740660981516 1231.594667 1081.448462
55.94405276491299 -3.1850740660981516 ESE 55.94393795988328 -3.184796902238398 1231.594667 1080.198462
55.94393795988328 -3.184796902238398 NW 55.944150091917635 -3.185009034272754 1317.470465 1154.963178
55.944150091917635 -3.185009034272754 NW 55.94436222395199 -3.1852211663071097 1317.470465 1153.713178
55.94436222395199 -3.1852211663071097 NW 55.94457435598635 -3.1854332983414655 1317.470465 1152.463178
55.94457435598635 -3.1854332983414655 NW 55.9447864880207 -3.1856454303758213 1317.470465 1151.213178
55.9447864880207 -3.1856454303758213 NW 55.94499862005506 -3.185857562410177 1317.470465 1149.963178
55.94499862005506 -3.185857562410177 WSW 55.94488381502535 -3.1861347262699304 1333.189289 1242.005191
55.94488381502535 -3.1861347262699304 WSW 55.94476900999564 -3.186411890129684 1333.189289 1240.755191
55.94476900999564 -3.186411890129684 W 55.94476900999564 -3.186711890129684 1333.189289 1239.505191
55.94476900999564 -3.186711890129684 WSW 55.94465420496593 -3.1869890539894374 1333.189289 1238.255191
55.94465420496593 -3.1869890539894374 W 55.94465420496593 -3.1872890539894376 1333.189289 1237.005191
55.94465420496593 -3.1872890539894376 WSW 55.94453939993622 -3.187566217849191 1333.189289 1235.755191
55.94453939993622 -3.187566217849191 W 55.94453939993622 -3.187866217849191 1333.189289 1234.505191
55.94453939993622 -3.187866217849191 WSW 55.94442459490651 -3.1881433817089446 1333.189289 1233.255191
55.94442459490651 -3.1881433817089446 W 55.94442459490651 -3.188443381708945 1333.189289 1232.005191
55.94442459490651 -3.188443381708945 WSW 55.9443097898768 -3.188720545568698 1333.189289 1230.755191
55.9443097898768 -3.188720545568698 W 55.9443097898768 -3.1890205455686984 1333.189289 1229.505191
55.9443097898768 -3.1890205455686984 WSW 55.94419498484709 -3.189297709428452 1333.189289 1228.255191
55.94419498484709 -3.189297709428452 W 55.94419498484709 -3.189597709428452 1333.189289 1227.005191
55.94419498484709 -3.189597709428452 WSW 55.94408017981738 -3.1898748732882054 1333.189289 1225.755191
55.94408017981738 -3.1898748732882054 W 55.94408017981738 -3.1901748732882056 1333.189289 1224.505191
55.94408017981738 -3.1901748732882056 WSW 55.943965374787666 -3.190452037147959 1333.189289 1223.255191
55.943965374787666 -3.190452037147959 ENE 55.94408017981738 -3.1901748732882056 1355.483403 1233.063755
55.94408017981738 -3.1901748732882056 ENE 55.94419498484709 -3.189897709428452 1355.483403 1231.813755
55.94419498484709 -3.189897709428452 NE 55.94440711688144 -3.1896855773940964 1355.483403 1230.563755
55.94440711688144 -3.1896855773940964 ENE 55.944521921911154 -3.189408413534343 1355.483403 1229.313755
55.944521921911154 -3.189408413534343 NE 55.94473405394551 -3.1891962814999872 1355.483403 1228.063755
55.94473405394551 -3.1891962814999872 ENE 55.94484885897522 -3.188919117640234 1355.483403 1226.813755
55.94484885897522 -3.188919117640234 NE 55.945060991009576 -3.188706985605878 1355.483403 1225.563755
55.945060991009576 -3.188706985605878 ENE 55.94517579603929 -3.1884298217461247 1355.483403 1224.313755
55.94517579603929 -3.1884298217461247 NE 55.94538792807364 -3.188217689711769 1355.483403 1223.063755
55.94538792807364 -3.188217689711769 ENE 55.94550273310335 -3.1879405258520155 1355.483403 1221.813755
55.94550273310335 -3.1879405258520155 NE 55.94571486513771 -3.1877283938176597 1355.483403 1220.563755
55.94571486513771 -3.1877283938176597 W 55.94571486513771 -3.18802839381766 1366.317386 1301.882846
55.94571486513771 -3.18802839381766 W 55.94571486513771 -3.18832839381766 1366.317386 1300.632846
55.94571486513771 -3.18832839381766 W 55.94571486513771 -3.1886283938176603 1366.317386 1299.382846
55.94571486513771 -3.1886283938176603 W 55.94571486513771 -3.1889283938176605 1366.317386 1298.132846
55.94571486513771 -3.1889283938176605 WSW 55.945600060108 -3.189205557677414 1366.317386 1296.882846
55.945600060108 -3.189205557677414 WSW 55.94548525507829 -3.1894827215371673 1446.947874 1411.479324
55.94548525507829 -3.1894827215371673 WSW 55.94537045004858 -3.1897598853969207 1446.947874 1410.229324
55.94537045004858 -3.1897598853969207 WSW 55.94525564501887 -3.190037049256674 1446.947874 1408.979324
55.94525564501887 -3.190037049256674 WSW 55.94514083998916 -3.1903142131164275 1446.947874 1407.729324
55.94514083998916 -3.1903142131164275 WSW 55.94502603495945 -3.190591376976181 1446.947874 1406.479324
55.94502603495945 -3.190591376976181 WSW 55.94491122992974 -3.1908685408359343 1446.947874 1405.229324
55.94491122992974 -3.1908685408359343 WSW 55.94479642490003 -3.1911457046956877 1446.947874 1403.979324
55.94479642490003 -3.1911457046956877 SW 55.94458429286567 -3.1913578367300435 1446.947874 1402.729324
55.94458429286567 -3.1913578367300435 WSW 55.94446948783596 -3.191635000589797 1539.042727 1406.574487
55.94446948783596 -3.191635000589797 NNW 55.944746651695716 -3.1917498056195064 1539.042727 1405.324487
55.944746651695716 -3.1917498056195064 NNE 55.94502381555547 -3.191635000589797 1539.042727 1404.074487
55.94502381555547 -3.191635000589797 N 55.945323815555476 -3.191635000589797 1539.042727 1402.824487
55.945323815555476 -3.191635000589797 ENE 55.945438620585186 -3.1913578367300435 1539.042727 1401.574487
55.945438620585186 -3.1913578367300435 NNE 55.94571578444494 -3.191243031700334 1539.042727 1400.324487
55.94571578444494 -3.191243031700334 E 55.94571578444494 -3.1909430317003338 1539.042727 1399.074487
55.94571578444494 -3.1909430317003338 NNW 55.9459929483047 -3.1910578367300433 1539.042727 1397.824487
55.9459929483047 -3.1910578367300433 WNW 55.94610775333441 -3.1913350005897967 1539.042727 1396.574487
55.94610775333441 -3.1913350005897967 N 55.94640775333441 -3.1913350005897967 1539.042727 1395.324487
55.94640775333441 -3.1913350005897967 N 55.946707753334415 -3.1913350005897967 1539.042727 1394.074487
55.946707753334415 -3.1913350005897967 S 55.94640775333441 -3.1913350005897967 1539.042727 1392.824487
55.94640775333441 -3.1913350005897967 NE 55.94661988536877 -3.191122868555441 1539.042727 1391.574487
55.94661988536877 -3.191122868555441 SE 55.94640775333441 -3.190910736521085 1539.042727 1390.324487
55.94640775333441 -3.190910736521085 NE 55.94661988536877 -3.1906986044867294 1539.042727 1389.074487
55.94661988536877 -3.1906986044867294 NNW 55.946897049228525 -3.190813409516439 1539.042727 1387.824487
55.946897049228525 -3.190813409516439 NNE 55.94717421308828 -3.1906986044867294 1539.042727 1386.574487
55.94717421308828 -3.1906986044867294 NNW 55.94745137694804 -3.190813409516439 1539.042727 1385.324487
55.94745137694804 -3.190813409516439 E 55.94745137694804 -3.1905134095164387 1539.042727 1384.074487
55.94745137694804 -3.1905134095164387 ENE 55.94756618197775 -3.1902362456566853 1539.042727 1382.824487
55.94756618197775 -3.1902362456566853 NE 55.947778314012105 -3.1900241136223295 1539.042727 1381.574487
55.947778314012105 -3.1900241136223295 SSW 55.94750115015235 -3.190138918652039 1539.042727 1380.324487
55.94750115015235 -3.190138918652039 SW 55.94728901811799 -3.190351050686395 1539.042727 1379.074487
55.94728901811799 -3.190351050686395 NW 55.94750115015235 -3.1905631827207506 1539.042727 1377.824487
55.94750115015235 -3.1905631827207506 SSE 55.94722398629259 -3.190448377691041 1539.042727 1376.574487
55.94722398629259 -3.190448377691041 NE 55.94743611832695 -3.1902362456566853 1539.042727 1375.324487
55.94743611832695 -3.1902362456566853 NNW 55.947713282186704 -3.190351050686395 1539.042727 1374.074487
55.947713282186704 -3.190351050686395 SE 55.94750115015235 -3.190138918652039 1539.042727 1372.824487
55.94750115015235 -3.190138918652039 WSW 55.94738634512264 -3.1904160825117924 1539.042727 1371.574487
55.94738634512264 -3.1904160825117924 S 55.947086345122635 -3.1904160825117924 1539.042727 1370.324487
55.947086345122635 -3.1904160825117924 SE 55.94687421308828 -3.1902039504774367 1539.042727 1369.074487
