55.944425 -3.188396 ENE 55.94453980502971 -3.1881188361402466 0.000000 248.750000
55.94453980502971 -3.1881188361402466 ENE 55.94465461005942 -3.187841672280493 0.000000 247.500000
55.94465461005942 -3.187841672280493 ENE 55.944769415089134 -3.18756450842074 0.000000 246.250000
55.944769415089134 -3.18756450842074 ENE 55.944884220118844 -3.1872873445609864 0.000000 245.000000
55.944884220118844 -3.1872873445609864 ENE 55.944999025148554 -3.187010180701233 49.270928 256.824749
55.944999025148554 -3.187010180701233 ENE 55.945113830178265 -3.1867330168414796 0.000000 131.704170
55.945113830178265 -3.1867330168414796 ENE 55.945228635207975 -3.186455852981726 0.000000 130.454170
55.945228635207975 -3.186455852981726 ENE 55.945343440237686 -3.1861786891219728 0.000000 129.204170
55.945343440237686 -3.1861786891219728 ENE 55.945458245267396 -3.1859015252622194 0.000000 127.954170
55.945458245267396 -3.1859015252622194 S 55.94515824526739 -3.1859015252622194 113.887452 161.557950
55.94515824526739 -3.1859015252622194 S 55.94485824526739 -3.1859015252622194 220.206845 177.434411
55.94485824526739 -3.1859015252622194 S 55.94455824526739 -3.1859015252622194 235.925669 269.476424
55.94455824526739 -3.1859015252622194 SSE 55.94428108140763 -3.18578672023251 235.925669 268.226424
55.94428108140763 -3.18578672023251 S 55.94398108140763 -3.18578672023251 235.925669 266.976424
55.94398108140763 -3.18578672023251 SSE 55.94370391754787 -3.1856719152028004 235.925669 265.726424
55.94370391754787 -3.1856719152028004 S 55.94340391754787 -3.1856719152028004 313.140754 273.632146
55.94340391754787 -3.1856719152028004 SSE 55.94312675368811 -3.185557110173091 313.140754 272.382146
55.94312675368811 -3.185557110173091 WNW 55.94324155871782 -3.1858342740328442 348.280399 331.473396
55.94324155871782 -3.1858342740328442 WNW 55.94335636374753 -3.1861114378925977 348.280399 330.223396
55.94335636374753 -3.1861114378925977 WNW 55.94347116877724 -3.186388601752351 348.280399 328.973396
55.94347116877724 -3.186388601752351 WNW 55.943585973806954 -3.1866657656121045 348.280399 327.723396
55.943585973806954 -3.1866657656121045 WNW 55.943700778836664 -3.186942929471858 348.280399 326.473396
55.943700778836664 -3.186942929471858 WNW 55.943815583866375 -3.1872200933316113 343.453795 266.180123
55.943815583866375 -3.1872200933316113 WNW 55.943930388896085 -3.1874972571913647 343.453795 264.930123
55.943930388896085 -3.1874972571913647 WNW 55.944045193925795 -3.187774421051118 343.453795 263.680123
55.944045193925795 -3.187774421051118 WNW 55.944159998955506 -3.1880515849108715 343.453795 262.430123
55.944159998955506 -3.1880515849108715 WNW 55.944274803985216 -3.188328748770625 317.511386 251.011641
55.944274803985216 -3.188328748770625 W 55.944274803985216 -3.188628748770625 317.511386 249.761641
55.944274803985216 -3.188628748770625 WNW 55.94438960901493 -3.1889059126303785 293.683664 224.615706
55.94438960901493 -3.1889059126303785 W 55.94438960901493 -3.1892059126303787 293.683664 223.365706
55.94438960901493 -3.1892059126303787 WNW 55.94450441404464 -3.189483076490132 293.683664 222.115706
55.94450441404464 -3.189483076490132 W 55.94450441404464 -3.1897830764901323 293.683664 220.865706
55.94450441404464 -3.1897830764901323 WNW 55.94461921907435 -3.1900602403498857 389.765739 254.200792
55.94461921907435 -3.1900602403498857 ESE 55.94450441404464 -3.1897830764901323 400.543241 314.693014
55.94450441404464 -3.1897830764901323 ESE 55.94438960901493 -3.189505912630379 400.543241 313.443014
55.94438960901493 -3.189505912630379 SE 55.94417747698057 -3.189293780596023 400.543241 312.193014
55.94417747698057 -3.189293780596023 ESE 55.94406267195086 -3.1890166167362697 400.543241 310.943014
55.94406267195086 -3.1890166167362697 SE 55.943850539916504 -3.188804484701914 400.543241 309.693014
55.943850539916504 -3.188804484701914 ESE 55.94373573488679 -3.1885273208421605 400.543241 308.443014
55.94373573488679 -3.1885273208421605 SE 55.94352360285244 -3.1883151888078047 400.543241 307.193014
55.94352360285244 -3.1883151888078047 ESE 55.94340879782273 -3.1880380249480513 400.543241 305.943014
55.94340879782273 -3.1880380249480513 SE 55.94319666578837 -3.1878258929136956 400.543241 304.693014
55.94319666578837 -3.1878258929136956 ESE 55.94308186075866 -3.187548729053942 400.543241 303.443014
55.94308186075866 -3.187548729053942 SE 55.942869728724304 -3.1873365970195864 400.543241 302.193014
55.942869728724304 -3.1873365970195864 ESE 55.942754923694594 -3.187059433159833 400.543241 300.943014
55.942754923694594 -3.187059433159833 N 55.943054923694596 -3.187059433159833 424.569896 416.789739
55.943054923694596 -3.187059433159833 NNW 55.94333208755435 -3.1871742381895425 424.569896 415.539739
55.94333208755435 -3.1871742381895425 N 55.943632087554356 -3.1871742381895425 424.569896 414.289739
55.943632087554356 -3.1871742381895425 NNW 55.94390925141411 -3.187289043219252 424.569896 413.039739
55.94390925141411 -3.187289043219252 N 55.944209251414115 -3.187289043219252 424.569896 411.789739
55.944209251414115 -3.187289043219252 NNW 55.94448641527387 -3.1874038482489615 424.569896 410.539739
55.94448641527387 -3.1874038482489615 N 55.944786415273875 -3.1874038482489615 424.569896 409.289739
55.944786415273875 -3.1874038482489615 NNW 55.94506357913363 -3.187518653278671 424.569896 408.039739
55.94506357913363 -3.187518653278671 N 55.945363579133634 -3.187518653278671 424.569896 406.789739
55.945363579133634 -3.187518653278671 NNW 55.94564074299339 -3.1876334583083805 424.569896 405.539739
55.94564074299339 -3.1876334583083805 SSW 55.945363579133634 -3.18774826333809 435.403879 486.858830
55.945363579133634 -3.18774826333809 SW 55.94515144709928 -3.187960395372446 435.403879 485.608830
55.94515144709928 -3.187960395372446 SSW 55.94487428323952 -3.1880752004021553 435.403879 484.358830
55.94487428323952 -3.1880752004021553 SW 55.944662151205165 -3.188287332436511 435.403879 483.108830
55.944662151205165 -3.188287332436511 SSW 55.94438498734541 -3.1884021374662206 435.403879 481.858830
55.94438498734541 -3.1884021374662206 SW 55.94417285531105 -3.1886142695005764 435.403879 480.608830
55.94417285531105 -3.1886142695005764 SSW 55.943895691451296 -3.188729074530286 435.403879 479.358830
55.943895691451296 -3.188729074530286 SW 55.94368355941694 -3.1889412065646416 435.403879 478.108830
55.94368355941694 -3.1889412065646416 SSW 55.94340639555718 -3.189056011594351 435.403879 476.858830
55.94340639555718 -3.189056011594351 NW 55.94361852759154 -3.189268143628707 492.042439 559.270871
55.94361852759154 -3.189268143628707 NNW 55.943895691451296 -3.1893829486584164 492.042439 558.020871
55.943895691451296 -3.1893829486584164 NW 55.94410782348565 -3.189595080692772 492.042439 556.770871
55.94410782348565 -3.189595080692772 NNW 55.94438498734541 -3.1897098857224817 492.042439 555.520871
55.94438498734541 -3.1897098857224817 NW 55.944597119379765 -3.1899220177568375 492.042439 554.270871
55.944597119379765 -3.1899220177568375 NNW 55.94487428323952 -3.190036822786547 492.042439 553.020871
55.94487428323952 -3.190036822786547 NW 55.94508641527388 -3.1902489548209028 492.042439 551.770871
55.94508641527388 -3.1902489548209028 E 55.94508641527388 -3.1899489548209026 607.814820 636.578066
55.94508641527388 -3.1899489548209026 E 55.94508641527388 -3.1896489548209024 607.814820 635.328066
55.94508641527388 -3.1896489548209024 E 55.94508641527388 -3.189348954820902 607.814820 634.078066
55.94508641527388 -3.189348954820902 E 55.94508641527388 -3.189048954820902 607.814820 632.828066
55.94508641527388 -3.189048954820902 E 55.94508641527388 -3.188748954820902 607.814820 631.578066
55.94508641527388 -3.188748954820902 E 55.94508641527388 -3.1884489548209016 574.679671 555.878648
55.94508641527388 -3.1884489548209016 E 55.94508641527388 -3.1881489548209014 574.679671 554.628648
55.94508641527388 -3.1881489548209014 E 55.94508641527388 -3.1878489548209012 574.679671 553.378648
55.94508641527388 -3.1878489548209012 ENE 55.94520122030359 -3.187571790961148 574.679671 552.128648
55.94520122030359 -3.187571790961148 E 55.94520122030359 -3.1872717909611477 574.679671 550.878648
55.94520122030359 -3.1872717909611477 ENE 55.9453160253333 -3.1869946271013943 574.679671 549.628648
55.9453160253333 -3.1869946271013943 E 55.9453160253333 -3.186694627101394 574.679671 548.378648
55.9453160253333 -3.186694627101394 ENE 55.94543083036301 -3.1864174632416407 574.679671 547.128648
55.94543083036301 -3.1864174632416407 E 55.94543083036301 -3.1861174632416405 484.021911 523.842950
55.94543083036301 -3.1861174632416405 ENE 55.94554563539272 -3.185840299381887 484.021911 522.592950
55.94554563539272 -3.185840299381887 E 55.94554563539272 -3.185540299381887 484.021911 521.342950
55.94554563539272 -3.185540299381887 ENE 55.94566044042243 -3.1852631355221335 484.021911 520.092950
55.94566044042243 -3.1852631355221335 E 55.94566044042243 -3.1849631355221333 484.021911 518.842950
55.94566044042243 -3.1849631355221333 ENE 55.94577524545214 -3.18468597166238 484.021911 517.592950
55.94577524545214 -3.18468597166238 E 55.94577524545214 -3.1843859716623797 484.021911 516.342950
55.94577524545214 -3.1843859716623797 WSW 55.94566044042243 -3.184663135522133 553.480425 631.177346
55.94566044042243 -3.184663135522133 WSW 55.94554563539272 -3.1849402993818865 553.480425 629.927346
55.94554563539272 -3.1849402993818865 WSW 55.94543083036301 -3.18521746324164 553.480425 628.677346
55.94543083036301 -3.18521746324164 WSW 55.9453160253333 -3.1854946271013933 553.480425 627.427346
55.9453160253333 -3.1854946271013933 WSW 55.94520122030359 -3.1857717909611467 553.480425 626.177346
55.94520122030359 -3.1857717909611467 WSW 55.94508641527388 -3.1860489548209 553.480425 624.927346
55.94508641527388 -3.1860489548209 WSW 55.94497161024417 -3.1863261186806535 553.480425 623.677346
55.94497161024417 -3.1863261186806535 WSW 55.94485680521446 -3.186603282540407 553.480425 622.427346
55.94485680521446 -3.186603282540407 WSW 55.944742000184746 -3.1868804464001603 553.480425 621.177346
55.944742000184746 -3.1868804464001603 WSW 55.944627195155036 -3.1871576102599137 553.480425 619.927346
55.944627195155036 -3.1871576102599137 WSW 55.944512390125325 -3.187434774119667 553.480425 618.677346
55.944512390125325 -3.187434774119667 WSW 55.944397585095615 -3.1877119379794205 553.480425 617.427346
55.944397585095615 -3.1877119379794205 WSW 55.944282780065905 -3.187989101839174 553.480425 616.177346
55.944282780065905 -3.187989101839174 WSW 55.944167975036194 -3.1882662656989273 553.480425 614.927346
55.944167975036194 -3.1882662656989273 WSW 55.944053170006484 -3.1885434295586808 626.849812 691.006182
55.944053170006484 -3.1885434295586808 WSW 55.94393836497677 -3.188820593418434 626.849812 689.756182
55.94393836497677 -3.188820593418434 WSW 55.94382355994706 -3.1890977572781876 626.849812 688.506182
55.94382355994706 -3.1890977572781876 WSW 55.94370875491735 -3.189374921137941 626.849812 687.256182
55.94370875491735 -3.189374921137941 WSW 55.94359394988764 -3.1896520849976944 626.849812 686.006182
55.94359394988764 -3.1896520849976944 WSW 55.94347914485793 -3.1899292488574478 626.849812 684.756182
55.94347914485793 -3.1899292488574478 WSW 55.94336433982822 -3.190206412717201 626.849812 683.506182
55.94336433982822 -3.190206412717201 SW 55.943152207793865 -3.190418544751557 626.849812 682.256182
55.943152207793865 -3.190418544751557 WSW 55.943037402764155 -3.1906957086113104 626.849812 681.006182
55.943037402764155 -3.1906957086113104 SW 55.9428252707298 -3.190907840645666 626.849812 679.756182
55.9428252707298 -3.190907840645666 NNE 55.943102434589555 -3.1907930356159566 704.505229 761.998062
55.943102434589555 -3.1907930356159566 NNE 55.94337959844931 -3.190678230586247 704.505229 760.748062
55.94337959844931 -3.190678230586247 NE 55.94359173048367 -3.1904660985518913 704.505229 759.498062
55.94359173048367 -3.1904660985518913 NNE 55.943868894343424 -3.190351293522182 704.505229 758.248062
55.943868894343424 -3.190351293522182 NE 55.94408102637778 -3.190139161487826 726.799343 768.056625
55.94408102637778 -3.190139161487826 NNE 55.94435819023754 -3.1900243564581166 726.799343 766.806625
55.94435819023754 -3.1900243564581166 NE 55.94457032227189 -3.189812224423761 726.799343 765.556625
55.94457032227189 -3.189812224423761 NNE 55.94484748613165 -3.1896974193940513 726.799343 764.306625
55.94484748613165 -3.1896974193940513 NE 55.945059618166006 -3.1894852873596955 726.799343 763.056625
55.945059618166006 -3.1894852873596955 NNE 55.94533678202576 -3.189370482329986 726.799343 761.806625
55.94533678202576 -3.189370482329986 NE 55.94554891406012 -3.18915835029563 726.799343 760.556625
55.94554891406012 -3.18915835029563 NNE 55.945826077919875 -3.1890435452659207 807.429831 875.153103
55.945826077919875 -3.1890435452659207 SE 55.94561394588552 -3.188831413231565 807.429831 873.903103
55.94561394588552 -3.188831413231565 ESE 55.94549914085581 -3.1885542493718115 829.323028 973.642018
55.94549914085581 -3.1885542493718115 SE 55.94528700882145 -3.1883421173374558 829.323028 972.392018
55.94528700882145 -3.1883421173374558 ESE 55.94517220379174 -3.1880649534777024 829.323028 971.142018
55.94517220379174 -3.1880649534777024 SE 55.944960071757386 -3.1878528214433466 829.323028 969.892018
55.944960071757386 -3.1878528214433466 ESE 55.944845266727675 -3.187575657583593 829.323028 968.642018
55.944845266727675 -3.187575657583593 SE 55.94463313469332 -3.1873635255492374 829.323028 967.392018
55.94463313469332 -3.1873635255492374 ESE 55.94451832966361 -3.187086361689484 829.323028 966.142018
55.94451832966361 -3.187086361689484 SE 55.94430619762925 -3.1868742296551282 829.323028 964.892018
55.94430619762925 -3.1868742296551282 W 55.94430619762925 -3.1871742296551284 939.931997 1035.053529
55.94430619762925 -3.1871742296551284 W 55.94430619762925 -3.1874742296551286 939.931997 1033.803529
55.94430619762925 -3.1874742296551286 W 55.94430619762925 -3.187774229655129 939.931997 1032.553529
55.94430619762925 -3.187774229655129 W 55.94430619762925 -3.188074229655129 939.931997 1031.303529
55.94430619762925 -3.188074229655129 W 55.94430619762925 -3.188374229655129 939.931997 1030.053529
55.94430619762925 -3.188374229655129 W 55.94430619762925 -3.1886742296551294 939.931997 1028.803529
55.94430619762925 -3.1886742296551294 WNW 55.94442100265896 -3.1889513935148828 939.931997 1027.553529
55.94442100265896 -3.1889513935148828 W 55.94442100265896 -3.189251393514883 939.931997 1026.303529
55.94442100265896 -3.189251393514883 WNW 55.94453580768867 -3.1895285573746364 939.931997 1025.053529
55.94453580768867 -3.1895285573746364 W 55.94453580768867 -3.1898285573746366 939.931997 1023.803529
55.94453580768867 -3.1898285573746366 WNW 55.944650612718384 -3.19010572123439 939.931997 1022.553529
55.944650612718384 -3.19010572123439 WNW 55.944765417748094 -3.1903828850941434 939.931997 1021.303529
55.944765417748094 -3.1903828850941434 WNW 55.944880222777805 -3.1906600489538968 1000.729722 1056.571638
55.944880222777805 -3.1906600489538968 WNW 55.944995027807515 -3.19093721281365 1000.729722 1055.321638
55.944995027807515 -3.19093721281365 W 55.944995027807515 -3.1912372128136504 1000.729722 1054.071638
55.944995027807515 -3.1912372128136504 WNW 55.945109832837225 -3.1915143766734038 1000.729722 1052.821638
55.945109832837225 -3.1915143766734038 W 55.945109832837225 -3.191814376673404 1000.729722 1051.571638
55.945109832837225 -3.191814376673404 WNW 55.945224637866936 -3.1920915405331574 1000.729722 1050.321638
55.945224637866936 -3.1920915405331574 W 55.945224637866936 -3.1923915405331575 1000.729722 1049.071638
55.945224637866936 -3.1923915405331575 SE 55.94501250583258 -3.1921794084988018 1086.155899 1085.835435
55.94501250583258 -3.1921794084988018 SE 55.94480037379822 -3.191967276464446 1086.155899 1084.585435
55.94480037379822 -3.191967276464446 SE 55.94458824176387 -3.1917551444300902 1086.155899 1083.335435
55.94458824176387 -3.1917551444300902 SE 55.94437610972951 -3.1915430123957345 1175.314645 1184.876240
55.94437610972951 -3.1915430123957345 SE 55.944163977695155 -3.1913308803613787 1267.409498 1188.721404
55.944163977695155 -3.1913308803613787 SE 55.9439518456608 -3.191118748327023 1267.409498 1187.471404
55.9439518456608 -3.191118748327023 SE 55.94373971362644 -3.190906616292667 1329.107010 1207.585948
55.94373971362644 -3.190906616292667 SE 55.943527581592086 -3.1906944842583114 1329.107010 1206.335948
55.943527581592086 -3.1906944842583114 SE 55.94331544955773 -3.1904823522239556 1329.107010 1205.085948
55.94331544955773 -3.1904823522239556 SE 55.943103317523374 -3.1902702201896 1329.107010 1203.835948
55.943103317523374 -3.1902702201896 SE 55.94289118548902 -3.190058088155244 1329.107010 1202.585948
55.94289118548902 -3.190058088155244 SE 55.94267905345466 -3.1898459561208883 1283.711549 1186.639327
55.94267905345466 -3.1898459561208883 ENE 55.94279385848437 -3.189568792261135 1333.149982 1255.222050
55.94279385848437 -3.189568792261135 ENE 55.94290866351408 -3.1892916284013815 1333.149982 1253.972050
55.94290866351408 -3.1892916284013815 ENE 55.94302346854379 -3.189014464541628 1333.149982 1252.722050
55.94302346854379 -3.189014464541628 ENE 55.9431382735735 -3.1887373006818747 1333.149982 1251.472050
55.9431382735735 -3.1887373006818747 ENE 55.94325307860321 -3.1884601368221213 1333.149982 1250.222050
55.94325307860321 -3.1884601368221213 ENE 55.943367883632924 -3.188182972962368 1333.149982 1248.972050
55.943367883632924 -3.188182972962368 ENE 55.943482688662634 -3.1879058091026145 1333.149982 1247.722050
55.943482688662634 -3.1879058091026145 ENE 55.943597493692344 -3.187628645242861 1333.149982 1246.472050
55.943597493692344 -3.187628645242861 ENE 55.943712298722055 -3.1873514813831076 1333.149982 1245.222050
55.943712298722055 -3.1873514813831076 E 55.943712298722055 -3.1870514813831075 1333.149982 1243.972050
55.943712298722055 -3.1870514813831075 ENE 55.943827103751765 -3.186774317523354 1333.149982 1242.722050
55.943827103751765 -3.186774317523354 E 55.943827103751765 -3.186474317523354 1333.149982 1241.472050
55.943827103751765 -3.186474317523354 WNW 55.943941908781476 -3.1867514813831073 1364.811685 1319.793416
55.943941908781476 -3.1867514813831073 WNW 55.944056713811186 -3.1870286452428607 1364.811685 1318.543416
55.944056713811186 -3.1870286452428607 WNW 55.944171518840896 -3.187305809102614 1364.811685 1317.293416
55.944171518840896 -3.187305809102614 WNW 55.94428632387061 -3.1875829729623675 1364.811685 1316.043416
55.94428632387061 -3.1875829729623675 WNW 55.94440112890032 -3.187860136822121 1364.811685 1314.793416
55.94440112890032 -3.187860136822121 WNW 55.94451593393003 -3.1881373006818743 1364.811685 1313.543416
55.94451593393003 -3.1881373006818743 WNW 55.94463073895974 -3.1884144645416277 1364.811685 1312.293416
55.94463073895974 -3.1884144645416277 WNW 55.94474554398945 -3.188691628401381 1364.811685 1311.043416
55.94474554398945 -3.188691628401381 WNW 55.94486034901916 -3.1889687922611345 1364.811685 1309.793416
55.94486034901916 -3.1889687922611345 W 55.94486034901916 -3.1892687922611347 1364.811685 1308.543416
55.94486034901916 -3.1892687922611347 WNW 55.94497515404887 -3.189545956120888 1364.811685 1307.293416
55.94497515404887 -3.189545956120888 W 55.94497515404887 -3.1898459561208883 1364.811685 1306.043416
55.94497515404887 -3.1898459561208883 WNW 55.94508995907858 -3.1901231199806417 1364.811685 1304.793416
55.94508995907858 -3.1901231199806417 W 55.94508995907858 -3.190423119980642 1364.811685 1303.543416
55.94508995907858 -3.190423119980642 WNW 55.94520476410829 -3.1907002838403953 1364.811685 1302.293416
55.94520476410829 -3.1907002838403953 W 55.94520476410829 -3.1910002838403955 1364.811685 1301.043416
55.94520476410829 -3.1910002838403955 SSW 55.94492760024853 -3.191115088870105 1428.741612 1417.673025
55.94492760024853 -3.191115088870105 SW 55.94471546821418 -3.1913272209044607 1428.741612 1416.423025
55.94471546821418 -3.1913272209044607 SSW 55.94443830435442 -3.1914420259341703 1428.741612 1415.173025
55.94443830435442 -3.1914420259341703 SW 55.944226172320064 -3.191654157968526 1428.741612 1413.923025
55.944226172320064 -3.191654157968526 E 55.944226172320064 -3.191354157968526 1444.396819 1453.436452
55.944226172320064 -3.191354157968526 E 55.944226172320064 -3.1910541579685257 1444.396819 1452.186452
55.944226172320064 -3.1910541579685257 E 55.944226172320064 -3.1907541579685255 1444.396819 1450.936452
55.944226172320064 -3.1907541579685255 E 55.944226172320064 -3.1904541579685253 1444.396819 1449.686452
55.944226172320064 -3.1904541579685253 E 55.944226172320064 -3.190154157968525 1444.396819 1448.436452
55.944226172320064 -3.190154157968525 E 55.944226172320064 -3.189854157968525 1444.396819 1447.186452
55.944226172320064 -3.189854157968525 E 55.944226172320064 -3.1895541579685247 1444.396819 1445.936452
55.944226172320064 -3.1895541579685247 E 55.944226172320064 -3.1892541579685245 1444.396819 1444.686452
55.944226172320064 -3.1892541579685245 E 55.944226172320064 -3.1889541579685243 1444.396819 1443.436452
55.944226172320064 -3.1889541579685243 ENE 55.944340977349775 -3.188676994108771 1444.396819 1442.186452
55.944340977349775 -3.188676994108771 E 55.944340977349775 -3.1883769941087707 1444.396819 1440.936452
55.944340977349775 -3.1883769941087707 ENE 55.944455782379485 -3.1880998302490173 1444.396819 1439.686452
55.944455782379485 -3.1880998302490173 E 55.944455782379485 -3.187799830249017 1444.396819 1438.436452
55.944455782379485 -3.187799830249017 ENE 55.944570587409196 -3.1875226663892637 1444.396819 1437.186452
55.944570587409196 -3.1875226663892637 E 55.944570587409196 -3.1872226663892635 1444.396819 1435.936452
55.944570587409196 -3.1872226663892635 ENE 55.944685392438906 -3.18694550252951 1444.396819 1434.686452
55.944685392438906 -3.18694550252951 E 55.944685392438906 -3.18664550252951 1444.396819 1433.436452
55.944685392438906 -3.18664550252951 ENE 55.944800197468616 -3.1863683386697566 1444.396819 1432.186452
55.944800197468616 -3.1863683386697566 E 55.944800197468616 -3.1860683386697564 1444.396819 1430.936452
55.944800197468616 -3.1860683386697564 ENE 55.94491500249833 -3.185791174810003 1444.396819 1429.686452
55.94491500249833 -3.185791174810003 E 55.94491500249833 -3.1854911748100028 1444.396819 1428.436452
55.94491500249833 -3.1854911748100028 ENE 55.94502980752804 -3.1852140109502494 1444.396819 1427.186452
55.94502980752804 -3.1852140109502494 E 55.94502980752804 -3.184914010950249 1444.396819 1425.936452
55.94502980752804 -3.184914010950249 ENE 55.94514461255775 -3.1846368470904958 1477.189680 1511.796456
55.94514461255775 -3.1846368470904958 W 55.94514461255775 -3.184936847090496 1477.189680 1510.546456
55.94514461255775 -3.184936847090496 W 55.94514461255775 -3.185236847090496 1427.082079 1390.766802
55.94514461255775 -3.185236847090496 WSW 55.94502980752804 -3.1855140109502496 1427.082079 1389.516802
55.94502980752804 -3.1855140109502496 W 55.94502980752804 -3.1858140109502497 1427.082079 1388.266802
55.94502980752804 -3.1858140109502497 WSW 55.94491500249833 -3.186091174810003 1427.082079 1387.016802
55.94491500249833 -3.186091174810003 W 55.94491500249833 -3.1863911748100033 1427.082079 1385.766802
55.94491500249833 -3.1863911748100033 WSW 55.944800197468616 -3.1866683386697567 1427.082079 1384.516802
55.944800197468616 -3.1866683386697567 W 55.944800197468616 -3.186968338669757 1427.082079 1383.266802
55.944800197468616 -3.186968338669757 WSW 55.944685392438906 -3.1872455025295103 1427.082079 1382.016802
55.944685392438906 -3.1872455025295103 W 55.944685392438906 -3.1875455025295105 1427.082079 1380.766802
55.944685392438906 -3.1875455025295105 WSW 55.944570587409196 -3.187822666389264 1427.082079 1379.516802
55.944570587409196 -3.187822666389264 W 55.944570587409196 -3.188122666389264 1427.082079 1378.266802
55.944570587409196 -3.188122666389264 WSW 55.944455782379485 -3.1883998302490175 1427.082079 1377.016802
55.944455782379485 -3.1883998302490175 W 55.944455782379485 -3.1886998302490177 1427.082079 1375.766802
55.944455782379485 -3.1886998302490177 WSW 55.944340977349775 -3.188976994108771 1427.082079 1374.516802
55.944340977349775 -3.188976994108771 W 55.944340977349775 -3.1892769941087713 1427.082079 1373.266802
55.944340977349775 -3.1892769941087713 WSW 55.944226172320064 -3.1895541579685247 1427.082079 1372.016802
55.944226172320064 -3.1895541579685247 W 55.944226172320064 -3.189854157968525 1427.082079 1370.766802
55.944226172320064 -3.189854157968525 WSW 55.944111367290354 -3.1901313218282783 1427.082079 1369.516802
55.944111367290354 -3.1901313218282783 W 55.944111367290354 -3.1904313218282785 1427.082079 1368.266802
55.944111367290354 -3.1904313218282785 WSW 55.943996562260644 -3.190708485688032 1427.082079 1367.016802
55.943996562260644 -3.190708485688032 W 55.943996562260644 -3.191008485688032 1427.082079 1365.766802
55.943996562260644 -3.191008485688032 WSW 55.94388175723093 -3.1912856495477855 1427.082079 1364.516802
55.94388175723093 -3.1912856495477855 W 55.94388175723093 -3.1915856495477857 1427.082079 1363.266802
55.94388175723093 -3.1915856495477857 E 55.94388175723093 -3.1912856495477855 1471.396119 1367.630436
55.94388175723093 -3.1912856495477855 ENE 55.943996562260644 -3.191008485688032 1471.396119 1366.380436
55.943996562260644 -3.191008485688032 SE 55.94378443022629 -3.1907963536536763 1471.396119 1365.130436
