55.944425 -3.188396 ENE 55.94453980502971 -3.1881188361402466 0.000000 248.750000
55.94453980502971 -3.1881188361402466 ENE 55.94465461005942 -3.187841672280493 0.000000 247.500000
55.94465461005942 -3.187841672280493 ENE 55.944769415089134 -3.18756450842074 0.000000 246.250000
55.944769415089134 -3.18756450842074 ENE 55.944884220118844 -3.1872873445609864 0.000000 245.000000
55.944884220118844 -3.1872873445609864 ENE 55.944999025148554 -3.187010180701233 49.270928 256.824749
55.944999025148554 -3.187010180701233 ENE 55.945113830178265 -3.1867330168414796 0.000000 131.704170
55.945113830178265 -3.1867330168414796 ENE 55.945228635207975 -3.186455852981726 0.000000 130.454170
55.945228635207975 -3.186455852981726 ENE 55.945343440237686 -3.1861786891219728 0.000000 129.204170
55.945343440237686 -3.1861786891219728 ENE 55.945458245267396 -3.1859015252622194 0.000000 127.954170
55.945458245267396 -3.1859015252622194 S 55.94515824526739 -3.1859015252622194 113.887452 161.557950
55.94515824526739 -3.1859015252622194 S 55.94485824526739 -3.1859015252622194 220.206845 177.434411
55.94485824526739 -3.1859015252622194 S 55.94455824526739 -3.1859015252622194 235.925669 269.476424
55.94455824526739 -3.1859015252622194 SSE 55.94428108140763 -3.18578672023251 235.925669 268.226424
55.94428108140763 -3.18578672023251 S 55.94398108140763 -3.18578672023251 235.925669 266.976424
55.94398108140763 -3.18578672023251 SSE 55.94370391754787 -3.1856719152028004 235.925669 265.726424
55.94370391754787 -3.1856719152028004 S 55.94340391754787 -3.1856719152028004 313.140754 273.632146
55.94340391754787 -3.1856719152028004 SSE 55.94312675368811 -3.185557110173091 313.140754 272.382146
55.94312675368811 -3.185557110173091 WNW 55.94324155871782 -3.1858342740328442 348.280399 331.473396
55.94324155871782 -3.1858342740328442 WNW 55.94335636374753 -3.1861114378925977 348.280399 330.223396
55.94335636374753 -3.1861114378925977 WNW 55.94347116877724 -3.186388601752351 348.280399 328.973396
55.94347116877724 -3.186388601752351 WNW 55.943585973806954 -3.1866657656121045 348.280399 327.723396
55.943585973806954 -3.1866657656121045 WNW 55.943700778836664 -3.186942929471858 348.280399 326.473396
55.943700778836664 -3.186942929471858 WNW 55.943815583866375 -3.1872200933316113 343.453795 266.180123
55.943815583866375 -3.1872200933316113 WNW 55.943930388896085 -3.1874972571913647 343.453795 264.930123
55.943930388896085 -3.1874972571913647 WNW 55.944045193925795 -3.187774421051118 343.453795 263.680123
55.944045193925795 -3.187774421051118 WNW 55.944159998955506 -3.1880515849108715 343.453795 262.430123
55.944159998955506 -3.1880515849108715 WNW 55.944274803985216 -3.188328748770625 317.511386 251.011641
55.944274803985216 -3.188328748770625 WNW 55.94438960901493 -3.1886059126303783 317.511386 249.761641
55.94438960901493 -3.1886059126303783 WNW 55.94450441404464 -3.1888830764901317 293.683664 224.615706
55.94450441404464 -3.1888830764901317 WNW 55.94461921907435 -3.189160240349885 293.683664 223.365706
55.94461921907435 -3.189160240349885 W 55.94461921907435 -3.1894602403498853 293.683664 222.115706
55.94461921907435 -3.1894602403498853 E 55.94461921907435 -3.189160240349885 389.765739 255.450792
55.94461921907435 -3.189160240349885 E 55.94461921907435 -3.188860240349885 389.765739 254.200792
55.94461921907435 -3.188860240349885 E 55.94461921907435 -3.1885602403498847 389.765739 252.950792
55.94461921907435 -3.1885602403498847 E 55.94461921907435 -3.1882602403498845 389.765739 251.700792
55.94461921907435 -3.1882602403498845 E 55.94461921907435 -3.1879602403498843 389.765739 250.450792
55.94461921907435 -3.1879602403498843 E 55.94461921907435 -3.187660240349884 389.765739 249.200792
55.94461921907435 -3.187660240349884 E 55.94461921907435 -3.187360240349884 389.765739 247.950792
55.94461921907435 -3.187360240349884 E 55.94461921907435 -3.1870602403498838 389.765739 246.700792
55.94461921907435 -3.1870602403498838 E 55.94461921907435 -3.1867602403498836 389.765739 245.450792
55.94461921907435 -3.1867602403498836 ENE 55.94473402410406 -3.18648307649013 389.765739 244.200792
55.94473402410406 -3.18648307649013 E 55.94473402410406 -3.18618307649013 389.765739 242.950792
55.94473402410406 -3.18618307649013 ENE 55.94484882913377 -3.1859059126303766 389.765739 241.700792
55.94484882913377 -3.1859059126303766 E 55.94484882913377 -3.1856059126303764 389.765739 240.450792
55.94484882913377 -3.1856059126303764 ENE 55.94496363416348 -3.185328748770623 389.765739 239.200792
55.94496363416348 -3.185328748770623 E 55.94496363416348 -3.185028748770623 389.765739 237.950792
55.94496363416348 -3.185028748770623 ENE 55.94507843919319 -3.1847515849108694 389.765739 236.700792
55.94507843919319 -3.1847515849108694 WNW 55.9451932442229 -3.185028748770623 422.558600 322.560795
55.9451932442229 -3.185028748770623 WNW 55.94530804925261 -3.185305912630376 372.450999 202.781142
55.94530804925261 -3.185305912630376 W 55.94530804925261 -3.1856059126303764 372.450999 201.531142
55.94530804925261 -3.1856059126303764 WNW 55.94542285428232 -3.18588307649013 372.450999 200.281142
55.94542285428232 -3.18588307649013 W 55.94542285428232 -3.18618307649013 372.450999 199.031142
55.94542285428232 -3.18618307649013 WNW 55.94553765931203 -3.1864602403498834 372.450999 197.781142
55.94553765931203 -3.1864602403498834 W 55.94553765931203 -3.1867602403498836 281.793238 174.495443
55.94553765931203 -3.1867602403498836 WNW 55.94565246434174 -3.187037404209637 281.793238 173.245443
55.94565246434174 -3.187037404209637 W 55.94565246434174 -3.187337404209637 281.793238 171.995443
55.94565246434174 -3.187337404209637 WNW 55.94576726937145 -3.1876145680693906 281.793238 170.745443
55.94576726937145 -3.1876145680693906 SSW 55.945490105511695 -3.1877293730991 292.627221 252.064534
55.945490105511695 -3.1877293730991 SSW 55.94521294165194 -3.1878441781288096 292.627221 250.814534
55.94521294165194 -3.1878441781288096 SW 55.94500080961758 -3.1880563101631654 292.627221 249.564534
55.94500080961758 -3.1880563101631654 SSW 55.944723645757826 -3.188171115192875 292.627221 248.314534
55.944723645757826 -3.188171115192875 SW 55.94451151372347 -3.1883832472272307 292.627221 247.064534
55.94451151372347 -3.1883832472272307 SSW 55.94423434986371 -3.18849805225694 292.627221 245.814534
55.94423434986371 -3.18849805225694 SW 55.94402221782936 -3.188710184291296 292.627221 244.564534
55.94402221782936 -3.188710184291296 SSW 55.9437450539696 -3.1888249893210054 292.627221 243.314534
55.9437450539696 -3.1888249893210054 SW 55.943532921935244 -3.189037121355361 292.627221 242.064534
55.943532921935244 -3.189037121355361 ENE 55.943647726964954 -3.188759957495608 349.265781 324.476575
55.943647726964954 -3.188759957495608 ENE 55.943762531994665 -3.1884827936358544 349.265781 323.226575
55.943762531994665 -3.1884827936358544 ENE 55.943877337024375 -3.188205629776101 349.265781 321.976575
55.943877337024375 -3.188205629776101 ENE 55.943992142054086 -3.1879284659163476 422.635168 398.055412
55.943992142054086 -3.1879284659163476 ENE 55.944106947083796 -3.187651302056594 422.635168 396.805412
55.944106947083796 -3.187651302056594 ENE 55.944221752113506 -3.187374138196841 422.635168 395.555412
55.944221752113506 -3.187374138196841 ENE 55.94433655714322 -3.1870969743370874 422.635168 394.305412
55.94433655714322 -3.1870969743370874 ENE 55.94445136217293 -3.186819810477334 422.635168 393.055412
55.94445136217293 -3.186819810477334 ENE 55.94456616720264 -3.1865426466175806 422.635168 391.805412
55.94456616720264 -3.1865426466175806 ENE 55.94468097223235 -3.186265482757827 418.188319 286.306479
55.94468097223235 -3.186265482757827 ENE 55.94479577726206 -3.1859883188980738 418.188319 285.056479
55.94479577726206 -3.1859883188980738 ENE 55.94491058229177 -3.1857111550383204 418.188319 283.806479
55.94491058229177 -3.1857111550383204 NE 55.945122714326125 -3.1854990230039646 418.188319 282.556479
55.945122714326125 -3.1854990230039646 ENE 55.945237519355835 -3.185221859144211 418.188319 281.306479
55.945237519355835 -3.185221859144211 NE 55.94544965139019 -3.1850097271098554 418.188319 280.056479
55.94544965139019 -3.1850097271098554 ENE 55.9455644564199 -3.184732563250102 418.188319 278.806479
55.9455644564199 -3.184732563250102 NE 55.94577658845426 -3.1845204312157462 418.188319 277.556479
55.94577658845426 -3.1845204312157462 W 55.94577658845426 -3.1848204312157464 487.646833 392.390875
55.94577658845426 -3.1848204312157464 W 55.94577658845426 -3.1851204312157466 487.646833 391.140875
55.94577658845426 -3.1851204312157466 W 55.94577658845426 -3.185420431215747 487.646833 389.890875
55.94577658845426 -3.185420431215747 WSW 55.94566178342455 -3.1856975950755 487.646833 388.640875
55.94566178342455 -3.1856975950755 W 55.94566178342455 -3.1859975950755004 487.646833 387.390875
55.94566178342455 -3.1859975950755004 WSW 55.94554697839484 -3.186274758935254 487.646833 386.140875
55.94554697839484 -3.186274758935254 W 55.94554697839484 -3.186574758935254 487.646833 384.890875
55.94554697839484 -3.186574758935254 WSW 55.94543217336513 -3.1868519227950074 487.646833 383.640875
55.94543217336513 -3.1868519227950074 W 55.94543217336513 -3.1871519227950076 487.646833 382.390875
55.94543217336513 -3.1871519227950076 WSW 55.94531736833542 -3.187429086654761 487.646833 381.140875
55.94531736833542 -3.187429086654761 W 55.94531736833542 -3.187729086654761 487.646833 379.890875
55.94531736833542 -3.187729086654761 WSW 55.945202563305706 -3.1880062505145146 487.646833 378.640875
55.945202563305706 -3.1880062505145146 W 55.945202563305706 -3.1883062505145148 487.646833 377.390875
55.945202563305706 -3.1883062505145148 WSW 55.945087758275996 -3.188583414374268 487.646833 376.140875
55.945087758275996 -3.188583414374268 W 55.945087758275996 -3.1888834143742684 454.511684 300.441457
55.945087758275996 -3.1888834143742684 WSW 55.944972953246285 -3.1891605782340218 454.511684 299.191457
55.944972953246285 -3.1891605782340218 W 55.944972953246285 -3.189460578234022 454.511684 297.941457
55.944972953246285 -3.189460578234022 WSW 55.944858148216575 -3.1897377420937754 454.511684 296.691457
55.944858148216575 -3.1897377420937754 W 55.944858148216575 -3.1900377420937756 454.511684 295.441457
55.944858148216575 -3.1900377420937756 WSW 55.944743343186865 -3.190314905953529 454.511684 294.191457
55.944743343186865 -3.190314905953529 W 55.944743343186865 -3.190614905953529 515.309409 329.459566
55.944743343186865 -3.190614905953529 WSW 55.944628538157154 -3.1908920698132825 515.309409 328.209566
55.944628538157154 -3.1908920698132825 W 55.944628538157154 -3.1911920698132827 515.309409 326.959566
55.944628538157154 -3.1911920698132827 WSW 55.944513733127444 -3.191469233673036 515.309409 325.709566
55.944513733127444 -3.191469233673036 ESE 55.94439892809773 -3.1911920698132827 607.404263 329.554730
55.94439892809773 -3.1911920698132827 ESE 55.94428412306802 -3.1909149059535293 607.404263 328.304730
55.94428412306802 -3.1909149059535293 ESE 55.94416931803831 -3.190637742093776 607.404263 327.054730
55.94416931803831 -3.190637742093776 ESE 55.9440545130086 -3.1903605782340225 629.698377 336.863293
55.9440545130086 -3.1903605782340225 ESE 55.94393970797889 -3.190083414374269 629.698377 335.613293
55.94393970797889 -3.190083414374269 ESE 55.94382490294918 -3.1898062505145157 629.698377 334.363293
55.94382490294918 -3.1898062505145157 ESE 55.94371009791947 -3.1895290866547623 629.698377 333.113293
55.94371009791947 -3.1895290866547623 ESE 55.94359529288976 -3.189251922795009 629.698377 331.863293
55.94359529288976 -3.189251922795009 ESE 55.94348048786005 -3.1889747589352555 629.698377 330.613293
55.94348048786005 -3.1889747589352555 ESE 55.94336568283034 -3.188697595075502 629.698377 329.363293
55.94336568283034 -3.188697595075502 ESE 55.94325087780063 -3.1884204312157487 629.698377 328.113293
55.94325087780063 -3.1884204312157487 ESE 55.94313607277092 -3.1881432673559953 629.698377 326.863293
55.94313607277092 -3.1881432673559953 ESE 55.94302126774121 -3.187866103496242 629.698377 325.613293
55.94302126774121 -3.187866103496242 ESE 55.9429064627115 -3.1875889396364885 629.698377 324.363293
55.9429064627115 -3.1875889396364885 ESE 55.94279165768179 -3.187311775776735 629.698377 323.113293
55.94279165768179 -3.187311775776735 ESE 55.94267685265208 -3.1870346119169817 629.698377 321.863293
55.94267685265208 -3.1870346119169817 W 55.94267685265208 -3.187334611916982 653.725032 437.710019
55.94267685265208 -3.187334611916982 W 55.94267685265208 -3.187634611916982 653.725032 436.460019
55.94267685265208 -3.187634611916982 W 55.94267685265208 -3.1879346119169822 653.725032 435.210019
55.94267685265208 -3.1879346119169822 W 55.94267685265208 -3.1882346119169824 653.725032 433.960019
55.94267685265208 -3.1882346119169824 W 55.94267685265208 -3.1885346119169826 653.725032 432.710019
55.94267685265208 -3.1885346119169826 W 55.94267685265208 -3.188834611916983 653.725032 431.460019
55.94267685265208 -3.188834611916983 W 55.94267685265208 -3.189134611916983 653.725032 430.210019
55.94267685265208 -3.189134611916983 W 55.94267685265208 -3.189434611916983 653.725032 428.960019
55.94267685265208 -3.189434611916983 W 55.94267685265208 -3.1897346119169834 653.725032 427.710019
55.94267685265208 -3.1897346119169834 W 55.94267685265208 -3.1900346119169836 703.163464 496.292742
55.94267685265208 -3.1900346119169836 W 55.94267685265208 -3.1903346119169838 703.163464 495.042742
55.94267685265208 -3.1903346119169838 W 55.94267685265208 -3.190634611916984 703.163464 493.792742
55.94267685265208 -3.190634611916984 W 55.94267685265208 -3.190934611916984 703.163464 492.542742
55.94267685265208 -3.190934611916984 ENE 55.94279165768179 -3.1906574480572307 780.818882 574.784621
55.94279165768179 -3.1906574480572307 ENE 55.9429064627115 -3.1903802841974773 780.818882 573.534621
55.9429064627115 -3.1903802841974773 ENE 55.94302126774121 -3.190103120337724 780.818882 572.284621
55.94302126774121 -3.190103120337724 ENE 55.94313607277092 -3.1898259564779705 735.423421 556.338000
55.94313607277092 -3.1898259564779705 ENE 55.94325087780063 -3.189548792618217 735.423421 555.088000
55.94325087780063 -3.189548792618217 ENE 55.94336568283034 -3.1892716287584637 735.423421 553.838000
55.94336568283034 -3.1892716287584637 ENE 55.94348048786005 -3.1889944648987103 735.423421 552.588000
55.94348048786005 -3.1889944648987103 ENE 55.94359529288976 -3.188717301038957 735.423421 551.338000
55.94359529288976 -3.188717301038957 ENE 55.94371009791947 -3.1884401371792035 735.423421 550.088000
55.94371009791947 -3.1884401371792035 ENE 55.94382490294918 -3.18816297331945 735.423421 548.838000
55.94382490294918 -3.18816297331945 ENE 55.94393970797889 -3.1878858094596967 735.423421 547.588000
55.94393970797889 -3.1878858094596967 ENE 55.9440545130086 -3.1876086455999433 735.423421 546.338000
55.9440545130086 -3.1876086455999433 E 55.9440545130086 -3.187308645599943 735.423421 545.088000
55.9440545130086 -3.187308645599943 ENE 55.94416931803831 -3.1870314817401897 735.423421 543.838000
55.94416931803831 -3.1870314817401897 E 55.94416931803831 -3.1867314817401895 735.423421 542.588000
55.94416931803831 -3.1867314817401895 WNW 55.94428412306802 -3.187008645599943 846.032391 612.749511
55.94428412306802 -3.187008645599943 NW 55.94449625510238 -3.1872207776342987 846.032391 611.499511
55.94449625510238 -3.1872207776342987 WNW 55.94461106013209 -3.187497941494052 846.032391 610.249511
55.94461106013209 -3.187497941494052 NW 55.944823192166446 -3.187710073528408 846.032391 608.999511
55.944823192166446 -3.187710073528408 WNW 55.944937997196156 -3.1879872373881613 846.032391 607.749511
55.944937997196156 -3.1879872373881613 NW 55.94515012923051 -3.188199369422517 846.032391 606.499511
55.94515012923051 -3.188199369422517 WNW 55.94526493426022 -3.1884765332822704 846.032391 605.249511
55.94526493426022 -3.1884765332822704 NW 55.94547706629458 -3.188688665316626 846.032391 603.999511
55.94547706629458 -3.188688665316626 WNW 55.94559187132429 -3.1889658291763796 867.925587 703.738426
55.94559187132429 -3.1889658291763796 SW 55.94537973928993 -3.1891779612107354 867.925587 702.488426
55.94537973928993 -3.1891779612107354 SW 55.94516760725558 -3.189390093245091 867.925587 701.238426
55.94516760725558 -3.189390093245091 SW 55.94495547522122 -3.189602225279447 867.925587 699.988426
55.94495547522122 -3.189602225279447 SW 55.944743343186865 -3.1898143573138027 867.925587 698.738426
55.944743343186865 -3.1898143573138027 SW 55.94453121115251 -3.1900264893481585 867.925587 697.488426
55.94453121115251 -3.1900264893481585 WSW 55.9444164061228 -3.190303653207912 878.703089 757.980648
55.9444164061228 -3.190303653207912 SW 55.94420427408844 -3.1905157852422676 878.703089 756.730648
55.94420427408844 -3.1905157852422676 WSW 55.94408946905873 -3.190792949102021 878.703089 755.480648
55.94408946905873 -3.190792949102021 SW 55.943877337024375 -3.191005081136377 878.703089 754.230648
55.943877337024375 -3.191005081136377 WSW 55.943762531994665 -3.1912822449961302 878.703089 752.980648
55.943762531994665 -3.1912822449961302 E 55.943762531994665 -3.19098224499613 940.400600 773.095192
55.943762531994665 -3.19098224499613 E 55.943762531994665 -3.19068224499613 940.400600 771.845192
55.943762531994665 -3.19068224499613 E 55.943762531994665 -3.1903822449961297 940.400600 770.595192
55.943762531994665 -3.1903822449961297 E 55.943762531994665 -3.1900822449961295 940.400600 769.345192
55.943762531994665 -3.1900822449961295 E 55.943762531994665 -3.1897822449961293 940.400600 768.095192
55.943762531994665 -3.1897822449961293 E 55.943762531994665 -3.189482244996129 940.400600 766.845192
55.943762531994665 -3.189482244996129 E 55.943762531994665 -3.189182244996129 940.400600 765.595192
55.943762531994665 -3.189182244996129 E 55.943762531994665 -3.1888822449961287 940.400600 764.345192
55.943762531994665 -3.1888822449961287 E 55.943762531994665 -3.1885822449961285 940.400600 763.095192
55.943762531994665 -3.1885822449961285 E 55.943762531994665 -3.1882822449961283 940.400600 761.845192
55.943762531994665 -3.1882822449961283 E 55.943762531994665 -3.187982244996128 940.400600 760.595192
55.943762531994665 -3.187982244996128 E 55.943762531994665 -3.187682244996128 940.400600 759.345192
55.943762531994665 -3.187682244996128 E 55.943762531994665 -3.1873822449961278 940.400600 758.095192
55.943762531994665 -3.1873822449961278 E 55.943762531994665 -3.1870822449961276 940.400600 756.845192
55.943762531994665 -3.1870822449961276 E 55.943762531994665 -3.1867822449961274 940.400600 755.595192
55.943762531994665 -3.1867822449961274 E 55.943762531994665 -3.186482244996127 940.400600 754.345192
55.943762531994665 -3.186482244996127 E 55.943762531994665 -3.186182244996127 972.062304 832.666558
55.943762531994665 -3.186182244996127 E 55.943762531994665 -3.185882244996127 972.062304 831.416558
55.943762531994665 -3.185882244996127 E 55.943762531994665 -3.1855822449961266 972.062304 830.166558
55.943762531994665 -3.1855822449961266 E 55.943762531994665 -3.1852822449961264 972.062304 828.916558
55.943762531994665 -3.1852822449961264 ENE 55.943877337024375 -3.185005081136373 972.062304 827.666558
55.943877337024375 -3.185005081136373 E 55.943877337024375 -3.184705081136373 972.062304 826.416558
55.943877337024375 -3.184705081136373 WNW 55.943992142054086 -3.1849822449961263 1057.938101 901.181275
55.943992142054086 -3.1849822449961263 WNW 55.944106947083796 -3.1852594088558797 1057.938101 899.931275
55.944106947083796 -3.1852594088558797 WNW 55.944221752113506 -3.185536572715633 1057.938101 898.681275
55.944221752113506 -3.185536572715633 WNW 55.94433655714322 -3.1858137365753865 1057.938101 897.431275
55.94433655714322 -3.1858137365753865 WNW 55.94445136217293 -3.18609090043514 1057.938101 896.181275
55.94445136217293 -3.18609090043514 W 55.94445136217293 -3.18639090043514 1057.938101 894.931275
55.94445136217293 -3.18639090043514 WNW 55.94456616720264 -3.1866680642948935 1057.938101 893.681275
55.94456616720264 -3.1866680642948935 W 55.94456616720264 -3.1869680642948937 1057.938101 892.431275
55.94456616720264 -3.1869680642948937 WNW 55.94468097223235 -3.187245228154647 1057.938101 891.181275
55.94468097223235 -3.187245228154647 W 55.94468097223235 -3.1875452281546472 1057.938101 889.931275
55.94468097223235 -3.1875452281546472 WNW 55.94479577726206 -3.1878223920144007 1057.938101 888.681275
55.94479577726206 -3.1878223920144007 W 55.94479577726206 -3.188122392014401 1057.938101 887.431275
55.94479577726206 -3.188122392014401 WNW 55.94491058229177 -3.1883995558741542 1057.938101 886.181275
55.94491058229177 -3.1883995558741542 W 55.94491058229177 -3.1886995558741544 1057.938101 884.931275
55.94491058229177 -3.1886995558741544 WNW 55.94502538732148 -3.188976719733908 1057.938101 883.681275
55.94502538732148 -3.188976719733908 W 55.94502538732148 -3.189276719733908 1057.938101 882.431275
55.94502538732148 -3.189276719733908 WNW 55.94514019235119 -3.1895538835936614 1057.938101 881.181275
55.94514019235119 -3.1895538835936614 W 55.94514019235119 -3.1898538835936616 1057.938101 879.931275
55.94514019235119 -3.1898538835936616 WNW 55.9452549973809 -3.190131047453415 1057.938101 878.681275
55.9452549973809 -3.190131047453415 SW 55.945042865346544 -3.190343179487771 1173.710482 963.488470
55.945042865346544 -3.190343179487771 SW 55.94483073331219 -3.1905553115221266 1173.710482 962.238470
55.94483073331219 -3.1905553115221266 SW 55.94461860127783 -3.1907674435564823 1173.710482 960.988470
55.94461860127783 -3.1907674435564823 WSW 55.94450379624812 -3.1910446074162357 1173.710482 959.738470
55.94450379624812 -3.1910446074162357 SW 55.944291664213765 -3.1912567394505915 1173.710482 958.488470
55.944291664213765 -3.1912567394505915 WSW 55.944176859184054 -3.191533903310345 1173.710482 957.238470
55.944176859184054 -3.191533903310345 ENE 55.944291664213765 -3.1912567394505915 1189.365689 996.751897
55.944291664213765 -3.1912567394505915 ENE 55.944406469243475 -3.190979575590838 1189.365689 995.501897
55.944406469243475 -3.190979575590838 NE 55.94461860127783 -3.1907674435564823 1189.365689 994.251897
55.94461860127783 -3.1907674435564823 ENE 55.94473340630754 -3.190490279696729 1189.365689 993.001897
55.94473340630754 -3.190490279696729 NE 55.9449455383419 -3.190278147662373 1189.365689 991.751897
55.9449455383419 -3.190278147662373 ENE 55.94506034337161 -3.1900009838026198 1189.365689 990.501897
55.94506034337161 -3.1900009838026198 NE 55.945272475405964 -3.189788851768264 1189.365689 989.251897
55.945272475405964 -3.189788851768264 ENE 55.945387280435675 -3.1895116879085106 1189.365689 988.001897
55.945387280435675 -3.1895116879085106 NE 55.94559941247003 -3.189299555874155 1189.365689 986.751897
55.94559941247003 -3.189299555874155 WSW 55.94548460744032 -3.189576719733908 1269.996177 1101.348374
55.94548460744032 -3.189576719733908 WSW 55.94536980241061 -3.1898538835936616 1269.996177 1100.098374
55.94536980241061 -3.1898538835936616 WSW 55.9452549973809 -3.190131047453415 1269.996177 1098.848374
55.9452549973809 -3.190131047453415 WSW 55.94514019235119 -3.1904082113131684 1269.996177 1097.598374
55.94514019235119 -3.1904082113131684 WSW 55.94502538732148 -3.190685375172922 1269.996177 1096.348374
55.94502538732148 -3.190685375172922 WSW 55.94491058229177 -3.1909625390326752 1269.996177 1095.098374
55.94491058229177 -3.1909625390326752 WSW 55.94479577726206 -3.1912397028924286 1269.996177 1093.848374
55.94479577726206 -3.1912397028924286 SW 55.9445836452277 -3.1914518349267844 1269.996177 1092.598374
55.9445836452277 -3.1914518349267844 NW 55.94479577726206 -3.19166396696114 1269.996177 1091.348374
55.94479577726206 -3.19166396696114 WNW 55.94491058229177 -3.1919411308208936 1269.996177 1090.098374
55.94491058229177 -3.1919411308208936 NW 55.945122714326125 -3.1921532628552494 1269.996177 1088.848374
55.945122714326125 -3.1921532628552494 WNW 55.945237519355835 -3.1924304267150028 1269.996177 1087.598374
55.945237519355835 -3.1924304267150028 SE 55.94502538732148 -3.192218294680647 1355.422354 1124.362172
55.94502538732148 -3.192218294680647 SE 55.94481325528712 -3.1920061626462912 1355.422354 1123.112172
55.94481325528712 -3.1920061626462912 SE 55.94460112325277 -3.1917940306119355 1355.422354 1121.862172
55.94460112325277 -3.1917940306119355 NE 55.94481325528712 -3.1915818985775797 1444.581100 1223.402976
55.94481325528712 -3.1915818985775797 NE 55.94502538732148 -3.191369766543224 1444.581100 1222.152976
55.94502538732148 -3.191369766543224 NE 55.945237519355835 -3.191157634508868 1444.581100 1220.902976
55.945237519355835 -3.191157634508868 SSW 55.94496035549608 -3.1912724395385776 1508.511027 1337.532586
55.94496035549608 -3.1912724395385776 S 55.944660355496076 -3.1912724395385776 1508.511027 1336.282586
55.944660355496076 -3.1912724395385776 SSW 55.94438319163632 -3.191387244568287 1508.511027 1335.032586
55.94438319163632 -3.191387244568287 S 55.94408319163632 -3.191387244568287 1508.511027 1333.782586
55.94408319163632 -3.191387244568287 SSW 55.94380602777656 -3.1915020495979967 1552.825067 1338.146220
55.94380602777656 -3.1915020495979967 ENE 55.94392083280627 -3.1912248857382433 1552.825067 1336.896220
