55.944425 -3.188396 ENE 55.94453980502971 -3.1881188361402466 0.000000 248.750000
55.94453980502971 -3.1881188361402466 ENE 55.94465461005942 -3.187841672280493 0.000000 247.500000
55.94465461005942 -3.187841672280493 ENE 55.944769415089134 -3.18756450842074 0.000000 246.250000
55.944769415089134 -3.18756450842074 ENE 55.944884220118844 -3.1872873445609864 0.000000 245.000000
55.944884220118844 -3.1872873445609864 ENE 55.944999025148554 -3.187010180701233 49.270928 256.824749
55.944999025148554 -3.187010180701233 ENE 55.945113830178265 -3.1867330168414796 0.000000 131.704170
55.945113830178265 -3.1867330168414796 ENE 55.945228635207975 -3.186455852981726 0.000000 130.454170
55.945228635207975 -3.186455852981726 ENE 55.945343440237686 -3.1861786891219728 0.000000 129.204170
55.945343440237686 -3.1861786891219728 ENE 55.945458245267396 -3.1859015252622194 0.000000 127.954170
55.945458245267396 -3.1859015252622194 S 55.94515824526739 -3.1859015252622194 113.887452 161.557950
55.94515824526739 -3.1859015252622194 S 55.94485824526739 -3.1859015252622194 220.206845 177.434411
55.94485824526739 -3.1859015252622194 S 55.94455824526739 -3.1859015252622194 235.925669 269.476424
55.94455824526739 -3.1859015252622194 SSE 55.94428108140763 -3.18578672023251 235.925669 268.226424
55.94428108140763 -3.18578672023251 S 55.94398108140763 -3.18578672023251 235.925669 266.976424
55.94398108140763 -3.18578672023251 SSE 55.94370391754787 -3.1856719152028004 235.925669 265.726424
55.94370391754787 -3.1856719152028004 S 55.94340391754787 -3.1856719152028004 313.140754 273.632146
55.94340391754787 -3.1856719152028004 SSE 55.94312675368811 -3.185557110173091 313.140754 272.382146
55.94312675368811 -3.185557110173091 W 55.94312675368811 -3.185857110173091 348.280399 331.473396
55.94312675368811 -3.185857110173091 W 55.94312675368811 -3.1861571101730912 348.280399 330.223396
55.94312675368811 -3.1861571101730912 W 55.94312675368811 -3.1864571101730914 348.280399 328.973396
55.94312675368811 -3.1864571101730914 W 55.94312675368811 -3.1867571101730916 348.280399 327.723396
55.94312675368811 -3.1867571101730916 W 55.94312675368811 -3.187057110173092 348.280399 326.473396
55.94312675368811 -3.187057110173092 W 55.94312675368811 -3.187357110173092 348.280399 325.223396
55.94312675368811 -3.187357110173092 W 55.94312675368811 -3.187657110173092 348.280399 323.973396
55.94312675368811 -3.187657110173092 WNW 55.94324155871782 -3.1879342740328456 348.280399 322.723396
55.94324155871782 -3.1879342740328456 W 55.94324155871782 -3.1882342740328458 348.280399 321.473396
55.94324155871782 -3.1882342740328458 WNW 55.94335636374753 -3.188511437892599 348.280399 320.223396
55.94335636374753 -3.188511437892599 W 55.94335636374753 -3.1888114378925994 348.280399 318.973396
55.94335636374753 -3.1888114378925994 WNW 55.94347116877724 -3.1890886017523528 348.280399 317.723396
55.94347116877724 -3.1890886017523528 SW 55.94325903674289 -3.1893007337867085 404.918959 400.135438
55.94325903674289 -3.1893007337867085 SW 55.94304690470853 -3.1895128658210643 404.918959 398.885438
55.94304690470853 -3.1895128658210643 SW 55.942834772674175 -3.18972499785542 404.918959 397.635438
55.942834772674175 -3.18972499785542 NW 55.94304690470853 -3.189937129889776 454.357392 466.218161
55.94304690470853 -3.189937129889776 NW 55.94325903674289 -3.1901492619241316 408.961931 450.271539
55.94325903674289 -3.1901492619241316 NW 55.94347116877724 -3.1903613939584874 408.961931 449.021539
55.94347116877724 -3.1903613939584874 NW 55.9436833008116 -3.190573525992843 408.961931 447.771539
55.9436833008116 -3.190573525992843 NW 55.943895432845956 -3.190785658027199 408.961931 446.521539
55.943895432845956 -3.190785658027199 NW 55.94410756488031 -3.1909977900615547 408.961931 445.271539
55.94410756488031 -3.1909977900615547 NW 55.94431969691467 -3.1912099220959105 408.961931 444.021539
55.94431969691467 -3.1912099220959105 WNW 55.94443450194438 -3.191487085955664 408.961931 442.771539
55.94443450194438 -3.191487085955664 E 55.94443450194438 -3.1911870859556637 501.056785 446.616703
55.94443450194438 -3.1911870859556637 E 55.94443450194438 -3.1908870859556635 501.056785 445.366703
55.94443450194438 -3.1908870859556635 E 55.94443450194438 -3.1905870859556633 501.056785 444.116703
55.94443450194438 -3.1905870859556633 E 55.94443450194438 -3.190287085955663 501.056785 442.866703
55.94443450194438 -3.190287085955663 E 55.94443450194438 -3.189987085955663 561.854510 478.134812
55.94443450194438 -3.189987085955663 E 55.94443450194438 -3.1896870859556627 572.632012 538.627033
55.94443450194438 -3.1896870859556627 E 55.94443450194438 -3.1893870859556626 572.632012 537.377033
55.94443450194438 -3.1893870859556626 E 55.94443450194438 -3.1890870859556624 572.632012 536.127033
55.94443450194438 -3.1890870859556624 ESE 55.94431969691467 -3.188809922095909 572.632012 534.877033
55.94431969691467 -3.188809922095909 E 55.94431969691467 -3.1885099220959088 548.804289 509.731099
55.94431969691467 -3.1885099220959088 ESE 55.94420489188496 -3.1882327582361554 548.804289 508.481099
55.94420489188496 -3.1882327582361554 E 55.94420489188496 -3.187932758236155 522.861881 497.062617
55.94420489188496 -3.187932758236155 ESE 55.94409008685525 -3.187655594376402 522.861881 495.812617
55.94409008685525 -3.187655594376402 E 55.94409008685525 -3.1873555943764016 522.861881 494.562617
55.94409008685525 -3.1873555943764016 ESE 55.94397528182554 -3.187078430516648 522.861881 493.312617
55.94397528182554 -3.187078430516648 E 55.94397528182554 -3.186778430516648 522.861881 492.062617
55.94397528182554 -3.186778430516648 ESE 55.94386047679583 -3.1865012666568946 522.861881 490.812617
55.94386047679583 -3.1865012666568946 NNW 55.94413764065558 -3.186616071686604 554.523584 569.133983
55.94413764065558 -3.186616071686604 WNW 55.944252445685294 -3.1868932355463575 665.132553 639.295494
55.944252445685294 -3.1868932355463575 WNW 55.944367250715004 -3.187170399406111 665.132553 638.045494
55.944367250715004 -3.187170399406111 WNW 55.944482055744714 -3.1874475632658643 665.132553 636.795494
55.944482055744714 -3.1874475632658643 WNW 55.944596860774425 -3.1877247271256177 665.132553 635.545494
55.944596860774425 -3.1877247271256177 WNW 55.944711665804135 -3.188001890985371 665.132553 634.295494
55.944711665804135 -3.188001890985371 W 55.944711665804135 -3.1883018909853713 665.132553 633.045494
55.944711665804135 -3.1883018909853713 WNW 55.944826470833846 -3.1885790548451247 665.132553 631.795494
55.944826470833846 -3.1885790548451247 W 55.944826470833846 -3.188879054845125 631.997404 556.096076
55.944826470833846 -3.188879054845125 WNW 55.944941275863556 -3.1891562187048783 631.997404 554.846076
55.944941275863556 -3.1891562187048783 W 55.944941275863556 -3.1894562187048785 631.997404 553.596076
55.944941275863556 -3.1894562187048785 WNW 55.945056080893266 -3.189733382564632 631.997404 552.346076
55.945056080893266 -3.189733382564632 W 55.945056080893266 -3.190033382564632 631.997404 551.096076
55.945056080893266 -3.190033382564632 WNW 55.94517088592298 -3.1903105464243855 631.997404 549.846076
55.94517088592298 -3.1903105464243855 W 55.94517088592298 -3.1906105464243857 747.769786 634.653271
55.94517088592298 -3.1906105464243857 WNW 55.94528569095269 -3.190887710284139 747.769786 633.403271
55.94528569095269 -3.190887710284139 W 55.94528569095269 -3.1911877102841393 747.769786 632.153271
55.94528569095269 -3.1911877102841393 S 55.944985690952684 -3.1911877102841393 811.699712 748.782881
55.944985690952684 -3.1911877102841393 S 55.94468569095268 -3.1911877102841393 811.699712 747.532881
55.94468569095268 -3.1911877102841393 S 55.94438569095268 -3.1911877102841393 811.699712 746.282881
55.94438569095268 -3.1911877102841393 S 55.944085690952676 -3.1911877102841393 811.699712 745.032881
55.944085690952676 -3.1911877102841393 S 55.94378569095267 -3.1911877102841393 811.699712 743.782881
55.94378569095267 -3.1911877102841393 S 55.94348569095267 -3.1911877102841393 873.397224 763.897425
55.94348569095267 -3.1911877102841393 S 55.94318569095267 -3.1911877102841393 804.944248 758.697769
55.94318569095267 -3.1911877102841393 SSE 55.94290852709291 -3.1910729052544298 804.944248 757.447769
55.94290852709291 -3.1910729052544298 NE 55.94312065912727 -3.190860773220074 882.599665 839.689648
55.94312065912727 -3.190860773220074 NE 55.94333279116162 -3.1906486411857182 882.599665 838.439648
55.94333279116162 -3.1906486411857182 NE 55.94354492319598 -3.1904365091513625 882.599665 837.189648
55.94354492319598 -3.1904365091513625 NE 55.943757055230336 -3.1902243771170067 882.599665 835.939648
55.943757055230336 -3.1902243771170067 NE 55.94396918726469 -3.190012245082651 882.599665 834.689648
55.94396918726469 -3.190012245082651 NE 55.94418131929905 -3.189800113048295 882.599665 833.439648
55.94418131929905 -3.189800113048295 NE 55.944393451333404 -3.1895879810139394 882.599665 832.189648
55.944393451333404 -3.1895879810139394 NNE 55.94467061519316 -3.18947317598423 882.599665 830.939648
55.94467061519316 -3.18947317598423 NE 55.94488274722752 -3.189261043949874 978.681740 864.274734
55.94488274722752 -3.189261043949874 NNE 55.94515991108727 -3.1891462389201646 978.681740 863.024734
55.94515991108727 -3.1891462389201646 NE 55.94537204312163 -3.188934106885809 978.681740 861.774734
55.94537204312163 -3.188934106885809 NNE 55.945649206981386 -3.1888193018560993 978.681740 860.524734
55.945649206981386 -3.1888193018560993 E 55.945649206981386 -3.188519301856099 1000.574936 960.263649
55.945649206981386 -3.188519301856099 E 55.945649206981386 -3.188219301856099 1000.574936 959.013649
55.945649206981386 -3.188219301856099 E 55.945649206981386 -3.1879193018560987 1000.574936 957.763649
55.945649206981386 -3.1879193018560987 E 55.945649206981386 -3.1876193018560985 1000.574936 956.513649
55.945649206981386 -3.1876193018560985 E 55.945649206981386 -3.1873193018560984 1011.408919 1037.832739
55.945649206981386 -3.1873193018560984 E 55.945649206981386 -3.187019301856098 1011.408919 1036.582739
55.945649206981386 -3.187019301856098 E 55.945649206981386 -3.186719301856098 1011.408919 1035.332739
55.945649206981386 -3.186719301856098 E 55.945649206981386 -3.186419301856098 920.751159 1012.047041
55.945649206981386 -3.186419301856098 E 55.945649206981386 -3.1861193018560976 920.751159 1010.797041
55.945649206981386 -3.1861193018560976 E 55.945649206981386 -3.1858193018560974 920.515431 907.721507
55.945649206981386 -3.1858193018560974 E 55.945649206981386 -3.185519301856097 920.515431 906.471507
55.945649206981386 -3.185519301856097 E 55.945649206981386 -3.185219301856097 920.515431 905.221507
55.945649206981386 -3.185219301856097 ENE 55.9457640120111 -3.1849421379963436 920.515431 903.971507
55.9457640120111 -3.1849421379963436 E 55.9457640120111 -3.1846421379963434 920.515431 902.721507
55.9457640120111 -3.1846421379963434 ENE 55.94587881704081 -3.18436497413659 920.515431 901.471507
55.94587881704081 -3.18436497413659 SSW 55.94560165318105 -3.1844797791662995 989.973945 1016.305904
55.94560165318105 -3.1844797791662995 S 55.94530165318105 -3.1844797791662995 989.973945 1015.055904
55.94530165318105 -3.1844797791662995 S 55.945001653181045 -3.1844797791662995 989.973945 1013.805904
55.945001653181045 -3.1844797791662995 S 55.94470165318104 -3.1844797791662995 989.973945 1012.555904
55.94470165318104 -3.1844797791662995 S 55.94440165318104 -3.1844797791662995 989.973945 1011.305904
55.94440165318104 -3.1844797791662995 SSW 55.94412448932128 -3.184594584196009 989.973945 1010.055904
55.94412448932128 -3.184594584196009 W 55.94412448932128 -3.1848945841960092 1075.849742 1084.820620
55.94412448932128 -3.1848945841960092 W 55.94412448932128 -3.1851945841960094 1075.849742 1083.570620
55.94412448932128 -3.1851945841960094 W 55.94412448932128 -3.1854945841960096 1075.849742 1082.320620
55.94412448932128 -3.1854945841960096 W 55.94412448932128 -3.18579458419601 1075.849742 1081.070620
55.94412448932128 -3.18579458419601 W 55.94412448932128 -3.18609458419601 1075.849742 1079.820620
55.94412448932128 -3.18609458419601 W 55.94412448932128 -3.18639458419601 1075.849742 1078.570620
55.94412448932128 -3.18639458419601 W 55.94412448932128 -3.1866945841960104 1075.849742 1077.320620
55.94412448932128 -3.1866945841960104 W 55.94412448932128 -3.1869945841960106 1075.849742 1076.070620
55.94412448932128 -3.1869945841960106 W 55.94412448932128 -3.1872945841960107 1075.849742 1074.820620
55.94412448932128 -3.1872945841960107 W 55.94412448932128 -3.187594584196011 1075.849742 1073.570620
55.94412448932128 -3.187594584196011 W 55.94412448932128 -3.187894584196011 1075.849742 1072.320620
55.94412448932128 -3.187894584196011 W 55.94412448932128 -3.1881945841960113 1075.849742 1071.070620
55.94412448932128 -3.1881945841960113 W 55.94412448932128 -3.1884945841960115 1149.219129 1147.149457
55.94412448932128 -3.1884945841960115 W 55.94412448932128 -3.1887945841960117 1149.219129 1145.899457
55.94412448932128 -3.1887945841960117 W 55.94412448932128 -3.189094584196012 1149.219129 1144.649457
55.94412448932128 -3.189094584196012 W 55.94412448932128 -3.189394584196012 1149.219129 1143.399457
55.94412448932128 -3.189394584196012 W 55.94412448932128 -3.1896945841960123 1149.219129 1142.149457
55.94412448932128 -3.1896945841960123 W 55.94412448932128 -3.1899945841960125 1149.219129 1140.899457
55.94412448932128 -3.1899945841960125 W 55.94412448932128 -3.1902945841960126 1149.219129 1139.649457
55.94412448932128 -3.1902945841960126 W 55.94412448932128 -3.190594584196013 1171.513243 1149.458021
55.94412448932128 -3.190594584196013 WSW 55.94400968429157 -3.1908717480557662 1171.513243 1148.208021
55.94400968429157 -3.1908717480557662 W 55.94400968429157 -3.1911717480557664 1171.513243 1146.958021
55.94400968429157 -3.1911717480557664 WSW 55.94389487926186 -3.19144891191552 1171.513243 1145.708021
55.94389487926186 -3.19144891191552 E 55.94389487926186 -3.1911489119155196 1215.827283 1150.071654
55.94389487926186 -3.1911489119155196 E 55.94389487926186 -3.1908489119155194 1215.827283 1148.821654
55.94389487926186 -3.1908489119155194 E 55.94389487926186 -3.1905489119155193 1215.827283 1147.571654
55.94389487926186 -3.1905489119155193 ENE 55.94400968429157 -3.190271748055766 1215.827283 1146.321654
55.94400968429157 -3.190271748055766 E 55.94400968429157 -3.1899717480557657 1215.827283 1145.071654
55.94400968429157 -3.1899717480557657 ENE 55.94412448932128 -3.1896945841960123 1215.827283 1143.821654
55.94412448932128 -3.1896945841960123 E 55.94412448932128 -3.189394584196012 1215.827283 1142.571654
55.94412448932128 -3.189394584196012 ENE 55.94423929435099 -3.1891174203362587 1215.827283 1141.321654
55.94423929435099 -3.1891174203362587 E 55.94423929435099 -3.1888174203362585 1215.827283 1140.071654
55.94423929435099 -3.1888174203362585 ENE 55.9443540993807 -3.188540256476505 1215.827283 1138.821654
55.9443540993807 -3.188540256476505 E 55.9443540993807 -3.188240256476505 1215.827283 1137.571654
55.9443540993807 -3.188240256476505 ENE 55.944468904410414 -3.1879630926167515 1215.827283 1136.321654
55.944468904410414 -3.1879630926167515 E 55.944468904410414 -3.1876630926167513 1215.827283 1135.071654
55.944468904410414 -3.1876630926167513 ENE 55.944583709440124 -3.187385928756998 1215.827283 1133.821654
55.944583709440124 -3.187385928756998 E 55.944583709440124 -3.1870859287569977 1215.827283 1132.571654
55.944583709440124 -3.1870859287569977 ENE 55.944698514469835 -3.1868087648972443 1215.827283 1131.321654
55.944698514469835 -3.1868087648972443 E 55.944698514469835 -3.186508764897244 1215.827283 1130.071654
55.944698514469835 -3.186508764897244 ENE 55.944813319499545 -3.1862316010374907 1215.827283 1128.821654
55.944813319499545 -3.1862316010374907 E 55.944813319499545 -3.1859316010374905 1215.827283 1127.571654
55.944813319499545 -3.1859316010374905 ENE 55.944928124529255 -3.185654437177737 1215.827283 1126.321654
55.944928124529255 -3.185654437177737 E 55.944928124529255 -3.185354437177737 1215.827283 1125.071654
55.944928124529255 -3.185354437177737 ENE 55.945042929558966 -3.1850772733179835 1215.827283 1123.821654
55.945042929558966 -3.1850772733179835 E 55.945042929558966 -3.1847772733179833 1165.719681 1004.042001
55.945042929558966 -3.1847772733179833 W 55.945042929558966 -3.1850772733179835 1198.512543 1089.902004
55.945042929558966 -3.1850772733179835 W 55.945042929558966 -3.1853772733179837 1198.512543 1088.652004
55.945042929558966 -3.1853772733179837 W 55.945042929558966 -3.185677273317984 1198.512543 1087.402004
55.945042929558966 -3.185677273317984 W 55.945042929558966 -3.185977273317984 1198.512543 1086.152004
55.945042929558966 -3.185977273317984 W 55.945042929558966 -3.1862772733179843 1198.512543 1084.902004
55.945042929558966 -3.1862772733179843 W 55.945042929558966 -3.1865772733179845 1198.512543 1083.652004
55.945042929558966 -3.1865772733179845 W 55.945042929558966 -3.1868772733179846 1198.512543 1082.402004
55.945042929558966 -3.1868772733179846 W 55.945042929558966 -3.187177273317985 1143.770185 1081.152004
55.945042929558966 -3.187177273317985 W 55.945042929558966 -3.187477273317985 1143.770185 1079.902004
55.945042929558966 -3.187477273317985 W 55.945042929558966 -3.187777273317985 1143.770185 1078.652004
55.945042929558966 -3.187777273317985 W 55.945042929558966 -3.1880772733179854 1143.770185 1077.402004
55.945042929558966 -3.1880772733179854 W 55.945042929558966 -3.1883772733179856 1143.770185 1076.152004
55.945042929558966 -3.1883772733179856 W 55.945042929558966 -3.188677273317986 1143.770185 1074.902004
55.945042929558966 -3.188677273317986 W 55.945042929558966 -3.188977273317986 1143.770185 1073.652004
55.945042929558966 -3.188977273317986 W 55.945042929558966 -3.189277273317986 1143.770185 1072.402004
55.945042929558966 -3.189277273317986 W 55.945042929558966 -3.1895772733179864 1143.770185 1071.152004
55.945042929558966 -3.1895772733179864 W 55.945042929558966 -3.1898772733179865 1143.770185 1069.902004
55.945042929558966 -3.1898772733179865 W 55.945042929558966 -3.1901772733179867 1143.770185 1068.652004
55.945042929558966 -3.1901772733179867 W 55.945042929558966 -3.190477273317987 1143.770185 1067.402004
55.945042929558966 -3.190477273317987 W 55.945042929558966 -3.190777273317987 1143.770185 1066.152004
55.945042929558966 -3.190777273317987 W 55.945042929558966 -3.1910772733179873 1143.770185 1064.902004
55.945042929558966 -3.1910772733179873 W 55.945042929558966 -3.1913772733179875 1143.770185 1063.652004
55.945042929558966 -3.1913772733179875 WNW 55.945157734588676 -3.191654437177741 1143.770185 1062.402004
55.945157734588676 -3.191654437177741 W 55.945157734588676 -3.191954437177741 1143.770185 1061.152004
55.945157734588676 -3.191954437177741 WNW 55.94527253961839 -3.1922316010374945 1143.770185 1059.902004
55.94527253961839 -3.1922316010374945 SE 55.94506040758403 -3.1920194690031387 1229.196361 1096.665801
55.94506040758403 -3.1920194690031387 SE 55.944848275549674 -3.191807336968783 1229.196361 1095.415801
55.944848275549674 -3.191807336968783 SSE 55.94457111168992 -3.1916925319390734 1229.196361 1094.165801
55.94457111168992 -3.1916925319390734 SE 55.94435897965556 -3.1914803999047177 1318.355107 1195.706606
55.94435897965556 -3.1914803999047177 ESE 55.94424417462585 -3.1912032360449643 1318.355107 1194.456606
55.94424417462585 -3.1912032360449643 ESE 55.94412936959614 -3.190926072185211 1318.355107 1193.206606
55.94412936959614 -3.190926072185211 ESE 55.94401456456643 -3.1906489083254574 1318.355107 1191.956606
55.94401456456643 -3.1906489083254574 ESE 55.94389975953672 -3.190371744465704 1318.355107 1190.706606
55.94389975953672 -3.190371744465704 ESE 55.94378495450701 -3.1900945806059506 1318.355107 1189.456606
55.94378495450701 -3.1900945806059506 ESE 55.9436701494773 -3.1898174167461972 1318.355107 1188.206606
55.9436701494773 -3.1898174167461972 ESE 55.94355534444759 -3.189540252886444 1318.355107 1186.956606
55.94355534444759 -3.189540252886444 ESE 55.94344053941788 -3.1892630890266904 1318.355107 1185.706606
55.94344053941788 -3.1892630890266904 ESE 55.94332573438817 -3.188985925166937 1318.355107 1184.456606
55.94332573438817 -3.188985925166937 ESE 55.94321092935846 -3.1887087613071836 1318.355107 1183.206606
55.94321092935846 -3.1887087613071836 ESE 55.94309612432875 -3.18843159744743 1318.355107 1181.956606
55.94309612432875 -3.18843159744743 ESE 55.94298131929904 -3.188154433587677 1318.355107 1180.706606
55.94298131929904 -3.188154433587677 ESE 55.942866514269326 -3.1878772697279234 1318.355107 1179.456606
55.942866514269326 -3.1878772697279234 ESE 55.942751709239616 -3.18760010586817 1318.355107 1178.206606
55.942751709239616 -3.18760010586817 E 55.942751709239616 -3.18730010586817 1318.355107 1176.956606
55.942751709239616 -3.18730010586817 ESE 55.942636904209905 -3.1870229420084164 1318.355107 1175.706606
55.942636904209905 -3.1870229420084164 NW 55.94284903624426 -3.187235074042772 1342.381762 1291.553332
55.94284903624426 -3.187235074042772 NNW 55.94312620010402 -3.1873498790724817 1342.381762 1290.303332
55.94312620010402 -3.1873498790724817 NW 55.943338332138374 -3.1875620111068375 1342.381762 1289.053332
55.943338332138374 -3.1875620111068375 NNW 55.94361549599813 -3.187676816136547 1342.381762 1287.803332
55.94361549599813 -3.187676816136547 NW 55.94382762803249 -3.1878889481709027 1342.381762 1286.553332
55.94382762803249 -3.1878889481709027 NNW 55.944104791892244 -3.1880037532006122 1342.381762 1285.303332
55.944104791892244 -3.1880037532006122 NW 55.9443169239266 -3.188215885234968 1342.381762 1284.053332
55.9443169239266 -3.188215885234968 NNW 55.944594087786356 -3.1883306902646775 1342.381762 1282.803332
55.944594087786356 -3.1883306902646775 NW 55.94480621982071 -3.1885428222990333 1342.381762 1281.553332
55.94480621982071 -3.1885428222990333 NNW 55.94508338368047 -3.188657627328743 1342.381762 1280.303332
55.94508338368047 -3.188657627328743 NW 55.945295515714825 -3.1888697593630986 1342.381762 1279.053332
55.945295515714825 -3.1888697593630986 NNW 55.94557267957458 -3.188984564392808 1342.381762 1277.803332
55.94557267957458 -3.188984564392808 WSW 55.94545787454487 -3.1892617282525615 1342.381762 1276.553332
55.94545787454487 -3.1892617282525615 WSW 55.94534306951516 -3.189538892112315 1342.381762 1275.303332
55.94534306951516 -3.189538892112315 WSW 55.94522826448545 -3.1898160559720683 1342.381762 1274.053332
55.94522826448545 -3.1898160559720683 WSW 55.94511345945574 -3.1900932198318217 1342.381762 1272.803332
55.94511345945574 -3.1900932198318217 WSW 55.94499865442603 -3.190370383691575 1342.381762 1271.553332
55.94499865442603 -3.190370383691575 SW 55.944786522391674 -3.190582515725931 1342.381762 1270.303332
55.944786522391674 -3.190582515725931 WSW 55.94467171736196 -3.1908596795856843 1342.381762 1269.053332
55.94467171736196 -3.1908596795856843 SW 55.94445958532761 -3.19107181162004 1342.381762 1267.803332
55.94445958532761 -3.19107181162004 WSW 55.9443447802979 -3.1913489754797935 1342.381762 1266.553332
55.9443447802979 -3.1913489754797935 SW 55.94413264826354 -3.1915611075141492 1342.381762 1265.303332
55.94413264826354 -3.1915611075141492 WSW 55.94401784323383 -3.1918382713739026 1358.036969 1304.816759
55.94401784323383 -3.1918382713739026 ENE 55.94413264826354 -3.1915611075141492 1358.036969 1303.566759
55.94413264826354 -3.1915611075141492 ENE 55.94424745329325 -3.191283943654396 1358.036969 1302.316759
55.94424745329325 -3.191283943654396 ENE 55.94436225832296 -3.1910067797946424 1358.036969 1301.066759
55.94436225832296 -3.1910067797946424 NE 55.94457439035732 -3.1907946477602867 1358.036969 1299.816759
55.94457439035732 -3.1907946477602867 ENE 55.94468919538703 -3.1905174839005332 1358.036969 1298.566759
55.94468919538703 -3.1905174839005332 NE 55.944901327421384 -3.1903053518661775 1358.036969 1297.316759
55.944901327421384 -3.1903053518661775 ENE 55.945016132451094 -3.190028188006424 1358.036969 1296.066759
55.945016132451094 -3.190028188006424 NE 55.94522826448545 -3.1898160559720683 1358.036969 1294.816759
55.94522826448545 -3.1898160559720683 ENE 55.94534306951516 -3.189538892112315 1358.036969 1293.566759
55.94534306951516 -3.189538892112315 NE 55.94555520154952 -3.189326760077959 1358.036969 1292.316759
55.94555520154952 -3.189326760077959 ENE 55.94567000657923 -3.1890495962182057 1358.036969 1291.066759
55.94567000657923 -3.1890495962182057 WNW 55.94578481160894 -3.189326760077959 1438.667457 1405.663237
55.94578481160894 -3.189326760077959 SSW 55.94550764774918 -3.1894415651076686 1438.667457 1404.413237
55.94550764774918 -3.1894415651076686 ESE 55.94539284271947 -3.1891644012479152 1438.667457 1403.163237
55.94539284271947 -3.1891644012479152 SSW 55.945115678859715 -3.1892792062776247 1438.667457 1401.913237
55.945115678859715 -3.1892792062776247 SE 55.94490354682536 -3.189067074243269 1438.667457 1400.663237
55.94490354682536 -3.189067074243269 S 55.944603546825356 -3.189067074243269 1438.667457 1399.413237
55.944603546825356 -3.189067074243269 WNW 55.944718351855066 -3.1893442381030224 1438.667457 1398.163237
55.944718351855066 -3.1893442381030224 SE 55.94450621982071 -3.1891321060686666 1438.667457 1396.913237
55.94450621982071 -3.1891321060686666 ENE 55.94462102485042 -3.188854942208913 1438.667457 1395.663237
55.94462102485042 -3.188854942208913 ESE 55.94450621982071 -3.18857777834916 1438.667457 1394.413237
