55.944425 -3.188396 ENE 55.94453980502971 -3.1881188361402466 0.000000 248.750000
55.94453980502971 -3.1881188361402466 ENE 55.94465461005942 -3.187841672280493 0.000000 247.500000
55.94465461005942 -3.187841672280493 ENE 55.944769415089134 -3.18756450842074 0.000000 246.250000
55.944769415089134 -3.18756450842074 ENE 55.944884220118844 -3.1872873445609864 0.000000 245.000000
55.944884220118844 -3.1872873445609864 ENE 55.944999025148554 -3.187010180701233 49.270928 256.824749
55.944999025148554 -3.187010180701233 ENE 55.945113830178265 -3.1867330168414796 0.000000 131.704170
55.945113830178265 -3.1867330168414796 ENE 55.945228635207975 -3.186455852981726 0.000000 130.454170
55.945228635207975 -3.186455852981726 ENE 55.945343440237686 -3.1861786891219728 0.000000 129.204170
55.945343440237686 -3.1861786891219728 ENE 55.945458245267396 -3.1859015252622194 0.000000 127.954170
55.945458245267396 -3.1859015252622194 S 55.94515824526739 -3.1859015252622194 113.887452 161.557950
55.94515824526739 -3.1859015252622194 S 55.94485824526739 -3.1859015252622194 220.206845 177.434411
55.94485824526739 -3.1859015252622194 S 55.94455824526739 -3.1859015252622194 235.925669 269.476424
55.94455824526739 -3.1859015252622194 SSE 55.94428108140763 -3.18578672023251 235.925669 268.226424
55.94428108140763 -3.18578672023251 S 55.94398108140763 -3.18578672023251 235.925669 266.976424
55.94398108140763 -3.18578672023251 SSE 55.94370391754787 -3.1856719152028004 235.925669 265.726424
55.94370391754787 -3.1856719152028004 S 55.94340391754787 -3.1856719152028004 313.140754 273.632146
55.94340391754787 -3.1856719152028004 SSE 55.94312675368811 -3.185557110173091 313.140754 272.382146
55.94312675368811 -3.185557110173091 WNW 55.94324155871782 -3.1858342740328442 348.280399 331.473396
55.94324155871782 -3.1858342740328442 WNW 55.94335636374753 -3.1861114378925977 348.280399 330.223396
55.94335636374753 -3.1861114378925977 WNW 55.94347116877724 -3.186388601752351 348.280399 328.973396
55.94347116877724 -3.186388601752351 WNW 55.943585973806954 -3.1866657656121045 348.280399 327.723396
55.943585973806954 -3.1866657656121045 WNW 55.943700778836664 -3.186942929471858 348.280399 326.473396
55.943700778836664 -3.186942929471858 WNW 55.943815583866375 -3.1872200933316113 343.453795 266.180123
55.943815583866375 -3.1872200933316113 WNW 55.943930388896085 -3.1874972571913647 343.453795 264.930123
55.943930388896085 -3.1874972571913647 W 55.943930388896085 -3.187797257191365 343.453795 263.680123
55.943930388896085 -3.187797257191365 WNW 55.944045193925795 -3.1880744210511183 343.453795 262.430123
55.944045193925795 -3.1880744210511183 W 55.944045193925795 -3.1883744210511185 416.823182 338.508960
55.944045193925795 -3.1883744210511185 W 55.944045193925795 -3.1886744210511186 416.823182 337.258960
55.944045193925795 -3.1886744210511186 W 55.944045193925795 -3.188974421051119 416.823182 336.008960
55.944045193925795 -3.188974421051119 W 55.944045193925795 -3.189274421051119 416.823182 334.758960
55.944045193925795 -3.189274421051119 WNW 55.944159998955506 -3.1895515849108724 416.823182 333.508960
55.944159998955506 -3.1895515849108724 W 55.944159998955506 -3.1898515849108726 416.823182 332.258960
55.944159998955506 -3.1898515849108726 WNW 55.944274803985216 -3.190128748770626 416.823182 331.008960
55.944274803985216 -3.190128748770626 W 55.944274803985216 -3.190428748770626 416.823182 329.758960
55.944274803985216 -3.190428748770626 WNW 55.94438960901493 -3.1907059126303796 416.823182 328.508960
55.94438960901493 -3.1907059126303796 W 55.94438960901493 -3.19100591263038 416.823182 327.258960
55.94438960901493 -3.19100591263038 WNW 55.94450441404464 -3.191283076490133 416.823182 326.008960
55.94450441404464 -3.191283076490133 W 55.94450441404464 -3.1915830764901334 416.823182 324.758960
55.94450441404464 -3.1915830764901334 ESE 55.94438960901493 -3.19130591263038 508.918035 328.604123
55.94438960901493 -3.19130591263038 ESE 55.944274803985216 -3.1910287487706266 508.918035 327.354123
55.944274803985216 -3.1910287487706266 ESE 55.944159998955506 -3.190751584910873 508.918035 326.104123
55.944159998955506 -3.190751584910873 ESE 55.944045193925795 -3.19047442105112 508.918035 324.854123
55.944045193925795 -3.19047442105112 ESE 55.943930388896085 -3.1901972571913664 531.212149 334.662687
55.943930388896085 -3.1901972571913664 ESE 55.943815583866375 -3.189920093331613 531.212149 333.412687
55.943815583866375 -3.189920093331613 ESE 55.943700778836664 -3.1896429294718596 531.212149 332.162687
55.943700778836664 -3.1896429294718596 ESE 55.943585973806954 -3.189365765612106 531.212149 330.912687
55.943585973806954 -3.189365765612106 ESE 55.94347116877724 -3.1890886017523528 531.212149 329.662687
55.94347116877724 -3.1890886017523528 ESE 55.94335636374753 -3.1888114378925994 587.850709 412.074729
55.94335636374753 -3.1888114378925994 ESE 55.94324155871782 -3.188534274032846 587.850709 410.824729
55.94324155871782 -3.188534274032846 ESE 55.94312675368811 -3.1882571101730925 587.850709 409.574729
55.94312675368811 -3.1882571101730925 ESE 55.9430119486584 -3.187979946313339 587.850709 408.324729
55.9430119486584 -3.187979946313339 ESE 55.94289714362869 -3.1877027824535857 587.850709 407.074729
55.94289714362869 -3.1877027824535857 ESE 55.94278233859898 -3.1874256185938323 587.850709 405.824729
55.94278233859898 -3.1874256185938323 ESE 55.94266753356927 -3.187148454734079 587.850709 404.574729
55.94266753356927 -3.187148454734079 WNW 55.94278233859898 -3.1874256185938323 611.877365 520.421454
55.94278233859898 -3.1874256185938323 WNW 55.94289714362869 -3.1877027824535857 611.877365 519.171454
55.94289714362869 -3.1877027824535857 WNW 55.9430119486584 -3.187979946313339 611.877365 517.921454
55.9430119486584 -3.187979946313339 WNW 55.94312675368811 -3.1882571101730925 611.877365 516.671454
55.94312675368811 -3.1882571101730925 WNW 55.94324155871782 -3.188534274032846 611.877365 515.421454
55.94324155871782 -3.188534274032846 WNW 55.94335636374753 -3.1888114378925994 611.877365 514.171454
55.94335636374753 -3.1888114378925994 WNW 55.94347116877724 -3.1890886017523528 611.877365 512.921454
55.94347116877724 -3.1890886017523528 WNW 55.943585973806954 -3.189365765612106 611.877365 511.671454
55.943585973806954 -3.189365765612106 W 55.943585973806954 -3.1896657656121064 611.877365 510.421454
55.943585973806954 -3.1896657656121064 WNW 55.943700778836664 -3.1899429294718598 611.877365 509.171454
55.943700778836664 -3.1899429294718598 W 55.943700778836664 -3.19024292947186 611.877365 507.921454
55.943700778836664 -3.19024292947186 WNW 55.943815583866375 -3.1905200933316133 611.877365 506.671454
55.943815583866375 -3.1905200933316133 W 55.943815583866375 -3.1908200933316135 611.877365 505.421454
55.943815583866375 -3.1908200933316135 WNW 55.943930388896085 -3.191097257191367 611.877365 504.171454
55.943930388896085 -3.191097257191367 W 55.943930388896085 -3.191397257191367 673.574876 524.285999
55.943930388896085 -3.191397257191367 WNW 55.944045193925795 -3.1916744210511205 717.888916 528.649632
55.944045193925795 -3.1916744210511205 ENE 55.944159998955506 -3.191397257191367 733.544123 568.163059
55.944159998955506 -3.191397257191367 ENE 55.944274803985216 -3.1911200933316137 733.544123 566.913059
55.944274803985216 -3.1911200933316137 ENE 55.94438960901493 -3.1908429294718603 733.544123 565.663059
55.94438960901493 -3.1908429294718603 E 55.94438960901493 -3.19054292947186 733.544123 564.413059
55.94438960901493 -3.19054292947186 ENE 55.94450441404464 -3.1902657656121067 733.544123 563.163059
55.94450441404464 -3.1902657656121067 E 55.94450441404464 -3.1899657656121065 794.341848 598.431168
55.94450441404464 -3.1899657656121065 E 55.94450441404464 -3.1896657656121064 805.119350 658.923390
55.94450441404464 -3.1896657656121064 E 55.94450441404464 -3.189365765612106 901.201425 692.258475
55.94450441404464 -3.189365765612106 E 55.94450441404464 -3.189065765612106 901.201425 691.008475
55.94450441404464 -3.189065765612106 E 55.94450441404464 -3.188765765612106 901.201425 689.758475
55.94450441404464 -3.188765765612106 E 55.94450441404464 -3.1884657656121056 877.373702 664.612541
55.94450441404464 -3.1884657656121056 E 55.94450441404464 -3.1881657656121054 877.373702 663.362541
55.94450441404464 -3.1881657656121054 E 55.94450441404464 -3.187865765612105 877.373702 662.112541
55.94450441404464 -3.187865765612105 ESE 55.94438960901493 -3.187588601752352 877.373702 660.862541
55.94438960901493 -3.187588601752352 E 55.94438960901493 -3.1872886017523516 877.373702 659.612541
55.94438960901493 -3.1872886017523516 ESE 55.944274803985216 -3.187011437892598 877.373702 658.362541
55.944274803985216 -3.187011437892598 E 55.944274803985216 -3.186711437892598 877.373702 657.112541
55.944274803985216 -3.186711437892598 SE 55.94406267195086 -3.1864993058582423 987.982672 727.274052
55.94406267195086 -3.1864993058582423 WNW 55.94417747698057 -3.1867764697179957 1019.644375 805.595418
55.94417747698057 -3.1867764697179957 WNW 55.94429228201028 -3.187053633577749 1019.644375 804.345418
55.94429228201028 -3.187053633577749 WNW 55.94440708703999 -3.1873307974375025 1019.644375 803.095418
55.94440708703999 -3.1873307974375025 WNW 55.9445218920697 -3.187607961297256 1019.644375 801.845418
55.9445218920697 -3.187607961297256 WNW 55.94463669709941 -3.1878851251570093 1019.644375 800.595418
55.94463669709941 -3.1878851251570093 WNW 55.94475150212912 -3.1881622890167627 1019.644375 799.345418
55.94475150212912 -3.1881622890167627 W 55.94475150212912 -3.188462289016763 1019.644375 798.095418
55.94475150212912 -3.188462289016763 WNW 55.94486630715883 -3.1887394528765163 1019.644375 796.845418
55.94486630715883 -3.1887394528765163 W 55.94486630715883 -3.1890394528765165 986.509226 721.146000
55.94486630715883 -3.1890394528765165 WNW 55.94498111218854 -3.18931661673627 986.509226 719.896000
55.94498111218854 -3.18931661673627 W 55.94498111218854 -3.18961661673627 986.509226 718.646000
55.94498111218854 -3.18961661673627 WNW 55.945095917218254 -3.1898937805960235 986.509226 717.396000
55.945095917218254 -3.1898937805960235 W 55.945095917218254 -3.1901937805960237 986.509226 716.146000
55.945095917218254 -3.1901937805960237 WNW 55.945210722247964 -3.190470944455777 1102.281607 800.953195
55.945210722247964 -3.190470944455777 W 55.945210722247964 -3.1907709444557772 1102.281607 799.703195
55.945210722247964 -3.1907709444557772 WNW 55.945325527277674 -3.1910481083155307 1102.281607 798.453195
55.945325527277674 -3.1910481083155307 S 55.94502552727767 -3.1910481083155307 1166.211534 915.082804
55.94502552727767 -3.1910481083155307 S 55.94472552727767 -3.1910481083155307 1166.211534 913.832804
55.94472552727767 -3.1910481083155307 S 55.944425527277666 -3.1910481083155307 1166.211534 912.582804
55.944425527277666 -3.1910481083155307 S 55.94412552727766 -3.1910481083155307 1166.211534 911.332804
55.94412552727766 -3.1910481083155307 S 55.94382552727766 -3.1910481083155307 1166.211534 910.082804
55.94382552727766 -3.1910481083155307 S 55.94352552727766 -3.1910481083155307 1166.211534 908.832804
55.94352552727766 -3.1910481083155307 S 55.943225527277654 -3.1910481083155307 1166.211534 907.582804
55.943225527277654 -3.1910481083155307 S 55.94292552727765 -3.1910481083155307 1097.758558 902.383149
55.94292552727765 -3.1910481083155307 ENE 55.94304033230736 -3.1907709444557772 1175.413975 984.625028
55.94304033230736 -3.1907709444557772 ENE 55.94315513733707 -3.190493780596024 1175.413975 983.375028
55.94315513733707 -3.190493780596024 ENE 55.94326994236678 -3.1902166167362704 1175.413975 982.125028
55.94326994236678 -3.1902166167362704 ENE 55.94338474739649 -3.189939452876517 1175.413975 980.875028
55.94338474739649 -3.189939452876517 ENE 55.9434995524262 -3.1896622890167636 1175.413975 979.625028
55.9434995524262 -3.1896622890167636 ENE 55.943614357455914 -3.1893851251570102 1175.413975 978.375028
55.943614357455914 -3.1893851251570102 ENE 55.943729162485624 -3.189107961297257 1175.413975 977.125028
55.943729162485624 -3.189107961297257 ENE 55.943843967515335 -3.1888307974375034 1175.413975 975.875028
55.943843967515335 -3.1888307974375034 ENE 55.943958772545045 -3.18855363357775 1175.413975 974.625028
55.943958772545045 -3.18855363357775 ENE 55.944073577574756 -3.1882764697179966 1175.413975 973.375028
55.944073577574756 -3.1882764697179966 ENE 55.944188382604466 -3.187999305858243 1175.413975 972.125028
55.944188382604466 -3.187999305858243 ENE 55.944303187634176 -3.18772214199849 1149.471567 960.706546
55.944303187634176 -3.18772214199849 ENE 55.94441799266389 -3.1874449781387364 1149.471567 959.456546
55.94441799266389 -3.1874449781387364 ENE 55.9445327976936 -3.187167814278983 1149.471567 958.206546
55.9445327976936 -3.187167814278983 ENE 55.94464760272331 -3.1868906504192296 1149.471567 956.956546
55.94464760272331 -3.1868906504192296 ENE 55.94476240775302 -3.186613486559476 1149.471567 955.706546
55.94476240775302 -3.186613486559476 E 55.94476240775302 -3.186313486559476 1149.471567 954.456546
55.94476240775302 -3.186313486559476 ENE 55.94487721278273 -3.1860363226997226 1149.471567 953.206546
55.94487721278273 -3.1860363226997226 E 55.94487721278273 -3.1857363226997224 1149.471567 951.956546
55.94487721278273 -3.1857363226997224 ENE 55.94499201781244 -3.185459158839969 1149.471567 950.706546
55.94499201781244 -3.185459158839969 E 55.94499201781244 -3.185159158839969 1149.471567 949.456546
55.94499201781244 -3.185159158839969 ENE 55.94510682284215 -3.1848819949802154 1149.471567 948.206546
55.94510682284215 -3.1848819949802154 SSE 55.94482965898239 -3.184767189950506 1182.264428 1034.066549
55.94482965898239 -3.184767189950506 S 55.94452965898239 -3.184767189950506 1182.264428 1032.816549
55.94452965898239 -3.184767189950506 SSE 55.94425249512263 -3.1846523849207964 1182.264428 1031.566549
55.94425249512263 -3.1846523849207964 S 55.94395249512263 -3.1846523849207964 1182.264428 1030.316549
55.94395249512263 -3.1846523849207964 WNW 55.94406730015234 -3.18492954878055 1268.140225 1105.081266
55.94406730015234 -3.18492954878055 WNW 55.94418210518205 -3.185206712640303 1268.140225 1103.831266
55.94418210518205 -3.185206712640303 WNW 55.94429691021176 -3.1854838765000566 1268.140225 1102.581266
55.94429691021176 -3.1854838765000566 WNW 55.94441171524147 -3.18576104035981 1268.140225 1101.331266
55.94441171524147 -3.18576104035981 WNW 55.94452652027118 -3.1860382042195634 1268.140225 1100.081266
55.94452652027118 -3.1860382042195634 WNW 55.94464132530089 -3.186315368079317 1268.140225 1098.831266
55.94464132530089 -3.186315368079317 WNW 55.9447561303306 -3.18659253193907 1268.140225 1097.581266
55.9447561303306 -3.18659253193907 WNW 55.94487093536031 -3.1868696957988236 1268.140225 1096.331266
55.94487093536031 -3.1868696957988236 WNW 55.944985740390024 -3.187146859658577 1213.397867 1095.081266
55.944985740390024 -3.187146859658577 WNW 55.945100545419734 -3.1874240235183304 1213.397867 1093.831266
55.945100545419734 -3.1874240235183304 WNW 55.945215350449445 -3.187701187378084 1213.397867 1092.581266
55.945215350449445 -3.187701187378084 WNW 55.945330155479155 -3.1879783512378372 1213.397867 1091.331266
55.945330155479155 -3.1879783512378372 WNW 55.945444960508866 -3.1882555150975906 1213.397867 1090.081266
55.945444960508866 -3.1882555150975906 WNW 55.945559765538576 -3.188532678957344 1213.397867 1088.831266
55.945559765538576 -3.188532678957344 W 55.945559765538576 -3.1888326789573442 1213.397867 1087.581266
55.945559765538576 -3.1888326789573442 N 55.94585976553858 -3.1888326789573442 1235.291064 1187.320180
55.94585976553858 -3.1888326789573442 SSW 55.94558260167882 -3.1889474839870537 1235.291064 1186.070180
55.94558260167882 -3.1889474839870537 SSW 55.945305437819066 -3.1890622890167633 1235.291064 1184.820180
55.945305437819066 -3.1890622890167633 SSW 55.94502827395931 -3.1891770940464728 1235.291064 1183.570180
55.94502827395931 -3.1891770940464728 SSW 55.94475111009955 -3.1892918990761823 1235.291064 1182.320180
55.94475111009955 -3.1892918990761823 SSW 55.944473946239796 -3.1894067041058918 1235.291064 1181.070180
55.944473946239796 -3.1894067041058918 SSW 55.94419678238004 -3.1895215091356013 1235.291064 1179.820180
55.94419678238004 -3.1895215091356013 SSW 55.94391961852028 -3.189636314165311 1235.291064 1178.570180
55.94391961852028 -3.189636314165311 S 55.94361961852028 -3.189636314165311 1235.291064 1177.320180
55.94361961852028 -3.189636314165311 SSW 55.943342454660524 -3.1897511191950203 1235.291064 1176.070180
55.943342454660524 -3.1897511191950203 S 55.94304245466052 -3.1897511191950203 1235.291064 1174.820180
55.94304245466052 -3.1897511191950203 SSW 55.942765290800764 -3.18986592422473 1189.895603 1158.873559
55.942765290800764 -3.18986592422473 NNE 55.94304245466052 -3.1897511191950203 1239.334036 1227.456282
55.94304245466052 -3.1897511191950203 NNE 55.94331961852028 -3.189636314165311 1239.334036 1226.206282
55.94331961852028 -3.189636314165311 NNE 55.943596782380034 -3.1895215091356013 1239.334036 1224.956282
55.943596782380034 -3.1895215091356013 NNE 55.94387394623979 -3.1894067041058918 1239.334036 1223.706282
55.94387394623979 -3.1894067041058918 N 55.94417394623979 -3.1894067041058918 1239.334036 1222.456282
55.94417394623979 -3.1894067041058918 NNE 55.94445111009955 -3.1892918990761823 1239.334036 1221.206282
55.94445111009955 -3.1892918990761823 N 55.94475111009955 -3.1892918990761823 1239.334036 1219.956282
55.94475111009955 -3.1892918990761823 NNE 55.94502827395931 -3.1891770940464728 1239.334036 1218.706282
55.94502827395931 -3.1891770940464728 N 55.94532827395931 -3.1891770940464728 1239.334036 1217.456282
55.94532827395931 -3.1891770940464728 NNE 55.94560543781907 -3.1890622890167633 1239.334036 1216.206282
55.94560543781907 -3.1890622890167633 E 55.94560543781907 -3.188762289016763 1319.964524 1330.802760
55.94560543781907 -3.188762289016763 E 55.94560543781907 -3.188462289016763 1319.964524 1329.552760
55.94560543781907 -3.188462289016763 E 55.94560543781907 -3.1881622890167627 1319.964524 1328.302760
55.94560543781907 -3.1881622890167627 ENE 55.94572024284878 -3.1878851251570093 1319.964524 1327.052760
55.94572024284878 -3.1878851251570093 E 55.94572024284878 -3.187585125157009 1319.964524 1325.802760
55.94572024284878 -3.187585125157009 NW 55.945932374883135 -3.187797257191365 1330.798507 1407.121850
55.945932374883135 -3.187797257191365 SE 55.94572024284878 -3.187585125157009 1330.798507 1405.871850
55.94572024284878 -3.187585125157009 W 55.94572024284878 -3.1878851251570093 1330.798507 1404.621850
55.94572024284878 -3.1878851251570093 W 55.94572024284878 -3.1881851251570095 1330.798507 1403.371850
55.94572024284878 -3.1881851251570095 W 55.94572024284878 -3.1884851251570097 1330.798507 1402.121850
55.94572024284878 -3.1884851251570097 W 55.94572024284878 -3.18878512515701 1330.798507 1400.871850
55.94572024284878 -3.18878512515701 W 55.94572024284878 -3.18908512515701 1330.798507 1399.621850
55.94572024284878 -3.18908512515701 W 55.94572024284878 -3.1893851251570102 1330.798507 1398.371850
55.94572024284878 -3.1893851251570102 W 55.94572024284878 -3.1896851251570104 1330.798507 1397.121850
55.94572024284878 -3.1896851251570104 W 55.94572024284878 -3.1899851251570106 1330.798507 1395.871850
55.94572024284878 -3.1899851251570106 W 55.94572024284878 -3.190285125157011 1330.798507 1394.621850
55.94572024284878 -3.190285125157011 WSW 55.94560543781907 -3.190562289016764 1207.030316 1318.743992
55.94560543781907 -3.190562289016764 W 55.94560543781907 -3.1908622890167644 1207.030316 1317.493992
55.94560543781907 -3.1908622890167644 WSW 55.94549063278936 -3.191139452876518 1207.030316 1316.243992
55.94549063278936 -3.191139452876518 W 55.94549063278936 -3.191439452876518 1207.030316 1314.993992
55.94549063278936 -3.191439452876518 WSW 55.94537582775965 -3.1917166167362714 1207.030316 1313.743992
55.94537582775965 -3.1917166167362714 W 55.94537582775965 -3.1920166167362716 1207.030316 1312.493992
55.94537582775965 -3.1920166167362716 WSW 55.94526102272994 -3.192293780596025 1207.030316 1311.243992
55.94526102272994 -3.192293780596025 SE 55.94504889069558 -3.192081648561669 1292.456492 1348.007790
55.94504889069558 -3.192081648561669 SE 55.944836758661225 -3.1918695165273134 1292.456492 1346.757790
55.944836758661225 -3.1918695165273134 SE 55.94462462662687 -3.1916573844929577 1292.456492 1345.507790
55.94462462662687 -3.1916573844929577 E 55.94462462662687 -3.1913573844929575 1381.615239 1447.048594
55.94462462662687 -3.1913573844929575 E 55.94462462662687 -3.1910573844929573 1381.615239 1445.798594
55.94462462662687 -3.1910573844929573 E 55.94462462662687 -3.190757384492957 1381.615239 1444.548594
55.94462462662687 -3.190757384492957 E 55.94462462662687 -3.190457384492957 1381.615239 1443.298594
55.94462462662687 -3.190457384492957 E 55.94462462662687 -3.1901573844929567 1381.615239 1442.048594
55.94462462662687 -3.1901573844929567 ENE 55.94473943165658 -3.1898802206332033 1381.615239 1440.798594
55.94473943165658 -3.1898802206332033 E 55.94473943165658 -3.189580220633203 1381.615239 1439.548594
55.94473943165658 -3.189580220633203 ENE 55.94485423668629 -3.1893030567734497 1381.615239 1438.298594
55.94485423668629 -3.1893030567734497 E 55.94485423668629 -3.1890030567734495 1381.615239 1437.048594
55.94485423668629 -3.1890030567734495 ENE 55.944969041716 -3.188725892913696 1381.615239 1435.798594
55.944969041716 -3.188725892913696 E 55.944969041716 -3.188425892913696 1381.615239 1434.548594
55.944969041716 -3.188425892913696 ENE 55.94508384674571 -3.1881487290539425 1381.615239 1433.298594
55.94508384674571 -3.1881487290539425 E 55.94508384674571 -3.1878487290539423 1381.615239 1432.048594
55.94508384674571 -3.1878487290539423 ENE 55.94519865177542 -3.187571565194189 1381.615239 1430.798594
55.94519865177542 -3.187571565194189 E 55.94519865177542 -3.1872715651941887 1381.615239 1429.548594
55.94519865177542 -3.1872715651941887 ENE 55.94531345680513 -3.1869944013344353 1381.615239 1428.298594
55.94531345680513 -3.1869944013344353 E 55.94531345680513 -3.186694401334435 1381.615239 1427.048594
55.94531345680513 -3.186694401334435 ENE 55.94542826183484 -3.1864172374746818 1381.615239 1425.798594
55.94542826183484 -3.1864172374746818 E 55.94542826183484 -3.1861172374746816 1290.957478 1402.512896
55.94542826183484 -3.1861172374746816 ENE 55.94554306686455 -3.185840073614928 1290.957478 1401.262896
55.94554306686455 -3.185840073614928 E 55.94554306686455 -3.185540073614928 1290.957478 1400.012896
55.94554306686455 -3.185540073614928 ENE 55.94565787189426 -3.1852629097551746 1290.957478 1398.762896
55.94565787189426 -3.1852629097551746 E 55.94565787189426 -3.1849629097551744 1290.957478 1397.512896
55.94565787189426 -3.1849629097551744 ENE 55.94577267692397 -3.184685745895421 1290.957478 1396.262896
55.94577267692397 -3.184685745895421 E 55.94577267692397 -3.184385745895421 1290.957478 1395.012896
55.94577267692397 -3.184385745895421 N 55.946072676923976 -3.184385745895421 1360.415992 1509.847292
55.946072676923976 -3.184385745895421 S 55.94577267692397 -3.184385745895421 1360.415992 1508.597292
55.94577267692397 -3.184385745895421 W 55.94577267692397 -3.184685745895421 1360.415992 1507.347292
55.94577267692397 -3.184685745895421 NNW 55.94604984078373 -3.1848005509251305 1360.415992 1506.097292
55.94604984078373 -3.1848005509251305 ESE 55.94593503575402 -3.184523387065377 1360.415992 1504.847292
55.94593503575402 -3.184523387065377 NE 55.946147167788375 -3.1843112550310213 1360.415992 1503.597292
55.946147167788375 -3.1843112550310213 E 55.946147167788375 -3.184011255031021 1360.415992 1502.347292
55.946147167788375 -3.184011255031021 W 55.946147167788375 -3.1843112550310213 1360.415992 1501.097292
55.946147167788375 -3.1843112550310213 WNW 55.946261972818085 -3.1845884188907747 1360.415992 1499.847292
55.946261972818085 -3.1845884188907747 WSW 55.946147167788375 -3.184865582750528 1360.415992 1498.597292
55.946147167788375 -3.184865582750528 SSW 55.94587000392862 -3.1849803877802376 1360.415992 1497.347292
55.94587000392862 -3.1849803877802376 NNW 55.946147167788375 -3.185095192809947 1360.415992 1496.097292
55.946147167788375 -3.185095192809947 N 55.94644716778838 -3.185095192809947 1360.415992 1494.847292
55.94644716778838 -3.185095192809947 ENE 55.94656197281809 -3.1848180289501937 1360.415992 1493.597292
55.94656197281809 -3.1848180289501937 E 55.94656197281809 -3.1845180289501935 1360.415992 1492.347292
55.94656197281809 -3.1845180289501935 S 55.946261972818085 -3.1845180289501935 1360.415992 1491.097292
55.946261972818085 -3.1845180289501935 WNW 55.946376777847796 -3.184795192809947 1360.415992 1489.847292
55.946376777847796 -3.184795192809947 ESE 55.946261972818085 -3.1845180289501935 1360.415992 1488.597292
55.946261972818085 -3.1845180289501935 ESE 55.946147167788375 -3.18424086509044 1360.415992 1487.347292
55.946147167788375 -3.18424086509044 SSE 55.94587000392862 -3.1841260600607306 1360.415992 1486.097292
55.94587000392862 -3.1841260600607306 SSW 55.94559284006886 -3.18424086509044 1360.415992 1484.847292
55.94559284006886 -3.18424086509044 WNW 55.94570764509857 -3.1845180289501935 1360.415992 1483.597292
55.94570764509857 -3.1845180289501935 N 55.946007645098575 -3.1845180289501935 1360.415992 1482.347292
55.946007645098575 -3.1845180289501935 SE 55.94579551306422 -3.1843058969158378 1360.415992 1481.097292
