55.944425 -3.188396 ENE 55.94453980502971 -3.1881188361402466 0.000000 248.750000
55.94453980502971 -3.1881188361402466 ENE 55.94465461005942 -3.187841672280493 0.000000 247.500000
55.94465461005942 -3.187841672280493 ENE 55.944769415089134 -3.18756450842074 0.000000 246.250000
55.944769415089134 -3.18756450842074 ENE 55.944884220118844 -3.1872873445609864 0.000000 245.000000
55.944884220118844 -3.1872873445609864 ENE 55.944999025148554 -3.187010180701233 49.270928 256.824749
55.944999025148554 -3.187010180701233 ENE 55.945113830178265 -3.1867330168414796 0.000000 131.704170
55.945113830178265 -3.1867330168414796 ENE 55.945228635207975 -3.186455852981726 0.000000 130.454170
55.945228635207975 -3.186455852981726 ENE 55.945343440237686 -3.1861786891219728 0.000000 129.204170
55.945343440237686 -3.1861786891219728 ENE 55.945458245267396 -3.1859015252622194 0.000000 127.954170
55.945458245267396 -3.1859015252622194 S 55.94515824526739 -3.1859015252622194 113.887452 161.557950
55.94515824526739 -3.1859015252622194 S 55.94485824526739 -3.1859015252622194 220.206845 177.434411
55.94485824526739 -3.1859015252622194 S 55.94455824526739 -3.1859015252622194 235.925669 269.476424
55.94455824526739 -3.1859015252622194 SSE 55.94428108140763 -3.18578672023251 235.925669 268.226424
55.94428108140763 -3.18578672023251 S 55.94398108140763 -3.18578672023251 235.925669 266.976424
55.94398108140763 -3.18578672023251 SSE 55.94370391754787 -3.1856719152028004 235.925669 265.726424
55.94370391754787 -3.1856719152028004 S 55.94340391754787 -3.1856719152028004 313.140754 273.632146
55.94340391754787 -3.1856719152028004 SSE 55.94312675368811 -3.185557110173091 313.140754 272.382146
55.94312675368811 -3.185557110173091 W 55.94312675368811 -3.185857110173091 348.280399 331.473396
55.94312675368811 -3.185857110173091 W 55.94312675368811 -3.1861571101730912 348.280399 330.223396
55.94312675368811 -3.1861571101730912 W 55.94312675368811 -3.1864571101730914 348.280399 328.973396
55.94312675368811 -3.1864571101730914 W 55.94312675368811 -3.1867571101730916 348.280399 327.723396
55.94312675368811 -3.1867571101730916 W 55.94312675368811 -3.187057110173092 348.280399 326.473396
55.94312675368811 -3.187057110173092 W 55.94312675368811 -3.187357110173092 348.280399 325.223396
55.94312675368811 -3.187357110173092 W 55.94312675368811 -3.187657110173092 348.280399 323.973396
55.94312675368811 -3.187657110173092 WSW 55.9430119486584 -3.1879342740328456 348.280399 322.723396
55.9430119486584 -3.1879342740328456 W 55.9430119486584 -3.1882342740328458 348.280399 321.473396
55.9430119486584 -3.1882342740328458 WSW 55.94289714362869 -3.188511437892599 348.280399 320.223396
55.94289714362869 -3.188511437892599 W 55.94289714362869 -3.1888114378925994 348.280399 318.973396
55.94289714362869 -3.1888114378925994 WSW 55.94278233859898 -3.1890886017523528 348.280399 317.723396
55.94278233859898 -3.1890886017523528 W 55.94278233859898 -3.189388601752353 348.280399 316.473396
55.94278233859898 -3.189388601752353 WSW 55.94266753356927 -3.1896657656121064 348.280399 315.223396
55.94266753356927 -3.1896657656121064 ENE 55.94278233859898 -3.189388601752353 397.718831 383.806119
55.94278233859898 -3.189388601752353 ENE 55.94289714362869 -3.1891114378925995 397.718831 382.556119
55.94289714362869 -3.1891114378925995 ENE 55.9430119486584 -3.188834274032846 397.718831 381.306119
55.9430119486584 -3.188834274032846 ENE 55.94312675368811 -3.1885571101730927 397.718831 380.056119
55.94312675368811 -3.1885571101730927 ENE 55.94324155871782 -3.1882799463133393 397.718831 378.806119
55.94324155871782 -3.1882799463133393 E 55.94324155871782 -3.187979946313339 397.718831 377.556119
55.94324155871782 -3.187979946313339 ENE 55.94335636374753 -3.1877027824535857 397.718831 376.306119
55.94335636374753 -3.1877027824535857 E 55.94335636374753 -3.1874027824535855 397.718831 375.056119
55.94335636374753 -3.1874027824535855 ENE 55.94347116877724 -3.187125618593832 397.718831 373.806119
55.94347116877724 -3.187125618593832 E 55.94347116877724 -3.186825618593832 392.892227 313.512846
55.94347116877724 -3.186825618593832 ENE 55.943585973806954 -3.1865484547340786 392.892227 312.262846
55.943585973806954 -3.1865484547340786 E 55.943585973806954 -3.1862484547340784 392.892227 311.012846
55.943585973806954 -3.1862484547340784 ENE 55.943700778836664 -3.185971290874325 392.892227 309.762846
55.943700778836664 -3.185971290874325 E 55.943700778836664 -3.1856712908743248 392.892227 308.512846
55.943700778836664 -3.1856712908743248 ENE 55.943815583866375 -3.1853941270145714 392.892227 307.262846
55.943815583866375 -3.1853941270145714 E 55.943815583866375 -3.185094127014571 392.892227 306.012846
55.943815583866375 -3.185094127014571 ENE 55.943930388896085 -3.1848169631548178 392.892227 304.762846
55.943930388896085 -3.1848169631548178 WSW 55.943815583866375 -3.185094127014571 478.768025 379.527562
55.943815583866375 -3.185094127014571 WSW 55.943700778836664 -3.1853712908743246 478.768025 378.277562
55.943700778836664 -3.1853712908743246 WSW 55.943585973806954 -3.185648454734078 478.768025 377.027562
55.943585973806954 -3.185648454734078 SW 55.9433738417726 -3.1858605867684338 478.768025 375.777562
55.9433738417726 -3.1858605867684338 WSW 55.94325903674289 -3.186137750628187 478.768025 374.527562
55.94325903674289 -3.186137750628187 SW 55.94304690470853 -3.186349882662543 478.768025 373.277562
55.94304690470853 -3.186349882662543 WSW 55.94293209967882 -3.1866270465222963 478.768025 372.027562
55.94293209967882 -3.1866270465222963 SW 55.942719967644464 -3.186839178556652 447.301195 311.129892
55.942719967644464 -3.186839178556652 N 55.94301996764447 -3.186839178556652 471.327850 426.976618
55.94301996764447 -3.186839178556652 N 55.94331996764447 -3.186839178556652 471.327850 425.726618
55.94331996764447 -3.186839178556652 N 55.94361996764447 -3.186839178556652 471.327850 424.476618
55.94361996764447 -3.186839178556652 NNE 55.94389713150423 -3.1867243735269426 471.327850 423.226618
55.94389713150423 -3.1867243735269426 N 55.94419713150423 -3.1867243735269426 471.327850 421.976618
55.94419713150423 -3.1867243735269426 W 55.94419713150423 -3.187024373526943 581.936819 492.138129
55.94419713150423 -3.187024373526943 W 55.94419713150423 -3.187324373526943 581.936819 490.888129
55.94419713150423 -3.187324373526943 W 55.94419713150423 -3.187624373526943 581.936819 489.638129
55.94419713150423 -3.187624373526943 W 55.94419713150423 -3.1879243735269434 581.936819 488.388129
55.94419713150423 -3.1879243735269434 W 55.94419713150423 -3.1882243735269435 555.994410 476.969648
55.94419713150423 -3.1882243735269435 W 55.94419713150423 -3.1885243735269437 555.994410 475.719648
55.94419713150423 -3.1885243735269437 W 55.94419713150423 -3.188824373526944 555.994410 474.469648
55.94419713150423 -3.188824373526944 W 55.94419713150423 -3.189124373526944 532.166688 449.323713
55.94419713150423 -3.189124373526944 W 55.94419713150423 -3.1894243735269443 532.166688 448.073713
55.94419713150423 -3.1894243735269443 W 55.94419713150423 -3.1897243735269445 532.166688 446.823713
55.94419713150423 -3.1897243735269445 W 55.94419713150423 -3.1900243735269447 532.166688 445.573713
55.94419713150423 -3.1900243735269447 WNW 55.94431193653394 -3.190301537386698 532.166688 444.323713
55.94431193653394 -3.190301537386698 W 55.94431193653394 -3.1906015373866983 532.166688 443.073713
55.94431193653394 -3.1906015373866983 WNW 55.94442674156365 -3.1908787012464517 532.166688 441.823713
55.94442674156365 -3.1908787012464517 W 55.94442674156365 -3.191178701246452 532.166688 440.573713
55.94442674156365 -3.191178701246452 WNW 55.94454154659336 -3.1914558651062053 532.166688 439.323713
55.94454154659336 -3.1914558651062053 E 55.94454154659336 -3.191155865106205 624.261542 443.168877
55.94454154659336 -3.191155865106205 E 55.94454154659336 -3.190855865106205 624.261542 441.918877
55.94454154659336 -3.190855865106205 E 55.94454154659336 -3.1905558651062047 624.261542 440.668877
55.94454154659336 -3.1905558651062047 E 55.94454154659336 -3.1902558651062045 624.261542 439.418877
55.94454154659336 -3.1902558651062045 ENE 55.944656351623074 -3.189978701246451 685.059267 474.686985
55.944656351623074 -3.189978701246451 E 55.944656351623074 -3.189678701246451 695.836769 535.179207
55.944656351623074 -3.189678701246451 NNE 55.94493351548283 -3.1895638962167414 791.918843 568.514293
55.94493351548283 -3.1895638962167414 NNE 55.94521067934259 -3.189449091187032 791.918843 567.264293
55.94521067934259 -3.189449091187032 NE 55.94542281137694 -3.189236959152676 791.918843 566.014293
55.94542281137694 -3.189236959152676 NNE 55.9456999752367 -3.1891221541229666 791.918843 564.764293
55.9456999752367 -3.1891221541229666 WSW 55.94558517020699 -3.18939931798272 872.549331 679.360770
55.94558517020699 -3.18939931798272 WSW 55.94547036517728 -3.1896764818424734 872.549331 678.110770
55.94547036517728 -3.1896764818424734 WSW 55.94535556014757 -3.189953645702227 872.549331 676.860770
55.94535556014757 -3.189953645702227 WSW 55.94524075511786 -3.1902308095619802 872.549331 675.610770
55.94524075511786 -3.1902308095619802 WSW 55.94512595008815 -3.1905079734217336 988.321713 760.417965
55.94512595008815 -3.1905079734217336 WSW 55.94501114505844 -3.190785137281487 988.321713 759.167965
55.94501114505844 -3.190785137281487 WSW 55.94489634002873 -3.1910623011412405 988.321713 757.917965
55.94489634002873 -3.1910623011412405 WSW 55.94478153499902 -3.191339465000994 988.321713 756.667965
55.94478153499902 -3.191339465000994 SW 55.94456940296466 -3.1915515970353496 988.321713 755.417965
55.94456940296466 -3.1915515970353496 SSE 55.944292239104904 -3.19143679200564 988.321713 754.167965
55.944292239104904 -3.19143679200564 SSE 55.94401507524515 -3.1913219869759306 988.321713 752.917965
55.94401507524515 -3.1913219869759306 S 55.943715075245144 -3.1913219869759306 1032.635753 757.281599
55.943715075245144 -3.1913219869759306 SSE 55.94343791138539 -3.191207181946221 1094.333264 777.396143
55.94343791138539 -3.191207181946221 S 55.943137911385385 -3.191207181946221 1025.880288 772.196487
55.943137911385385 -3.191207181946221 SSE 55.94286074752563 -3.1910923769165116 1025.880288 770.946487
55.94286074752563 -3.1910923769165116 NE 55.943072879559985 -3.190880244882156 1103.535706 853.188366
55.943072879559985 -3.190880244882156 NE 55.94328501159434 -3.1906681128478 1103.535706 851.938366
55.94328501159434 -3.1906681128478 NE 55.9434971436287 -3.1904559808134443 1103.535706 850.688366
55.9434971436287 -3.1904559808134443 NE 55.94370927566305 -3.1902438487790885 1103.535706 849.438366
55.94370927566305 -3.1902438487790885 NE 55.94392140769741 -3.1900317167447327 1103.535706 848.188366
55.94392140769741 -3.1900317167447327 NE 55.944133539731766 -3.189819584710377 1103.535706 846.938366
55.944133539731766 -3.189819584710377 NNE 55.94441070359152 -3.1897047796806675 1103.535706 845.688366
55.94441070359152 -3.1897047796806675 NE 55.94462283562588 -3.1894926476463117 1103.535706 844.438366
55.94462283562588 -3.1894926476463117 NNE 55.944899999485635 -3.189377842616602 1103.535706 843.188366
55.944899999485635 -3.189377842616602 NE 55.94511213151999 -3.1891657105822464 1103.535706 841.938366
55.94511213151999 -3.1891657105822464 NNE 55.94538929537975 -3.189050905552537 1103.535706 840.688366
55.94538929537975 -3.189050905552537 NE 55.945601427414104 -3.188838773518181 1103.535706 839.438366
55.945601427414104 -3.188838773518181 S 55.9453014274141 -3.188838773518181 1125.428902 939.177281
55.9453014274141 -3.188838773518181 S 55.9450014274141 -3.188838773518181 1125.428902 937.927281
55.9450014274141 -3.188838773518181 S 55.944701427414095 -3.188838773518181 1092.293753 862.227863
55.944701427414095 -3.188838773518181 S 55.94440142741409 -3.188838773518181 1092.293753 860.977863
55.94440142741409 -3.188838773518181 SSW 55.944124263554336 -3.1889535785478906 1092.293753 859.727863
55.944124263554336 -3.1889535785478906 S 55.94382426355433 -3.1889535785478906 1092.293753 858.477863
55.94382426355433 -3.1889535785478906 SSW 55.94354709969458 -3.1890683835776 1092.293753 857.227863
55.94354709969458 -3.1890683835776 ENE 55.94366190472429 -3.1887912197178467 1148.932313 939.639905
55.94366190472429 -3.1887912197178467 ENE 55.943776709754 -3.1885140558580933 1148.932313 938.389905
55.943776709754 -3.1885140558580933 ENE 55.94389151478371 -3.18823689199834 1148.932313 937.139905
55.94389151478371 -3.18823689199834 E 55.94389151478371 -3.1879368919983397 1222.301700 1013.218741
55.94389151478371 -3.1879368919983397 E 55.94389151478371 -3.1876368919983396 1222.301700 1011.968741
55.94389151478371 -3.1876368919983396 E 55.94389151478371 -3.1873368919983394 1222.301700 1010.718741
55.94389151478371 -3.1873368919983394 E 55.94389151478371 -3.187036891998339 1222.301700 1009.468741
55.94389151478371 -3.187036891998339 E 55.94389151478371 -3.186736891998339 1222.301700 1008.218741
55.94389151478371 -3.186736891998339 E 55.94389151478371 -3.186436891998339 1222.301700 1006.968741
55.94389151478371 -3.186436891998339 NE 55.944103646818064 -3.186224759963983 1253.963404 1085.290107
55.944103646818064 -3.186224759963983 NE 55.94431577885242 -3.1860126279296273 1253.963404 1084.040107
55.94431577885242 -3.1860126279296273 ENE 55.94443058388213 -3.185735464069874 1253.963404 1082.790107
55.94443058388213 -3.185735464069874 NE 55.94464271591649 -3.185523332035518 1253.963404 1081.540107
55.94464271591649 -3.185523332035518 ENE 55.9447575209462 -3.1852461681757647 1253.963404 1080.290107
55.9447575209462 -3.1852461681757647 NE 55.944969652980554 -3.185034036141409 1253.963404 1079.040107
55.944969652980554 -3.185034036141409 ENE 55.945084458010264 -3.1847568722816555 1253.963404 1077.790107
55.945084458010264 -3.1847568722816555 W 55.945084458010264 -3.1850568722816557 1286.756265 1163.650110
55.945084458010264 -3.1850568722816557 W 55.945084458010264 -3.185356872281656 1236.648664 1043.870457
55.945084458010264 -3.185356872281656 W 55.945084458010264 -3.185656872281656 1236.648664 1042.620457
55.945084458010264 -3.185656872281656 W 55.945084458010264 -3.1859568722816562 1236.648664 1041.370457
55.945084458010264 -3.1859568722816562 W 55.945084458010264 -3.1862568722816564 1236.648664 1040.120457
55.945084458010264 -3.1862568722816564 W 55.945084458010264 -3.1865568722816566 1236.648664 1038.870457
55.945084458010264 -3.1865568722816566 W 55.945084458010264 -3.186856872281657 1236.648664 1037.620457
55.945084458010264 -3.186856872281657 W 55.945084458010264 -3.187156872281657 1181.906305 1036.370457
55.945084458010264 -3.187156872281657 W 55.945084458010264 -3.187456872281657 1181.906305 1035.120457
55.945084458010264 -3.187456872281657 W 55.945084458010264 -3.1877568722816574 1181.906305 1033.870457
55.945084458010264 -3.1877568722816574 W 55.945084458010264 -3.1880568722816576 1181.906305 1032.620457
55.945084458010264 -3.1880568722816576 W 55.945084458010264 -3.1883568722816578 1181.906305 1031.370457
55.945084458010264 -3.1883568722816578 W 55.945084458010264 -3.188656872281658 1181.906305 1030.120457
55.945084458010264 -3.188656872281658 W 55.945084458010264 -3.188956872281658 1181.906305 1028.870457
55.945084458010264 -3.188956872281658 WSW 55.944969652980554 -3.1892340361414115 1181.906305 1027.620457
55.944969652980554 -3.1892340361414115 W 55.944969652980554 -3.1895340361414117 1181.906305 1026.370457
55.944969652980554 -3.1895340361414117 WSW 55.94485484795084 -3.189811200001165 1181.906305 1025.120457
55.94485484795084 -3.189811200001165 W 55.94485484795084 -3.1901112000011653 1181.906305 1023.870457
55.94485484795084 -3.1901112000011653 WSW 55.94474004292113 -3.1903883638609187 1181.906305 1022.620457
55.94474004292113 -3.1903883638609187 W 55.94474004292113 -3.190688363860919 1181.906305 1021.370457
55.94474004292113 -3.190688363860919 WSW 55.94462523789142 -3.1909655277206723 1181.906305 1020.120457
55.94462523789142 -3.1909655277206723 W 55.94462523789142 -3.1912655277206725 1181.906305 1018.870457
55.94462523789142 -3.1912655277206725 WSW 55.94451043286171 -3.191542691580426 1181.906305 1017.620457
55.94451043286171 -3.191542691580426 E 55.94451043286171 -3.1912426915804257 1181.906305 1016.370457
55.94451043286171 -3.1912426915804257 E 55.94451043286171 -3.1909426915804255 1181.906305 1015.120457
55.94451043286171 -3.1909426915804255 ENE 55.94462523789142 -3.190665527720672 1181.906305 1013.870457
55.94462523789142 -3.190665527720672 E 55.94462523789142 -3.190365527720672 1181.906305 1012.620457
55.94462523789142 -3.190365527720672 ENE 55.94474004292113 -3.1900883638609185 1181.906305 1011.370457
55.94474004292113 -3.1900883638609185 E 55.94474004292113 -3.1897883638609184 1181.906305 1010.120457
55.94474004292113 -3.1897883638609184 ENE 55.94485484795084 -3.189511200001165 1181.906305 1008.870457
55.94485484795084 -3.189511200001165 E 55.94485484795084 -3.1892112000011648 1181.906305 1007.620457
55.94485484795084 -3.1892112000011648 ENE 55.944969652980554 -3.1889340361414114 1181.906305 1006.370457
55.944969652980554 -3.1889340361414114 E 55.944969652980554 -3.188634036141411 1181.906305 1005.120457
55.944969652980554 -3.188634036141411 ENE 55.945084458010264 -3.1883568722816578 1181.906305 1003.870457
55.945084458010264 -3.1883568722816578 E 55.945084458010264 -3.1880568722816576 1181.906305 1002.620457
55.945084458010264 -3.1880568722816576 ENE 55.945199263039974 -3.187779708421904 1181.906305 1001.370457
55.945199263039974 -3.187779708421904 E 55.945199263039974 -3.187479708421904 1181.906305 1000.120457
55.945199263039974 -3.187479708421904 ENE 55.945314068069685 -3.1872025445621506 1181.906305 998.870457
55.945314068069685 -3.1872025445621506 E 55.945314068069685 -3.1869025445621504 1181.906305 997.620457
55.945314068069685 -3.1869025445621504 ENE 55.945428873099395 -3.186625380702397 1181.906305 996.370457
55.945428873099395 -3.186625380702397 E 55.945428873099395 -3.186325380702397 1091.248545 973.084758
55.945428873099395 -3.186325380702397 ENE 55.945543678129106 -3.1860482168426434 1091.248545 971.834758
55.945543678129106 -3.1860482168426434 E 55.945543678129106 -3.185748216842643 1091.248545 970.584758
55.945543678129106 -3.185748216842643 ENE 55.945658483158816 -3.18547105298289 1091.248545 969.334758
55.945658483158816 -3.18547105298289 E 55.945658483158816 -3.1851710529828896 1091.248545 968.084758
55.945658483158816 -3.1851710529828896 ENE 55.945773288188526 -3.184893889123136 1091.248545 966.834758
55.945773288188526 -3.184893889123136 E 55.945773288188526 -3.184593889123136 1091.248545 965.584758
55.945773288188526 -3.184593889123136 W 55.945773288188526 -3.184893889123136 1160.707059 1080.419154
55.945773288188526 -3.184893889123136 W 55.945773288188526 -3.1851938891231364 1160.707059 1079.169154
55.945773288188526 -3.1851938891231364 W 55.945773288188526 -3.1854938891231366 1160.707059 1077.919154
55.945773288188526 -3.1854938891231366 W 55.945773288188526 -3.1857938891231368 1160.707059 1076.669154
55.945773288188526 -3.1857938891231368 W 55.945773288188526 -3.186093889123137 1160.707059 1075.419154
55.945773288188526 -3.186093889123137 W 55.945773288188526 -3.186393889123137 1080.399861 988.438557
55.945773288188526 -3.186393889123137 W 55.945773288188526 -3.1866938891231373 1080.164133 885.363024
55.945773288188526 -3.1866938891231373 W 55.945773288188526 -3.1869938891231375 1080.164133 884.113024
55.945773288188526 -3.1869938891231375 W 55.945773288188526 -3.1872938891231377 1080.164133 882.863024
55.945773288188526 -3.1872938891231377 W 55.945773288188526 -3.187593889123138 1080.164133 881.613024
55.945773288188526 -3.187593889123138 W 55.945773288188526 -3.187893889123138 1090.998116 962.932114
55.945773288188526 -3.187893889123138 W 55.945773288188526 -3.1881938891231383 1090.998116 961.682114
55.945773288188526 -3.1881938891231383 W 55.945773288188526 -3.1884938891231385 1090.998116 960.432114
55.945773288188526 -3.1884938891231385 W 55.945773288188526 -3.1887938891231387 1090.998116 959.182114
55.945773288188526 -3.1887938891231387 WSW 55.945658483158816 -3.189071052982892 1090.998116 957.932114
55.945658483158816 -3.189071052982892 W 55.945658483158816 -3.1893710529828923 1090.998116 956.682114
55.945658483158816 -3.1893710529828923 WSW 55.945543678129106 -3.1896482168426457 1090.998116 955.432114
55.945543678129106 -3.1896482168426457 W 55.945543678129106 -3.189948216842646 1090.998116 954.182114
55.945543678129106 -3.189948216842646 WSW 55.945428873099395 -3.1902253807023992 1090.998116 952.932114
55.945428873099395 -3.1902253807023992 W 55.945428873099395 -3.1905253807023994 1090.998116 951.682114
55.945428873099395 -3.1905253807023994 WSW 55.945314068069685 -3.190802544562153 1090.998116 950.432114
55.945314068069685 -3.190802544562153 W 55.945314068069685 -3.191102544562153 1090.998116 949.182114
55.945314068069685 -3.191102544562153 SW 55.94510193603533 -3.191314676596509 1154.928043 1065.811724
55.94510193603533 -3.191314676596509 SSW 55.94482477217557 -3.1914294816262183 1154.928043 1064.561724
55.94482477217557 -3.1914294816262183 SW 55.944612640141216 -3.191641613660574 1154.928043 1063.311724
55.944612640141216 -3.191641613660574 ESE 55.944497835111505 -3.1913644498008207 1244.086789 1164.852529
55.944497835111505 -3.1913644498008207 ESE 55.944383030081795 -3.1910872859410673 1244.086789 1163.602529
55.944383030081795 -3.1910872859410673 ESE 55.944268225052085 -3.190810122081314 1244.086789 1162.352529
55.944268225052085 -3.190810122081314 SE 55.94405609301773 -3.190597990046958 1244.086789 1161.102529
55.94405609301773 -3.190597990046958 W 55.94405609301773 -3.1908979900469583 1266.380902 1170.911093
55.94405609301773 -3.1908979900469583 W 55.94405609301773 -3.1911979900469585 1266.380902 1169.661093
55.94405609301773 -3.1911979900469585 W 55.94405609301773 -3.1914979900469587 1266.380902 1168.411093
55.94405609301773 -3.1914979900469587 W 55.94405609301773 -3.191797990046959 1266.380902 1167.161093
55.94405609301773 -3.191797990046959 E 55.94405609301773 -3.1914979900469587 1282.036109 1206.674520
55.94405609301773 -3.1914979900469587 NW 55.944268225052085 -3.1917101220813144 1282.036109 1205.424520
55.944268225052085 -3.1917101220813144 NW 55.94448035708644 -3.19192225411567 1282.036109 1204.174520
55.94448035708644 -3.19192225411567 NW 55.9446924891208 -3.192134386150026 1282.036109 1202.924520
55.9446924891208 -3.192134386150026 NNW 55.944969652980554 -3.1922491911797355 1282.036109 1201.674520
55.944969652980554 -3.1922491911797355 NW 55.94518178501491 -3.1924613232140913 1282.036109 1200.424520
55.94518178501491 -3.1924613232140913 N 55.94548178501491 -3.1924613232140913 1367.462286 1237.188317
55.94548178501491 -3.1924613232140913 NW 55.94569391704927 -3.192673455248447 1367.462286 1235.938317
55.94569391704927 -3.192673455248447 N 55.94599391704927 -3.192673455248447 1367.462286 1234.688317
55.94599391704927 -3.192673455248447 NW 55.94620604908363 -3.192885587282803 1367.462286 1233.438317
55.94620604908363 -3.192885587282803 E 55.94620604908363 -3.1925855872828026 1367.462286 1232.188317
55.94620604908363 -3.1925855872828026 NE 55.946418181117984 -3.192373455248447 1367.462286 1230.938317
55.946418181117984 -3.192373455248447 SW 55.94620604908363 -3.1925855872828026 1367.462286 1229.688317
55.94620604908363 -3.1925855872828026 SW 55.94599391704927 -3.1927977193171584 1367.462286 1228.438317
55.94599391704927 -3.1927977193171584 NE 55.94620604908363 -3.1925855872828026 1367.462286 1227.188317
55.94620604908363 -3.1925855872828026 NW 55.946418181117984 -3.1927977193171584 1367.462286 1225.938317
55.946418181117984 -3.1927977193171584 NE 55.94663031315234 -3.1925855872828026 1367.462286 1224.688317
55.94663031315234 -3.1925855872828026 ENE 55.94674511818205 -3.192308423423049 1367.462286 1223.438317
55.94674511818205 -3.192308423423049 N 55.947045118182054 -3.192308423423049 1367.462286 1222.188317
55.947045118182054 -3.192308423423049 NW 55.94725725021641 -3.192520555457405 1367.462286 1220.938317
55.94725725021641 -3.192520555457405 NNE 55.947534414076166 -3.1924057504276955 1367.462286 1219.688317
55.947534414076166 -3.1924057504276955 N 55.94783441407617 -3.1924057504276955 1367.462286 1218.438317
55.94783441407617 -3.1924057504276955 W 55.94783441407617 -3.1927057504276957 1367.462286 1217.188317
55.94783441407617 -3.1927057504276957 ENE 55.94794921910588 -3.1924285865679423 1367.462286 1215.938317
55.94794921910588 -3.1924285865679423 NNW 55.948226382965636 -3.1925433915976518 1367.462286 1214.688317
55.948226382965636 -3.1925433915976518 ENE 55.94834118799535 -3.1922662277378984 1367.462286 1213.438317
55.94834118799535 -3.1922662277378984 SSE 55.94806402413559 -3.192151422708189 1367.462286 1212.188317
55.94806402413559 -3.192151422708189 WSW 55.94794921910588 -3.1924285865679423 1367.462286 1210.938317
55.94794921910588 -3.1924285865679423 SW 55.94773708707152 -3.192640718602298 1367.462286 1209.688317
55.94773708707152 -3.192640718602298 S 55.94743708707152 -3.192640718602298 1367.462286 1208.438317
55.94743708707152 -3.192640718602298 N 55.94773708707152 -3.192640718602298 1367.462286 1207.188317
55.94773708707152 -3.192640718602298 E 55.94773708707152 -3.192340718602298 1367.462286 1205.938317
55.94773708707152 -3.192340718602298 NNW 55.94801425093128 -3.1924555236320074 1367.462286 1204.688317
