55.944425 -3.188396 ENE 55.94453980502971 -3.1881188361402466 0.000000 248.750000
55.94453980502971 -3.1881188361402466 ENE 55.94465461005942 -3.187841672280493 0.000000 247.500000
55.94465461005942 -3.187841672280493 ENE 55.944769415089134 -3.18756450842074 0.000000 246.250000
55.944769415089134 -3.18756450842074 ENE 55.944884220118844 -3.1872873445609864 0.000000 245.000000
55.944884220118844 -3.1872873445609864 ENE 55.944999025148554 -3.187010180701233 49.270928 256.824749
55.944999025148554 -3.187010180701233 ENE 55.945113830178265 -3.1867330168414796 0.000000 131.704170
55.945113830178265 -3.1867330168414796 ENE 55.945228635207975 -3.186455852981726 0.000000 130.454170
55.945228635207975 -3.186455852981726 ENE 55.945343440237686 -3.1861786891219728 0.000000 129.204170
55.945343440237686 -3.1861786891219728 ENE 55.945458245267396 -3.1859015252622194 0.000000 127.954170
55.945458245267396 -3.1859015252622194 S 55.94515824526739 -3.1859015252622194 113.887452 161.557950
55.94515824526739 -3.1859015252622194 S 55.94485824526739 -3.1859015252622194 220.206845 177.434411
55.94485824526739 -3.1859015252622194 S 55.94455824526739 -3.1859015252622194 235.925669 269.476424
55.94455824526739 -3.1859015252622194 SSE 55.94428108140763 -3.18578672023251 235.925669 268.226424
55.94428108140763 -3.18578672023251 S 55.94398108140763 -3.18578672023251 235.925669 266.976424
55.94398108140763 -3.18578672023251 SSE 55.94370391754787 -3.1856719152028004 235.925669 265.726424
55.94370391754787 -3.1856719152028004 S 55.94340391754787 -3.1856719152028004 313.140754 273.632146
55.94340391754787 -3.1856719152028004 SSE 55.94312675368811 -3.185557110173091 313.140754 272.382146
55.94312675368811 -3.185557110173091 S 55.94282675368811 -3.185557110173091 348.280399 331.473396
55.94282675368811 -3.185557110173091 NW 55.943038885722466 -3.1857692422074466 348.280399 330.223396
55.943038885722466 -3.1857692422074466 NW 55.94325101775682 -3.1859813742418024 348.280399 328.973396
55.94325101775682 -3.1859813742418024 NW 55.94346314979118 -3.186193506276158 348.280399 327.723396
55.94346314979118 -3.186193506276158 NW 55.943675281825534 -3.186405638310514 348.280399 326.473396
55.943675281825534 -3.186405638310514 NW 55.94388741385989 -3.1866177703448697 379.942102 404.794762
55.94388741385989 -3.1866177703448697 NW 55.94409954589425 -3.1868299023792255 379.942102 403.544762
55.94409954589425 -3.1868299023792255 NW 55.9443116779286 -3.1870420344135812 490.551071 473.706273
55.9443116779286 -3.1870420344135812 NW 55.94452380996296 -3.187254166447937 490.551071 472.456273
55.94452380996296 -3.187254166447937 WNW 55.94463861499267 -3.1875313303076904 490.551071 471.206273
55.94463861499267 -3.1875313303076904 NW 55.944850747027026 -3.187743462342046 490.551071 469.956273
55.944850747027026 -3.187743462342046 WNW 55.944965552056736 -3.1880206262017996 490.551071 468.706273
55.944965552056736 -3.1880206262017996 NW 55.94517768409109 -3.1882327582361554 490.551071 467.456273
55.94517768409109 -3.1882327582361554 WNW 55.9452924891208 -3.1885099220959088 490.551071 466.206273
55.9452924891208 -3.1885099220959088 NW 55.94550462115516 -3.1887220541302645 490.551071 464.956273
55.94550462115516 -3.1887220541302645 WNW 55.94561942618487 -3.188999217990018 512.444268 564.695188
55.94561942618487 -3.188999217990018 WSW 55.94550462115516 -3.1892763818497714 593.074756 679.291666
55.94550462115516 -3.1892763818497714 WSW 55.94538981612545 -3.1895535457095248 593.074756 678.041666
55.94538981612545 -3.1895535457095248 WSW 55.94527501109574 -3.189830709569278 593.074756 676.791666
55.94527501109574 -3.189830709569278 WSW 55.94516020606603 -3.1901078734290316 593.074756 675.541666
55.94516020606603 -3.1901078734290316 WSW 55.94504540103632 -3.190385037288785 593.074756 674.291666
55.94504540103632 -3.190385037288785 WSW 55.94493059600661 -3.1906622011485384 708.847137 759.098861
55.94493059600661 -3.1906622011485384 WSW 55.9448157909769 -3.190939365008292 708.847137 757.848861
55.9448157909769 -3.190939365008292 WSW 55.944700985947186 -3.191216528868045 708.847137 756.598861
55.944700985947186 -3.191216528868045 WSW 55.944586180917476 -3.1914936927277986 708.847137 755.348861
55.944586180917476 -3.1914936927277986 NNE 55.94486334477723 -3.191378887698089 800.941991 759.194025
55.94486334477723 -3.191378887698089 NNE 55.94514050863699 -3.1912640826683796 800.941991 757.944025
55.94514050863699 -3.1912640826683796 W 55.94514050863699 -3.1915640826683798 864.871918 874.573634
55.94514050863699 -3.1915640826683798 W 55.94514050863699 -3.19186408266838 864.871918 873.323634
55.94514050863699 -3.19186408266838 WNW 55.9452553136667 -3.1921412465281334 864.871918 872.073634
55.9452553136667 -3.1921412465281334 W 55.9452553136667 -3.1924412465281335 864.871918 870.823634
55.9452553136667 -3.1924412465281335 E 55.9452553136667 -3.1921412465281334 950.298094 907.587432
55.9452553136667 -3.1921412465281334 E 55.9452553136667 -3.191841246528133 950.298094 906.337432
55.9452553136667 -3.191841246528133 E 55.9452553136667 -3.191541246528133 950.298094 905.087432
55.9452553136667 -3.191541246528133 E 55.9452553136667 -3.191241246528133 950.298094 903.837432
55.9452553136667 -3.191241246528133 ESE 55.94514050863699 -3.1909640826683794 950.298094 902.587432
55.94514050863699 -3.1909640826683794 E 55.94514050863699 -3.190664082668379 950.298094 901.337432
55.94514050863699 -3.190664082668379 ESE 55.94502570360728 -3.190386918808626 950.298094 900.087432
55.94502570360728 -3.190386918808626 E 55.94502570360728 -3.1900869188086256 950.298094 898.837432
55.94502570360728 -3.1900869188086256 ESE 55.94491089857757 -3.189809754948872 950.298094 897.587432
55.94491089857757 -3.189809754948872 E 55.94491089857757 -3.189509754948872 950.298094 896.337432
55.94491089857757 -3.189509754948872 ESE 55.94479609354786 -3.1892325910891186 950.298094 895.087432
55.94479609354786 -3.1892325910891186 E 55.94479609354786 -3.1889325910891184 950.298094 893.837432
55.94479609354786 -3.1889325910891184 ESE 55.94468128851815 -3.188655427229365 917.162945 818.138014
55.94468128851815 -3.188655427229365 E 55.94468128851815 -3.188355427229365 917.162945 816.888014
55.94468128851815 -3.188355427229365 ESE 55.94456648348844 -3.1880782633696114 917.162945 815.638014
55.94456648348844 -3.1880782633696114 E 55.94456648348844 -3.1877782633696112 917.162945 814.388014
55.94456648348844 -3.1877782633696112 ESE 55.94445167845873 -3.187501099509858 917.162945 813.138014
55.94445167845873 -3.187501099509858 E 55.94445167845873 -3.1872010995098576 917.162945 811.888014
55.94445167845873 -3.1872010995098576 ESE 55.944336873429016 -3.1869239356501042 917.162945 810.638014
55.944336873429016 -3.1869239356501042 E 55.944336873429016 -3.186623935650104 917.162945 809.388014
55.944336873429016 -3.186623935650104 ESE 55.944222068399306 -3.1863467717903506 912.716096 703.889081
55.944222068399306 -3.1863467717903506 E 55.944222068399306 -3.1860467717903505 912.716096 702.639081
55.944222068399306 -3.1860467717903505 ESE 55.944107263369595 -3.185769607930597 912.716096 701.389081
55.944107263369595 -3.185769607930597 E 55.944107263369595 -3.185469607930597 912.716096 700.139081
55.944107263369595 -3.185469607930597 ESE 55.943992458339885 -3.1851924440708435 912.716096 698.889081
55.943992458339885 -3.1851924440708435 E 55.943992458339885 -3.1848924440708433 912.716096 697.639081
55.943992458339885 -3.1848924440708433 ESE 55.943877653310174 -3.18461528021109 912.716096 696.389081
55.943877653310174 -3.18461528021109 N 55.94417765331018 -3.18461528021109 998.591893 771.153797
55.94417765331018 -3.18461528021109 N 55.94447765331018 -3.18461528021109 998.591893 769.903797
55.94447765331018 -3.18461528021109 NNW 55.94475481716994 -3.1847300852407994 998.591893 768.653797
55.94475481716994 -3.1847300852407994 N 55.94505481716994 -3.1847300852407994 998.591893 767.403797
55.94505481716994 -3.1847300852407994 W 55.94505481716994 -3.1850300852407996 1031.384754 853.263801
55.94505481716994 -3.1850300852407996 W 55.94505481716994 -3.1853300852407997 981.277153 733.484147
55.94505481716994 -3.1853300852407997 W 55.94505481716994 -3.1856300852408 981.277153 732.234147
55.94505481716994 -3.1856300852408 W 55.94505481716994 -3.1859300852408 981.277153 730.984147
55.94505481716994 -3.1859300852408 W 55.94505481716994 -3.1862300852408003 981.277153 729.734147
55.94505481716994 -3.1862300852408003 W 55.94505481716994 -3.1865300852408005 981.277153 728.484147
55.94505481716994 -3.1865300852408005 W 55.94505481716994 -3.1868300852408007 981.277153 727.234147
55.94505481716994 -3.1868300852408007 W 55.94505481716994 -3.187130085240801 926.534795 725.984147
55.94505481716994 -3.187130085240801 W 55.94505481716994 -3.187430085240801 926.534795 724.734147
55.94505481716994 -3.187430085240801 W 55.94505481716994 -3.1877300852408013 926.534795 723.484147
55.94505481716994 -3.1877300852408013 W 55.94505481716994 -3.1880300852408014 926.534795 722.234147
55.94505481716994 -3.1880300852408014 W 55.94505481716994 -3.1883300852408016 926.534795 720.984147
55.94505481716994 -3.1883300852408016 W 55.94505481716994 -3.188630085240802 926.534795 719.734147
55.94505481716994 -3.188630085240802 W 55.94505481716994 -3.188930085240802 926.534795 718.484147
55.94505481716994 -3.188930085240802 W 55.94505481716994 -3.189230085240802 926.534795 717.234147
55.94505481716994 -3.189230085240802 WSW 55.94494001214023 -3.1895072491005556 926.534795 715.984147
55.94494001214023 -3.1895072491005556 W 55.94494001214023 -3.189807249100556 926.534795 714.734147
55.94494001214023 -3.189807249100556 WSW 55.94482520711052 -3.190084412960309 926.534795 713.484147
55.94482520711052 -3.190084412960309 W 55.94482520711052 -3.1903844129603094 926.534795 712.234147
55.94482520711052 -3.1903844129603094 WSW 55.94471040208081 -3.190661576820063 987.332520 747.502256
55.94471040208081 -3.190661576820063 W 55.94471040208081 -3.190961576820063 987.332520 746.252256
55.94471040208081 -3.190961576820063 WSW 55.9445955970511 -3.1912387406798164 987.332520 745.002256
55.9445955970511 -3.1912387406798164 W 55.9445955970511 -3.1915387406798166 987.332520 743.752256
55.9445955970511 -3.1915387406798166 SW 55.94438346501674 -3.1917508727141723 987.332520 742.502256
55.94438346501674 -3.1917508727141723 SSE 55.944106301156985 -3.191636067684463 1076.491266 844.043060
55.944106301156985 -3.191636067684463 SSE 55.94382913729723 -3.1915212626547533 1092.146473 883.556488
55.94382913729723 -3.1915212626547533 SSE 55.94355197343747 -3.191406457625044 1136.460513 887.920121
55.94355197343747 -3.191406457625044 SSE 55.943274809577716 -3.1912916525953343 1136.460513 886.670121
55.943274809577716 -3.1912916525953343 SSE 55.94299764571796 -3.191176847565625 1068.007537 881.470465
55.94299764571796 -3.191176847565625 SSE 55.9427204818582 -3.1910620425359153 1068.007537 880.220465
55.9427204818582 -3.1910620425359153 E 55.9427204818582 -3.190762042535915 1145.662954 962.462344
55.9427204818582 -3.190762042535915 E 55.9427204818582 -3.190462042535915 1145.662954 961.212344
55.9427204818582 -3.190462042535915 E 55.9427204818582 -3.1901620425359147 1145.662954 959.962344
55.9427204818582 -3.1901620425359147 E 55.9427204818582 -3.1898620425359145 1145.662954 958.712344
55.9427204818582 -3.1898620425359145 N 55.943020481858206 -3.1898620425359145 1195.101387 1027.295068
55.943020481858206 -3.1898620425359145 N 55.94332048185821 -3.1898620425359145 1149.705926 1011.348446
55.94332048185821 -3.1898620425359145 N 55.94362048185821 -3.1898620425359145 1149.705926 1010.098446
55.94362048185821 -3.1898620425359145 N 55.943920481858214 -3.1898620425359145 1149.705926 1008.848446
55.943920481858214 -3.1898620425359145 NNE 55.94419764571797 -3.189747237506205 1149.705926 1007.598446
55.94419764571797 -3.189747237506205 N 55.94449764571797 -3.189747237506205 1149.705926 1006.348446
55.94449764571797 -3.189747237506205 WSW 55.94438284068826 -3.1900244013659584 1245.788001 1039.683532
55.94438284068826 -3.1900244013659584 WSW 55.94426803565855 -3.190301565225712 1256.565503 1100.175754
55.94426803565855 -3.190301565225712 WSW 55.94415323062884 -3.1905787290854652 1256.565503 1098.925754
55.94415323062884 -3.1905787290854652 WSW 55.94403842559913 -3.1908558929452187 1278.859617 1108.734318
55.94403842559913 -3.1908558929452187 SW 55.943826293564776 -3.1910680249795744 1278.859617 1107.484318
55.943826293564776 -3.1910680249795744 ESE 55.943711488535065 -3.190790861119821 1340.557128 1127.598862
55.943711488535065 -3.190790861119821 E 55.943711488535065 -3.190490861119821 1340.557128 1126.348862
55.943711488535065 -3.190490861119821 ESE 55.943596683505355 -3.1902136972600674 1340.557128 1125.098862
55.943596683505355 -3.1902136972600674 E 55.943596683505355 -3.1899136972600672 1340.557128 1123.848862
55.943596683505355 -3.1899136972600672 ESE 55.943481878475644 -3.189636533400314 1340.557128 1122.598862
55.943481878475644 -3.189636533400314 E 55.943481878475644 -3.1893365334003136 1340.557128 1121.348862
55.943481878475644 -3.1893365334003136 ESE 55.943367073445934 -3.1890593695405602 1340.557128 1120.098862
55.943367073445934 -3.1890593695405602 NE 55.94357920548029 -3.1888472375062045 1397.195688 1202.510903
55.94357920548029 -3.1888472375062045 ENE 55.94369401051 -3.188570073646451 1397.195688 1201.260903
55.94369401051 -3.188570073646451 NE 55.94390614254436 -3.1883579416120953 1397.195688 1200.010903
55.94390614254436 -3.1883579416120953 ENE 55.94402094757407 -3.188080777752342 1397.195688 1198.760903
55.94402094757407 -3.188080777752342 ENE 55.94413575260378 -3.1878036138925885 1470.565075 1274.839740
55.94413575260378 -3.1878036138925885 ENE 55.94425055763349 -3.187526450032835 1444.622667 1263.421258
55.94425055763349 -3.187526450032835 ENE 55.9443653626632 -3.1872492861730817 1444.622667 1262.171258
55.9443653626632 -3.1872492861730817 ENE 55.94448016769291 -3.1869721223133283 1444.622667 1260.921258
55.94448016769291 -3.1869721223133283 ENE 55.94459497272262 -3.186694958453575 1444.622667 1259.671258
55.94459497272262 -3.186694958453575 ENE 55.94470977775233 -3.1864177945938215 1444.622667 1258.421258
55.94470977775233 -3.1864177945938215 ENE 55.94482458278204 -3.186140630734068 1444.622667 1257.171258
55.94482458278204 -3.186140630734068 ENE 55.94493938781175 -3.1858634668743147 1444.622667 1255.921258
55.94493938781175 -3.1858634668743147 ENE 55.94505419284146 -3.1855863030145612 1444.622667 1254.671258
55.94505419284146 -3.1855863030145612 ENE 55.94516899787117 -3.185309139154808 1444.622667 1253.421258
55.94516899787117 -3.185309139154808 NE 55.94538112990553 -3.185097007120452 1444.622667 1252.171258
55.94538112990553 -3.185097007120452 ENE 55.94549593493524 -3.1848198432606987 1444.622667 1250.921258
55.94549593493524 -3.1848198432606987 NE 55.945708066969594 -3.184607711226343 1444.622667 1249.671258
55.945708066969594 -3.184607711226343 SW 55.94549593493524 -3.1848198432606987 1514.081181 1364.505654
55.94549593493524 -3.1848198432606987 SW 55.94528380290088 -3.1850319752950544 1514.081181 1363.255654
55.94528380290088 -3.1850319752950544 SW 55.945071670866525 -3.18524410732941 1514.081181 1362.005654
55.945071670866525 -3.18524410732941 SW 55.94485953883217 -3.185456239363766 1514.081181 1360.755654
55.94485953883217 -3.185456239363766 SW 55.94464740679781 -3.1856683713981218 1514.081181 1359.505654
55.94464740679781 -3.1856683713981218 SSW 55.94437024293806 -3.1857831764278313 1514.081181 1358.255654
55.94437024293806 -3.1857831764278313 SW 55.9441581109037 -3.185995308462187 1514.081181 1357.005654
55.9441581109037 -3.185995308462187 SSW 55.943880947043944 -3.1861101134918965 1514.081181 1355.755654
55.943880947043944 -3.1861101134918965 SW 55.94366881500959 -3.1863222455262523 1514.081181 1354.505654
55.94366881500959 -3.1863222455262523 SSW 55.94339165114983 -3.186437050555962 1514.081181 1353.255654
55.94339165114983 -3.186437050555962 SW 55.943179519115475 -3.1866491825903176 1514.081181 1352.005654
55.943179519115475 -3.1866491825903176 SSW 55.94290235525572 -3.186763987620027 1514.081181 1350.755654
55.94290235525572 -3.186763987620027 SW 55.94269022322136 -3.186976119654383 1482.614351 1289.857985
55.94269022322136 -3.186976119654383 NNW 55.94296738708112 -3.1870909246840924 1506.641006 1405.704710
55.94296738708112 -3.1870909246840924 N 55.94326738708112 -3.1870909246840924 1506.641006 1404.454710
55.94326738708112 -3.1870909246840924 NNW 55.94354455094088 -3.187205729713802 1506.641006 1403.204710
55.94354455094088 -3.187205729713802 N 55.94384455094088 -3.187205729713802 1501.814402 1342.911437
55.94384455094088 -3.187205729713802 NNW 55.94412171480064 -3.1873205347435114 1501.814402 1341.661437
55.94412171480064 -3.1873205347435114 N 55.94442171480064 -3.1873205347435114 1501.814402 1340.411437
55.94442171480064 -3.1873205347435114 NNW 55.9446988786604 -3.187435339773221 1501.814402 1339.161437
55.9446988786604 -3.187435339773221 N 55.9449988786604 -3.187435339773221 1501.814402 1337.911437
55.9449988786604 -3.187435339773221 NNW 55.945276042520156 -3.1875501448029304 1501.814402 1336.661437
55.945276042520156 -3.1875501448029304 N 55.94557604252016 -3.1875501448029304 1501.814402 1335.411437
55.94557604252016 -3.1875501448029304 NNW 55.945853206379915 -3.18766494983264 1512.648385 1416.730527
55.945853206379915 -3.18766494983264 NW 55.94606533841427 -3.1878770818669957 1512.648385 1415.480527
55.94606533841427 -3.1878770818669957 SW 55.945853206379915 -3.1880892139013515 1512.648385 1414.230527
55.945853206379915 -3.1880892139013515 ENE 55.945968011409626 -3.187812050041598 1512.648385 1412.980527
55.945968011409626 -3.187812050041598 ENE 55.946082816439336 -3.1875348861818447 1512.648385 1411.730527
55.946082816439336 -3.1875348861818447 W 55.946082816439336 -3.187834886181845 1512.648385 1410.480527
55.946082816439336 -3.187834886181845 SW 55.94587068440498 -3.1880470182162006 1512.648385 1409.230527
55.94587068440498 -3.1880470182162006 ENE 55.94598548943469 -3.187769854356447 1512.648385 1407.980527
55.94598548943469 -3.187769854356447 W 55.94598548943469 -3.1880698543564474 1512.648385 1406.730527
55.94598548943469 -3.1880698543564474 N 55.94628548943469 -3.1880698543564474 1512.648385 1405.480527
55.94628548943469 -3.1880698543564474 S 55.94598548943469 -3.1880698543564474 1512.648385 1404.230527
55.94598548943469 -3.1880698543564474 SSE 55.945708325574934 -3.187955049326738 1512.648385 1402.980527
55.945708325574934 -3.187955049326738 SW 55.94549619354058 -3.1881671813610937 1512.648385 1401.730527
55.94549619354058 -3.1881671813610937 SSW 55.94521902968082 -3.188281986390803 1512.648385 1400.480527
55.94521902968082 -3.188281986390803 S 55.94491902968082 -3.188281986390803 1512.648385 1399.230527
55.94491902968082 -3.188281986390803 E 55.94491902968082 -3.187981986390803 1512.648385 1397.980527
55.94491902968082 -3.187981986390803 ENE 55.94503383471053 -3.1877048225310496 1512.648385 1396.730527
55.94503383471053 -3.1877048225310496 ESE 55.94491902968082 -3.187427658671296 1512.648385 1395.480527
55.94491902968082 -3.187427658671296 W 55.94491902968082 -3.1877276586712964 1512.648385 1394.230527
55.94491902968082 -3.1877276586712964 NNE 55.945196193540575 -3.187612853641587 1512.648385 1392.980527
55.945196193540575 -3.187612853641587 S 55.94489619354057 -3.187612853641587 1512.648385 1391.730527
55.94489619354057 -3.187612853641587 WNW 55.94501099857028 -3.1878900175013403 1512.648385 1390.480527
55.94501099857028 -3.1878900175013403 NNE 55.94528816243004 -3.1877752124716308 1512.648385 1389.230527
55.94528816243004 -3.1877752124716308 ESE 55.94517335740033 -3.1874980486118774 1512.648385 1387.980527
55.94517335740033 -3.1874980486118774 ENE 55.94528816243004 -3.187220884752124 1512.648385 1386.730527
55.94528816243004 -3.187220884752124 SW 55.94507603039568 -3.1874330167864797 1512.648385 1385.480527
55.94507603039568 -3.1874330167864797 NNW 55.94535319425544 -3.1875478218161892 1512.648385 1384.230527
55.94535319425544 -3.1875478218161892 WNW 55.94546799928515 -3.1878249856759426 1512.648385 1382.980527
55.94546799928515 -3.1878249856759426 NNW 55.945745163144906 -3.187939790705652 1512.648385 1381.730527
55.945745163144906 -3.187939790705652 N 55.94604516314491 -3.187939790705652 1512.648385 1380.480527
55.94604516314491 -3.187939790705652 W 55.94604516314491 -3.1882397907056523 1512.648385 1379.230527
55.94604516314491 -3.1882397907056523 W 55.94604516314491 -3.1885397907056525 1512.648385 1377.980527
55.94604516314491 -3.1885397907056525 N 55.94634516314491 -3.1885397907056525 1512.648385 1376.730527
55.94634516314491 -3.1885397907056525 NNE 55.94662232700467 -3.188424985675943 1512.648385 1375.480527
55.94662232700467 -3.188424985675943 N 55.94692232700467 -3.188424985675943 1512.648385 1374.230527
55.94692232700467 -3.188424985675943 N 55.947222327004674 -3.188424985675943 1512.648385 1372.980527
55.947222327004674 -3.188424985675943 SW 55.94701019497032 -3.188637117710299 1512.648385 1371.730527
55.94701019497032 -3.188637117710299 E 55.94701019497032 -3.1883371177102986 1512.648385 1370.480527
55.94701019497032 -3.1883371177102986 SSE 55.94673303111056 -3.188222312680589 1512.648385 1369.230527
55.94673303111056 -3.188222312680589 ENE 55.94684783614027 -3.1879451488208357 1512.648385 1367.980527
55.94684783614027 -3.1879451488208357 N 55.947147836140275 -3.1879451488208357 1512.648385 1366.730527
55.947147836140275 -3.1879451488208357 SSW 55.94687067228052 -3.188059953850545 1512.648385 1365.480527
55.94687067228052 -3.188059953850545 NW 55.947082804314874 -3.188272085884901 1512.648385 1364.230527
55.947082804314874 -3.188272085884901 SE 55.94687067228052 -3.188059953850545 1512.648385 1362.980527
55.94687067228052 -3.188059953850545 NNE 55.947147836140275 -3.1879451488208357 1512.648385 1361.730527
55.947147836140275 -3.1879451488208357 WSW 55.947033031110564 -3.188222312680589 1512.648385 1360.480527
55.947033031110564 -3.188222312680589 SW 55.94682089907621 -3.188434444714945 1512.648385 1359.230527
55.94682089907621 -3.188434444714945 ENE 55.94693570410592 -3.1881572808551915 1512.648385 1357.980527
55.94693570410592 -3.1881572808551915 S 55.946635704105915 -3.1881572808551915 1512.648385 1356.730527
55.946635704105915 -3.1881572808551915 SW 55.94642357207156 -3.1883694128895472 1512.648385 1355.480527
55.94642357207156 -3.1883694128895472 WSW 55.94630876704185 -3.1886465767493006 1512.648385 1354.230527
55.94630876704185 -3.1886465767493006 W 55.94630876704185 -3.188946576749301 1512.648385 1352.980527
55.94630876704185 -3.188946576749301 N 55.94660876704185 -3.188946576749301 1512.648385 1351.730527
55.94660876704185 -3.188946576749301 W 55.94660876704185 -3.189246576749301 1512.648385 1350.480527
55.94660876704185 -3.189246576749301 SW 55.946396635007495 -3.189458708783657 1512.648385 1349.230527
55.946396635007495 -3.189458708783657 SSW 55.94611947114774 -3.1895735138133663 1512.648385 1347.980527
55.94611947114774 -3.1895735138133663 SSW 55.94584230728798 -3.189688318843076 1512.648385 1346.730527
55.94584230728798 -3.189688318843076 SE 55.945630175253626 -3.18947618680872 1512.648385 1345.480527
55.945630175253626 -3.18947618680872 ESE 55.945515370223916 -3.1891990229489666 1512.648385 1344.230527
55.945515370223916 -3.1891990229489666 WNW 55.945630175253626 -3.18947618680872 1512.648385 1342.980527
55.945630175253626 -3.18947618680872 N 55.94593017525363 -3.18947618680872 1512.648385 1341.730527
55.94593017525363 -3.18947618680872 S 55.945630175253626 -3.18947618680872 1512.648385 1340.480527
55.945630175253626 -3.18947618680872 S 55.94533017525362 -3.18947618680872 1512.648385 1339.230527
55.94533017525362 -3.18947618680872 WSW 55.94521537022391 -3.1897533506684734 1512.648385 1337.980527
55.94521537022391 -3.1897533506684734 W 55.94521537022391 -3.1900533506684736 1512.648385 1336.730527
55.94521537022391 -3.1900533506684736 NNE 55.94549253408367 -3.189938545638764 1512.648385 1335.480527
55.94549253408367 -3.189938545638764 ENE 55.94560733911338 -3.1896613817790107 1512.648385 1334.230527
55.94560733911338 -3.1896613817790107 E 55.94560733911338 -3.1893613817790105 1512.648385 1332.980527
55.94560733911338 -3.1893613817790105 SE 55.945395207079024 -3.1891492497446547 1512.648385 1331.730527
55.945395207079024 -3.1891492497446547 WNW 55.945510012108734 -3.189426413604408 1512.648385 1330.480527
55.945510012108734 -3.189426413604408 E 55.945510012108734 -3.189126413604408 1512.648385 1329.230527
55.945510012108734 -3.189126413604408 ESE 55.945395207079024 -3.1888492497446546 1512.648385 1327.980527
55.945395207079024 -3.1888492497446546 S 55.94509520707902 -3.1888492497446546 1512.648385 1326.730527
55.94509520707902 -3.1888492497446546 WSW 55.94498040204931 -3.189126413604408 1512.648385 1325.480527
55.94498040204931 -3.189126413604408 NNE 55.94525756590907 -3.1890116085746985 1512.648385 1324.230527
55.94525756590907 -3.1890116085746985 WSW 55.94514276087936 -3.189288772434452 1512.648385 1322.980527
55.94514276087936 -3.189288772434452 NNE 55.94541992473911 -3.1891739674047423 1512.648385 1321.730527
55.94541992473911 -3.1891739674047423 WNW 55.94553472976882 -3.1894511312644958 1512.648385 1320.480527
55.94553472976882 -3.1894511312644958 S 55.94523472976882 -3.1894511312644958 1512.648385 1319.230527
