55.944425 -3.188396 ENE 55.94453980502971 -3.1881188361402466 0.000000 248.750000
55.94453980502971 -3.1881188361402466 ENE 55.94465461005942 -3.187841672280493 0.000000 247.500000
55.94465461005942 -3.187841672280493 ENE 55.944769415089134 -3.18756450842074 0.000000 246.250000
55.944769415089134 -3.18756450842074 ENE 55.944884220118844 -3.1872873445609864 0.000000 245.000000
55.944884220118844 -3.1872873445609864 ENE 55.944999025148554 -3.187010180701233 49.270928 256.824749
55.944999025148554 -3.187010180701233 ENE 55.945113830178265 -3.1867330168414796 0.000000 131.704170
55.945113830178265 -3.1867330168414796 ENE 55.945228635207975 -3.186455852981726 0.000000 130.454170
55.945228635207975 -3.186455852981726 ENE 55.945343440237686 -3.1861786891219728 0.000000 129.204170
55.945343440237686 -3.1861786891219728 ENE 55.945458245267396 -3.1859015252622194 0.000000 127.954170
55.945458245267396 -3.1859015252622194 S 55.94515824526739 -3.1859015252622194 113.887452 161.557950
55.94515824526739 -3.1859015252622194 S 55.94485824526739 -3.1859015252622194 220.206845 177.434411
55.94485824526739 -3.1859015252622194 S 55.94455824526739 -3.1859015252622194 235.925669 269.476424
55.94455824526739 -3.1859015252622194 SSE 55.94428108140763 -3.18578672023251 235.925669 268.226424
55.94428108140763 -3.18578672023251 S 55.94398108140763 -3.18578672023251 235.925669 266.976424
55.94398108140763 -3.18578672023251 SSE 55.94370391754787 -3.1856719152028004 235.925669 265.726424
55.94370391754787 -3.1856719152028004 S 55.94340391754787 -3.1856719152028004 313.140754 273.632146
55.94340391754787 -3.1856719152028004 SSE 55.94312675368811 -3.185557110173091 313.140754 272.382146
55.94312675368811 -3.185557110173091 NNE 55.94340391754787 -3.1854423051433813 348.280399 331.473396
55.94340391754787 -3.1854423051433813 NNE 55.943681081407625 -3.185327500113672 348.280399 330.223396
55.943681081407625 -3.185327500113672 NNE 55.94395824526738 -3.1852126950839623 348.280399 328.973396
55.94395824526738 -3.1852126950839623 NNE 55.94423540912714 -3.185097890054253 348.280399 327.723396
55.94423540912714 -3.185097890054253 NNE 55.944512572986895 -3.1849830850245433 348.280399 326.473396
55.944512572986895 -3.1849830850245433 NNE 55.94478973684665 -3.184868279994834 348.280399 325.223396
55.94478973684665 -3.184868279994834 NNE 55.94506690070641 -3.1847534749651243 348.280399 323.973396
55.94506690070641 -3.1847534749651243 W 55.94506690070641 -3.1850534749651245 381.073260 409.833400
55.94506690070641 -3.1850534749651245 W 55.94506690070641 -3.1853534749651247 330.965659 290.053746
55.94506690070641 -3.1853534749651247 W 55.94506690070641 -3.185653474965125 330.965659 288.803746
55.94506690070641 -3.185653474965125 W 55.94506690070641 -3.185953474965125 330.965659 287.553746
55.94506690070641 -3.185953474965125 W 55.94506690070641 -3.1862534749651252 330.965659 286.303746
55.94506690070641 -3.1862534749651252 W 55.94506690070641 -3.1865534749651254 330.965659 285.053746
55.94506690070641 -3.1865534749651254 W 55.94506690070641 -3.1868534749651256 330.965659 283.803746
55.94506690070641 -3.1868534749651256 WSW 55.9449520956767 -3.187130638824879 276.223301 282.553746
55.9449520956767 -3.187130638824879 W 55.9449520956767 -3.187430638824879 276.223301 281.303746
55.9449520956767 -3.187430638824879 WSW 55.94483729064699 -3.1877078026846326 276.223301 280.053746
55.94483729064699 -3.1877078026846326 W 55.94483729064699 -3.188007802684633 276.223301 278.803746
55.94483729064699 -3.188007802684633 WSW 55.94472248561728 -3.188284966544386 276.223301 277.553746
55.94472248561728 -3.188284966544386 W 55.94472248561728 -3.1885849665443864 276.223301 276.303746
55.94472248561728 -3.1885849665443864 WSW 55.944607680587566 -3.18886213040414 243.088151 200.604328
55.944607680587566 -3.18886213040414 W 55.944607680587566 -3.18916213040414 243.088151 199.354328
55.944607680587566 -3.18916213040414 WSW 55.944492875557856 -3.1894392942638934 243.088151 198.104328
55.944492875557856 -3.1894392942638934 W 55.944492875557856 -3.1897392942638936 243.088151 196.854328
55.944492875557856 -3.1897392942638936 WSW 55.944378070528145 -3.190016458123647 339.170226 230.189414
55.944378070528145 -3.190016458123647 W 55.944378070528145 -3.190316458123647 349.947728 290.681636
55.944378070528145 -3.190316458123647 WSW 55.944263265498435 -3.1905936219834006 349.947728 289.431636
55.944263265498435 -3.1905936219834006 W 55.944263265498435 -3.1908936219834008 349.947728 288.181636
55.944263265498435 -3.1908936219834008 WSW 55.944148460468725 -3.191170785843154 349.947728 286.931636
55.944148460468725 -3.191170785843154 W 55.944148460468725 -3.1914707858431544 349.947728 285.681636
55.944148460468725 -3.1914707858431544 WSW 55.944033655439014 -3.1917479497029078 394.261768 290.045269
55.944033655439014 -3.1917479497029078 ESE 55.943918850409304 -3.1914707858431544 409.916975 329.558696
55.943918850409304 -3.1914707858431544 ESE 55.94380404537959 -3.191193621983401 409.916975 328.308696
55.94380404537959 -3.191193621983401 E 55.94380404537959 -3.1908936219834008 471.614486 348.423241
55.94380404537959 -3.1908936219834008 ESE 55.94368924034988 -3.1906164581236474 471.614486 347.173241
55.94368924034988 -3.1906164581236474 E 55.94368924034988 -3.190316458123647 471.614486 345.923241
55.94368924034988 -3.190316458123647 ESE 55.94357443532017 -3.1900392942638938 471.614486 344.673241
55.94357443532017 -3.1900392942638938 E 55.94357443532017 -3.1897392942638936 471.614486 343.423241
55.94357443532017 -3.1897392942638936 ESE 55.94345963029046 -3.18946213040414 471.614486 342.173241
55.94345963029046 -3.18946213040414 E 55.94345963029046 -3.18916213040414 471.614486 340.923241
55.94345963029046 -3.18916213040414 ENE 55.94357443532017 -3.1888849665443866 528.253047 423.335282
55.94357443532017 -3.1888849665443866 ENE 55.94368924034988 -3.188607802684633 528.253047 422.085282
55.94368924034988 -3.188607802684633 ENE 55.94380404537959 -3.1883306388248798 528.253047 420.835282
55.94380404537959 -3.1883306388248798 ENE 55.943918850409304 -3.1880534749651264 528.253047 419.585282
55.943918850409304 -3.1880534749651264 ENE 55.944033655439014 -3.187776311105373 601.622434 495.664119
55.944033655439014 -3.187776311105373 E 55.944033655439014 -3.1874763111053728 601.622434 494.414119
55.944033655439014 -3.1874763111053728 ENE 55.944148460468725 -3.1871991472456194 601.622434 493.164119
55.944148460468725 -3.1871991472456194 E 55.944148460468725 -3.186899147245619 601.622434 491.914119
55.944148460468725 -3.186899147245619 WNW 55.944263265498435 -3.1871763111053726 712.231403 562.075630
55.944263265498435 -3.1871763111053726 WNW 55.944378070528145 -3.187453474965126 712.231403 560.825630
55.944378070528145 -3.187453474965126 WNW 55.944492875557856 -3.1877306388248794 712.231403 559.575630
55.944492875557856 -3.1877306388248794 WNW 55.944607680587566 -3.188007802684633 712.231403 558.325630
55.944607680587566 -3.188007802684633 WNW 55.94472248561728 -3.188284966544386 712.231403 557.075630
55.94472248561728 -3.188284966544386 W 55.94472248561728 -3.1885849665443864 712.231403 555.825630
55.94472248561728 -3.1885849665443864 WNW 55.94483729064699 -3.18886213040414 712.231403 554.575630
55.94483729064699 -3.18886213040414 W 55.94483729064699 -3.18916213040414 712.231403 553.325630
55.94483729064699 -3.18916213040414 WNW 55.9449520956767 -3.1894392942638934 712.231403 552.075630
55.9449520956767 -3.1894392942638934 W 55.9449520956767 -3.1897392942638936 712.231403 550.825630
55.9449520956767 -3.1897392942638936 WNW 55.94506690070641 -3.190016458123647 712.231403 549.575630
55.94506690070641 -3.190016458123647 W 55.94506690070641 -3.190316458123647 712.231403 548.325630
55.94506690070641 -3.190316458123647 WNW 55.94518170573612 -3.1905936219834006 828.003784 633.132825
55.94518170573612 -3.1905936219834006 W 55.94518170573612 -3.1908936219834008 828.003784 631.882825
55.94518170573612 -3.1908936219834008 WNW 55.94529651076583 -3.191170785843154 828.003784 630.632825
55.94529651076583 -3.191170785843154 WSW 55.94518170573612 -3.1914479497029076 891.933711 747.262435
55.94518170573612 -3.1914479497029076 ENE 55.94529651076583 -3.191170785843154 891.933711 746.012435
55.94529651076583 -3.191170785843154 SSW 55.94501934690607 -3.1912855908728637 891.933711 744.762435
55.94501934690607 -3.1912855908728637 SW 55.944807214871716 -3.1914977229072194 891.933711 743.512435
55.944807214871716 -3.1914977229072194 SSW 55.94453005101196 -3.191612527936929 891.933711 742.262435
55.94453005101196 -3.191612527936929 W 55.94453005101196 -3.191912527936929 981.092457 843.803240
55.94453005101196 -3.191912527936929 E 55.94453005101196 -3.191612527936929 981.092457 842.553240
55.94453005101196 -3.191612527936929 ENE 55.94464485604167 -3.1913353640771756 981.092457 841.303240
55.94464485604167 -3.1913353640771756 ENE 55.94475966107138 -3.191058200217422 981.092457 840.053240
55.94475966107138 -3.191058200217422 ENE 55.94487446610109 -3.1907810363576687 981.092457 838.803240
55.94487446610109 -3.1907810363576687 ENE 55.9449892711308 -3.1905038724979153 981.092457 837.553240
55.9449892711308 -3.1905038724979153 ENE 55.94510407616051 -3.190226708638162 981.092457 836.303240
55.94510407616051 -3.190226708638162 ENE 55.94521888119022 -3.1899495447784085 981.092457 835.053240
55.94521888119022 -3.1899495447784085 ENE 55.94533368621993 -3.189672380918655 981.092457 833.803240
55.94533368621993 -3.189672380918655 ENE 55.94544849124964 -3.1893952170589017 981.092457 832.553240
55.94544849124964 -3.1893952170589017 ENE 55.94556329627935 -3.1891180531991483 981.092457 831.303240
55.94556329627935 -3.1891180531991483 ENE 55.94567810130906 -3.188840889339395 1061.722945 945.899717
55.94567810130906 -3.188840889339395 WSW 55.94556329627935 -3.1891180531991483 1083.616142 1045.638632
55.94556329627935 -3.1891180531991483 WSW 55.94544849124964 -3.1893952170589017 1083.616142 1044.388632
55.94544849124964 -3.1893952170589017 WSW 55.94533368621993 -3.189672380918655 1083.616142 1043.138632
55.94533368621993 -3.189672380918655 WSW 55.94521888119022 -3.1899495447784085 1083.616142 1041.888632
55.94521888119022 -3.1899495447784085 WSW 55.94510407616051 -3.190226708638162 1083.616142 1040.638632
55.94510407616051 -3.190226708638162 WSW 55.9449892711308 -3.1905038724979153 1083.616142 1039.388632
55.9449892711308 -3.1905038724979153 WSW 55.94487446610109 -3.1907810363576687 1083.616142 1038.138632
55.94487446610109 -3.1907810363576687 WSW 55.94475966107138 -3.191058200217422 1083.616142 1036.888632
55.94475966107138 -3.191058200217422 WSW 55.94464485604167 -3.1913353640771756 1083.616142 1035.638632
55.94464485604167 -3.1913353640771756 SW 55.944432724007314 -3.1915474961115313 1083.616142 1034.388632
55.944432724007314 -3.1915474961115313 E 55.944432724007314 -3.191247496111531 1175.710995 1038.233796
55.944432724007314 -3.191247496111531 ENE 55.944547529037024 -3.1909703322517777 1175.710995 1036.983796
55.944547529037024 -3.1909703322517777 E 55.944547529037024 -3.1906703322517775 1175.710995 1035.733796
55.944547529037024 -3.1906703322517775 ENE 55.944662334066734 -3.190393168392024 1175.710995 1034.483796
55.944662334066734 -3.190393168392024 WNW 55.944777139096445 -3.1906703322517775 1236.508720 1069.751904
55.944777139096445 -3.1906703322517775 WNW 55.944891944126155 -3.190947496111531 1236.508720 1068.501904
55.944891944126155 -3.190947496111531 WNW 55.945006749155866 -3.1912246599712843 1236.508720 1067.251904
55.945006749155866 -3.1912246599712843 WNW 55.945121554185576 -3.1915018238310378 1236.508720 1066.001904
55.945121554185576 -3.1915018238310378 W 55.945121554185576 -3.191801823831038 1236.508720 1064.751904
55.945121554185576 -3.191801823831038 WNW 55.945236359215286 -3.1920789876907913 1236.508720 1063.501904
55.945236359215286 -3.1920789876907913 W 55.945236359215286 -3.1923789876907915 1236.508720 1062.251904
55.945236359215286 -3.1923789876907915 ESE 55.945121554185576 -3.192101823831038 1321.934897 1099.015702
55.945121554185576 -3.192101823831038 ESE 55.945006749155866 -3.1918246599712847 1321.934897 1097.765702
55.945006749155866 -3.1918246599712847 ESE 55.944891944126155 -3.1915474961115313 1321.934897 1096.515702
55.944891944126155 -3.1915474961115313 ESE 55.944777139096445 -3.191270332251778 1321.934897 1095.265702
55.944777139096445 -3.191270332251778 E 55.944777139096445 -3.1909703322517777 1321.934897 1094.015702
55.944777139096445 -3.1909703322517777 ESE 55.944662334066734 -3.1906931683920243 1321.934897 1092.765702
55.944662334066734 -3.1906931683920243 E 55.944662334066734 -3.190393168392024 1321.934897 1091.515702
55.944662334066734 -3.190393168392024 ESE 55.944547529037024 -3.1901160045322707 1321.934897 1090.265702
55.944547529037024 -3.1901160045322707 E 55.944547529037024 -3.1898160045322705 1321.934897 1089.015702
55.944547529037024 -3.1898160045322705 ESE 55.944432724007314 -3.189538840672517 1321.934897 1087.765702
55.944432724007314 -3.189538840672517 E 55.944432724007314 -3.189238840672517 1321.934897 1086.515702
55.944432724007314 -3.189238840672517 ESE 55.9443179189776 -3.1889616768127635 1321.934897 1085.265702
55.9443179189776 -3.1889616768127635 E 55.9443179189776 -3.1886616768127634 1298.107175 1060.119767
55.9443179189776 -3.1886616768127634 ESE 55.94420311394789 -3.18838451295301 1298.107175 1058.869767
55.94420311394789 -3.18838451295301 E 55.94420311394789 -3.1880845129530098 1298.107175 1057.619767
55.94420311394789 -3.1880845129530098 ESE 55.94408830891818 -3.1878073490932564 1272.164766 1046.201285
55.94408830891818 -3.1878073490932564 E 55.94408830891818 -3.187507349093256 1272.164766 1044.951285
55.94408830891818 -3.187507349093256 ESE 55.94397350388847 -3.1872301852335028 1272.164766 1043.701285
55.94397350388847 -3.1872301852335028 E 55.94397350388847 -3.1869301852335026 1272.164766 1042.451285
55.94397350388847 -3.1869301852335026 ESE 55.94385869885876 -3.186653021373749 1272.164766 1041.201285
55.94385869885876 -3.186653021373749 E 55.94385869885876 -3.186353021373749 1303.826469 1119.522651
55.94385869885876 -3.186353021373749 NE 55.94407083089312 -3.186140889339393 1303.826469 1118.272651
55.94407083089312 -3.186140889339393 NE 55.944282962927474 -3.1859287573050374 1303.826469 1117.022651
55.944282962927474 -3.1859287573050374 NE 55.94449509496183 -3.1857166252706817 1303.826469 1115.772651
55.94449509496183 -3.1857166252706817 NE 55.94470722699619 -3.185504493236326 1303.826469 1114.522651
55.94470722699619 -3.185504493236326 NE 55.94491935903054 -3.18529236120197 1303.826469 1113.272651
55.94491935903054 -3.18529236120197 NE 55.9451314910649 -3.1850802291676144 1303.826469 1112.022651
55.9451314910649 -3.1850802291676144 NE 55.945343623099255 -3.1848680971332586 1303.826469 1110.772651
55.945343623099255 -3.1848680971332586 NE 55.94555575513361 -3.184655965098903 1303.826469 1109.522651
55.94555575513361 -3.184655965098903 NE 55.94576788716797 -3.184443833064547 1303.826469 1108.272651
55.94576788716797 -3.184443833064547 WSW 55.94565308213826 -3.1847209969243004 1373.284983 1223.107047
55.94565308213826 -3.1847209969243004 WSW 55.94553827710855 -3.184998160784054 1373.284983 1221.857047
55.94553827710855 -3.184998160784054 WSW 55.945423472078836 -3.1852753246438072 1373.284983 1220.607047
55.945423472078836 -3.1852753246438072 WSW 55.945308667049126 -3.1855524885035607 1373.284983 1219.357047
55.945308667049126 -3.1855524885035607 WSW 55.945193862019416 -3.185829652363314 1373.284983 1218.107047
55.945193862019416 -3.185829652363314 WSW 55.945079056989705 -3.1861068162230675 1373.284983 1216.857047
55.945079056989705 -3.1861068162230675 WSW 55.944964251959995 -3.186383980082821 1373.284983 1215.607047
55.944964251959995 -3.186383980082821 WSW 55.944849446930284 -3.1866611439425743 1373.284983 1214.357047
55.944849446930284 -3.1866611439425743 WSW 55.944734641900574 -3.1869383078023277 1373.284983 1213.107047
55.944734641900574 -3.1869383078023277 WSW 55.944619836870864 -3.187215471662081 1373.284983 1211.857047
55.944619836870864 -3.187215471662081 WSW 55.94450503184115 -3.1874926355218345 1373.284983 1210.607047
55.94450503184115 -3.1874926355218345 WSW 55.94439022681144 -3.187769799381588 1373.284983 1209.357047
55.94439022681144 -3.187769799381588 WSW 55.94427542178173 -3.1880469632413413 1373.284983 1208.107047
55.94427542178173 -3.1880469632413413 WSW 55.94416061675202 -3.1883241271010947 1373.284983 1206.857047
55.94416061675202 -3.1883241271010947 WSW 55.94404581172231 -3.188601290960848 1373.284983 1205.607047
55.94404581172231 -3.188601290960848 WSW 55.9439310066926 -3.1888784548206015 1373.284983 1204.357047
55.9439310066926 -3.1888784548206015 WSW 55.94381620166289 -3.189155618680355 1373.284983 1203.107047
55.94381620166289 -3.189155618680355 WSW 55.94370139663318 -3.1894327825401083 1373.284983 1201.857047
55.94370139663318 -3.1894327825401083 WSW 55.94358659160347 -3.1897099463998617 1373.284983 1200.607047
55.94358659160347 -3.1897099463998617 WSW 55.94347178657376 -3.189987110259615 1373.284983 1199.357047
55.94347178657376 -3.189987110259615 SW 55.9432596545394 -3.190199242293971 1373.284983 1198.107047
55.9432596545394 -3.190199242293971 WSW 55.94314484950969 -3.1904764061537243 1373.284983 1196.857047
55.94314484950969 -3.1904764061537243 SW 55.94293271747534 -3.19068853818808 1373.284983 1195.607047
55.94293271747534 -3.19068853818808 WSW 55.942817912445626 -3.1909657020478335 1373.284983 1194.357047
55.942817912445626 -3.1909657020478335 NE 55.94303004447998 -3.1907535700134777 1450.940401 1276.598926
55.94303004447998 -3.1907535700134777 NE 55.94324217651434 -3.190541437979122 1450.940401 1275.348926
55.94324217651434 -3.190541437979122 NE 55.943454308548695 -3.190329305944766 1450.940401 1274.098926
55.943454308548695 -3.190329305944766 NE 55.94366644058305 -3.1901171739104104 1450.940401 1272.848926
55.94366644058305 -3.1901171739104104 NE 55.94387857261741 -3.1899050418760546 1450.940401 1271.598926
55.94387857261741 -3.1899050418760546 NE 55.944090704651764 -3.189692909841699 1450.940401 1270.348926
55.944090704651764 -3.189692909841699 NE 55.94430283668612 -3.189480777807343 1450.940401 1269.098926
55.94430283668612 -3.189480777807343 NE 55.944514968720476 -3.1892686457729873 1450.940401 1267.848926
55.944514968720476 -3.1892686457729873 NE 55.94472710075483 -3.1890565137386315 1450.940401 1266.598926
55.94472710075483 -3.1890565137386315 NE 55.94493923278919 -3.1888443817042758 1450.940401 1265.348926
55.94493923278919 -3.1888443817042758 ENE 55.9450540378189 -3.1885672178445224 1450.940401 1264.098926
55.9450540378189 -3.1885672178445224 NE 55.945266169853255 -3.1883550858101666 1450.940401 1262.848926
55.945266169853255 -3.1883550858101666 ENE 55.945380974882966 -3.188077921950413 1450.940401 1261.598926
55.945380974882966 -3.188077921950413 NE 55.94559310691732 -3.1878657899160574 1450.940401 1260.348926
55.94559310691732 -3.1878657899160574 ENE 55.94570791194703 -3.187588626056304 1450.940401 1259.098926
55.94570791194703 -3.187588626056304 SW 55.945495779912676 -3.1878007580906598 1461.774384 1340.418017
55.945495779912676 -3.1878007580906598 SW 55.94528364787832 -3.1880128901250155 1461.774384 1339.168017
55.94528364787832 -3.1880128901250155 SW 55.94507151584396 -3.1882250221593713 1461.774384 1337.918017
55.94507151584396 -3.1882250221593713 SW 55.94485938380961 -3.188437154193727 1461.774384 1336.668017
55.94485938380961 -3.188437154193727 SSW 55.94458221994985 -3.1885519592234366 1461.774384 1335.418017
55.94458221994985 -3.1885519592234366 SW 55.944370087915495 -3.1887640912577924 1461.774384 1334.168017
55.944370087915495 -3.1887640912577924 SSW 55.94409292405574 -3.188878896287502 1461.774384 1332.918017
55.94409292405574 -3.188878896287502 SW 55.94388079202138 -3.1890910283218576 1461.774384 1331.668017
55.94388079202138 -3.1890910283218576 SSW 55.943603628161625 -3.189205833351567 1461.774384 1330.418017
55.943603628161625 -3.189205833351567 SW 55.94339149612727 -3.189417965385923 1461.774384 1329.168017
55.94339149612727 -3.189417965385923 SSW 55.94311433226751 -3.1895327704156324 1461.774384 1327.918017
55.94311433226751 -3.1895327704156324 SW 55.942902200233156 -3.189744902449988 1461.774384 1326.668017
55.942902200233156 -3.189744902449988 SSW 55.9426250363734 -3.1898597074796977 1461.774384 1325.418017
55.9426250363734 -3.1898597074796977 N 55.9429250363734 -3.1898597074796977 1511.212817 1394.000740
55.9429250363734 -3.1898597074796977 S 55.9426250363734 -3.1898597074796977 1465.817356 1378.054118
55.9426250363734 -3.1898597074796977 ENE 55.94273984140311 -3.1895825436199443 1465.817356 1376.804118
55.94273984140311 -3.1895825436199443 ENE 55.94285464643282 -3.189305379760191 1465.817356 1375.554118
55.94285464643282 -3.189305379760191 ENE 55.94296945146253 -3.1890282159004375 1465.817356 1374.304118
55.94296945146253 -3.1890282159004375 ENE 55.94308425649224 -3.188751052040684 1465.817356 1373.054118
55.94308425649224 -3.188751052040684 ENE 55.94319906152195 -3.1884738881809307 1465.817356 1371.804118
55.94319906152195 -3.1884738881809307 E 55.94319906152195 -3.1881738881809305 1465.817356 1370.554118
55.94319906152195 -3.1881738881809305 ENE 55.94331386655166 -3.187896724321177 1465.817356 1369.304118
55.94331386655166 -3.187896724321177 E 55.94331386655166 -3.187596724321177 1465.817356 1368.054118
55.94331386655166 -3.187596724321177 ENE 55.94342867158137 -3.1873195604614235 1465.817356 1366.804118
55.94342867158137 -3.1873195604614235 E 55.94342867158137 -3.1870195604614233 1460.990752 1306.510845
55.94342867158137 -3.1870195604614233 ENE 55.94354347661108 -3.18674239660167 1460.990752 1305.260845
55.94354347661108 -3.18674239660167 E 55.94354347661108 -3.1864423966016697 1460.990752 1304.010845
55.94354347661108 -3.1864423966016697 ENE 55.94365828164079 -3.1861652327419163 1460.990752 1302.760845
55.94365828164079 -3.1861652327419163 E 55.94365828164079 -3.185865232741916 1460.990752 1301.510845
55.94365828164079 -3.185865232741916 ENE 55.943773086670504 -3.1855880688821627 1460.990752 1300.260845
55.943773086670504 -3.1855880688821627 E 55.943773086670504 -3.1852880688821625 1460.990752 1299.010845
55.943773086670504 -3.1852880688821625 ENE 55.943887891700214 -3.185010905022409 1460.990752 1297.760845
55.943887891700214 -3.185010905022409 E 55.943887891700214 -3.184710905022409 1460.990752 1296.510845
55.943887891700214 -3.184710905022409 ENE 55.944002696729925 -3.1844337411626555 1546.866549 1371.275561
55.944002696729925 -3.1844337411626555 W 55.944002696729925 -3.1847337411626557 1546.866549 1370.025561
55.944002696729925 -3.1847337411626557 W 55.944002696729925 -3.185033741162656 1546.866549 1368.775561
55.944002696729925 -3.185033741162656 W 55.944002696729925 -3.185333741162656 1546.866549 1367.525561
55.944002696729925 -3.185333741162656 W 55.944002696729925 -3.1856337411626563 1546.866549 1366.275561
55.944002696729925 -3.1856337411626563 W 55.944002696729925 -3.1859337411626565 1546.866549 1365.025561
55.944002696729925 -3.1859337411626565 W 55.944002696729925 -3.1862337411626567 1546.866549 1363.775561
55.944002696729925 -3.1862337411626567 W 55.944002696729925 -3.186533741162657 1546.866549 1362.525561
55.944002696729925 -3.186533741162657 W 55.944002696729925 -3.186833741162657 1546.866549 1361.275561
55.944002696729925 -3.186833741162657 W 55.944002696729925 -3.1871337411626572 1546.866549 1360.025561
55.944002696729925 -3.1871337411626572 W 55.944002696729925 -3.1874337411626574 1546.866549 1358.775561
55.944002696729925 -3.1874337411626574 W 55.944002696729925 -3.1877337411626576 1546.866549 1357.525561
55.944002696729925 -3.1877337411626576 W 55.944002696729925 -3.188033741162658 1546.866549 1356.275561
55.944002696729925 -3.188033741162658 W 55.944002696729925 -3.188333741162658 1546.866549 1355.025561
55.944002696729925 -3.188333741162658 W 55.944002696729925 -3.188633741162658 1546.866549 1353.775561
55.944002696729925 -3.188633741162658 W 55.944002696729925 -3.1889337411626584 1546.866549 1352.525561
55.944002696729925 -3.1889337411626584 W 55.944002696729925 -3.1892337411626586 1546.866549 1351.275561
55.944002696729925 -3.1892337411626586 W 55.944002696729925 -3.1895337411626588 1546.866549 1350.025561
55.944002696729925 -3.1895337411626588 W 55.944002696729925 -3.189833741162659 1546.866549 1348.775561
55.944002696729925 -3.189833741162659 W 55.944002696729925 -3.190133741162659 1546.866549 1347.525561
55.944002696729925 -3.190133741162659 W 55.944002696729925 -3.1904337411626593 1546.866549 1346.275561
55.944002696729925 -3.1904337411626593 NW 55.94421482876428 -3.190645873197015 1569.160663 1356.084125
55.94421482876428 -3.190645873197015 SE 55.944002696729925 -3.1904337411626593 1569.160663 1354.834125
55.944002696729925 -3.1904337411626593 WSW 55.943887891700214 -3.1907109050224127 1569.160663 1353.584125
55.943887891700214 -3.1907109050224127 S 55.94358789170021 -3.1907109050224127 1569.160663 1352.334125
55.94358789170021 -3.1907109050224127 N 55.943887891700214 -3.1907109050224127 1569.160663 1351.084125
55.943887891700214 -3.1907109050224127 NNE 55.94416505555997 -3.190596099992703 1569.160663 1349.834125
55.94416505555997 -3.190596099992703 NW 55.94437718759433 -3.190808232027059 1569.160663 1348.584125
55.94437718759433 -3.190808232027059 ENE 55.94449199262404 -3.1905310681673056 1569.160663 1347.334125
55.94449199262404 -3.1905310681673056 NE 55.944704124658394 -3.19031893613295 1569.160663 1346.084125
