55.944425 -3.188396 ENE 55.94453980502971 -3.1881188361402466 0.000000 248.750000
55.94453980502971 -3.1881188361402466 ENE 55.94465461005942 -3.187841672280493 0.000000 247.500000
55.94465461005942 -3.187841672280493 ENE 55.944769415089134 -3.18756450842074 0.000000 246.250000
55.944769415089134 -3.18756450842074 ENE 55.944884220118844 -3.1872873445609864 0.000000 245.000000
55.944884220118844 -3.1872873445609864 ENE 55.944999025148554 -3.187010180701233 49.270928 256.824749
55.944999025148554 -3.187010180701233 ENE 55.945113830178265 -3.1867330168414796 0.000000 131.704170
55.945113830178265 -3.1867330168414796 ENE 55.945228635207975 -3.186455852981726 0.000000 130.454170
55.945228635207975 -3.186455852981726 ENE 55.945343440237686 -3.1861786891219728 0.000000 129.204170
55.945343440237686 -3.1861786891219728 ENE 55.945458245267396 -3.1859015252622194 0.000000 127.954170
55.945458245267396 -3.1859015252622194 S 55.94515824526739 -3.1859015252622194 113.887452 161.557950
55.94515824526739 -3.1859015252622194 S 55.94485824526739 -3.1859015252622194 220.206845 177.434411
55.94485824526739 -3.1859015252622194 S 55.94455824526739 -3.1859015252622194 235.925669 269.476424
55.94455824526739 -3.1859015252622194 SSE 55.94428108140763 -3.18578672023251 235.925669 268.226424
55.94428108140763 -3.18578672023251 S 55.94398108140763 -3.18578672023251 235.925669 266.976424
55.94398108140763 -3.18578672023251 SSE 55.94370391754787 -3.1856719152028004 235.925669 265.726424
55.94370391754787 -3.1856719152028004 S 55.94340391754787 -3.1856719152028004 313.140754 273.632146
55.94340391754787 -3.1856719152028004 SSE 55.94312675368811 -3.185557110173091 313.140754 272.382146
55.94312675368811 -3.185557110173091 NW 55.94333888572247 -3.1857692422074466 348.280399 331.473396
55.94333888572247 -3.1857692422074466 NW 55.943551017756825 -3.1859813742418024 348.280399 330.223396
55.943551017756825 -3.1859813742418024 NW 55.94376314979118 -3.186193506276158 348.280399 328.973396
55.94376314979118 -3.186193506276158 NW 55.94397528182554 -3.186405638310514 379.942102 407.294762
55.94397528182554 -3.186405638310514 NW 55.94418741385989 -3.1866177703448697 379.942102 406.044762
55.94418741385989 -3.1866177703448697 NNW 55.94446457771965 -3.186732575374579 490.551071 476.206273
55.94446457771965 -3.186732575374579 NW 55.944676709754006 -3.186944707408935 486.104222 370.707341
55.944676709754006 -3.186944707408935 NNW 55.94495387361376 -3.1870595124386445 486.104222 369.457341
55.94495387361376 -3.1870595124386445 NW 55.94516600564812 -3.1872716444730003 431.361864 368.207341
55.94516600564812 -3.1872716444730003 NNW 55.945443169507875 -3.1873864495027098 431.361864 366.957341
55.945443169507875 -3.1873864495027098 NW 55.94565530154223 -3.1875985815370655 431.361864 365.707341
55.94565530154223 -3.1875985815370655 SSE 55.945378137682475 -3.187483776507356 442.195847 447.026431
55.945378137682475 -3.187483776507356 S 55.94507813768247 -3.187483776507356 442.195847 445.776431
55.94507813768247 -3.187483776507356 SSE 55.944800973822716 -3.1873689714776465 442.195847 444.526431
55.944800973822716 -3.1873689714776465 S 55.94450097382271 -3.1873689714776465 442.195847 443.276431
55.94450097382271 -3.1873689714776465 SSE 55.944223809962956 -3.187254166447937 442.195847 442.026431
55.944223809962956 -3.187254166447937 S 55.94392380996295 -3.187254166447937 442.195847 440.776431
55.94392380996295 -3.187254166447937 SSE 55.9436466461032 -3.1871393614182275 442.195847 439.526431
55.9436466461032 -3.1871393614182275 S 55.943346646103194 -3.1871393614182275 437.369243 379.233158
55.943346646103194 -3.1871393614182275 SSE 55.94306948224344 -3.187024556388518 437.369243 377.983158
55.94306948224344 -3.187024556388518 S 55.942769482243435 -3.187024556388518 437.369243 376.733158
55.942769482243435 -3.187024556388518 NNW 55.94304664610319 -3.1871393614182275 461.395898 492.579884
55.94304664610319 -3.1871393614182275 NNW 55.94332380996295 -3.187254166447937 461.395898 491.329884
55.94332380996295 -3.187254166447937 NW 55.943535941997304 -3.187466298482293 461.395898 490.079884
55.943535941997304 -3.187466298482293 NNW 55.94381310585706 -3.1875811035120023 461.395898 488.829884
55.94381310585706 -3.1875811035120023 NW 55.94402523789142 -3.187793235546358 461.395898 487.579884
55.94402523789142 -3.187793235546358 NNW 55.94430240175117 -3.1879080405760676 461.395898 486.329884
55.94430240175117 -3.1879080405760676 NW 55.94451453378553 -3.1881201726104234 435.453489 474.911402
55.94451453378553 -3.1881201726104234 NNW 55.944791697645286 -3.188234977640133 435.453489 473.661402
55.944791697645286 -3.188234977640133 NW 55.94500382967964 -3.1884471096744886 435.453489 472.411402
55.94500382967964 -3.1884471096744886 NNW 55.9452809935394 -3.188561914704198 435.453489 471.161402
55.9452809935394 -3.188561914704198 NW 55.945493125573755 -3.188774046738554 435.453489 469.911402
55.945493125573755 -3.188774046738554 SSE 55.945215961714 -3.1886592417088444 457.346686 569.650316
55.945215961714 -3.1886592417088444 SSE 55.94493879785424 -3.188544436679135 457.346686 568.400316
55.94493879785424 -3.188544436679135 SSE 55.944661633994485 -3.1884296316494254 424.211537 492.700898
55.944661633994485 -3.1884296316494254 SSE 55.94438447013473 -3.188314826619716 424.211537 491.450898
55.94438447013473 -3.188314826619716 SSE 55.94410730627497 -3.1882000215900064 424.211537 490.200898
55.94410730627497 -3.1882000215900064 ENE 55.94422211130468 -3.187922857730253 497.580924 566.279735
55.94422211130468 -3.187922857730253 ENE 55.94433691633439 -3.1876456938704996 497.580924 565.029735
55.94433691633439 -3.1876456938704996 ENE 55.9444517213641 -3.187368530010746 497.580924 563.779735
55.9444517213641 -3.187368530010746 ENE 55.944566526393814 -3.1870913661509928 497.580924 562.529735
55.944566526393814 -3.1870913661509928 ENE 55.944681331423524 -3.1868142022912394 497.580924 561.279735
55.944681331423524 -3.1868142022912394 ENE 55.944796136453235 -3.186537038431486 497.580924 560.029735
55.944796136453235 -3.186537038431486 ENE 55.944910941482945 -3.1862598745717325 497.580924 558.779735
55.944910941482945 -3.1862598745717325 ENE 55.945025746512655 -3.185982710711979 497.580924 557.529735
55.945025746512655 -3.185982710711979 ENE 55.945140551542366 -3.1857055468522257 497.580924 556.279735
55.945140551542366 -3.1857055468522257 ENE 55.945255356572076 -3.1854283829924723 497.580924 555.029735
55.945255356572076 -3.1854283829924723 ENE 55.94537016160179 -3.185151219132719 497.580924 553.779735
55.94537016160179 -3.185151219132719 ENE 55.9454849666315 -3.1848740552729655 447.473322 434.000082
55.9454849666315 -3.1848740552729655 NE 55.94569709866585 -3.1846619232386097 447.473322 432.750082
55.94569709866585 -3.1846619232386097 ENE 55.945811903695564 -3.1843847593788563 447.473322 431.500082
55.945811903695564 -3.1843847593788563 W 55.945811903695564 -3.1846847593788565 516.931836 546.334478
55.945811903695564 -3.1846847593788565 W 55.945811903695564 -3.1849847593788567 516.931836 545.084478
55.945811903695564 -3.1849847593788567 W 55.945811903695564 -3.185284759378857 516.931836 543.834478
55.945811903695564 -3.185284759378857 W 55.945811903695564 -3.185584759378857 516.931836 542.584478
55.945811903695564 -3.185584759378857 W 55.945811903695564 -3.1858847593788573 516.931836 541.334478
55.945811903695564 -3.1858847593788573 W 55.945811903695564 -3.1861847593788575 436.624638 454.353881
55.945811903695564 -3.1861847593788575 W 55.945811903695564 -3.1864847593788577 436.388910 351.278347
55.945811903695564 -3.1864847593788577 W 55.945811903695564 -3.186784759378858 436.388910 350.028347
55.945811903695564 -3.186784759378858 W 55.945811903695564 -3.187084759378858 436.388910 348.778347
55.945811903695564 -3.187084759378858 W 55.945811903695564 -3.1873847593788582 436.388910 347.528347
55.945811903695564 -3.1873847593788582 W 55.945811903695564 -3.1876847593788584 436.388910 346.278347
55.945811903695564 -3.1876847593788584 WSW 55.94569709866585 -3.187961923238612 436.388910 345.028347
55.94569709866585 -3.187961923238612 W 55.94569709866585 -3.188261923238612 436.388910 343.778347
55.94569709866585 -3.188261923238612 WSW 55.94558229363614 -3.1885390870983654 436.388910 342.528347
55.94558229363614 -3.1885390870983654 W 55.94558229363614 -3.1888390870983656 436.388910 341.278347
55.94558229363614 -3.1888390870983656 WSW 55.94546748860643 -3.189116250958119 436.388910 340.028347
55.94546748860643 -3.189116250958119 W 55.94546748860643 -3.189416250958119 517.019398 454.624825
55.94546748860643 -3.189416250958119 WSW 55.94535268357672 -3.1896934148178726 517.019398 453.374825
55.94535268357672 -3.1896934148178726 W 55.94535268357672 -3.189993414817873 517.019398 452.124825
55.94535268357672 -3.189993414817873 WSW 55.94523787854701 -3.190270578677626 517.019398 450.874825
55.94523787854701 -3.190270578677626 E 55.94523787854701 -3.189970578677626 632.791779 535.682020
55.94523787854701 -3.189970578677626 E 55.94523787854701 -3.189670578677626 632.791779 534.432020
55.94523787854701 -3.189670578677626 E 55.94523787854701 -3.1893705786776256 632.791779 533.182020
55.94523787854701 -3.1893705786776256 E 55.94523787854701 -3.1890705786776254 632.791779 531.932020
55.94523787854701 -3.1890705786776254 E 55.94523787854701 -3.1887705786776253 632.791779 530.682020
55.94523787854701 -3.1887705786776253 E 55.94523787854701 -3.188470578677625 632.791779 529.432020
55.94523787854701 -3.188470578677625 E 55.94523787854701 -3.188170578677625 632.791779 528.182020
55.94523787854701 -3.188170578677625 E 55.94523787854701 -3.1878705786776247 632.791779 526.932020
55.94523787854701 -3.1878705786776247 E 55.94523787854701 -3.1875705786776245 632.791779 525.682020
55.94523787854701 -3.1875705786776245 E 55.94523787854701 -3.1872705786776243 632.791779 524.432020
55.94523787854701 -3.1872705786776243 E 55.94523787854701 -3.186970578677624 632.791779 523.182020
55.94523787854701 -3.186970578677624 E 55.94523787854701 -3.186670578677624 632.791779 521.932020
55.94523787854701 -3.186670578677624 E 55.94523787854701 -3.1863705786776237 632.791779 520.682020
55.94523787854701 -3.1863705786776237 E 55.94523787854701 -3.1860705786776236 632.791779 519.432020
55.94523787854701 -3.1860705786776236 E 55.94523787854701 -3.1857705786776234 632.791779 518.182020
55.94523787854701 -3.1857705786776234 E 55.94523787854701 -3.185470578677623 632.791779 516.932020
55.94523787854701 -3.185470578677623 ESE 55.9451230735173 -3.1851934148178698 632.791779 515.682020
55.9451230735173 -3.1851934148178698 E 55.9451230735173 -3.1848934148178696 632.791779 514.432020
55.9451230735173 -3.1848934148178696 W 55.9451230735173 -3.1851934148178698 665.584641 600.292023
55.9451230735173 -3.1851934148178698 W 55.9451230735173 -3.18549341481787 665.584641 599.042023
55.9451230735173 -3.18549341481787 W 55.9451230735173 -3.18579341481787 665.584641 597.792023
55.9451230735173 -3.18579341481787 W 55.9451230735173 -3.1860934148178703 665.584641 596.542023
55.9451230735173 -3.1860934148178703 W 55.9451230735173 -3.1863934148178705 665.584641 595.292023
55.9451230735173 -3.1863934148178705 W 55.9451230735173 -3.1866934148178707 665.584641 594.042023
55.9451230735173 -3.1866934148178707 W 55.9451230735173 -3.186993414817871 665.584641 592.792023
55.9451230735173 -3.186993414817871 W 55.9451230735173 -3.187293414817871 665.584641 591.542023
55.9451230735173 -3.187293414817871 W 55.9451230735173 -3.1875934148178713 665.584641 590.292023
55.9451230735173 -3.1875934148178713 WSW 55.94500826848759 -3.1878705786776247 665.584641 589.042023
55.94500826848759 -3.1878705786776247 W 55.94500826848759 -3.188170578677625 665.584641 587.792023
55.94500826848759 -3.188170578677625 WSW 55.94489346345788 -3.1884477425373783 665.584641 586.542023
55.94489346345788 -3.1884477425373783 W 55.94489346345788 -3.1887477425373785 665.584641 585.292023
55.94489346345788 -3.1887477425373785 WSW 55.94477865842817 -3.189024906397132 665.584641 584.042023
55.94477865842817 -3.189024906397132 W 55.94477865842817 -3.189324906397132 665.584641 582.792023
55.94477865842817 -3.189324906397132 WSW 55.94466385339846 -3.1896020702568855 665.584641 581.542023
55.94466385339846 -3.1896020702568855 SW 55.9444517213641 -3.1898142022912412 761.666715 614.877109
55.9444517213641 -3.1898142022912412 SW 55.94423958932975 -3.190026334325597 772.444217 675.369331
55.94423958932975 -3.190026334325597 SW 55.94402745729539 -3.190238466359953 772.444217 674.119331
55.94402745729539 -3.190238466359953 SSW 55.943750293435635 -3.1903532713896623 794.738331 683.927894
55.943750293435635 -3.1903532713896623 SW 55.94353816140128 -3.190565403424018 794.738331 682.677894
55.94353816140128 -3.190565403424018 SSW 55.94326099754152 -3.1906802084537276 794.738331 681.427894
55.94326099754152 -3.1906802084537276 SW 55.943048865507166 -3.1908923404880833 794.738331 680.177894
55.943048865507166 -3.1908923404880833 SSW 55.94277170164741 -3.191007145517793 794.738331 678.927894
55.94277170164741 -3.191007145517793 NNE 55.943048865507166 -3.1908923404880833 872.393749 761.169774
55.943048865507166 -3.1908923404880833 NNE 55.94332602936692 -3.190777535458374 872.393749 759.919774
55.94332602936692 -3.190777535458374 NNE 55.94360319322668 -3.1906627304286643 872.393749 758.669774
55.94360319322668 -3.1906627304286643 NNE 55.943880357086435 -3.190547925398955 872.393749 757.419774
55.943880357086435 -3.190547925398955 NNE 55.94415752094619 -3.1904331203692453 872.393749 756.169774
55.94415752094619 -3.1904331203692453 NNE 55.94443468480595 -3.190318315339536 872.393749 754.919774
55.94443468480595 -3.190318315339536 WSW 55.94431987977624 -3.190595479199289 933.191474 790.187882
55.94431987977624 -3.190595479199289 WSW 55.94420507474653 -3.1908726430590426 933.191474 788.937882
55.94420507474653 -3.1908726430590426 WSW 55.94409026971682 -3.191149806918796 933.191474 787.687882
55.94409026971682 -3.191149806918796 WSW 55.94397546468711 -3.1914269707785494 933.191474 786.437882
55.94397546468711 -3.1914269707785494 ESE 55.943860659657396 -3.191149806918796 977.505514 790.801516
55.943860659657396 -3.191149806918796 ESE 55.943745854627686 -3.1908726430590426 1039.203026 810.916060
55.943745854627686 -3.1908726430590426 E 55.943745854627686 -3.1905726430590424 1039.203026 809.666060
55.943745854627686 -3.1905726430590424 ESE 55.943631049597975 -3.190295479199289 1039.203026 808.416060
55.943631049597975 -3.190295479199289 E 55.943631049597975 -3.189995479199289 1039.203026 807.166060
55.943631049597975 -3.189995479199289 ESE 55.943516244568265 -3.1897183153395354 1039.203026 805.916060
55.943516244568265 -3.1897183153395354 E 55.943516244568265 -3.1894183153395352 1039.203026 804.666060
55.943516244568265 -3.1894183153395352 ESE 55.943401439538555 -3.189141151479782 1039.203026 803.416060
55.943401439538555 -3.189141151479782 WNW 55.943516244568265 -3.1894183153395352 1095.841586 885.828101
55.943516244568265 -3.1894183153395352 WNW 55.943631049597975 -3.1896954791992886 1095.841586 884.578101
55.943631049597975 -3.1896954791992886 WNW 55.943745854627686 -3.189972643059042 1095.841586 883.328101
55.943745854627686 -3.189972643059042 WNW 55.943860659657396 -3.1902498069187954 1095.841586 882.078101
55.943860659657396 -3.1902498069187954 WNW 55.94397546468711 -3.190526970778549 1095.841586 880.828101
55.94397546468711 -3.190526970778549 NW 55.94418759672146 -3.1907391028129046 1095.841586 879.578101
55.94418759672146 -3.1907391028129046 WNW 55.94430240175117 -3.191016266672658 1095.841586 878.328101
55.94430240175117 -3.191016266672658 NW 55.94451453378553 -3.191228398707014 1095.841586 877.078101
55.94451453378553 -3.191228398707014 WNW 55.94462933881524 -3.191505562566767 1095.841586 875.828101
55.94462933881524 -3.191505562566767 NW 55.944841470849596 -3.191717694601123 1187.936439 879.673265
55.944841470849596 -3.191717694601123 WNW 55.944956275879306 -3.1919948584608764 1187.936439 878.423265
55.944956275879306 -3.1919948584608764 NW 55.94516840791366 -3.192206990495232 1187.936439 877.173265
55.94516840791366 -3.192206990495232 WNW 55.94528321294337 -3.1924841543549856 1187.936439 875.923265
55.94528321294337 -3.1924841543549856 SSE 55.94500604908362 -3.192369349325276 1273.362616 912.687063
55.94500604908362 -3.192369349325276 SE 55.94479391704926 -3.1921572172909203 1273.362616 911.437063
55.94479391704926 -3.1921572172909203 SSE 55.944516753189504 -3.1920424122612108 1273.362616 910.187063
55.944516753189504 -3.1920424122612108 SE 55.94430462115515 -3.191830280226855 1273.362616 908.937063
55.94430462115515 -3.191830280226855 SSE 55.94402745729539 -3.1917154751971455 1273.362616 907.687063
55.94402745729539 -3.1917154751971455 SE 55.943815325261035 -3.1915033431627897 1289.017823 947.200490
55.943815325261035 -3.1915033431627897 SE 55.94360319322668 -3.191291211128434 1289.017823 945.950490
55.94360319322668 -3.191291211128434 ESE 55.94348838819697 -3.1910140472686805 1289.017823 944.700490
55.94348838819697 -3.1910140472686805 SE 55.94327625616261 -3.1908019152343248 1220.564846 939.500834
55.94327625616261 -3.1908019152343248 ESE 55.9431614511329 -3.1905247513745714 1220.564846 938.250834
55.9431614511329 -3.1905247513745714 SE 55.942949319098545 -3.1903126193402156 1220.564846 937.000834
55.942949319098545 -3.1903126193402156 ESE 55.942834514068835 -3.190035455480462 1220.564846 935.750834
55.942834514068835 -3.190035455480462 SE 55.94262238203448 -3.1898233234461064 1270.003279 1004.333557
55.94262238203448 -3.1898233234461064 NNW 55.942899545894235 -3.189938128475816 1270.003279 1003.083557
55.942899545894235 -3.189938128475816 NNW 55.94317670975399 -3.1900529335055254 1224.607818 987.136936
55.94317670975399 -3.1900529335055254 NNW 55.94345387361375 -3.190167738535235 1224.607818 985.886936
55.94345387361375 -3.190167738535235 NNW 55.943731037473505 -3.1902825435649445 1224.607818 984.636936
55.943731037473505 -3.1902825435649445 NNW 55.94400820133326 -3.190397348594654 1224.607818 983.386936
55.94400820133326 -3.190397348594654 NNW 55.94428536519302 -3.1905121536243635 1224.607818 982.136936
55.94428536519302 -3.1905121536243635 NNW 55.944562529052774 -3.190626958654073 1224.607818 980.886936
55.944562529052774 -3.190626958654073 NW 55.94477466108713 -3.1908390906884287 1224.607818 979.636936
55.94477466108713 -3.1908390906884287 NNW 55.94505182494689 -3.1909538957181383 1224.607818 978.386936
55.94505182494689 -3.1909538957181383 NW 55.94526395698124 -3.191166027752494 1224.607818 977.136936
55.94526395698124 -3.191166027752494 ESE 55.94514915195153 -3.1908888638927406 1288.537745 1093.766545
55.94514915195153 -3.1908888638927406 E 55.94514915195153 -3.1905888638927404 1288.537745 1092.516545
55.94514915195153 -3.1905888638927404 ESE 55.94503434692182 -3.190311700032987 1288.537745 1091.266545
55.94503434692182 -3.190311700032987 E 55.94503434692182 -3.190011700032987 1288.537745 1090.016545
55.94503434692182 -3.190011700032987 ESE 55.94491954189211 -3.1897345361732334 1288.537745 1088.766545
55.94491954189211 -3.1897345361732334 E 55.94491954189211 -3.1894345361732332 1288.537745 1087.516545
55.94491954189211 -3.1894345361732332 ESE 55.9448047368624 -3.18915737231348 1288.537745 1086.266545
55.9448047368624 -3.18915737231348 E 55.9448047368624 -3.1888573723134797 1288.537745 1085.016545
55.9448047368624 -3.1888573723134797 ESE 55.94468993183269 -3.1885802084537263 1288.537745 1083.766545
55.94468993183269 -3.1885802084537263 E 55.94468993183269 -3.188280208453726 1288.537745 1082.516545
55.94468993183269 -3.188280208453726 ESE 55.94457512680298 -3.1880030445939727 1288.537745 1081.266545
55.94457512680298 -3.1880030445939727 E 55.94457512680298 -3.1877030445939725 1288.537745 1080.016545
55.94457512680298 -3.1877030445939725 ESE 55.94446032177327 -3.187425880734219 1288.537745 1078.766545
55.94446032177327 -3.187425880734219 E 55.94446032177327 -3.187125880734219 1288.537745 1077.516545
55.94446032177327 -3.187125880734219 ESE 55.94434551674356 -3.1868487168744655 1288.537745 1076.266545
55.94434551674356 -3.1868487168744655 E 55.94434551674356 -3.1865487168744653 1288.537745 1075.016545
55.94434551674356 -3.1865487168744653 ESE 55.94423071171385 -3.186271553014712 1288.537745 1073.766545
55.94423071171385 -3.186271553014712 E 55.94423071171385 -3.1859715530147117 1288.537745 1072.516545
55.94423071171385 -3.1859715530147117 ESE 55.94411590668414 -3.1856943891549583 1288.537745 1071.266545
55.94411590668414 -3.1856943891549583 E 55.94411590668414 -3.185394389154958 1288.537745 1070.016545
55.94411590668414 -3.185394389154958 ESE 55.94400110165443 -3.1851172252952047 1288.537745 1068.766545
55.94400110165443 -3.1851172252952047 E 55.94400110165443 -3.1848172252952045 1288.537745 1067.516545
55.94400110165443 -3.1848172252952045 W 55.94400110165443 -3.1851172252952047 1374.413542 1142.281262
55.94400110165443 -3.1851172252952047 W 55.94400110165443 -3.185417225295205 1374.413542 1141.031262
55.94400110165443 -3.185417225295205 W 55.94400110165443 -3.185717225295205 1374.413542 1139.781262
55.94400110165443 -3.185717225295205 W 55.94400110165443 -3.1860172252952053 1374.413542 1138.531262
55.94400110165443 -3.1860172252952053 W 55.94400110165443 -3.1863172252952054 1374.413542 1137.281262
55.94400110165443 -3.1863172252952054 W 55.94400110165443 -3.1866172252952056 1374.413542 1136.031262
55.94400110165443 -3.1866172252952056 W 55.94400110165443 -3.186917225295206 1374.413542 1134.781262
55.94400110165443 -3.186917225295206 W 55.94400110165443 -3.187217225295206 1374.413542 1133.531262
55.94400110165443 -3.187217225295206 W 55.94400110165443 -3.187517225295206 1374.413542 1132.281262
55.94400110165443 -3.187517225295206 W 55.94400110165443 -3.1878172252952064 1374.413542 1131.031262
55.94400110165443 -3.1878172252952064 W 55.94400110165443 -3.1881172252952066 1374.413542 1129.781262
55.94400110165443 -3.1881172252952066 W 55.94400110165443 -3.1884172252952068 1374.413542 1128.531262
55.94400110165443 -3.1884172252952068 W 55.94400110165443 -3.188717225295207 1374.413542 1127.281262
55.94400110165443 -3.188717225295207 W 55.94400110165443 -3.189017225295207 1374.413542 1126.031262
55.94400110165443 -3.189017225295207 WNW 55.94411590668414 -3.1892943891549606 1374.413542 1124.781262
55.94411590668414 -3.1892943891549606 W 55.94411590668414 -3.1895943891549607 1374.413542 1123.531262
55.94411590668414 -3.1895943891549607 WNW 55.94423071171385 -3.189871553014714 1374.413542 1122.281262
55.94423071171385 -3.189871553014714 W 55.94423071171385 -3.1901715530147143 1374.413542 1121.031262
55.94423071171385 -3.1901715530147143 WNW 55.94434551674356 -3.1904487168744677 1374.413542 1119.781262
55.94434551674356 -3.1904487168744677 W 55.94434551674356 -3.190748716874468 1374.413542 1118.531262
55.94434551674356 -3.190748716874468 WNW 55.94446032177327 -3.1910258807342213 1374.413542 1117.281262
55.94446032177327 -3.1910258807342213 W 55.94446032177327 -3.1913258807342215 1374.413542 1116.031262
55.94446032177327 -3.1913258807342215 WNW 55.94457512680298 -3.191603044593975 1374.413542 1114.781262
55.94457512680298 -3.191603044593975 SW 55.944362994768625 -3.1918151766283307 1463.572289 1216.322066
55.944362994768625 -3.1918151766283307 SE 55.94415086273427 -3.191603044593975 1463.572289 1215.072066
55.94415086273427 -3.191603044593975 S 55.943850862734266 -3.191603044593975 1463.572289 1213.822066
55.943850862734266 -3.191603044593975 SE 55.94363873069991 -3.191390912559619 1463.572289 1212.572066
55.94363873069991 -3.191390912559619 S 55.94333873069991 -3.191390912559619 1463.572289 1211.322066
55.94333873069991 -3.191390912559619 SW 55.94312659866555 -3.191603044593975 1463.572289 1210.072066
55.94312659866555 -3.191603044593975 ENE 55.94324140369526 -3.1913258807342215 1463.572289 1208.822066
55.94324140369526 -3.1913258807342215 SE 55.943029271660905 -3.1911137486998657 1463.572289 1207.572066
55.943029271660905 -3.1911137486998657 SSW 55.94275210780115 -3.1912285537295753 1463.572289 1206.322066
55.94275210780115 -3.1912285537295753 N 55.94305210780115 -3.1912285537295753 1463.572289 1205.072066
55.94305210780115 -3.1912285537295753 WNW 55.94316691283086 -3.1915057175893287 1463.572289 1203.822066
55.94316691283086 -3.1915057175893287 NNW 55.94344407669062 -3.191620522619038 1463.572289 1202.572066
55.94344407669062 -3.191620522619038 WNW 55.94355888172033 -3.1918976864787916 1463.572289 1201.322066
55.94355888172033 -3.1918976864787916 W 55.94355888172033 -3.1921976864787918 1463.572289 1200.072066
55.94355888172033 -3.1921976864787918 E 55.94355888172033 -3.1918976864787916 1463.572289 1198.822066
55.94355888172033 -3.1918976864787916 SSW 55.94328171786057 -3.192012491508501 1463.572289 1197.572066
55.94328171786057 -3.192012491508501 W 55.94328171786057 -3.1923124915085013 1463.572289 1196.322066
55.94328171786057 -3.1923124915085013 WSW 55.94316691283086 -3.1925896553682547 1463.572289 1195.072066
55.94316691283086 -3.1925896553682547 W 55.94316691283086 -3.192889655368255 1463.572289 1193.822066
55.94316691283086 -3.192889655368255 N 55.943466912830864 -3.192889655368255 1463.572289 1192.572066
55.943466912830864 -3.192889655368255 N 55.94376691283087 -3.192889655368255 1463.572289 1191.322066
