55.944425 -3.188396 ENE 55.94453980502971 -3.1881188361402466 0.000000 248.750000
55.94453980502971 -3.1881188361402466 ENE 55.94465461005942 -3.187841672280493 0.000000 247.500000
55.94465461005942 -3.187841672280493 ENE 55.944769415089134 -3.18756450842074 0.000000 246.250000
55.944769415089134 -3.18756450842074 ENE 55.944884220118844 -3.1872873445609864 0.000000 245.000000
55.944884220118844 -3.1872873445609864 ENE 55.944999025148554 -3.187010180701233 49.270928 256.824749
55.944999025148554 -3.187010180701233 ENE 55.945113830178265 -3.1867330168414796 0.000000 131.704170
55.945113830178265 -3.1867330168414796 ENE 55.945228635207975 -3.186455852981726 0.000000 130.454170
55.945228635207975 -3.186455852981726 ENE 55.945343440237686 -3.1861786891219728 0.000000 129.204170
55.945343440237686 -3.1861786891219728 ENE 55.945458245267396 -3.1859015252622194 0.000000 127.954170
55.945458245267396 -3.1859015252622194 S 55.94515824526739 -3.1859015252622194 113.887452 161.557950
55.94515824526739 -3.1859015252622194 S 55.94485824526739 -3.1859015252622194 220.206845 177.434411
55.94485824526739 -3.1859015252622194 S 55.94455824526739 -3.1859015252622194 235.925669 269.476424
55.94455824526739 -3.1859015252622194 SSE 55.94428108140763 -3.18578672023251 235.925669 268.226424
55.94428108140763 -3.18578672023251 S 55.94398108140763 -3.18578672023251 235.925669 266.976424
55.94398108140763 -3.18578672023251 SSE 55.94370391754787 -3.1856719152028004 235.925669 265.726424
55.94370391754787 -3.1856719152028004 S 55.94340391754787 -3.1856719152028004 313.140754 273.632146
55.94340391754787 -3.1856719152028004 SSE 55.94312675368811 -3.185557110173091 313.140754 272.382146
55.94312675368811 -3.185557110173091 S 55.94282675368811 -3.185557110173091 348.280399 331.473396
55.94282675368811 -3.185557110173091 NNE 55.943103917547866 -3.1854423051433813 348.280399 330.223396
55.943103917547866 -3.1854423051433813 NNE 55.94338108140762 -3.185327500113672 348.280399 328.973396
55.94338108140762 -3.185327500113672 NNE 55.94365824526738 -3.1852126950839623 348.280399 327.723396
55.94365824526738 -3.1852126950839623 NNE 55.943935409127135 -3.185097890054253 348.280399 326.473396
55.943935409127135 -3.185097890054253 NNE 55.94421257298689 -3.1849830850245433 348.280399 325.223396
55.94421257298689 -3.1849830850245433 NNE 55.94448973684665 -3.184868279994834 348.280399 323.973396
55.94448973684665 -3.184868279994834 NNE 55.944766900706405 -3.1847534749651243 348.280399 322.723396
55.944766900706405 -3.1847534749651243 NNE 55.94504406456616 -3.184638669935415 348.280399 321.473396
55.94504406456616 -3.184638669935415 NNE 55.94532122842592 -3.1845238649057053 381.073260 407.333400
55.94532122842592 -3.1845238649057053 NNE 55.945598392285675 -3.1844090598759958 381.073260 406.083400
55.945598392285675 -3.1844090598759958 W 55.945598392285675 -3.184709059875996 450.531774 520.917796
55.945598392285675 -3.184709059875996 W 55.945598392285675 -3.185009059875996 450.531774 519.667796
55.945598392285675 -3.185009059875996 W 55.945598392285675 -3.1853090598759963 450.531774 518.417796
55.945598392285675 -3.1853090598759963 W 55.945598392285675 -3.1856090598759965 450.531774 517.167796
55.945598392285675 -3.1856090598759965 WSW 55.945483587255964 -3.18588622373575 450.531774 515.917796
55.945483587255964 -3.18588622373575 W 55.945483587255964 -3.18618622373575 450.531774 514.667796
55.945483587255964 -3.18618622373575 WSW 55.945368782226254 -3.1864633875955035 450.531774 513.417796
55.945368782226254 -3.1864633875955035 W 55.945368782226254 -3.1867633875955037 359.874014 490.132097
55.945368782226254 -3.1867633875955037 WSW 55.94525397719654 -3.187040551455257 359.874014 488.882097
55.94525397719654 -3.187040551455257 W 55.94525397719654 -3.1873405514552573 305.131656 487.632097
55.94525397719654 -3.1873405514552573 WSW 55.94513917216683 -3.1876177153150107 305.131656 486.382097
55.94513917216683 -3.1876177153150107 W 55.94513917216683 -3.187917715315011 305.131656 485.132097
55.94513917216683 -3.187917715315011 WSW 55.94502436713712 -3.1881948791747643 305.131656 483.882097
55.94502436713712 -3.1881948791747643 W 55.94502436713712 -3.1884948791747645 305.131656 482.632097
55.94502436713712 -3.1884948791747645 WSW 55.94490956210741 -3.188772043034518 271.996507 406.932679
55.94490956210741 -3.188772043034518 W 55.94490956210741 -3.189072043034518 271.996507 405.682679
55.94490956210741 -3.189072043034518 WSW 55.9447947570777 -3.1893492068942715 271.996507 404.432679
55.9447947570777 -3.1893492068942715 W 55.9447947570777 -3.1896492068942717 271.996507 403.182679
55.9447947570777 -3.1896492068942717 WSW 55.94467995204799 -3.189926370754025 368.078581 436.517765
55.94467995204799 -3.189926370754025 W 55.94467995204799 -3.1902263707540253 378.856083 497.009987
55.94467995204799 -3.1902263707540253 WSW 55.94456514701828 -3.1905035346137787 439.653808 532.278095
55.94456514701828 -3.1905035346137787 ENE 55.94467995204799 -3.1902263707540253 439.653808 531.028095
55.94467995204799 -3.1902263707540253 ENE 55.9447947570777 -3.189949206894272 439.653808 529.778095
55.9447947570777 -3.189949206894272 ENE 55.94490956210741 -3.1896720430345185 439.653808 528.528095
55.94490956210741 -3.1896720430345185 ENE 55.94502436713712 -3.189394879174765 439.653808 527.278095
55.94502436713712 -3.189394879174765 ENE 55.94513917216683 -3.1891177153150116 439.653808 526.028095
55.94513917216683 -3.1891177153150116 ENE 55.94525397719654 -3.1888405514552582 439.653808 524.778095
55.94525397719654 -3.1888405514552582 ENE 55.945368782226254 -3.188563387595505 439.653808 523.528095
55.945368782226254 -3.188563387595505 ENE 55.945483587255964 -3.1882862237357514 439.653808 522.278095
55.945483587255964 -3.1882862237357514 ENE 55.945598392285675 -3.188009059875998 439.653808 521.028095
55.945598392285675 -3.188009059875998 ENE 55.945713197315385 -3.1877318960162446 439.653808 519.778095
55.945713197315385 -3.1877318960162446 W 55.945713197315385 -3.188031896016245 450.487791 601.097186
55.945713197315385 -3.188031896016245 WSW 55.945598392285675 -3.188309059875998 450.487791 599.847186
55.945598392285675 -3.188309059875998 W 55.945598392285675 -3.1886090598759984 450.487791 598.597186
55.945598392285675 -3.1886090598759984 WSW 55.945483587255964 -3.188886223735752 472.380988 698.336100
55.945483587255964 -3.188886223735752 W 55.945483587255964 -3.189186223735752 472.380988 697.086100
55.945483587255964 -3.189186223735752 WSW 55.945368782226254 -3.1894633875955054 553.011476 811.682578
55.945368782226254 -3.1894633875955054 W 55.945368782226254 -3.1897633875955056 553.011476 810.432578
55.945368782226254 -3.1897633875955056 WSW 55.94525397719654 -3.190040551455259 553.011476 809.182578
55.94525397719654 -3.190040551455259 W 55.94525397719654 -3.190340551455259 553.011476 807.932578
55.94525397719654 -3.190340551455259 SE 55.94504184516219 -3.1901284194209034 668.783857 892.739773
55.94504184516219 -3.1901284194209034 SE 55.94482971312783 -3.1899162873865476 668.783857 891.489773
55.94482971312783 -3.1899162873865476 SE 55.944617581093475 -3.189704155352192 668.783857 890.239773
55.944617581093475 -3.189704155352192 SE 55.94440544905912 -3.189492023317836 668.783857 888.989773
55.94440544905912 -3.189492023317836 SE 55.94419331702476 -3.1892798912834803 668.783857 887.739773
55.94419331702476 -3.1892798912834803 SE 55.943981184990406 -3.1890677592491246 668.783857 886.489773
55.943981184990406 -3.1890677592491246 ESE 55.943866379960696 -3.188790595389371 668.783857 885.239773
55.943866379960696 -3.188790595389371 SE 55.94365424792634 -3.1885784633550154 668.783857 883.989773
55.94365424792634 -3.1885784633550154 ESE 55.94353944289663 -3.188301299495262 668.783857 882.739773
55.94353944289663 -3.188301299495262 SE 55.94332731086227 -3.188089167460906 668.783857 881.489773
55.94332731086227 -3.188089167460906 ESE 55.94321250583256 -3.187812003601153 668.783857 880.239773
55.94321250583256 -3.187812003601153 SE 55.943000373798206 -3.187599871566797 668.783857 878.989773
55.943000373798206 -3.187599871566797 ESE 55.942885568768496 -3.1873227077070436 668.783857 877.739773
55.942885568768496 -3.1873227077070436 SE 55.94267343673414 -3.187110575672688 668.783857 876.489773
55.94267343673414 -3.187110575672688 WNW 55.94278824176385 -3.1873877395324413 692.810512 992.336499
55.94278824176385 -3.1873877395324413 WNW 55.94290304679356 -3.1876649033921947 692.810512 991.086499
55.94290304679356 -3.1876649033921947 WNW 55.94301785182327 -3.187942067251948 692.810512 989.836499
55.94301785182327 -3.187942067251948 WNW 55.94313265685298 -3.1882192311117015 692.810512 988.586499
55.94313265685298 -3.1882192311117015 WNW 55.94324746188269 -3.188496394971455 692.810512 987.336499
55.94324746188269 -3.188496394971455 WNW 55.9433622669124 -3.1887735588312083 692.810512 986.086499
55.9433622669124 -3.1887735588312083 WNW 55.94347707194211 -3.1890507226909617 692.810512 984.836499
55.94347707194211 -3.1890507226909617 WNW 55.94359187697182 -3.189327886550715 749.449073 1067.248540
55.94359187697182 -3.189327886550715 WNW 55.94370668200153 -3.1896050504104685 749.449073 1065.998540
55.94370668200153 -3.1896050504104685 WNW 55.943821487031244 -3.189882214270222 749.449073 1064.748540
55.943821487031244 -3.189882214270222 WNW 55.943936292060954 -3.1901593781299753 749.449073 1063.498540
55.943936292060954 -3.1901593781299753 WNW 55.944051097090664 -3.1904365419897287 749.449073 1062.248540
55.944051097090664 -3.1904365419897287 WNW 55.944165902120375 -3.190713705849482 771.743186 1072.057104
55.944165902120375 -3.190713705849482 WNW 55.944280707150085 -3.1909908697092355 771.743186 1070.807104
55.944280707150085 -3.1909908697092355 WNW 55.944395512179796 -3.191268033568989 771.743186 1069.557104
55.944395512179796 -3.191268033568989 WNW 55.944510317209506 -3.1915451974287423 771.743186 1068.307104
55.944510317209506 -3.1915451974287423 SSE 55.94423315334975 -3.191430392399033 863.838040 1072.152268
55.94423315334975 -3.191430392399033 SSE 55.94395598948999 -3.1913155873693233 863.838040 1070.902268
55.94395598948999 -3.1913155873693233 E 55.94395598948999 -3.191015587369323 908.152080 1075.265901
55.94395598948999 -3.191015587369323 E 55.94395598948999 -3.190715587369323 908.152080 1074.015901
55.94395598948999 -3.190715587369323 E 55.94395598948999 -3.1904155873693227 908.152080 1072.765901
55.94395598948999 -3.1904155873693227 E 55.94395598948999 -3.1901155873693225 908.152080 1071.515901
55.94395598948999 -3.1901155873693225 E 55.94395598948999 -3.1898155873693224 908.152080 1070.265901
55.94395598948999 -3.1898155873693224 E 55.94395598948999 -3.189515587369322 908.152080 1069.015901
55.94395598948999 -3.189515587369322 E 55.94395598948999 -3.189215587369322 908.152080 1067.765901
55.94395598948999 -3.189215587369322 E 55.94395598948999 -3.188915587369322 908.152080 1066.515901
55.94395598948999 -3.188915587369322 E 55.94395598948999 -3.1886155873693216 908.152080 1065.265901
55.94395598948999 -3.1886155873693216 E 55.94395598948999 -3.1883155873693214 908.152080 1064.015901
55.94395598948999 -3.1883155873693214 WSW 55.94384118446028 -3.188592751229075 981.521467 1140.094738
55.94384118446028 -3.188592751229075 WSW 55.94372637943057 -3.188869915088828 981.521467 1138.844738
55.94372637943057 -3.188869915088828 WSW 55.94361157440086 -3.1891470789485816 981.521467 1137.594738
55.94361157440086 -3.1891470789485816 WSW 55.94349676937115 -3.189424242808335 981.521467 1136.344738
55.94349676937115 -3.189424242808335 WSW 55.94338196434144 -3.1897014066680884 981.521467 1135.094738
55.94338196434144 -3.1897014066680884 WSW 55.94326715931173 -3.189978570527842 981.521467 1133.844738
55.94326715931173 -3.189978570527842 WSW 55.94315235428202 -3.1902557343875952 936.126007 1117.898117
55.94315235428202 -3.1902557343875952 WSW 55.94303754925231 -3.1905328982473486 936.126007 1116.648117
55.94303754925231 -3.1905328982473486 WSW 55.9429227442226 -3.190810062107102 936.126007 1115.398117
55.9429227442226 -3.190810062107102 SW 55.94271061218824 -3.191022194141458 936.126007 1114.148117
55.94271061218824 -3.191022194141458 E 55.94271061218824 -3.1907221941414576 1013.781424 1196.389996
55.94271061218824 -3.1907221941414576 E 55.94271061218824 -3.1904221941414574 1013.781424 1195.139996
55.94271061218824 -3.1904221941414574 ENE 55.94282541721795 -3.190145030281704 1013.781424 1193.889996
55.94282541721795 -3.190145030281704 E 55.94282541721795 -3.189845030281704 1013.781424 1192.639996
55.94282541721795 -3.189845030281704 ENE 55.942940222247664 -3.1895678664219504 1063.219857 1261.222719
55.942940222247664 -3.1895678664219504 E 55.942940222247664 -3.1892678664219503 1063.219857 1259.972719
55.942940222247664 -3.1892678664219503 ENE 55.943055027277374 -3.188990702562197 1063.219857 1258.722719
55.943055027277374 -3.188990702562197 E 55.943055027277374 -3.1886907025621967 1063.219857 1257.472719
55.943055027277374 -3.1886907025621967 ENE 55.943169832307085 -3.1884135387024433 1063.219857 1256.222719
55.943169832307085 -3.1884135387024433 E 55.943169832307085 -3.188113538702443 1063.219857 1254.972719
55.943169832307085 -3.188113538702443 ENE 55.943284637336795 -3.1878363748426897 1063.219857 1253.722719
55.943284637336795 -3.1878363748426897 E 55.943284637336795 -3.1875363748426895 1063.219857 1252.472719
55.943284637336795 -3.1875363748426895 ENE 55.943399442366506 -3.187259210982936 1063.219857 1251.222719
55.943399442366506 -3.187259210982936 E 55.943399442366506 -3.186959210982936 1058.393253 1190.929445
55.943399442366506 -3.186959210982936 ENE 55.943514247396216 -3.1866820471231825 1058.393253 1189.679445
55.943514247396216 -3.1866820471231825 E 55.943514247396216 -3.1863820471231823 1058.393253 1188.429445
55.943514247396216 -3.1863820471231823 ENE 55.943629052425926 -3.186104883263429 1058.393253 1187.179445
55.943629052425926 -3.186104883263429 E 55.943629052425926 -3.1858048832634287 1058.393253 1185.929445
55.943629052425926 -3.1858048832634287 ENE 55.94374385745564 -3.1855277194036753 1058.393253 1184.679445
55.94374385745564 -3.1855277194036753 E 55.94374385745564 -3.185227719403675 1058.393253 1183.429445
55.94374385745564 -3.185227719403675 ENE 55.94385866248535 -3.1849505555439217 1058.393253 1182.179445
55.94385866248535 -3.1849505555439217 E 55.94385866248535 -3.1846505555439215 1058.393253 1180.929445
55.94385866248535 -3.1846505555439215 W 55.94385866248535 -3.1849505555439217 1144.269050 1255.694162
55.94385866248535 -3.1849505555439217 W 55.94385866248535 -3.185250555543922 1144.269050 1254.444162
55.94385866248535 -3.185250555543922 W 55.94385866248535 -3.185550555543922 1144.269050 1253.194162
55.94385866248535 -3.185550555543922 W 55.94385866248535 -3.1858505555439223 1144.269050 1251.944162
55.94385866248535 -3.1858505555439223 W 55.94385866248535 -3.1861505555439225 1144.269050 1250.694162
55.94385866248535 -3.1861505555439225 W 55.94385866248535 -3.1864505555439226 1144.269050 1249.444162
55.94385866248535 -3.1864505555439226 W 55.94385866248535 -3.186750555543923 1175.930753 1327.765527
55.94385866248535 -3.186750555543923 W 55.94385866248535 -3.187050555543923 1175.930753 1326.515527
55.94385866248535 -3.187050555543923 W 55.94385866248535 -3.187350555543923 1175.930753 1325.265527
55.94385866248535 -3.187350555543923 W 55.94385866248535 -3.1876505555439234 1175.930753 1324.015527
55.94385866248535 -3.1876505555439234 W 55.94385866248535 -3.1879505555439236 1175.930753 1322.765527
55.94385866248535 -3.1879505555439236 W 55.94385866248535 -3.188250555543924 1175.930753 1321.515527
55.94385866248535 -3.188250555543924 W 55.94385866248535 -3.188550555543924 1175.930753 1320.265527
55.94385866248535 -3.188550555543924 W 55.94385866248535 -3.188850555543924 1175.930753 1319.015527
55.94385866248535 -3.188850555543924 W 55.94385866248535 -3.1891505555439243 1175.930753 1317.765527
55.94385866248535 -3.1891505555439243 W 55.94385866248535 -3.1894505555439245 1175.930753 1316.515527
55.94385866248535 -3.1894505555439245 W 55.94385866248535 -3.1897505555439247 1175.930753 1315.265527
55.94385866248535 -3.1897505555439247 W 55.94385866248535 -3.190050555543925 1175.930753 1314.015527
55.94385866248535 -3.190050555543925 W 55.94385866248535 -3.190350555543925 1175.930753 1312.765527
55.94385866248535 -3.190350555543925 W 55.94385866248535 -3.1906505555439253 1175.930753 1311.515527
55.94385866248535 -3.1906505555439253 W 55.94385866248535 -3.1909505555439255 1175.930753 1310.265527
55.94385866248535 -3.1909505555439255 WSW 55.94374385745564 -3.191227719403679 1175.930753 1309.015527
55.94374385745564 -3.191227719403679 N 55.94404385745564 -3.191227719403679 1237.628265 1329.130072
55.94404385745564 -3.191227719403679 N 55.94434385745564 -3.191227719403679 1237.628265 1327.880072
55.94434385745564 -3.191227719403679 N 55.944643857455645 -3.191227719403679 1237.628265 1326.630072
55.944643857455645 -3.191227719403679 N 55.94494385745565 -3.191227719403679 1237.628265 1325.380072
55.94494385745565 -3.191227719403679 N 55.94524385745565 -3.191227719403679 1237.628265 1324.130072
55.94524385745565 -3.191227719403679 ESE 55.94512905242594 -3.1909505555439255 1301.558192 1440.759682
55.94512905242594 -3.1909505555439255 ESE 55.94501424739623 -3.190673391684172 1301.558192 1439.509682
55.94501424739623 -3.190673391684172 ESE 55.94489944236652 -3.1903962278244187 1301.558192 1438.259682
55.94489944236652 -3.1903962278244187 E 55.94489944236652 -3.1900962278244185 1301.558192 1437.009682
55.94489944236652 -3.1900962278244185 ESE 55.94478463733681 -3.189819063964665 1301.558192 1435.759682
55.94478463733681 -3.189819063964665 E 55.94478463733681 -3.189519063964665 1301.558192 1434.509682
55.94478463733681 -3.189519063964665 ESE 55.9446698323071 -3.1892419001049115 1301.558192 1433.259682
55.9446698323071 -3.1892419001049115 E 55.9446698323071 -3.1889419001049113 1301.558192 1432.009682
55.9446698323071 -3.1889419001049113 ESE 55.94455502727739 -3.188664736245158 1301.558192 1430.759682
55.94455502727739 -3.188664736245158 E 55.94455502727739 -3.1883647362451577 1301.558192 1429.509682
55.94455502727739 -3.1883647362451577 ESE 55.94444022224768 -3.1880875723854043 1301.558192 1428.259682
55.94444022224768 -3.1880875723854043 E 55.94444022224768 -3.187787572385404 1301.558192 1427.009682
55.94444022224768 -3.187787572385404 ESE 55.94432541721797 -3.1875104085256507 1301.558192 1425.759682
55.94432541721797 -3.1875104085256507 E 55.94432541721797 -3.1872104085256505 1301.558192 1424.509682
55.94432541721797 -3.1872104085256505 ESE 55.94421061218826 -3.186933244665897 1301.558192 1423.259682
55.94421061218826 -3.186933244665897 E 55.94421061218826 -3.186633244665897 1301.558192 1422.009682
55.94421061218826 -3.186633244665897 W 55.94421061218826 -3.186933244665897 1412.167161 1492.171193
55.94421061218826 -3.186933244665897 W 55.94421061218826 -3.1872332446658973 1412.167161 1490.921193
55.94421061218826 -3.1872332446658973 WNW 55.94432541721797 -3.1875104085256507 1412.167161 1489.671193
55.94432541721797 -3.1875104085256507 W 55.94432541721797 -3.187810408525651 1412.167161 1488.421193
55.94432541721797 -3.187810408525651 WNW 55.94444022224768 -3.1880875723854043 1412.167161 1487.171193
55.94444022224768 -3.1880875723854043 W 55.94444022224768 -3.1883875723854045 1412.167161 1485.921193
55.94444022224768 -3.1883875723854045 WNW 55.94455502727739 -3.188664736245158 1412.167161 1484.671193
55.94455502727739 -3.188664736245158 W 55.94455502727739 -3.188964736245158 1412.167161 1483.421193
55.94455502727739 -3.188964736245158 WNW 55.9446698323071 -3.1892419001049115 1412.167161 1482.171193
55.9446698323071 -3.1892419001049115 W 55.9446698323071 -3.1895419001049117 1412.167161 1480.921193
55.9446698323071 -3.1895419001049117 WNW 55.94478463733681 -3.189819063964665 1412.167161 1479.671193
55.94478463733681 -3.189819063964665 W 55.94478463733681 -3.1901190639646653 1412.167161 1478.421193
55.94478463733681 -3.1901190639646653 WNW 55.94489944236652 -3.1903962278244187 1412.167161 1477.171193
55.94489944236652 -3.1903962278244187 W 55.94489944236652 -3.190696227824419 1412.167161 1475.921193
55.94489944236652 -3.190696227824419 WNW 55.94501424739623 -3.1909733916841723 1412.167161 1474.671193
55.94501424739623 -3.1909733916841723 W 55.94501424739623 -3.1912733916841725 1412.167161 1473.421193
55.94501424739623 -3.1912733916841725 WNW 55.94512905242594 -3.191550555543926 1412.167161 1472.171193
55.94512905242594 -3.191550555543926 W 55.94512905242594 -3.191850555543926 1412.167161 1470.921193
55.94512905242594 -3.191850555543926 WNW 55.94524385745565 -3.1921277194036795 1412.167161 1469.671193
55.94524385745565 -3.1921277194036795 W 55.94524385745565 -3.1924277194036796 1412.167161 1468.421193
55.94524385745565 -3.1924277194036796 NW 55.94545598949001 -3.1926398514380354 1497.593337 1505.184990
55.94545598949001 -3.1926398514380354 SE 55.94524385745565 -3.1924277194036796 1497.593337 1503.934990
55.94524385745565 -3.1924277194036796 SSE 55.944966693595894 -3.19231291437397 1497.593337 1502.684990
55.944966693595894 -3.19231291437397 SSE 55.94468952973614 -3.1921981093442606 1497.593337 1501.434990
55.94468952973614 -3.1921981093442606 SE 55.94447739770178 -3.191985977309905 1497.593337 1500.184990
55.94447739770178 -3.191985977309905 SSE 55.944200233842025 -3.1918711722801953 1497.593337 1498.934990
55.944200233842025 -3.1918711722801953 SE 55.94398810180767 -3.1916590402458396 1513.248544 1538.448417
55.94398810180767 -3.1916590402458396 N 55.94428810180767 -3.1916590402458396 1513.248544 1537.198417
55.94428810180767 -3.1916590402458396 N 55.944588101807675 -3.1916590402458396 1513.248544 1535.948417
55.944588101807675 -3.1916590402458396 SSE 55.94431093794792 -3.19154423521613 1602.407290 1637.489222
55.94431093794792 -3.19154423521613 NNW 55.944588101807675 -3.1916590402458396 1602.407290 1636.239222
55.944588101807675 -3.1916590402458396 SE 55.94437596977332 -3.191446908211484 1602.407290 1634.989222
55.94437596977332 -3.191446908211484 NW 55.944588101807675 -3.1916590402458396 1602.407290 1633.739222
55.944588101807675 -3.1916590402458396 NW 55.94480023384203 -3.1918711722801953 1602.407290 1632.489222
55.94480023384203 -3.1918711722801953 ESE 55.94468542881232 -3.191594008420442 1602.407290 1631.239222
55.94468542881232 -3.191594008420442 NNW 55.94496259267208 -3.1917088134501514 1602.407290 1629.989222
55.94496259267208 -3.1917088134501514 N 55.94526259267208 -3.1917088134501514 1602.407290 1628.739222
55.94526259267208 -3.1917088134501514 NW 55.945474724706436 -3.191920945484507 1602.407290 1627.489222
55.945474724706436 -3.191920945484507 SSE 55.94519756084668 -3.1918061404547977 1491.455586 1595.213831
55.94519756084668 -3.1918061404547977 SSW 55.94492039698692 -3.191920945484507 1491.455586 1593.963831
55.94492039698692 -3.191920945484507 SE 55.94470826495257 -3.1917088134501514 1491.455586 1592.713831
55.94470826495257 -3.1917088134501514 NNW 55.94498542881232 -3.191823618479861 1491.455586 1591.463831
55.94498542881232 -3.191823618479861 S 55.94468542881232 -3.191823618479861 1491.455586 1590.213831
55.94468542881232 -3.191823618479861 SE 55.944473296777964 -3.191611486445505 1491.455586 1588.963831
55.944473296777964 -3.191611486445505 S 55.94417329677796 -3.191611486445505 1491.455586 1587.713831
55.94417329677796 -3.191611486445505 SE 55.943961164743605 -3.1913993544111494 1491.455586 1586.463831
55.943961164743605 -3.1913993544111494 NW 55.94417329677796 -3.191611486445505 1491.455586 1585.213831
55.94417329677796 -3.191611486445505 WNW 55.94428810180767 -3.1918886503052586 1491.455586 1583.963831
55.94428810180767 -3.1918886503052586 NNW 55.94456526566743 -3.192003455334968 1491.455586 1582.713831
55.94456526566743 -3.192003455334968 WNW 55.94468007069714 -3.1922806191947215 1491.455586 1581.463831
55.94468007069714 -3.1922806191947215 WSW 55.94456526566743 -3.192557783054475 1491.455586 1580.213831
55.94456526566743 -3.192557783054475 SSE 55.94428810180767 -3.1924429780247654 1491.455586 1578.963831
55.94428810180767 -3.1924429780247654 E 55.94428810180767 -3.192142978024765 1491.455586 1577.713831
55.94428810180767 -3.192142978024765 SSE 55.944010937947915 -3.1920281729950557 1491.455586 1576.463831
55.944010937947915 -3.1920281729950557 N 55.94431093794792 -3.1920281729950557 1491.455586 1575.213831
55.94431093794792 -3.1920281729950557 NW 55.944523069982274 -3.1922403050294115 1491.455586 1573.963831
55.944523069982274 -3.1922403050294115 WSW 55.944408264952564 -3.192517468889165 1491.455586 1572.713831
55.944408264952564 -3.192517468889165 WSW 55.944293459922854 -3.1927946327489183 1491.455586 1571.463831
55.944293459922854 -3.1927946327489183 SW 55.9440813278885 -3.193006764783274 1491.455586 1570.213831
55.9440813278885 -3.193006764783274 SE 55.94386919585414 -3.1927946327489183 1491.455586 1568.963831
55.94386919585414 -3.1927946327489183 S 55.94356919585414 -3.1927946327489183 1491.455586 1567.713831
55.94356919585414 -3.1927946327489183 ENE 55.94368400088385 -3.192517468889165 1491.455586 1566.463831
55.94368400088385 -3.192517468889165 E 55.94368400088385 -3.1922174688891647 1410.834787 1473.842623
55.94368400088385 -3.1922174688891647 S 55.943384000883846 -3.1922174688891647 1410.834787 1472.592623
55.943384000883846 -3.1922174688891647 W 55.943384000883846 -3.192517468889165 1410.834787 1471.342623
