55.944425 -3.188396 ENE 55.94453980502971 -3.1881188361402466 0.000000 248.750000
55.94453980502971 -3.1881188361402466 ENE 55.94465461005942 -3.187841672280493 0.000000 247.500000
55.94465461005942 -3.187841672280493 ENE 55.944769415089134 -3.18756450842074 0.000000 246.250000
55.944769415089134 -3.18756450842074 ENE 55.944884220118844 -3.1872873445609864 0.000000 245.000000
55.944884220118844 -3.1872873445609864 ENE 55.944999025148554 -3.187010180701233 49.270928 256.824749
55.944999025148554 -3.187010180701233 ENE 55.945113830178265 -3.1867330168414796 0.000000 131.704170
55.945113830178265 -3.1867330168414796 ENE 55.945228635207975 -3.186455852981726 0.000000 130.454170
55.945228635207975 -3.186455852981726 ENE 55.945343440237686 -3.1861786891219728 0.000000 129.204170
55.945343440237686 -3.1861786891219728 ENE 55.945458245267396 -3.1859015252622194 0.000000 127.954170
55.945458245267396 -3.1859015252622194 S 55.94515824526739 -3.1859015252622194 113.887452 161.557950
55.94515824526739 -3.1859015252622194 S 55.94485824526739 -3.1859015252622194 220.206845 177.434411
55.94485824526739 -3.1859015252622194 S 55.94455824526739 -3.1859015252622194 235.925669 269.476424
55.94455824526739 -3.1859015252622194 SSE 55.94428108140763 -3.18578672023251 235.925669 268.226424
55.94428108140763 -3.18578672023251 S 55.94398108140763 -3.18578672023251 235.925669 266.976424
55.94398108140763 -3.18578672023251 SSE 55.94370391754787 -3.1856719152028004 235.925669 265.726424
55.94370391754787 -3.1856719152028004 S 55.94340391754787 -3.1856719152028004 313.140754 273.632146
55.94340391754787 -3.1856719152028004 SSE 55.94312675368811 -3.185557110173091 313.140754 272.382146
55.94312675368811 -3.185557110173091 W 55.94312675368811 -3.185857110173091 348.280399 331.473396
55.94312675368811 -3.185857110173091 W 55.94312675368811 -3.1861571101730912 348.280399 330.223396
55.94312675368811 -3.1861571101730912 W 55.94312675368811 -3.1864571101730914 348.280399 328.973396
55.94312675368811 -3.1864571101730914 W 55.94312675368811 -3.1867571101730916 348.280399 327.723396
55.94312675368811 -3.1867571101730916 W 55.94312675368811 -3.187057110173092 348.280399 326.473396
55.94312675368811 -3.187057110173092 W 55.94312675368811 -3.187357110173092 348.280399 325.223396
55.94312675368811 -3.187357110173092 W 55.94312675368811 -3.187657110173092 348.280399 323.973396
55.94312675368811 -3.187657110173092 WSW 55.9430119486584 -3.1879342740328456 348.280399 322.723396
55.9430119486584 -3.1879342740328456 W 55.9430119486584 -3.1882342740328458 348.280399 321.473396
55.9430119486584 -3.1882342740328458 WSW 55.94289714362869 -3.188511437892599 348.280399 320.223396
55.94289714362869 -3.188511437892599 W 55.94289714362869 -3.1888114378925994 348.280399 318.973396
55.94289714362869 -3.1888114378925994 WSW 55.94278233859898 -3.1890886017523528 348.280399 317.723396
55.94278233859898 -3.1890886017523528 W 55.94278233859898 -3.189388601752353 348.280399 316.473396
55.94278233859898 -3.189388601752353 WSW 55.94266753356927 -3.1896657656121064 348.280399 315.223396
55.94266753356927 -3.1896657656121064 NE 55.94287966560363 -3.1894536335777506 397.718831 383.806119
55.94287966560363 -3.1894536335777506 NE 55.94309179763798 -3.189241501543395 397.718831 382.556119
55.94309179763798 -3.189241501543395 NNE 55.94336896149774 -3.1891266965136853 397.718831 381.306119
55.94336896149774 -3.1891266965136853 WNW 55.94348376652745 -3.1894038603734387 454.357392 463.718161
55.94348376652745 -3.1894038603734387 WNW 55.94359857155716 -3.189681024233192 454.357392 462.468161
55.94359857155716 -3.189681024233192 WNW 55.94371337658687 -3.1899581880929455 454.357392 461.218161
55.94371337658687 -3.1899581880929455 WNW 55.94382818161658 -3.190235351952699 454.357392 459.968161
55.94382818161658 -3.190235351952699 WNW 55.94394298664629 -3.1905125158124523 454.357392 458.718161
55.94394298664629 -3.1905125158124523 NW 55.94415511868065 -3.190724647846808 476.651506 468.526725
55.94415511868065 -3.190724647846808 WNW 55.94426992371036 -3.1910018117065615 476.651506 467.276725
55.94426992371036 -3.1910018117065615 NW 55.944482055744714 -3.1912139437409173 476.651506 466.026725
55.944482055744714 -3.1912139437409173 WNW 55.944596860774425 -3.1914911076006707 476.651506 464.776725
55.944596860774425 -3.1914911076006707 NW 55.94480899280878 -3.1917032396350264 568.746359 468.621888
55.94480899280878 -3.1917032396350264 WNW 55.94492379783849 -3.19198040349478 568.746359 467.371888
55.94492379783849 -3.19198040349478 NW 55.94513592987285 -3.1921925355291356 568.746359 466.121888
55.94513592987285 -3.1921925355291356 WNW 55.94525073490256 -3.192469699388889 568.746359 464.871888
55.94525073490256 -3.192469699388889 E 55.94525073490256 -3.192169699388889 654.172535 501.635686
55.94525073490256 -3.192169699388889 E 55.94525073490256 -3.1918696993888886 654.172535 500.385686
55.94525073490256 -3.1918696993888886 E 55.94525073490256 -3.1915696993888885 654.172535 499.135686
55.94525073490256 -3.1915696993888885 E 55.94525073490256 -3.1912696993888883 654.172535 497.885686
55.94525073490256 -3.1912696993888883 E 55.94525073490256 -3.190969699388888 718.102462 614.515295
55.94525073490256 -3.190969699388888 E 55.94525073490256 -3.190669699388888 718.102462 613.265295
55.94525073490256 -3.190669699388888 E 55.94525073490256 -3.1903696993888877 718.102462 612.015295
55.94525073490256 -3.1903696993888877 WSW 55.94513592987285 -3.190646863248641 833.874844 696.822490
55.94513592987285 -3.190646863248641 WSW 55.94502112484314 -3.1909240271083945 833.874844 695.572490
55.94502112484314 -3.1909240271083945 SW 55.94480899280878 -3.1911361591427503 833.874844 694.322490
55.94480899280878 -3.1911361591427503 WSW 55.94469418777907 -3.1914133230025037 833.874844 693.072490
55.94469418777907 -3.1914133230025037 SW 55.944482055744714 -3.1916254550368595 833.874844 691.822490
55.944482055744714 -3.1916254550368595 E 55.944482055744714 -3.1913254550368593 923.033590 793.363295
55.944482055744714 -3.1913254550368593 E 55.944482055744714 -3.191025455036859 923.033590 792.113295
55.944482055744714 -3.191025455036859 E 55.944482055744714 -3.190725455036859 923.033590 790.863295
55.944482055744714 -3.190725455036859 E 55.944482055744714 -3.1904254550368587 923.033590 789.613295
55.944482055744714 -3.1904254550368587 E 55.944482055744714 -3.1901254550368585 983.831315 824.881404
55.944482055744714 -3.1901254550368585 E 55.944482055744714 -3.1898254550368583 994.608817 885.373625
55.944482055744714 -3.1898254550368583 E 55.944482055744714 -3.189525455036858 994.608817 884.123625
55.944482055744714 -3.189525455036858 E 55.944482055744714 -3.189225455036858 994.608817 882.873625
55.944482055744714 -3.189225455036858 E 55.944482055744714 -3.1889254550368578 994.608817 881.623625
55.944482055744714 -3.1889254550368578 E 55.944482055744714 -3.1886254550368576 970.781094 856.477691
55.944482055744714 -3.1886254550368576 E 55.944482055744714 -3.1883254550368574 970.781094 855.227691
55.944482055744714 -3.1883254550368574 E 55.944482055744714 -3.188025455036857 970.781094 853.977691
55.944482055744714 -3.188025455036857 E 55.944482055744714 -3.187725455036857 970.781094 852.727691
55.944482055744714 -3.187725455036857 E 55.944482055744714 -3.187425455036857 970.781094 851.477691
55.944482055744714 -3.187425455036857 E 55.944482055744714 -3.1871254550368566 970.781094 850.227691
55.944482055744714 -3.1871254550368566 ESE 55.944367250715004 -3.186848291177103 970.781094 848.977691
55.944367250715004 -3.186848291177103 E 55.944367250715004 -3.186548291177103 1081.390064 919.139202
55.944367250715004 -3.186548291177103 ESE 55.944252445685294 -3.1862711273173496 1076.943214 813.640269
55.944252445685294 -3.1862711273173496 E 55.944252445685294 -3.1859711273173494 1076.943214 812.390269
55.944252445685294 -3.1859711273173494 ESE 55.94413764065558 -3.185693963457596 1076.943214 811.140269
55.94413764065558 -3.185693963457596 E 55.94413764065558 -3.185393963457596 1076.943214 809.890269
55.94413764065558 -3.185393963457596 ESE 55.94402283562587 -3.1851167995978424 1076.943214 808.640269
55.94402283562587 -3.1851167995978424 E 55.94402283562587 -3.1848167995978423 1076.943214 807.390269
55.94402283562587 -3.1848167995978423 W 55.94402283562587 -3.1851167995978424 1162.819011 882.154986
55.94402283562587 -3.1851167995978424 W 55.94402283562587 -3.1854167995978426 1162.819011 880.904986
55.94402283562587 -3.1854167995978426 W 55.94402283562587 -3.185716799597843 1162.819011 879.654986
55.94402283562587 -3.185716799597843 WSW 55.94390803059616 -3.1859939634575962 1162.819011 878.404986
55.94390803059616 -3.1859939634575962 W 55.94390803059616 -3.1862939634575964 1162.819011 877.154986
55.94390803059616 -3.1862939634575964 W 55.94390803059616 -3.1865939634575966 1194.480715 955.476352
55.94390803059616 -3.1865939634575966 W 55.94390803059616 -3.186893963457597 1194.480715 954.226352
55.94390803059616 -3.186893963457597 W 55.94390803059616 -3.187193963457597 1194.480715 952.976352
55.94390803059616 -3.187193963457597 W 55.94390803059616 -3.187493963457597 1194.480715 951.726352
55.94390803059616 -3.187493963457597 W 55.94390803059616 -3.1877939634575974 1194.480715 950.476352
55.94390803059616 -3.1877939634575974 WNW 55.94402283562587 -3.1880711273173508 1194.480715 949.226352
55.94402283562587 -3.1880711273173508 ENE 55.94413764065558 -3.1877939634575974 1267.850102 1025.305188
55.94413764065558 -3.1877939634575974 ENE 55.944252445685294 -3.187516799597844 1267.850102 1024.055188
55.944252445685294 -3.187516799597844 ENE 55.944367250715004 -3.1872396357380905 1267.850102 1022.805188
55.944367250715004 -3.1872396357380905 ENE 55.944482055744714 -3.186962471878337 1267.850102 1021.555188
55.944482055744714 -3.186962471878337 ENE 55.944596860774425 -3.1866853080185837 1267.850102 1020.305188
55.944596860774425 -3.1866853080185837 ENE 55.944711665804135 -3.1864081441588303 1267.850102 1019.055188
55.944711665804135 -3.1864081441588303 ENE 55.944826470833846 -3.186130980299077 1267.850102 1017.805188
55.944826470833846 -3.186130980299077 E 55.944826470833846 -3.1858309802990767 1267.850102 1016.555188
55.944826470833846 -3.1858309802990767 ENE 55.944941275863556 -3.1855538164393233 1267.850102 1015.305188
55.944941275863556 -3.1855538164393233 E 55.944941275863556 -3.185253816439323 1267.850102 1014.055188
55.944941275863556 -3.185253816439323 ENE 55.945056080893266 -3.1849766525795697 1267.850102 1012.805188
55.945056080893266 -3.1849766525795697 NE 55.94526821292762 -3.184764520545214 1217.742500 893.025535
55.94526821292762 -3.184764520545214 NE 55.94548034496198 -3.184552388510858 1250.535362 978.885538
55.94548034496198 -3.184552388510858 NNE 55.945757508821735 -3.1844375834811487 1250.535362 977.635538
55.945757508821735 -3.1844375834811487 W 55.945757508821735 -3.184737583481149 1319.993876 1092.469934
55.945757508821735 -3.184737583481149 W 55.945757508821735 -3.185037583481149 1319.993876 1091.219934
55.945757508821735 -3.185037583481149 W 55.945757508821735 -3.1853375834811493 1319.993876 1089.969934
55.945757508821735 -3.1853375834811493 W 55.945757508821735 -3.1856375834811494 1319.993876 1088.719934
55.945757508821735 -3.1856375834811494 W 55.945757508821735 -3.1859375834811496 1319.993876 1087.469934
55.945757508821735 -3.1859375834811496 W 55.945757508821735 -3.18623758348115 1239.686678 1000.489337
55.945757508821735 -3.18623758348115 W 55.945757508821735 -3.18653758348115 1239.450949 897.413804
55.945757508821735 -3.18653758348115 W 55.945757508821735 -3.18683758348115 1148.793189 874.128105
55.945757508821735 -3.18683758348115 W 55.945757508821735 -3.1871375834811504 1148.793189 872.878105
55.945757508821735 -3.1871375834811504 W 55.945757508821735 -3.1874375834811506 1148.793189 871.628105
55.945757508821735 -3.1874375834811506 W 55.945757508821735 -3.1877375834811508 1159.627172 952.947195
55.945757508821735 -3.1877375834811508 W 55.945757508821735 -3.188037583481151 1159.627172 951.697195
55.945757508821735 -3.188037583481151 W 55.945757508821735 -3.188337583481151 1159.627172 950.447195
55.945757508821735 -3.188337583481151 W 55.945757508821735 -3.1886375834811513 1159.627172 949.197195
55.945757508821735 -3.1886375834811513 W 55.945757508821735 -3.1889375834811515 1181.520369 1048.936110
55.945757508821735 -3.1889375834811515 SSE 55.94548034496198 -3.188822778451442 1262.150857 1163.532588
55.94548034496198 -3.188822778451442 SSE 55.94520318110222 -3.1887079734217325 1262.150857 1162.282588
55.94520318110222 -3.1887079734217325 SE 55.944991049067866 -3.1884958413873767 1262.150857 1161.032588
55.944991049067866 -3.1884958413873767 SSE 55.94471388520811 -3.1883810363576672 1229.015708 1085.333170
55.94471388520811 -3.1883810363576672 SE 55.94450175317375 -3.1881689043233115 1229.015708 1084.083170
55.94450175317375 -3.1881689043233115 SSE 55.944224589314 -3.188054099293602 1229.015708 1082.833170
55.944224589314 -3.188054099293602 SE 55.94401245727964 -3.187841967259246 1203.073299 1071.414688
55.94401245727964 -3.187841967259246 SSE 55.943735293419884 -3.1877271622295367 1203.073299 1070.164688
55.943735293419884 -3.1877271622295367 SE 55.94352316138553 -3.187515030195181 1203.073299 1068.914688
55.94352316138553 -3.187515030195181 SSE 55.94324599752577 -3.1874002251654714 1203.073299 1067.664688
55.94324599752577 -3.1874002251654714 SE 55.943033865491415 -3.1871880931311156 1203.073299 1066.414688
55.943033865491415 -3.1871880931311156 SSE 55.94275670163166 -3.187073288101406 1203.073299 1065.164688
55.94275670163166 -3.187073288101406 WNW 55.94287150666137 -3.1873504519611595 1227.099954 1181.011414
55.94287150666137 -3.1873504519611595 WNW 55.94298631169108 -3.187627615820913 1227.099954 1179.761414
55.94298631169108 -3.187627615820913 WNW 55.94310111672079 -3.1879047796806663 1227.099954 1178.511414
55.94310111672079 -3.1879047796806663 WNW 55.9432159217505 -3.1881819435404197 1227.099954 1177.261414
55.9432159217505 -3.1881819435404197 WNW 55.94333072678021 -3.188459107400173 1227.099954 1176.011414
55.94333072678021 -3.188459107400173 W 55.94333072678021 -3.1887591074001733 1227.099954 1174.761414
55.94333072678021 -3.1887591074001733 WNW 55.94344553180992 -3.1890362712599267 1227.099954 1173.511414
55.94344553180992 -3.1890362712599267 W 55.94344553180992 -3.189336271259927 1227.099954 1172.261414
55.94344553180992 -3.189336271259927 WNW 55.94356033683963 -3.1896134351196803 1227.099954 1171.011414
55.94356033683963 -3.1896134351196803 W 55.94356033683963 -3.1899134351196805 1227.099954 1169.761414
55.94356033683963 -3.1899134351196805 WNW 55.94367514186934 -3.190190598979434 1227.099954 1168.511414
55.94367514186934 -3.190190598979434 W 55.94367514186934 -3.190490598979434 1227.099954 1167.261414
55.94367514186934 -3.190490598979434 WNW 55.94378994689905 -3.1907677628391875 1227.099954 1166.011414
55.94378994689905 -3.1907677628391875 W 55.94378994689905 -3.1910677628391877 1227.099954 1164.761414
55.94378994689905 -3.1910677628391877 WNW 55.94390475192876 -3.191344926698941 1288.797465 1184.875958
55.94390475192876 -3.191344926698941 SSE 55.943627588069006 -3.1912301216692316 1333.111506 1189.239591
55.943627588069006 -3.1912301216692316 S 55.943327588069 -3.1912301216692316 1333.111506 1187.989591
55.943327588069 -3.1912301216692316 SSE 55.94305042420925 -3.191115316639522 1264.658529 1182.789936
55.94305042420925 -3.191115316639522 S 55.942750424209244 -3.191115316639522 1264.658529 1181.539936
55.942750424209244 -3.191115316639522 NE 55.9429625562436 -3.1909031846051663 1342.313947 1263.781815
55.9429625562436 -3.1909031846051663 NE 55.943174688277956 -3.1906910525708105 1342.313947 1262.531815
55.943174688277956 -3.1906910525708105 NNE 55.94345185213771 -3.190576247541101 1342.313947 1261.281815
55.94345185213771 -3.190576247541101 NE 55.94366398417207 -3.1903641155067453 1342.313947 1260.031815
55.94366398417207 -3.1903641155067453 NNE 55.943941148031826 -3.1902493104770357 1342.313947 1258.781815
55.943941148031826 -3.1902493104770357 NE 55.94415328006618 -3.19003717844268 1342.313947 1257.531815
55.94415328006618 -3.19003717844268 NNE 55.94443044392594 -3.1899223734129705 1342.313947 1256.281815
55.94443044392594 -3.1899223734129705 NE 55.944642575960295 -3.1897102413786147 1342.313947 1255.031815
55.944642575960295 -3.1897102413786147 WSW 55.944527770930584 -3.189987405238368 1438.396022 1288.366901
55.944527770930584 -3.189987405238368 WSW 55.944412965900874 -3.1902645690981215 1438.396022 1287.116901
55.944412965900874 -3.1902645690981215 WSW 55.94429816087116 -3.190541732957875 1438.396022 1285.866901
55.94429816087116 -3.190541732957875 WSW 55.94418335584145 -3.1908188968176283 1438.396022 1284.616901
55.94418335584145 -3.1908188968176283 W 55.94418335584145 -3.1911188968176285 1438.396022 1283.366901
55.94418335584145 -3.1911188968176285 WSW 55.94406855081174 -3.191396060677382 1438.396022 1282.116901
55.94406855081174 -3.191396060677382 W 55.94406855081174 -3.191696060677382 1438.396022 1280.866901
55.94406855081174 -3.191696060677382 SW 55.943856418777386 -3.191908192711738 1454.051229 1320.380328
55.943856418777386 -3.191908192711738 NE 55.94406855081174 -3.191696060677382 1454.051229 1319.130328
55.94406855081174 -3.191696060677382 E 55.94406855081174 -3.191396060677382 1454.051229 1317.880328
55.94406855081174 -3.191396060677382 E 55.94406855081174 -3.1910960606773817 1454.051229 1316.630328
55.94406855081174 -3.1910960606773817 W 55.94406855081174 -3.191396060677382 1454.051229 1315.380328
55.94406855081174 -3.191396060677382 NW 55.9442806828461 -3.1916081927117377 1454.051229 1314.130328
55.9442806828461 -3.1916081927117377 NNE 55.944557846705855 -3.191493387682028 1454.051229 1312.880328
55.944557846705855 -3.191493387682028 SW 55.9443457146715 -3.191705519716384 1454.051229 1311.630328
55.9443457146715 -3.191705519716384 SSW 55.94406855081174 -3.1918203247460935 1454.051229 1310.380328
55.94406855081174 -3.1918203247460935 WNW 55.94418335584145 -3.192097488605847 1454.051229 1309.130328
55.94418335584145 -3.192097488605847 ESE 55.94406855081174 -3.1918203247460935 1454.051229 1307.880328
55.94406855081174 -3.1918203247460935 ESE 55.94395374578203 -3.19154316088634 1454.051229 1306.630328
55.94395374578203 -3.19154316088634 W 55.94395374578203 -3.1918431608863402 1454.051229 1305.380328
55.94395374578203 -3.1918431608863402 SSE 55.943676581922276 -3.1917283558566307 1454.051229 1304.130328
55.943676581922276 -3.1917283558566307 WSW 55.943561776892565 -3.192005519716384 1454.051229 1302.880328
55.943561776892565 -3.192005519716384 NNW 55.94383894075232 -3.1921203247460936 1454.051229 1301.630328
55.94383894075232 -3.1921203247460936 ESE 55.94372413572261 -3.1918431608863402 1454.051229 1300.380328
55.94372413572261 -3.1918431608863402 SSW 55.943446971862855 -3.1919579659160497 1454.051229 1299.130328
55.943446971862855 -3.1919579659160497 E 55.943446971862855 -3.1916579659160496 1454.051229 1297.880328
55.943446971862855 -3.1916579659160496 SSE 55.9431698080031 -3.19154316088634 1454.051229 1296.630328
55.9431698080031 -3.19154316088634 ENE 55.94328461303281 -3.1912659970265866 1454.051229 1295.380328
55.94328461303281 -3.1912659970265866 NE 55.943496745067165 -3.191053864992231 1454.051229 1294.130328
55.943496745067165 -3.191053864992231 NW 55.94370887710152 -3.1912659970265866 1454.051229 1292.880328
55.94370887710152 -3.1912659970265866 ESE 55.94359407207181 -3.1909888331668332 1454.051229 1291.630328
55.94359407207181 -3.1909888331668332 SE 55.943381940037455 -3.1907767011324775 1454.051229 1290.380328
55.943381940037455 -3.1907767011324775 ESE 55.943267135007744 -3.190499537272724 1454.051229 1289.130328
55.943267135007744 -3.190499537272724 ESE 55.943152329978034 -3.1902223734129707 1454.051229 1287.880328
55.943152329978034 -3.1902223734129707 SSW 55.94287516611828 -3.19033717844268 1454.051229 1286.630328
55.94287516611828 -3.19033717844268 W 55.94287516611828 -3.1906371784426804 1454.051229 1285.380328
55.94287516611828 -3.1906371784426804 NW 55.94308729815263 -3.190849310477036 1454.051229 1284.130328
55.94308729815263 -3.190849310477036 WSW 55.94297249312292 -3.1911264743367895 1454.051229 1282.880328
55.94297249312292 -3.1911264743367895 ESE 55.94285768809321 -3.190849310477036 1454.051229 1281.630328
55.94285768809321 -3.190849310477036 NNW 55.94313485195297 -3.1909641155067456 1454.051229 1280.380328
55.94313485195297 -3.1909641155067456 SSW 55.94285768809321 -3.191078920536455 1454.051229 1279.130328
55.94285768809321 -3.191078920536455 SSW 55.942580524233456 -3.1911937255661647 1454.051229 1277.880328
55.942580524233456 -3.1911937255661647 W 55.942580524233456 -3.191493725566165 1454.051229 1276.630328
55.942580524233456 -3.191493725566165 ESE 55.942465719203746 -3.1912165617064114 1454.051229 1275.380328
55.942465719203746 -3.1912165617064114 E 55.942465719203746 -3.1909165617064112 1454.051229 1274.130328
55.942465719203746 -3.1909165617064112 SE 55.94225358716939 -3.1907044296720555 1454.051229 1272.880328
55.94225358716939 -3.1907044296720555 SW 55.94204145513503 -3.1909165617064112 1454.051229 1271.630328
55.94204145513503 -3.1909165617064112 NE 55.94225358716939 -3.1907044296720555 1454.051229 1270.380328
55.94225358716939 -3.1907044296720555 WSW 55.94213878213968 -3.190981593531809 1454.051229 1269.130328
55.94213878213968 -3.190981593531809 SSW 55.94186161827992 -3.1910963985615184 1454.051229 1267.880328
55.94186161827992 -3.1910963985615184 ENE 55.94197642330963 -3.190819234701765 1454.051229 1266.630328
55.94197642330963 -3.190819234701765 E 55.94197642330963 -3.190519234701765 1454.051229 1265.380328
55.94197642330963 -3.190519234701765 ESE 55.94186161827992 -3.1902420708420114 1454.051229 1264.130328
55.94186161827992 -3.1902420708420114 ENE 55.94197642330963 -3.189964906982258 1454.051229 1262.880328
55.94197642330963 -3.189964906982258 ENE 55.94209122833934 -3.1896877431225046 1454.051229 1261.630328
55.94209122833934 -3.1896877431225046 WSW 55.94197642330963 -3.189964906982258 1454.051229 1260.380328
55.94197642330963 -3.189964906982258 SSE 55.94169925944988 -3.1898501019525485 1454.051229 1259.130328
55.94169925944988 -3.1898501019525485 SW 55.94148712741552 -3.1900622339869042 1454.051229 1257.880328
55.94148712741552 -3.1900622339869042 NE 55.94169925944988 -3.1898501019525485 1454.051229 1256.630328
55.94169925944988 -3.1898501019525485 W 55.94169925944988 -3.1901501019525487 1454.051229 1255.380328
55.94169925944988 -3.1901501019525487 E 55.94169925944988 -3.1898501019525485 1454.051229 1254.130328
55.94169925944988 -3.1898501019525485 WNW 55.94181406447959 -3.190127265812302 1454.051229 1252.880328
55.94181406447959 -3.190127265812302 WSW 55.94169925944988 -3.1904044296720553 1454.051229 1251.630328
55.94169925944988 -3.1904044296720553 WNW 55.94181406447959 -3.1906815935318087 1454.051229 1250.380328
55.94181406447959 -3.1906815935318087 SSW 55.94153690061983 -3.190796398561518 1454.051229 1249.130328
55.94153690061983 -3.190796398561518 NW 55.94174903265419 -3.191008530595874 1454.051229 1247.880328
55.94174903265419 -3.191008530595874 NNE 55.94202619651394 -3.1908937255661645 1454.051229 1246.630328
55.94202619651394 -3.1908937255661645 NW 55.9422383285483 -3.1911058576005202 1454.051229 1245.380328
55.9422383285483 -3.1911058576005202 E 55.9422383285483 -3.19080585760052 1454.051229 1244.130328
55.9422383285483 -3.19080585760052 NW 55.942450460582656 -3.191017989634876 1454.051229 1242.880328
55.942450460582656 -3.191017989634876 SSW 55.9421732967229 -3.1911327946645853 1454.051229 1241.630328
55.9421732967229 -3.1911327946645853 WSW 55.94205849169319 -3.1914099585243387 1454.051229 1240.380328
55.94205849169319 -3.1914099585243387 N 55.94235849169319 -3.1914099585243387 1454.051229 1239.130328
55.94235849169319 -3.1914099585243387 S 55.94205849169319 -3.1914099585243387 1454.051229 1237.880328
55.94205849169319 -3.1914099585243387 SW 55.94184635965883 -3.1916220905586945 1454.051229 1236.630328
55.94184635965883 -3.1916220905586945 ENE 55.94196116468854 -3.191344926698941 1454.051229 1235.380328
55.94196116468854 -3.191344926698941 ENE 55.94207596971825 -3.1910677628391877 1454.051229 1234.130328
55.94207596971825 -3.1910677628391877 SW 55.9418638376839 -3.1912798948735435 1454.051229 1232.880328
55.9418638376839 -3.1912798948735435 E 55.9418638376839 -3.1909798948735433 1454.051229 1231.630328
55.9418638376839 -3.1909798948735433 S 55.941563837683894 -3.1909798948735433 1454.051229 1230.380328
55.941563837683894 -3.1909798948735433 E 55.941563837683894 -3.190679894873543 1454.051229 1229.130328
55.941563837683894 -3.190679894873543 NNW 55.94184100154365 -3.1907946999032526 1454.051229 1227.880328
55.94184100154365 -3.1907946999032526 E 55.94184100154365 -3.1904946999032524 1454.051229 1226.630328
55.94184100154365 -3.1904946999032524 NNW 55.94211816540341 -3.190609504932962 1454.051229 1225.380328
55.94211816540341 -3.190609504932962 N 55.94241816540341 -3.190609504932962 1454.051229 1224.130328
55.94241816540341 -3.190609504932962 NNW 55.94269532926317 -3.1907243099626714 1454.051229 1222.880328
55.94269532926317 -3.1907243099626714 NW 55.94290746129752 -3.190936441997027 1454.051229 1221.630328
55.94290746129752 -3.190936441997027 NNW 55.94318462515728 -3.1910512470267367 1454.051229 1220.380328
55.94318462515728 -3.1910512470267367 SSE 55.94290746129752 -3.190936441997027 1454.051229 1219.130328
