55.944425 -3.188396 ENE 55.94453980502971 -3.1881188361402466 0.000000 248.750000
55.94453980502971 -3.1881188361402466 ENE 55.94465461005942 -3.187841672280493 0.000000 247.500000
55.94465461005942 -3.187841672280493 ENE 55.944769415089134 -3.18756450842074 0.000000 246.250000
55.944769415089134 -3.18756450842074 ENE 55.944884220118844 -3.1872873445609864 0.000000 245.000000
55.944884220118844 -3.1872873445609864 ENE 55.944999025148554 -3.187010180701233 49.270928 256.824749
55.944999025148554 -3.187010180701233 ENE 55.945113830178265 -3.1867330168414796 0.000000 131.704170
55.945113830178265 -3.1867330168414796 ENE 55.945228635207975 -3.186455852981726 0.000000 130.454170
55.945228635207975 -3.186455852981726 ENE 55.945343440237686 -3.1861786891219728 0.000000 129.204170
55.945343440237686 -3.1861786891219728 ENE 55.945458245267396 -3.1859015252622194 0.000000 127.954170
55.945458245267396 -3.1859015252622194 S 55.94515824526739 -3.1859015252622194 113.887452 161.557950
55.94515824526739 -3.1859015252622194 S 55.94485824526739 -3.1859015252622194 220.206845 177.434411
55.94485824526739 -3.1859015252622194 S 55.94455824526739 -3.1859015252622194 235.925669 269.476424
55.94455824526739 -3.1859015252622194 SSE 55.94428108140763 -3.18578672023251 235.925669 268.226424
55.94428108140763 -3.18578672023251 S 55.94398108140763 -3.18578672023251 235.925669 266.976424
55.94398108140763 -3.18578672023251 SSE 55.94370391754787 -3.1856719152028004 235.925669 265.726424
55.94370391754787 -3.1856719152028004 S 55.94340391754787 -3.1856719152028004 313.140754 273.632146
55.94340391754787 -3.1856719152028004 SSE 55.94312675368811 -3.185557110173091 313.140754 272.382146
55.94312675368811 -3.185557110173091 W 55.94312675368811 -3.185857110173091 348.280399 331.473396
55.94312675368811 -3.185857110173091 W 55.94312675368811 -3.1861571101730912 348.280399 330.223396
55.94312675368811 -3.1861571101730912 W 55.94312675368811 -3.1864571101730914 348.280399 328.973396
55.94312675368811 -3.1864571101730914 W 55.94312675368811 -3.1867571101730916 348.280399 327.723396
55.94312675368811 -3.1867571101730916 W 55.94312675368811 -3.187057110173092 348.280399 326.473396
55.94312675368811 -3.187057110173092 W 55.94312675368811 -3.187357110173092 348.280399 325.223396
55.94312675368811 -3.187357110173092 W 55.94312675368811 -3.187657110173092 348.280399 323.973396
55.94312675368811 -3.187657110173092 WNW 55.94324155871782 -3.1879342740328456 348.280399 322.723396
55.94324155871782 -3.1879342740328456 W 55.94324155871782 -3.1882342740328458 348.280399 321.473396
55.94324155871782 -3.1882342740328458 WNW 55.94335636374753 -3.188511437892599 348.280399 320.223396
55.94335636374753 -3.188511437892599 W 55.94335636374753 -3.1888114378925994 348.280399 318.973396
55.94335636374753 -3.1888114378925994 WNW 55.94347116877724 -3.1890886017523528 348.280399 317.723396
55.94347116877724 -3.1890886017523528 SSE 55.94319400491749 -3.1889737967226433 404.918959 400.135438
55.94319400491749 -3.1889737967226433 WNW 55.9433088099472 -3.1892509605823967 404.918959 398.885438
55.9433088099472 -3.1892509605823967 WNW 55.94342361497691 -3.18952812444215 404.918959 397.635438
55.94342361497691 -3.18952812444215 WNW 55.94353842000662 -3.1898052883019035 404.918959 396.385438
55.94353842000662 -3.1898052883019035 WNW 55.94365322503633 -3.190082452161657 404.918959 395.135438
55.94365322503633 -3.190082452161657 WNW 55.94376803006604 -3.1903596160214103 404.918959 393.885438
55.94376803006604 -3.1903596160214103 WNW 55.94388283509575 -3.1906367798811637 404.918959 392.635438
55.94388283509575 -3.1906367798811637 WNW 55.94399764012546 -3.190913943740917 427.213073 402.444002
55.94399764012546 -3.190913943740917 NW 55.944209772159816 -3.191126075775273 427.213073 401.194002
55.944209772159816 -3.191126075775273 WNW 55.944324577189526 -3.1914032396350263 427.213073 399.944002
55.944324577189526 -3.1914032396350263 NW 55.94453670922388 -3.191615371669382 519.307926 403.789165
55.94453670922388 -3.191615371669382 E 55.94453670922388 -3.191315371669382 608.466672 505.329970
55.94453670922388 -3.191315371669382 E 55.94453670922388 -3.1910153716693817 608.466672 504.079970
55.94453670922388 -3.1910153716693817 E 55.94453670922388 -3.1907153716693815 608.466672 502.829970
55.94453670922388 -3.1907153716693815 E 55.94453670922388 -3.1904153716693813 608.466672 501.579970
55.94453670922388 -3.1904153716693813 E 55.94453670922388 -3.190115371669381 669.264398 536.848079
55.94453670922388 -3.190115371669381 E 55.94453670922388 -3.189815371669381 680.041899 597.340300
55.94453670922388 -3.189815371669381 E 55.94453670922388 -3.1895153716693807 776.123974 630.675386
55.94453670922388 -3.1895153716693807 ESE 55.94442190419417 -3.1892382078096273 776.123974 629.425386
55.94442190419417 -3.1892382078096273 E 55.94442190419417 -3.188938207809627 776.123974 628.175386
55.94442190419417 -3.188938207809627 ESE 55.94430709916446 -3.1886610439498737 752.296252 603.029451
55.94430709916446 -3.1886610439498737 E 55.94430709916446 -3.1883610439498735 752.296252 601.779451
55.94430709916446 -3.1883610439498735 ESE 55.94419229413475 -3.18808388009012 752.296252 600.529451
55.94419229413475 -3.18808388009012 E 55.94419229413475 -3.18778388009012 726.353843 589.110969
55.94419229413475 -3.18778388009012 ESE 55.94407748910504 -3.1875067162303665 726.353843 587.860969
55.94407748910504 -3.1875067162303665 E 55.94407748910504 -3.1872067162303663 726.353843 586.610969
55.94407748910504 -3.1872067162303663 ESE 55.94396268407533 -3.186929552370613 726.353843 585.360969
55.94396268407533 -3.186929552370613 E 55.94396268407533 -3.1866295523706127 726.353843 584.110969
55.94396268407533 -3.1866295523706127 SSW 55.943685520215574 -3.1867443574003222 758.015547 662.432335
55.943685520215574 -3.1867443574003222 SSW 55.94340835635582 -3.1868591624300318 758.015547 661.182335
55.94340835635582 -3.1868591624300318 S 55.943108356355815 -3.1868591624300318 758.015547 659.932335
55.943108356355815 -3.1868591624300318 SSW 55.94283119249606 -3.1869739674597413 758.015547 658.682335
55.94283119249606 -3.1869739674597413 W 55.94283119249606 -3.1872739674597415 782.042202 774.529061
55.94283119249606 -3.1872739674597415 W 55.94283119249606 -3.1875739674597416 782.042202 773.279061
55.94283119249606 -3.1875739674597416 W 55.94283119249606 -3.187873967459742 782.042202 772.029061
55.94283119249606 -3.187873967459742 W 55.94283119249606 -3.188173967459742 782.042202 770.779061
55.94283119249606 -3.188173967459742 W 55.94283119249606 -3.188473967459742 782.042202 769.529061
55.94283119249606 -3.188473967459742 W 55.94283119249606 -3.1887739674597424 782.042202 768.279061
55.94283119249606 -3.1887739674597424 W 55.94283119249606 -3.1890739674597426 782.042202 767.029061
55.94283119249606 -3.1890739674597426 W 55.94283119249606 -3.1893739674597428 782.042202 765.779061
55.94283119249606 -3.1893739674597428 W 55.94283119249606 -3.189673967459743 782.042202 764.529061
55.94283119249606 -3.189673967459743 W 55.94283119249606 -3.189973967459743 782.042202 763.279061
55.94283119249606 -3.189973967459743 W 55.94283119249606 -3.1902739674597433 831.480634 831.861784
55.94283119249606 -3.1902739674597433 W 55.94283119249606 -3.1905739674597435 831.480634 830.611784
55.94283119249606 -3.1905739674597435 WSW 55.94271638746635 -3.190851131319497 831.480634 829.361784
55.94271638746635 -3.190851131319497 ENE 55.94283119249606 -3.1905739674597435 909.136052 911.603663
55.94283119249606 -3.1905739674597435 ENE 55.94294599752577 -3.19029680359999 909.136052 910.353663
55.94294599752577 -3.19029680359999 ENE 55.94306080255548 -3.1900196397402367 909.136052 909.103663
55.94306080255548 -3.1900196397402367 ENE 55.94317560758519 -3.1897424758804833 863.740591 893.157042
55.94317560758519 -3.1897424758804833 ENE 55.9432904126149 -3.18946531202073 863.740591 891.907042
55.9432904126149 -3.18946531202073 ENE 55.94340521764461 -3.1891881481609765 863.740591 890.657042
55.94340521764461 -3.1891881481609765 ENE 55.94352002267432 -3.188910984301223 863.740591 889.407042
55.94352002267432 -3.188910984301223 ENE 55.94363482770403 -3.1886338204414697 863.740591 888.157042
55.94363482770403 -3.1886338204414697 ENE 55.94374963273374 -3.1883566565817163 863.740591 886.907042
55.94374963273374 -3.1883566565817163 ENE 55.94386443776345 -3.188079492721963 863.740591 885.657042
55.94386443776345 -3.188079492721963 ENE 55.94397924279316 -3.1878023288622095 937.109978 961.735879
55.94397924279316 -3.1878023288622095 ENE 55.94409404782287 -3.187525165002456 937.109978 960.485879
55.94409404782287 -3.187525165002456 ENE 55.94420885285258 -3.1872480011427027 937.109978 959.235879
55.94420885285258 -3.1872480011427027 ENE 55.94432365788229 -3.1869708372829493 937.109978 957.985879
55.94432365788229 -3.1869708372829493 ENE 55.944438462912004 -3.186693673423196 937.109978 956.735879
55.944438462912004 -3.186693673423196 ENE 55.944553267941714 -3.1864165095634425 932.663129 851.236946
55.944553267941714 -3.1864165095634425 ENE 55.944668072971425 -3.186139345703689 932.663129 849.986946
55.944668072971425 -3.186139345703689 ENE 55.944782878001135 -3.1858621818439357 932.663129 848.736946
55.944782878001135 -3.1858621818439357 ENE 55.944897683030845 -3.1855850179841823 932.663129 847.486946
55.944897683030845 -3.1855850179841823 ENE 55.945012488060556 -3.185307854124429 932.663129 846.236946
55.945012488060556 -3.185307854124429 E 55.945012488060556 -3.1850078541244287 932.663129 844.986946
55.945012488060556 -3.1850078541244287 W 55.945012488060556 -3.185307854124429 882.555528 725.207293
55.945012488060556 -3.185307854124429 W 55.945012488060556 -3.185607854124429 882.555528 723.957293
55.945012488060556 -3.185607854124429 W 55.945012488060556 -3.1859078541244292 882.555528 722.707293
55.945012488060556 -3.1859078541244292 W 55.945012488060556 -3.1862078541244294 882.555528 721.457293
55.945012488060556 -3.1862078541244294 W 55.945012488060556 -3.1865078541244296 882.555528 720.207293
55.945012488060556 -3.1865078541244296 W 55.945012488060556 -3.18680785412443 882.555528 718.957293
55.945012488060556 -3.18680785412443 W 55.945012488060556 -3.18710785412443 827.813169 717.707293
55.945012488060556 -3.18710785412443 W 55.945012488060556 -3.18740785412443 827.813169 716.457293
55.945012488060556 -3.18740785412443 W 55.945012488060556 -3.1877078541244304 827.813169 715.207293
55.945012488060556 -3.1877078541244304 W 55.945012488060556 -3.1880078541244306 827.813169 713.957293
55.945012488060556 -3.1880078541244306 W 55.945012488060556 -3.1883078541244307 827.813169 712.707293
55.945012488060556 -3.1883078541244307 W 55.945012488060556 -3.188607854124431 827.813169 711.457293
55.945012488060556 -3.188607854124431 W 55.945012488060556 -3.188907854124431 794.678020 635.757874
55.945012488060556 -3.188907854124431 W 55.945012488060556 -3.1892078541244313 794.678020 634.507874
55.945012488060556 -3.1892078541244313 WNW 55.945127293090266 -3.1894850179841847 794.678020 633.257874
55.945127293090266 -3.1894850179841847 W 55.945127293090266 -3.189785017984185 794.678020 632.007874
55.945127293090266 -3.189785017984185 WNW 55.94524209811998 -3.1900621818439383 794.678020 630.757874
55.94524209811998 -3.1900621818439383 W 55.94524209811998 -3.1903621818439385 794.678020 629.507874
55.94524209811998 -3.1903621818439385 ENE 55.94535690314969 -3.190085017984185 910.450402 714.315070
55.94535690314969 -3.190085017984185 ENE 55.9454717081794 -3.1898078541244317 910.450402 713.065070
55.9454717081794 -3.1898078541244317 ENE 55.94558651320911 -3.1895306902646783 910.450402 711.815070
55.94558651320911 -3.1895306902646783 ENE 55.94570131823882 -3.189253526404925 910.450402 710.565070
55.94570131823882 -3.189253526404925 E 55.94570131823882 -3.1889535264049247 991.080890 825.161547
55.94570131823882 -3.1889535264049247 E 55.94570131823882 -3.1886535264049245 1012.974086 924.900462
55.94570131823882 -3.1886535264049245 E 55.94570131823882 -3.1883535264049243 1012.974086 923.650462
55.94570131823882 -3.1883535264049243 E 55.94570131823882 -3.188053526404924 1012.974086 922.400462
55.94570131823882 -3.188053526404924 E 55.94570131823882 -3.187753526404924 1012.974086 921.150462
55.94570131823882 -3.187753526404924 W 55.94570131823882 -3.188053526404924 1023.808069 1002.469552
55.94570131823882 -3.188053526404924 W 55.94570131823882 -3.1883535264049243 1023.808069 1001.219552
55.94570131823882 -3.1883535264049243 W 55.94570131823882 -3.1886535264049245 1023.808069 999.969552
55.94570131823882 -3.1886535264049245 W 55.94570131823882 -3.1889535264049247 1023.808069 998.719552
55.94570131823882 -3.1889535264049247 W 55.94570131823882 -3.189253526404925 1023.808069 997.469552
55.94570131823882 -3.189253526404925 WSW 55.94558651320911 -3.1895306902646783 1023.808069 996.219552
55.94558651320911 -3.1895306902646783 W 55.94558651320911 -3.1898306902646785 1023.808069 994.969552
55.94558651320911 -3.1898306902646785 WSW 55.9454717081794 -3.190107854124432 1023.808069 993.719552
55.9454717081794 -3.190107854124432 W 55.9454717081794 -3.190407854124432 1023.808069 992.469552
55.9454717081794 -3.190407854124432 WSW 55.94535690314969 -3.1906850179841855 1023.808069 991.219552
55.94535690314969 -3.1906850179841855 W 55.94535690314969 -3.1909850179841857 1023.808069 989.969552
55.94535690314969 -3.1909850179841857 E 55.94535690314969 -3.1906850179841855 1087.737996 1106.599162
55.94535690314969 -3.1906850179841855 E 55.94535690314969 -3.1903850179841853 1087.737996 1105.349162
55.94535690314969 -3.1903850179841853 E 55.94535690314969 -3.190085017984185 1087.737996 1104.099162
55.94535690314969 -3.190085017984185 E 55.94535690314969 -3.189785017984185 1087.737996 1102.849162
55.94535690314969 -3.189785017984185 E 55.94535690314969 -3.1894850179841847 1087.737996 1101.599162
55.94535690314969 -3.1894850179841847 E 55.94535690314969 -3.1891850179841845 1087.737996 1100.349162
55.94535690314969 -3.1891850179841845 E 55.94535690314969 -3.1888850179841843 1087.737996 1099.099162
55.94535690314969 -3.1888850179841843 E 55.94535690314969 -3.188585017984184 1087.737996 1097.849162
55.94535690314969 -3.188585017984184 E 55.94535690314969 -3.188285017984184 1087.737996 1096.599162
55.94535690314969 -3.188285017984184 E 55.94535690314969 -3.1879850179841838 1087.737996 1095.349162
55.94535690314969 -3.1879850179841838 E 55.94535690314969 -3.1876850179841836 1087.737996 1094.099162
55.94535690314969 -3.1876850179841836 E 55.94535690314969 -3.1873850179841834 1087.737996 1092.849162
55.94535690314969 -3.1873850179841834 E 55.94535690314969 -3.187085017984183 1087.737996 1091.599162
55.94535690314969 -3.187085017984183 E 55.94535690314969 -3.186785017984183 1087.737996 1090.349162
55.94535690314969 -3.186785017984183 E 55.94535690314969 -3.186485017984183 1087.737996 1089.099162
55.94535690314969 -3.186485017984183 ENE 55.9454717081794 -3.1862078541244294 997.080236 1065.813463
55.9454717081794 -3.1862078541244294 E 55.9454717081794 -3.1859078541244292 997.080236 1064.563463
55.9454717081794 -3.1859078541244292 ENE 55.94558651320911 -3.185630690264676 997.080236 1063.313463
55.94558651320911 -3.185630690264676 E 55.94558651320911 -3.1853306902646756 997.080236 1062.063463
55.94558651320911 -3.1853306902646756 ENE 55.94570131823882 -3.1850535264049222 997.080236 1060.813463
55.94570131823882 -3.1850535264049222 E 55.94570131823882 -3.184753526404922 997.080236 1059.563463
55.94570131823882 -3.184753526404922 ENE 55.94581612326853 -3.1844763625451686 997.080236 1058.313463
55.94581612326853 -3.1844763625451686 W 55.94581612326853 -3.184776362545169 1066.538750 1173.147860
55.94581612326853 -3.184776362545169 W 55.94581612326853 -3.185076362545169 1066.538750 1171.897860
55.94581612326853 -3.185076362545169 W 55.94581612326853 -3.185376362545169 1066.538750 1170.647860
55.94581612326853 -3.185376362545169 W 55.94581612326853 -3.1856763625451694 1066.538750 1169.397860
55.94581612326853 -3.1856763625451694 W 55.94581612326853 -3.1859763625451696 1066.538750 1168.147860
55.94581612326853 -3.1859763625451696 W 55.94581612326853 -3.1862763625451698 986.231552 1081.167262
55.94581612326853 -3.1862763625451698 W 55.94581612326853 -3.18657636254517 985.995823 978.091729
55.94581612326853 -3.18657636254517 W 55.94581612326853 -3.18687636254517 985.995823 976.841729
55.94581612326853 -3.18687636254517 W 55.94581612326853 -3.1871763625451703 985.995823 975.591729
55.94581612326853 -3.1871763625451703 W 55.94581612326853 -3.1874763625451705 985.995823 974.341729
55.94581612326853 -3.1874763625451705 W 55.94581612326853 -3.1877763625451707 985.995823 973.091729
55.94581612326853 -3.1877763625451707 W 55.94581612326853 -3.188076362545171 985.995823 971.841729
55.94581612326853 -3.188076362545171 W 55.94581612326853 -3.188376362545171 985.995823 970.591729
55.94581612326853 -3.188376362545171 W 55.94581612326853 -3.1886763625451713 985.995823 969.341729
55.94581612326853 -3.1886763625451713 W 55.94581612326853 -3.1889763625451715 985.995823 968.091729
55.94581612326853 -3.1889763625451715 W 55.94581612326853 -3.1892763625451717 985.995823 966.841729
55.94581612326853 -3.1892763625451717 W 55.94581612326853 -3.189576362545172 985.995823 965.591729
55.94581612326853 -3.189576362545172 W 55.94581612326853 -3.189876362545172 985.995823 964.341729
55.94581612326853 -3.189876362545172 WSW 55.94570131823882 -3.1901535264049254 985.995823 963.091729
55.94570131823882 -3.1901535264049254 W 55.94570131823882 -3.1904535264049256 862.227632 887.213871
55.94570131823882 -3.1904535264049256 WSW 55.94558651320911 -3.190730690264679 862.227632 885.963871
55.94558651320911 -3.190730690264679 W 55.94558651320911 -3.1910306902646792 862.227632 884.713871
55.94558651320911 -3.1910306902646792 WSW 55.9454717081794 -3.1913078541244326 862.227632 883.463871
55.9454717081794 -3.1913078541244326 W 55.9454717081794 -3.191607854124433 862.227632 882.213871
55.9454717081794 -3.191607854124433 WSW 55.94535690314969 -3.1918850179841862 862.227632 880.963871
55.94535690314969 -3.1918850179841862 W 55.94535690314969 -3.1921850179841864 862.227632 879.713871
55.94535690314969 -3.1921850179841864 WSW 55.94524209811998 -3.19246218184394 862.227632 878.463871
55.94524209811998 -3.19246218184394 E 55.94524209811998 -3.1921621818439396 947.653809 915.227668
55.94524209811998 -3.1921621818439396 E 55.94524209811998 -3.1918621818439394 947.653809 913.977668
55.94524209811998 -3.1918621818439394 E 55.94524209811998 -3.1915621818439392 947.653809 912.727668
55.94524209811998 -3.1915621818439392 ESE 55.945127293090266 -3.191285017984186 947.653809 911.477668
55.945127293090266 -3.191285017984186 E 55.945127293090266 -3.1909850179841857 947.653809 910.227668
55.945127293090266 -3.1909850179841857 ESE 55.945012488060556 -3.1907078541244323 947.653809 908.977668
55.945012488060556 -3.1907078541244323 E 55.945012488060556 -3.190407854124432 947.653809 907.727668
55.945012488060556 -3.190407854124432 ESE 55.944897683030845 -3.1901306902646787 947.653809 906.477668
55.944897683030845 -3.1901306902646787 E 55.944897683030845 -3.1898306902646785 947.653809 905.227668
55.944897683030845 -3.1898306902646785 ESE 55.944782878001135 -3.189553526404925 947.653809 903.977668
55.944782878001135 -3.189553526404925 E 55.944782878001135 -3.189253526404925 947.653809 902.727668
55.944782878001135 -3.189253526404925 ESE 55.944668072971425 -3.1889763625451715 947.653809 901.477668
55.944668072971425 -3.1889763625451715 E 55.944668072971425 -3.1886763625451713 947.653809 900.227668
55.944668072971425 -3.1886763625451713 ESE 55.944553267941714 -3.188399198685418 947.653809 898.977668
55.944553267941714 -3.188399198685418 E 55.944553267941714 -3.1880991986854177 947.653809 897.727668
55.944553267941714 -3.1880991986854177 ESE 55.944438462912004 -3.1878220348256643 947.653809 896.477668
55.944438462912004 -3.1878220348256643 E 55.944438462912004 -3.187522034825664 947.653809 895.227668
55.944438462912004 -3.187522034825664 ESE 55.94432365788229 -3.1872448709659107 947.653809 893.977668
55.94432365788229 -3.1872448709659107 E 55.94432365788229 -3.1869448709659105 947.653809 892.727668
55.94432365788229 -3.1869448709659105 ESE 55.94420885285258 -3.186667707106157 947.653809 891.477668
55.94420885285258 -3.186667707106157 NNW 55.94448601671234 -3.1867825121358666 1058.262778 961.639180
55.94448601671234 -3.1867825121358666 SSE 55.94420885285258 -3.186667707106157 1058.262778 960.389180
55.94420885285258 -3.186667707106157 E 55.94420885285258 -3.186367707106157 1058.262778 959.139180
55.94420885285258 -3.186367707106157 E 55.94420885285258 -3.1860677071061567 1058.262778 957.889180
55.94420885285258 -3.1860677071061567 E 55.94420885285258 -3.1857677071061565 1058.262778 956.639180
55.94420885285258 -3.1857677071061565 ESE 55.94409404782287 -3.185490543246403 1058.262778 955.389180
55.94409404782287 -3.185490543246403 E 55.94409404782287 -3.185190543246403 1058.262778 954.139180
55.94409404782287 -3.185190543246403 ESE 55.94397924279316 -3.1849133793866495 1058.262778 952.889180
55.94397924279316 -3.1849133793866495 E 55.94397924279316 -3.1846133793866493 1058.262778 951.639180
55.94397924279316 -3.1846133793866493 W 55.94397924279316 -3.1849133793866495 1144.138575 1026.403896
55.94397924279316 -3.1849133793866495 W 55.94397924279316 -3.1852133793866497 1144.138575 1025.153896
55.94397924279316 -3.1852133793866497 W 55.94397924279316 -3.18551337938665 1144.138575 1023.903896
55.94397924279316 -3.18551337938665 W 55.94397924279316 -3.18581337938665 1144.138575 1022.653896
55.94397924279316 -3.18581337938665 W 55.94397924279316 -3.1861133793866503 1144.138575 1021.403896
55.94397924279316 -3.1861133793866503 W 55.94397924279316 -3.1864133793866505 1144.138575 1020.153896
55.94397924279316 -3.1864133793866505 W 55.94397924279316 -3.1867133793866507 1144.138575 1018.903896
55.94397924279316 -3.1867133793866507 W 55.94397924279316 -3.187013379386651 1144.138575 1017.653896
55.94397924279316 -3.187013379386651 W 55.94397924279316 -3.187313379386651 1144.138575 1016.403896
55.94397924279316 -3.187313379386651 W 55.94397924279316 -3.1876133793866512 1144.138575 1015.153896
55.94397924279316 -3.1876133793866512 W 55.94397924279316 -3.1879133793866514 1144.138575 1013.903896
55.94397924279316 -3.1879133793866514 W 55.94397924279316 -3.1882133793866516 1144.138575 1012.653896
55.94397924279316 -3.1882133793866516 W 55.94397924279316 -3.188513379386652 1144.138575 1011.403896
55.94397924279316 -3.188513379386652 W 55.94397924279316 -3.188813379386652 1144.138575 1010.153896
55.94397924279316 -3.188813379386652 W 55.94397924279316 -3.189113379386652 1144.138575 1008.903896
55.94397924279316 -3.189113379386652 W 55.94397924279316 -3.1894133793866524 1144.138575 1007.653896
55.94397924279316 -3.1894133793866524 W 55.94397924279316 -3.1897133793866526 1144.138575 1006.403896
55.94397924279316 -3.1897133793866526 W 55.94397924279316 -3.1900133793866527 1144.138575 1005.153896
55.94397924279316 -3.1900133793866527 W 55.94397924279316 -3.190313379386653 1144.138575 1003.903896
55.94397924279316 -3.190313379386653 W 55.94397924279316 -3.190613379386653 1144.138575 1002.653896
55.94397924279316 -3.190613379386653 W 55.94397924279316 -3.1909133793866533 1144.138575 1001.403896
55.94397924279316 -3.1909133793866533 W 55.94397924279316 -3.1912133793866535 1144.138575 1000.153896
55.94397924279316 -3.1912133793866535 S 55.94367924279316 -3.1912133793866535 1205.836087 1020.268441
55.94367924279316 -3.1912133793866535 NW 55.943891374827516 -3.1914255114210093 1205.836087 1019.018441
55.943891374827516 -3.1914255114210093 WNW 55.944006179857226 -3.1917026752807627 1250.150127 1023.382074
55.944006179857226 -3.1917026752807627 NNW 55.94428334371698 -3.191817480310472 1265.805334 1062.895501
55.94428334371698 -3.191817480310472 SSE 55.944006179857226 -3.1917026752807627 1265.805334 1061.645501
55.944006179857226 -3.1917026752807627 WNW 55.944120984886936 -3.191979839140516 1265.805334 1060.395501
55.944120984886936 -3.191979839140516 ESE 55.944006179857226 -3.1917026752807627 1265.805334 1059.145501
55.944006179857226 -3.1917026752807627 NNW 55.94428334371698 -3.191817480310472 1265.805334 1057.895501
55.94428334371698 -3.191817480310472 NE 55.94449547575134 -3.1916053482761164 1265.805334 1056.645501
55.94449547575134 -3.1916053482761164 WSW 55.94438067072163 -3.19188251213587 1265.805334 1055.395501
55.94438067072163 -3.19188251213587 ESE 55.94426586569192 -3.1916053482761164 1265.805334 1054.145501
55.94426586569192 -3.1916053482761164 WSW 55.94415106066221 -3.19188251213587 1265.805334 1052.895501
55.94415106066221 -3.19188251213587 ESE 55.9440362556325 -3.1916053482761164 1265.805334 1051.645501
55.9440362556325 -3.1916053482761164 E 55.9440362556325 -3.1913053482761162 1265.805334 1050.395501
55.9440362556325 -3.1913053482761162 SW 55.94382412359814 -3.191517480310472 1265.805334 1049.145501
55.94382412359814 -3.191517480310472 SSE 55.943546959738384 -3.1914026752807625 1265.805334 1047.895501
55.943546959738384 -3.1914026752807625 S 55.94324695973838 -3.1914026752807625 1265.805334 1046.645501
