55.944425 -3.188396 ENE 55.94453980502971 -3.1881188361402466 0.000000 248.750000
55.94453980502971 -3.1881188361402466 ENE 55.94465461005942 -3.187841672280493 0.000000 247.500000
55.94465461005942 -3.187841672280493 ENE 55.944769415089134 -3.18756450842074 0.000000 246.250000
55.944769415089134 -3.18756450842074 ENE 55.944884220118844 -3.1872873445609864 0.000000 245.000000
55.944884220118844 -3.1872873445609864 ENE 55.944999025148554 -3.187010180701233 49.270928 256.824749
55.944999025148554 -3.187010180701233 ENE 55.945113830178265 -3.1867330168414796 0.000000 131.704170
55.945113830178265 -3.1867330168414796 ENE 55.945228635207975 -3.186455852981726 0.000000 130.454170
55.945228635207975 -3.186455852981726 ENE 55.945343440237686 -3.1861786891219728 0.000000 129.204170
55.945343440237686 -3.1861786891219728 ENE 55.945458245267396 -3.1859015252622194 0.000000 127.954170
55.945458245267396 -3.1859015252622194 S 55.94515824526739 -3.1859015252622194 113.887452 161.557950
55.94515824526739 -3.1859015252622194 S 55.94485824526739 -3.1859015252622194 220.206845 177.434411
55.94485824526739 -3.1859015252622194 S 55.94455824526739 -3.1859015252622194 235.925669 269.476424
55.94455824526739 -3.1859015252622194 SSE 55.94428108140763 -3.18578672023251 235.925669 268.226424
55.94428108140763 -3.18578672023251 S 55.94398108140763 -3.18578672023251 235.925669 266.976424
55.94398108140763 -3.18578672023251 SSE 55.94370391754787 -3.1856719152028004 235.925669 265.726424
55.94370391754787 -3.1856719152028004 S 55.94340391754787 -3.1856719152028004 313.140754 273.632146
55.94340391754787 -3.1856719152028004 SSE 55.94312675368811 -3.185557110173091 313.140754 272.382146
55.94312675368811 -3.185557110173091 S 55.94282675368811 -3.185557110173091 348.280399 331.473396
55.94282675368811 -3.185557110173091 WNW 55.94294155871782 -3.1858342740328442 348.280399 330.223396
55.94294155871782 -3.1858342740328442 WNW 55.94305636374753 -3.1861114378925977 348.280399 328.973396
55.94305636374753 -3.1861114378925977 WNW 55.94317116877724 -3.186388601752351 348.280399 327.723396
55.94317116877724 -3.186388601752351 WNW 55.94328597380695 -3.1866657656121045 348.280399 326.473396
55.94328597380695 -3.1866657656121045 WNW 55.94340077883666 -3.186942929471858 348.280399 325.223396
55.94340077883666 -3.186942929471858 WNW 55.94351558386637 -3.1872200933316113 348.280399 323.973396
55.94351558386637 -3.1872200933316113 WNW 55.94363038889608 -3.1874972571913647 343.453795 263.680123
55.94363038889608 -3.1874972571913647 WNW 55.94374519392579 -3.187774421051118 343.453795 262.430123
55.94374519392579 -3.187774421051118 WNW 55.9438599989555 -3.1880515849108715 343.453795 261.180123
55.9438599989555 -3.1880515849108715 WNW 55.94397480398521 -3.188328748770625 416.823182 337.258960
55.94397480398521 -3.188328748770625 WNW 55.944089609014924 -3.1886059126303783 416.823182 336.008960
55.944089609014924 -3.1886059126303783 NW 55.94430174104928 -3.188818044664734 416.823182 334.758960
55.94430174104928 -3.188818044664734 WNW 55.94441654607899 -3.1890952085244875 392.995460 309.613025
55.94441654607899 -3.1890952085244875 NW 55.94462867811335 -3.1893073405588432 392.995460 308.363025
55.94462867811335 -3.1893073405588432 WNW 55.94474348314306 -3.1895845044185966 392.995460 307.113025
55.94474348314306 -3.1895845044185966 NW 55.94495561517741 -3.1897966364529524 489.077534 340.448111
55.94495561517741 -3.1897966364529524 WNW 55.945070420207124 -3.190073800312706 489.077534 339.198111
55.945070420207124 -3.190073800312706 NW 55.94528255224148 -3.1902859323470616 489.077534 337.948111
55.94528255224148 -3.1902859323470616 S 55.94498255224148 -3.1902859323470616 604.849916 422.755306
55.94498255224148 -3.1902859323470616 S 55.944682552241474 -3.1902859323470616 604.849916 421.505306
55.944682552241474 -3.1902859323470616 SSW 55.94440538838172 -3.190400737376771 665.647641 456.773414
55.94440538838172 -3.190400737376771 S 55.944105388381715 -3.190400737376771 665.647641 455.523414
55.944105388381715 -3.190400737376771 WNW 55.944220193411425 -3.1906779012365245 687.941755 465.331978
55.944220193411425 -3.1906779012365245 WNW 55.944334998441136 -3.190955065096278 687.941755 464.081978
55.944334998441136 -3.190955065096278 WNW 55.944449803470846 -3.1912322289560313 687.941755 462.831978
55.944449803470846 -3.1912322289560313 WNW 55.944564608500556 -3.1915093928157847 687.941755 461.581978
55.944564608500556 -3.1915093928157847 ENE 55.94467941353027 -3.1912322289560313 780.036608 465.427142
55.94467941353027 -3.1912322289560313 ENE 55.94479421855998 -3.190955065096278 780.036608 464.177142
55.94479421855998 -3.190955065096278 ENE 55.94490902358969 -3.1906779012365245 780.036608 462.927142
55.94490902358969 -3.1906779012365245 ENE 55.9450238286194 -3.190400737376771 780.036608 461.677142
55.9450238286194 -3.190400737376771 ENE 55.94513863364911 -3.1901235735170177 780.036608 460.427142
55.94513863364911 -3.1901235735170177 ENE 55.94525343867882 -3.1898464096572643 780.036608 459.177142
55.94525343867882 -3.1898464096572643 ENE 55.94536824370853 -3.189569245797511 780.036608 457.927142
55.94536824370853 -3.189569245797511 E 55.94536824370853 -3.1892692457975107 780.036608 456.677142
55.94536824370853 -3.1892692457975107 ENE 55.94548304873824 -3.1889920819377573 780.036608 455.427142
55.94548304873824 -3.1889920819377573 E 55.94548304873824 -3.188692081937757 801.929805 555.166057
55.94548304873824 -3.188692081937757 ENE 55.94559785376795 -3.1884149180780037 801.929805 553.916057
55.94559785376795 -3.1884149180780037 E 55.94559785376795 -3.1881149180780035 801.929805 552.666057
55.94559785376795 -3.1881149180780035 ENE 55.94571265879766 -3.18783775421825 801.929805 551.416057
55.94571265879766 -3.18783775421825 WSW 55.94559785376795 -3.1881149180780035 812.763788 632.735147
55.94559785376795 -3.1881149180780035 WSW 55.94548304873824 -3.188392081937757 812.763788 631.485147
55.94548304873824 -3.188392081937757 WSW 55.94536824370853 -3.1886692457975103 812.763788 630.235147
55.94536824370853 -3.1886692457975103 WSW 55.94525343867882 -3.1889464096572637 812.763788 628.985147
55.94525343867882 -3.1889464096572637 WSW 55.94513863364911 -3.189223573517017 812.763788 627.735147
55.94513863364911 -3.189223573517017 SW 55.94492650161475 -3.189435705551373 812.763788 626.485147
55.94492650161475 -3.189435705551373 WSW 55.94481169658504 -3.1897128694111263 812.763788 625.235147
55.94481169658504 -3.1897128694111263 SW 55.944599564550685 -3.189925001445482 812.763788 623.985147
55.944599564550685 -3.189925001445482 E 55.944599564550685 -3.189625001445482 823.541290 684.477369
55.944599564550685 -3.189625001445482 E 55.944599564550685 -3.1893250014454817 823.541290 683.227369
55.944599564550685 -3.1893250014454817 E 55.944599564550685 -3.1890250014454815 823.541290 681.977369
55.944599564550685 -3.1890250014454815 E 55.944599564550685 -3.1887250014454813 823.541290 680.727369
55.944599564550685 -3.1887250014454813 E 55.944599564550685 -3.188425001445481 823.541290 679.477369
55.944599564550685 -3.188425001445481 E 55.944599564550685 -3.188125001445481 823.541290 678.227369
55.944599564550685 -3.188125001445481 E 55.944599564550685 -3.1878250014454808 823.541290 676.977369
55.944599564550685 -3.1878250014454808 E 55.944599564550685 -3.1875250014454806 823.541290 675.727369
55.944599564550685 -3.1875250014454806 E 55.944599564550685 -3.1872250014454804 823.541290 674.477369
55.944599564550685 -3.1872250014454804 E 55.944599564550685 -3.18692500144548 823.541290 673.227369
55.944599564550685 -3.18692500144548 ENE 55.944714369580396 -3.186647837585727 823.541290 671.977369
55.944714369580396 -3.186647837585727 E 55.944714369580396 -3.1863478375857266 823.541290 670.727369
55.944714369580396 -3.1863478375857266 ENE 55.944829174610106 -3.186070673725973 823.541290 669.477369
55.944829174610106 -3.186070673725973 E 55.944829174610106 -3.185770673725973 823.541290 668.227369
55.944829174610106 -3.185770673725973 ENE 55.94494397963982 -3.1854935098662196 823.541290 666.977369
55.94494397963982 -3.1854935098662196 E 55.94494397963982 -3.1851935098662194 823.541290 665.727369
55.94494397963982 -3.1851935098662194 ENE 55.94505878466953 -3.184916346006466 823.541290 664.477369
55.94505878466953 -3.184916346006466 E 55.94505878466953 -3.184616346006466 856.334151 750.337372
55.94505878466953 -3.184616346006466 S 55.944758784669524 -3.184616346006466 856.334151 749.087372
55.944758784669524 -3.184616346006466 S 55.94445878466952 -3.184616346006466 856.334151 747.837372
55.94445878466952 -3.184616346006466 S 55.94415878466952 -3.184616346006466 856.334151 746.587372
55.94415878466952 -3.184616346006466 W 55.94415878466952 -3.184916346006466 942.209948 821.352089
55.94415878466952 -3.184916346006466 W 55.94415878466952 -3.185216346006466 942.209948 820.102089
55.94415878466952 -3.185216346006466 W 55.94415878466952 -3.1855163460064664 942.209948 818.852089
55.94415878466952 -3.1855163460064664 W 55.94415878466952 -3.1858163460064666 942.209948 817.602089
55.94415878466952 -3.1858163460064666 W 55.94415878466952 -3.1861163460064668 942.209948 816.352089
55.94415878466952 -3.1861163460064668 W 55.94415878466952 -3.186416346006467 942.209948 815.102089
55.94415878466952 -3.186416346006467 W 55.94415878466952 -3.186716346006467 937.763099 709.603156
55.94415878466952 -3.186716346006467 W 55.94415878466952 -3.1870163460064673 1048.372068 779.764667
55.94415878466952 -3.1870163460064673 W 55.94415878466952 -3.1873163460064675 1048.372068 778.514667
55.94415878466952 -3.1873163460064675 W 55.94415878466952 -3.1876163460064677 1048.372068 777.264667
55.94415878466952 -3.1876163460064677 W 55.94415878466952 -3.187916346006468 1048.372068 776.014667
55.94415878466952 -3.187916346006468 W 55.94415878466952 -3.188216346006468 1022.429660 764.596185
55.94415878466952 -3.188216346006468 W 55.94415878466952 -3.1885163460064683 1022.429660 763.346185
55.94415878466952 -3.1885163460064683 W 55.94415878466952 -3.1888163460064685 1022.429660 762.096185
55.94415878466952 -3.1888163460064685 W 55.94415878466952 -3.1891163460064686 1022.429660 760.846185
55.94415878466952 -3.1891163460064686 W 55.94415878466952 -3.189416346006469 1022.429660 759.596185
55.94415878466952 -3.189416346006469 W 55.94415878466952 -3.189716346006469 1022.429660 758.346185
55.94415878466952 -3.189716346006469 W 55.94415878466952 -3.190016346006469 1022.429660 757.096185
55.94415878466952 -3.190016346006469 WNW 55.94427358969923 -3.1902935098662226 1022.429660 755.846185
55.94427358969923 -3.1902935098662226 W 55.94427358969923 -3.190593509866223 1022.429660 754.596185
55.94427358969923 -3.190593509866223 WNW 55.94438839472894 -3.190870673725976 1022.429660 753.346185
55.94438839472894 -3.190870673725976 W 55.94438839472894 -3.1911706737259764 1022.429660 752.096185
55.94438839472894 -3.1911706737259764 WNW 55.94450319975865 -3.19144783758573 1022.429660 750.846185
55.94450319975865 -3.19144783758573 W 55.94450319975865 -3.19174783758573 1022.429660 749.596185
55.94450319975865 -3.19174783758573 ENE 55.94461800478836 -3.1914706737259766 1111.588406 851.136990
55.94461800478836 -3.1914706737259766 SE 55.944405872754004 -3.191258541691621 1111.588406 849.886990
55.944405872754004 -3.191258541691621 SE 55.94419374071965 -3.191046409657265 1111.588406 848.636990
55.94419374071965 -3.191046409657265 SE 55.94398160868529 -3.1908342776229093 1111.588406 847.386990
55.94398160868529 -3.1908342776229093 SE 55.943769476650935 -3.1906221455885535 1111.588406 846.136990
55.943769476650935 -3.1906221455885535 SE 55.94355734461658 -3.1904100135541977 1111.588406 844.886990
55.94355734461658 -3.1904100135541977 SSE 55.94328018075682 -3.1902952085244882 1111.588406 843.636990
55.94328018075682 -3.1902952085244882 SE 55.943068048722466 -3.1900830764901325 1111.588406 842.386990
55.943068048722466 -3.1900830764901325 SSE 55.94279088486271 -3.189968271460423 1066.192945 826.440369
55.94279088486271 -3.189968271460423 ENE 55.94290568989242 -3.1896911076006695 1115.631378 895.023092
55.94290568989242 -3.1896911076006695 ENE 55.94302049492213 -3.189413943740916 1115.631378 893.773092
55.94302049492213 -3.189413943740916 ENE 55.94313529995184 -3.1891367798811627 1115.631378 892.523092
55.94313529995184 -3.1891367798811627 ENE 55.94325010498155 -3.1888596160214093 1115.631378 891.273092
55.94325010498155 -3.1888596160214093 ENE 55.94336491001126 -3.188582452161656 1115.631378 890.023092
55.94336491001126 -3.188582452161656 ENE 55.94347971504097 -3.1883052883019025 1115.631378 888.773092
55.94347971504097 -3.1883052883019025 ENE 55.94359452007068 -3.188028124442149 1115.631378 887.523092
55.94359452007068 -3.188028124442149 E 55.94359452007068 -3.187728124442149 1115.631378 886.273092
55.94359452007068 -3.187728124442149 ENE 55.94370932510039 -3.1874509605823955 1115.631378 885.023092
55.94370932510039 -3.1874509605823955 E 55.94370932510039 -3.1871509605823953 1115.631378 883.773092
55.94370932510039 -3.1871509605823953 ENE 55.9438241301301 -3.186873796722642 1115.631378 882.523092
55.9438241301301 -3.186873796722642 E 55.9438241301301 -3.1865737967226417 1115.631378 881.273092
55.9438241301301 -3.1865737967226417 WNW 55.943938935159814 -3.186850960582395 1147.293081 959.594458
55.943938935159814 -3.186850960582395 WNW 55.944053740189524 -3.1871281244421485 1147.293081 958.344458
55.944053740189524 -3.1871281244421485 WNW 55.944168545219235 -3.187405288301902 1147.293081 957.094458
55.944168545219235 -3.187405288301902 WNW 55.944283350248945 -3.1876824521616554 1147.293081 955.844458
55.944283350248945 -3.1876824521616554 WNW 55.944398155278655 -3.1879596160214088 1147.293081 954.594458
55.944398155278655 -3.1879596160214088 W 55.944398155278655 -3.188259616021409 1147.293081 953.344458
55.944398155278655 -3.188259616021409 WNW 55.944512960308366 -3.1885367798811624 1147.293081 952.094458
55.944512960308366 -3.1885367798811624 W 55.944512960308366 -3.1888367798811625 1147.293081 950.844458
55.944512960308366 -3.1888367798811625 WNW 55.944627765338076 -3.189113943740916 1147.293081 949.594458
55.944627765338076 -3.189113943740916 W 55.944627765338076 -3.189413943740916 1147.293081 948.344458
55.944627765338076 -3.189413943740916 WNW 55.94474257036779 -3.1896911076006695 1147.293081 947.094458
55.94474257036779 -3.1896911076006695 W 55.94474257036779 -3.1899911076006697 1147.293081 945.844458
55.94474257036779 -3.1899911076006697 WNW 55.9448573753975 -3.190268271460423 1147.293081 944.594458
55.9448573753975 -3.190268271460423 W 55.9448573753975 -3.1905682714604233 1147.293081 943.344458
55.9448573753975 -3.1905682714604233 WNW 55.94497218042721 -3.1908454353201767 1147.293081 942.094458
55.94497218042721 -3.1908454353201767 W 55.94497218042721 -3.191145435320177 1147.293081 940.844458
55.94497218042721 -3.191145435320177 WNW 55.94508698545692 -3.1914225991799303 1147.293081 939.594458
55.94508698545692 -3.1914225991799303 W 55.94508698545692 -3.1917225991799305 1147.293081 938.344458
55.94508698545692 -3.1917225991799305 WNW 55.94520179048663 -3.191999763039684 1147.293081 937.094458
55.94520179048663 -3.191999763039684 W 55.94520179048663 -3.192299763039684 1147.293081 935.844458
55.94520179048663 -3.192299763039684 WNW 55.94531659551634 -3.1925769268994375 1232.719258 972.608255
55.94531659551634 -3.1925769268994375 E 55.94531659551634 -3.1922769268994373 1232.719258 971.358255
55.94531659551634 -3.1922769268994373 E 55.94531659551634 -3.191976926899437 1232.719258 970.108255
55.94531659551634 -3.191976926899437 E 55.94531659551634 -3.191676926899437 1232.719258 968.858255
55.94531659551634 -3.191676926899437 E 55.94531659551634 -3.1913769268994368 1232.719258 967.608255
55.94531659551634 -3.1913769268994368 E 55.94531659551634 -3.1910769268994366 1296.649185 1084.237865
55.94531659551634 -3.1910769268994366 E 55.94531659551634 -3.1907769268994364 1296.649185 1082.987865
55.94531659551634 -3.1907769268994364 E 55.94531659551634 -3.190476926899436 1296.649185 1081.737865
55.94531659551634 -3.190476926899436 E 55.94531659551634 -3.190176926899436 1296.649185 1080.487865
55.94531659551634 -3.190176926899436 E 55.94531659551634 -3.189876926899436 1296.649185 1079.237865
55.94531659551634 -3.189876926899436 E 55.94531659551634 -3.1895769268994356 1296.649185 1077.987865
55.94531659551634 -3.1895769268994356 E 55.94531659551634 -3.1892769268994354 1296.649185 1076.737865
55.94531659551634 -3.1892769268994354 E 55.94531659551634 -3.1889769268994352 1296.649185 1075.487865
55.94531659551634 -3.1889769268994352 E 55.94531659551634 -3.188676926899435 1296.649185 1074.237865
55.94531659551634 -3.188676926899435 E 55.94531659551634 -3.188376926899435 1296.649185 1072.987865
55.94531659551634 -3.188376926899435 E 55.94531659551634 -3.1880769268994347 1296.649185 1071.737865
55.94531659551634 -3.1880769268994347 E 55.94531659551634 -3.1877769268994345 1296.649185 1070.487865
55.94531659551634 -3.1877769268994345 E 55.94531659551634 -3.1874769268994343 1296.649185 1069.237865
55.94531659551634 -3.1874769268994343 E 55.94531659551634 -3.187176926899434 1296.649185 1067.987865
55.94531659551634 -3.187176926899434 E 55.94531659551634 -3.186876926899434 1296.649185 1066.737865
55.94531659551634 -3.186876926899434 ENE 55.94543140054605 -3.1865997630396805 1296.649185 1065.487865
55.94543140054605 -3.1865997630396805 E 55.94543140054605 -3.1862997630396803 1205.991424 1042.202166
55.94543140054605 -3.1862997630396803 ENE 55.94554620557576 -3.186022599179927 1205.991424 1040.952166
55.94554620557576 -3.186022599179927 E 55.94554620557576 -3.1857225991799267 1205.991424 1039.702166
55.94554620557576 -3.1857225991799267 ENE 55.94566101060547 -3.1854454353201733 1205.991424 1038.452166
55.94566101060547 -3.1854454353201733 E 55.94566101060547 -3.185145435320173 1205.991424 1037.202166
55.94566101060547 -3.185145435320173 ENE 55.94577581563518 -3.1848682714604197 1205.991424 1035.952166
55.94577581563518 -3.1848682714604197 E 55.94577581563518 -3.1845682714604195 1205.991424 1034.702166
55.94577581563518 -3.1845682714604195 SW 55.945563683600824 -3.1847804034947753 1275.449938 1149.536562
55.945563683600824 -3.1847804034947753 SW 55.94535155156647 -3.184992535529131 1275.449938 1148.286562
55.94535155156647 -3.184992535529131 SW 55.94513941953211 -3.185204667563487 1225.342337 1028.506909
55.94513941953211 -3.185204667563487 SW 55.944927287497755 -3.1854167995978426 1225.342337 1027.256909
55.944927287497755 -3.1854167995978426 SW 55.9447151554634 -3.1856289316321984 1225.342337 1026.006909
55.9447151554634 -3.1856289316321984 SSW 55.94443799160364 -3.185743736661908 1225.342337 1024.756909
55.94443799160364 -3.185743736661908 SW 55.944225859569286 -3.1859558686962637 1225.342337 1023.506909
55.944225859569286 -3.1859558686962637 SSW 55.94394869570953 -3.186070673725973 1225.342337 1022.256909
55.94394869570953 -3.186070673725973 SW 55.943736563675174 -3.186282805760329 1225.342337 1021.006909
55.943736563675174 -3.186282805760329 SSW 55.94345939981542 -3.1863976107900385 1225.342337 1019.756909
55.94345939981542 -3.1863976107900385 SW 55.94324726778106 -3.1866097428243942 1225.342337 1018.506909
55.94324726778106 -3.1866097428243942 SSW 55.942970103921304 -3.1867245478541038 1225.342337 1017.256909
55.942970103921304 -3.1867245478541038 SW 55.94275797188695 -3.1869366798884595 1225.342337 1016.006909
55.94275797188695 -3.1869366798884595 WNW 55.94287277691666 -3.187213843748213 1249.368992 1131.853634
55.94287277691666 -3.187213843748213 WNW 55.94298758194637 -3.1874910076079663 1249.368992 1130.603634
55.94298758194637 -3.1874910076079663 WNW 55.94310238697608 -3.1877681714677197 1249.368992 1129.353634
55.94310238697608 -3.1877681714677197 W 55.94310238697608 -3.18806817146772 1249.368992 1128.103634
55.94310238697608 -3.18806817146772 WNW 55.94321719200579 -3.1883453353274733 1249.368992 1126.853634
55.94321719200579 -3.1883453353274733 W 55.94321719200579 -3.1886453353274735 1249.368992 1125.603634
55.94321719200579 -3.1886453353274735 WNW 55.9433319970355 -3.188922499187227 1249.368992 1124.353634
55.9433319970355 -3.188922499187227 W 55.9433319970355 -3.189222499187227 1306.007552 1206.765676
55.9433319970355 -3.189222499187227 WNW 55.94344680206521 -3.1894996630469805 1306.007552 1205.515676
55.94344680206521 -3.1894996630469805 W 55.94344680206521 -3.1897996630469807 1306.007552 1204.265676
55.94344680206521 -3.1897996630469807 WNW 55.94356160709492 -3.190076826906734 1306.007552 1203.015676
55.94356160709492 -3.190076826906734 W 55.94356160709492 -3.1903768269067343 1306.007552 1201.765676
55.94356160709492 -3.1903768269067343 WNW 55.94367641212463 -3.1906539907664877 1306.007552 1200.515676
55.94367641212463 -3.1906539907664877 W 55.94367641212463 -3.190953990766488 1306.007552 1199.265676
55.94367641212463 -3.190953990766488 WNW 55.94379121715434 -3.1912311546262413 1306.007552 1198.015676
55.94379121715434 -3.1912311546262413 SSW 55.943514053294585 -3.191345959655951 1367.705063 1218.130220
55.943514053294585 -3.191345959655951 NNE 55.94379121715434 -3.1912311546262413 1367.705063 1216.880220
55.94379121715434 -3.1912311546262413 NE 55.9440033491887 -3.1910190225918855 1367.705063 1215.630220
55.9440033491887 -3.1910190225918855 NE 55.944215481223054 -3.1908068905575298 1367.705063 1214.380220
55.944215481223054 -3.1908068905575298 NE 55.94442761325741 -3.190594758523174 1367.705063 1213.130220
55.94442761325741 -3.190594758523174 NE 55.94463974529177 -3.190382626488818 1367.705063 1211.880220
55.94463974529177 -3.190382626488818 NE 55.94485187732612 -3.1901704944544624 1367.705063 1210.630220
55.94485187732612 -3.1901704944544624 NE 55.94506400936048 -3.1899583624201067 1367.705063 1209.380220
55.94506400936048 -3.1899583624201067 NE 55.945276141394835 -3.189746230385751 1367.705063 1208.130220
55.945276141394835 -3.189746230385751 ENE 55.945390946424546 -3.1894690665259975 1367.705063 1206.880220
55.945390946424546 -3.1894690665259975 NE 55.9456030784589 -3.1892569344916417 1367.705063 1205.630220
55.9456030784589 -3.1892569344916417 SSW 55.945325914599145 -3.1893717395213512 1448.335551 1320.226698
55.945325914599145 -3.1893717395213512 SSW 55.94504875073939 -3.1894865445510607 1448.335551 1318.976698
55.94504875073939 -3.1894865445510607 SW 55.94483661870503 -3.1896986765854165 1448.335551 1317.726698
55.94483661870503 -3.1896986765854165 SSW 55.944559454845276 -3.189813481615126 1448.335551 1316.476698
55.944559454845276 -3.189813481615126 SW 55.94434732281092 -3.190025613649482 1448.335551 1315.226698
55.94434732281092 -3.190025613649482 SSW 55.94407015895116 -3.1901404186791913 1448.335551 1313.976698
55.94407015895116 -3.1901404186791913 SW 55.94385802691681 -3.190352550713547 1448.335551 1312.726698
55.94385802691681 -3.190352550713547 SSW 55.94358086305705 -3.1904673557432566 1448.335551 1311.476698
55.94358086305705 -3.1904673557432566 SW 55.943368731022694 -3.1906794877776123 1448.335551 1310.226698
55.943368731022694 -3.1906794877776123 SSW 55.94309156716294 -3.190794292807322 1448.335551 1308.976698
55.94309156716294 -3.190794292807322 SW 55.94287943512858 -3.1910064248416776 1448.335551 1307.726698
55.94287943512858 -3.1910064248416776 SSW 55.942602271268825 -3.191121229871387 1525.990969 1389.968577
55.942602271268825 -3.191121229871387 NNW 55.94287943512858 -3.1912360349010966 1525.990969 1388.718577
55.94287943512858 -3.1912360349010966 NNW 55.94315659898834 -3.191350839930806 1525.990969 1387.468577
55.94315659898834 -3.191350839930806 NNW 55.943433762848095 -3.1914656449605157 1457.537993 1382.268921
55.943433762848095 -3.1914656449605157 NNW 55.94371092670785 -3.191580449990225 1457.537993 1381.018921
55.94371092670785 -3.191580449990225 NNW 55.94398809056761 -3.1916952550199347 1501.852033 1385.382555
55.94398809056761 -3.1916952550199347 NNW 55.944265254427364 -3.191810060049644 1517.507240 1424.895982
55.944265254427364 -3.191810060049644 NNE 55.94454241828712 -3.1916952550199347 1517.507240 1423.645982
55.94454241828712 -3.1916952550199347 W 55.94454241828712 -3.191995255019935 1517.507240 1422.395982
55.94454241828712 -3.191995255019935 NNE 55.94481958214688 -3.1918804499902254 1517.507240 1421.145982
55.94481958214688 -3.1918804499902254 WNW 55.94493438717659 -3.1921576138499788 1517.507240 1419.895982
55.94493438717659 -3.1921576138499788 NW 55.945146519210944 -3.1923697458843345 1517.507240 1418.645982
55.945146519210944 -3.1923697458843345 NE 55.9453586512453 -3.1921576138499788 1517.507240 1417.395982
55.9453586512453 -3.1921576138499788 SSW 55.94508148738554 -3.1922724188796883 1517.507240 1416.145982
55.94508148738554 -3.1922724188796883 ESE 55.94496668235583 -3.191995255019935 1517.507240 1414.895982
55.94496668235583 -3.191995255019935 SW 55.94475455032148 -3.1922073870542906 1517.507240 1413.645982
55.94475455032148 -3.1922073870542906 S 55.944454550321474 -3.1922073870542906 1517.507240 1412.395982
55.944454550321474 -3.1922073870542906 NNE 55.94473171418123 -3.192092582024581 1517.507240 1411.145982
55.94473171418123 -3.192092582024581 SE 55.944519582146874 -3.1918804499902254 1517.507240 1409.895982
55.944519582146874 -3.1918804499902254 NW 55.94473171418123 -3.192092582024581 1517.507240 1408.645982
55.94473171418123 -3.192092582024581 ENE 55.94484651921094 -3.1918154181648277 1517.507240 1407.395982
