55.944425 -3.188396 ENE 55.94453980502971 -3.1881188361402466 0.000000 248.750000
55.94453980502971 -3.1881188361402466 ENE 55.94465461005942 -3.187841672280493 0.000000 247.500000
55.94465461005942 -3.187841672280493 ENE 55.944769415089134 -3.18756450842074 0.000000 246.250000
55.944769415089134 -3.18756450842074 ENE 55.944884220118844 -3.1872873445609864 0.000000 245.000000
55.944884220118844 -3.1872873445609864 ENE 55.944999025148554 -3.187010180701233 49.270928 256.824749
55.944999025148554 -3.187010180701233 ENE 55.945113830178265 -3.1867330168414796 0.000000 131.704170
55.945113830178265 -3.1867330168414796 ENE 55.945228635207975 -3.186455852981726 0.000000 130.454170
55.945228635207975 -3.186455852981726 ENE 55.945343440237686 -3.1861786891219728 0.000000 129.204170
55.945343440237686 -3.1861786891219728 ENE 55.945458245267396 -3.1859015252622194 0.000000 127.954170
55.945458245267396 -3.1859015252622194 S 55.94515824526739 -3.1859015252622194 113.887452 161.557950
55.94515824526739 -3.1859015252622194 S 55.94485824526739 -3.1859015252622194 220.206845 177.434411
55.94485824526739 -3.1859015252622194 S 55.94455824526739 -3.1859015252622194 235.925669 269.476424
55.94455824526739 -3.1859015252622194 SSE 55.94428108140763 -3.18578672023251 235.925669 268.226424
55.94428108140763 -3.18578672023251 S 55.94398108140763 -3.18578672023251 235.925669 266.976424
55.94398108140763 -3.18578672023251 SSE 55.94370391754787 -3.1856719152028004 235.925669 265.726424
55.94370391754787 -3.1856719152028004 S 55.94340391754787 -3.1856719152028004 313.140754 273.632146
55.94340391754787 -3.1856719152028004 SSE 55.94312675368811 -3.185557110173091 313.140754 272.382146
55.94312675368811 -3.185557110173091 WNW 55.94324155871782 -3.1858342740328442 348.280399 331.473396
55.94324155871782 -3.1858342740328442 WNW 55.94335636374753 -3.1861114378925977 348.280399 330.223396
55.94335636374753 -3.1861114378925977 WNW 55.94347116877724 -3.186388601752351 348.280399 328.973396
55.94347116877724 -3.186388601752351 WNW 55.943585973806954 -3.1866657656121045 348.280399 327.723396
55.943585973806954 -3.1866657656121045 WNW 55.943700778836664 -3.186942929471858 348.280399 326.473396
55.943700778836664 -3.186942929471858 WNW 55.943815583866375 -3.1872200933316113 343.453795 266.180123
55.943815583866375 -3.1872200933316113 WNW 55.943930388896085 -3.1874972571913647 343.453795 264.930123
55.943930388896085 -3.1874972571913647 WNW 55.944045193925795 -3.187774421051118 343.453795 263.680123
55.944045193925795 -3.187774421051118 WNW 55.944159998955506 -3.1880515849108715 343.453795 262.430123
55.944159998955506 -3.1880515849108715 W 55.944159998955506 -3.1883515849108717 317.511386 251.011641
55.944159998955506 -3.1883515849108717 WNW 55.944274803985216 -3.188628748770625 317.511386 249.761641
55.944274803985216 -3.188628748770625 W 55.944274803985216 -3.1889287487706253 293.683664 224.615706
55.944274803985216 -3.1889287487706253 WNW 55.94438960901493 -3.1892059126303787 293.683664 223.365706
55.94438960901493 -3.1892059126303787 W 55.94438960901493 -3.189505912630379 293.683664 222.115706
55.94438960901493 -3.189505912630379 WNW 55.94450441404464 -3.1897830764901323 293.683664 220.865706
55.94450441404464 -3.1897830764901323 W 55.94450441404464 -3.1900830764901325 389.765739 254.200792
55.94450441404464 -3.1900830764901325 E 55.94450441404464 -3.1897830764901323 400.543241 314.693014
55.94450441404464 -3.1897830764901323 E 55.94450441404464 -3.189483076490132 400.543241 313.443014
55.94450441404464 -3.189483076490132 E 55.94450441404464 -3.189183076490132 400.543241 312.193014
55.94450441404464 -3.189183076490132 E 55.94450441404464 -3.1888830764901317 400.543241 310.943014
55.94450441404464 -3.1888830764901317 E 55.94450441404464 -3.1885830764901315 400.543241 309.693014
55.94450441404464 -3.1885830764901315 E 55.94450441404464 -3.1882830764901313 400.543241 308.443014
55.94450441404464 -3.1882830764901313 E 55.94450441404464 -3.187983076490131 400.543241 307.193014
55.94450441404464 -3.187983076490131 E 55.94450441404464 -3.187683076490131 400.543241 305.943014
55.94450441404464 -3.187683076490131 E 55.94450441404464 -3.1873830764901308 400.543241 304.693014
55.94450441404464 -3.1873830764901308 ENE 55.94461921907435 -3.1871059126303773 400.543241 303.443014
55.94461921907435 -3.1871059126303773 E 55.94461921907435 -3.186805912630377 400.543241 302.193014
55.94461921907435 -3.186805912630377 ENE 55.94473402410406 -3.1865287487706238 400.543241 300.943014
55.94473402410406 -3.1865287487706238 E 55.94473402410406 -3.1862287487706236 400.543241 299.693014
55.94473402410406 -3.1862287487706236 ENE 55.94484882913377 -3.18595158491087 400.543241 298.443014
55.94484882913377 -3.18595158491087 E 55.94484882913377 -3.18565158491087 400.543241 297.193014
55.94484882913377 -3.18565158491087 ENE 55.94496363416348 -3.1853744210511166 400.543241 295.943014
55.94496363416348 -3.1853744210511166 E 55.94496363416348 -3.1850744210511164 400.543241 294.693014
55.94496363416348 -3.1850744210511164 ENE 55.94507843919319 -3.184797257191363 400.543241 293.443014
55.94507843919319 -3.184797257191363 W 55.94507843919319 -3.185097257191363 433.336102 379.303017
55.94507843919319 -3.185097257191363 W 55.94507843919319 -3.1853972571913634 383.228500 259.523364
55.94507843919319 -3.1853972571913634 W 55.94507843919319 -3.1856972571913635 383.228500 258.273364
55.94507843919319 -3.1856972571913635 W 55.94507843919319 -3.1859972571913637 383.228500 257.023364
55.94507843919319 -3.1859972571913637 WNW 55.9451932442229 -3.186274421051117 383.228500 255.773364
55.9451932442229 -3.186274421051117 W 55.9451932442229 -3.1865744210511173 383.228500 254.523364
55.9451932442229 -3.1865744210511173 WNW 55.94530804925261 -3.1868515849108707 383.228500 253.273364
55.94530804925261 -3.1868515849108707 W 55.94530804925261 -3.187151584910871 383.228500 252.023364
55.94530804925261 -3.187151584910871 WNW 55.94542285428232 -3.1874287487706243 383.228500 250.773364
55.94542285428232 -3.1874287487706243 W 55.94542285428232 -3.1877287487706245 383.228500 249.523364
55.94542285428232 -3.1877287487706245 WNW 55.94553765931203 -3.188005912630378 383.228500 248.273364
55.94553765931203 -3.188005912630378 W 55.94553765931203 -3.188305912630378 383.228500 247.023364
55.94553765931203 -3.188305912630378 WNW 55.94565246434174 -3.1885830764901315 383.228500 245.773364
55.94565246434174 -3.1885830764901315 W 55.94565246434174 -3.1888830764901317 383.228500 244.523364
55.94565246434174 -3.1888830764901317 SW 55.945440332307385 -3.1890952085244875 405.121697 344.262278
55.945440332307385 -3.1890952085244875 WSW 55.945325527277674 -3.189372372384241 405.121697 343.012278
55.945325527277674 -3.189372372384241 SW 55.94511339524332 -3.1895845044185966 405.121697 341.762278
55.94511339524332 -3.1895845044185966 WSW 55.94499859021361 -3.18986166827835 405.121697 340.512278
55.94499859021361 -3.18986166827835 SW 55.94478645817925 -3.190073800312706 405.121697 339.262278
55.94478645817925 -3.190073800312706 WSW 55.94467165314954 -3.1903509641724592 405.121697 338.012278
55.94467165314954 -3.1903509641724592 SW 55.944459521115185 -3.190563096206815 465.919422 373.280387
55.944459521115185 -3.190563096206815 WSW 55.944344716085475 -3.1908402600665684 465.919422 372.030387
55.944344716085475 -3.1908402600665684 SW 55.94413258405112 -3.191052392100924 465.919422 370.780387
55.94413258405112 -3.191052392100924 WSW 55.94401777902141 -3.1913295559606776 465.919422 369.530387
55.94401777902141 -3.1913295559606776 NE 55.944229911055764 -3.191117423926322 510.233462 373.894020
55.944229911055764 -3.191117423926322 NE 55.94444204309012 -3.190905291891966 510.233462 372.644020
55.94444204309012 -3.190905291891966 NE 55.94465417512448 -3.1906931598576103 510.233462 371.394020
55.94465417512448 -3.1906931598576103 NNE 55.94493133898423 -3.1905783548279008 510.233462 370.144020
55.94493133898423 -3.1905783548279008 NE 55.94514347101859 -3.190366222793545 510.233462 368.894020
55.94514347101859 -3.190366222793545 E 55.94514347101859 -3.190066222793545 626.005844 453.701215
55.94514347101859 -3.190066222793545 E 55.94514347101859 -3.1897662227935446 626.005844 452.451215
55.94514347101859 -3.1897662227935446 E 55.94514347101859 -3.1894662227935444 626.005844 451.201215
55.94514347101859 -3.1894662227935444 E 55.94514347101859 -3.1891662227935442 626.005844 449.951215
55.94514347101859 -3.1891662227935442 E 55.94514347101859 -3.188866222793544 626.005844 448.701215
55.94514347101859 -3.188866222793544 E 55.94514347101859 -3.188566222793544 626.005844 447.451215
55.94514347101859 -3.188566222793544 E 55.94514347101859 -3.1882662227935437 626.005844 446.201215
55.94514347101859 -3.1882662227935437 E 55.94514347101859 -3.1879662227935435 626.005844 444.951215
55.94514347101859 -3.1879662227935435 E 55.94514347101859 -3.1876662227935433 626.005844 443.701215
55.94514347101859 -3.1876662227935433 ENE 55.9452582760483 -3.18738905893379 626.005844 442.451215
55.9452582760483 -3.18738905893379 E 55.9452582760483 -3.1870890589337897 626.005844 441.201215
55.9452582760483 -3.1870890589337897 ENE 55.94537308107801 -3.1868118950740363 571.263486 439.951215
55.94537308107801 -3.1868118950740363 E 55.94537308107801 -3.186511895074036 571.263486 438.701215
55.94537308107801 -3.186511895074036 ENE 55.94548788610772 -3.1862347312142827 480.605725 415.415517
55.94548788610772 -3.1862347312142827 E 55.94548788610772 -3.1859347312142825 480.605725 414.165517
55.94548788610772 -3.1859347312142825 ENE 55.94560269113743 -3.185657567354529 480.605725 412.915517
55.94560269113743 -3.185657567354529 E 55.94560269113743 -3.185357567354529 480.605725 411.665517
55.94560269113743 -3.185357567354529 ENE 55.94571749616714 -3.1850804034947755 480.605725 410.415517
55.94571749616714 -3.1850804034947755 E 55.94571749616714 -3.1847804034947753 480.605725 409.165517
55.94571749616714 -3.1847804034947753 ENE 55.94583230119685 -3.184503239635022 480.605725 407.915517
55.94583230119685 -3.184503239635022 WSW 55.94571749616714 -3.1847804034947753 550.064239 522.749913
55.94571749616714 -3.1847804034947753 WSW 55.94560269113743 -3.1850575673545287 550.064239 521.499913
55.94560269113743 -3.1850575673545287 WSW 55.94548788610772 -3.185334731214282 550.064239 520.249913
55.94548788610772 -3.185334731214282 WSW 55.94537308107801 -3.1856118950740355 550.064239 518.999913
55.94537308107801 -3.1856118950740355 WSW 55.9452582760483 -3.185889058933789 550.064239 517.749913
55.9452582760483 -3.185889058933789 WSW 55.94514347101859 -3.1861662227935423 550.064239 516.499913
55.94514347101859 -3.1861662227935423 WSW 55.94502866598888 -3.1864433866532957 550.064239 515.249913
55.94502866598888 -3.1864433866532957 WSW 55.94491386095917 -3.186720550513049 550.064239 513.999913
55.94491386095917 -3.186720550513049 WSW 55.94479905592946 -3.1869977143728025 550.064239 512.749913
55.94479905592946 -3.1869977143728025 SW 55.9445869238951 -3.1872098464071583 550.064239 511.499913
55.9445869238951 -3.1872098464071583 WSW 55.94447211886539 -3.1874870102669117 550.064239 510.249913
55.94447211886539 -3.1874870102669117 SW 55.944259986831035 -3.1876991423012675 550.064239 508.999913
55.944259986831035 -3.1876991423012675 WSW 55.944145181801325 -3.187976306161021 550.064239 507.749913
55.944145181801325 -3.187976306161021 SW 55.94393304976697 -3.1881884381953767 550.064239 506.499913
55.94393304976697 -3.1881884381953767 WSW 55.94381824473726 -3.18846560205513 623.433626 582.578750
55.94381824473726 -3.18846560205513 SW 55.9436061127029 -3.188677734089486 623.433626 581.328750
55.9436061127029 -3.188677734089486 WSW 55.94349130767319 -3.1889548979492393 623.433626 580.078750
55.94349130767319 -3.1889548979492393 NW 55.94370343970755 -3.189167029983595 680.072187 662.490791
55.94370343970755 -3.189167029983595 NW 55.943915571741904 -3.189379162017951 680.072187 661.240791
55.943915571741904 -3.189379162017951 NW 55.94412770377626 -3.1895912940523066 680.072187 659.990791
55.94412770377626 -3.1895912940523066 NW 55.94433983581062 -3.1898034260866623 680.072187 658.740791
55.94433983581062 -3.1898034260866623 NW 55.94455196784497 -3.190015558121018 680.072187 657.490791
55.94455196784497 -3.190015558121018 WNW 55.94466677287468 -3.1902927219807715 680.072187 656.240791
55.94466677287468 -3.1902927219807715 NW 55.94487890490904 -3.1905048540151273 680.072187 654.990791
55.94487890490904 -3.1905048540151273 WNW 55.94499370993875 -3.1907820178748807 680.072187 653.740791
55.94499370993875 -3.1907820178748807 NW 55.945205841973106 -3.1909941499092365 680.072187 652.490791
55.945205841973106 -3.1909941499092365 SSE 55.94492867811335 -3.190879344879527 744.002113 769.120401
55.94492867811335 -3.190879344879527 SSE 55.94465151425359 -3.1907645398498174 744.002113 767.870401
55.94465151425359 -3.1907645398498174 SSE 55.944374350393836 -3.190649734820108 744.002113 766.620401
55.944374350393836 -3.190649734820108 SSE 55.94409718653408 -3.1905349297903984 744.002113 765.370401
55.94409718653408 -3.1905349297903984 SSE 55.94382002267432 -3.190420124760689 766.296227 775.178964
55.94382002267432 -3.190420124760689 SSE 55.94354285881457 -3.1903053197309794 766.296227 773.928964
55.94354285881457 -3.1903053197309794 SSE 55.94326569495481 -3.19019051470127 766.296227 772.678964
55.94326569495481 -3.19019051470127 SSE 55.942988531095054 -3.1900757096715604 766.296227 771.428964
55.942988531095054 -3.1900757096715604 SSE 55.9427113672353 -3.189960904641851 720.900767 755.482343
55.9427113672353 -3.189960904641851 W 55.9427113672353 -3.190260904641851 770.339199 824.065066
55.9427113672353 -3.190260904641851 W 55.9427113672353 -3.1905609046418513 770.339199 822.815066
55.9427113672353 -3.1905609046418513 W 55.9427113672353 -3.1908609046418515 770.339199 821.565066
55.9427113672353 -3.1908609046418515 NNW 55.942988531095054 -3.190975709671561 847.994617 903.806945
55.942988531095054 -3.190975709671561 NNW 55.94326569495481 -3.1910905147012705 847.994617 902.556945
55.94326569495481 -3.1910905147012705 NNW 55.94354285881457 -3.19120531973098 779.541641 897.357290
55.94354285881457 -3.19120531973098 NNW 55.94382002267432 -3.1913201247606895 841.239152 917.471834
55.94382002267432 -3.1913201247606895 NNW 55.94409718653408 -3.191434929790399 841.239152 916.221834
55.94409718653408 -3.191434929790399 NNW 55.944374350393836 -3.1915497348201085 841.239152 914.971834
55.944374350393836 -3.1915497348201085 ESE 55.944259545364126 -3.191272570960355 933.334006 918.816998
55.944259545364126 -3.191272570960355 ESE 55.944144740334416 -3.1909954071006017 933.334006 917.566998
55.944144740334416 -3.1909954071006017 ESE 55.944029935304705 -3.1907182432408483 933.334006 916.316998
55.944029935304705 -3.1907182432408483 ESE 55.943915130274995 -3.190441079381095 933.334006 915.066998
55.943915130274995 -3.190441079381095 ESE 55.943800325245284 -3.1901639155213415 933.334006 913.816998
55.943800325245284 -3.1901639155213415 ESE 55.943685520215574 -3.189886751661588 933.334006 912.566998
55.943685520215574 -3.189886751661588 ESE 55.943570715185864 -3.1896095878018347 933.334006 911.316998
55.943570715185864 -3.1896095878018347 ESE 55.94345591015615 -3.1893324239420813 933.334006 910.066998
55.94345591015615 -3.1893324239420813 ESE 55.94334110512644 -3.189055260082328 933.334006 908.816998
55.94334110512644 -3.189055260082328 ESE 55.94322630009673 -3.1887780962225745 933.334006 907.566998
55.94322630009673 -3.1887780962225745 ESE 55.94311149506702 -3.188500932362821 933.334006 906.316998
55.94311149506702 -3.188500932362821 ESE 55.94299669003731 -3.1882237685030677 933.334006 905.066998
55.94299669003731 -3.1882237685030677 ESE 55.9428818850076 -3.1879466046433143 933.334006 903.816998
55.9428818850076 -3.1879466046433143 ESE 55.94276707997789 -3.187669440783561 933.334006 902.566998
55.94276707997789 -3.187669440783561 E 55.94276707997789 -3.1873694407835607 933.334006 901.316998
55.94276707997789 -3.1873694407835607 ESE 55.94265227494818 -3.1870922769238073 933.334006 900.066998
55.94265227494818 -3.1870922769238073 E 55.94265227494818 -3.186792276923807 957.360661 1015.913723
55.94265227494818 -3.186792276923807 ENE 55.94276707997789 -3.1865151130640537 957.360661 1014.663723
55.94276707997789 -3.1865151130640537 ENE 55.9428818850076 -3.1862379492043003 925.893831 953.766054
55.9428818850076 -3.1862379492043003 ENE 55.94299669003731 -3.185960785344547 925.893831 952.516054
55.94299669003731 -3.185960785344547 NE 55.94320882207167 -3.185748653310191 925.893831 951.266054
55.94320882207167 -3.185748653310191 ENE 55.94332362710138 -3.1854714894504377 925.893831 950.016054
55.94332362710138 -3.1854714894504377 NE 55.943535759135735 -3.185259357416082 925.893831 948.766054
55.943535759135735 -3.185259357416082 ENE 55.943650564165445 -3.1849821935563285 925.893831 947.516054
55.943650564165445 -3.1849821935563285 NE 55.9438626961998 -3.1847700615219727 925.893831 946.266054
55.9438626961998 -3.1847700615219727 W 55.9438626961998 -3.185070061521973 1011.769628 1021.030770
55.9438626961998 -3.185070061521973 W 55.9438626961998 -3.185370061521973 1011.769628 1019.780770
55.9438626961998 -3.185370061521973 W 55.9438626961998 -3.1856700615219733 1011.769628 1018.530770
55.9438626961998 -3.1856700615219733 W 55.9438626961998 -3.1859700615219735 1011.769628 1017.280770
55.9438626961998 -3.1859700615219735 W 55.9438626961998 -3.1862700615219737 1011.769628 1016.030770
55.9438626961998 -3.1862700615219737 W 55.9438626961998 -3.186570061521974 1043.431331 1094.352136
55.9438626961998 -3.186570061521974 W 55.9438626961998 -3.186870061521974 1043.431331 1093.102136
55.9438626961998 -3.186870061521974 W 55.9438626961998 -3.1871700615219742 1043.431331 1091.852136
55.9438626961998 -3.1871700615219742 W 55.9438626961998 -3.1874700615219744 1043.431331 1090.602136
55.9438626961998 -3.1874700615219744 W 55.9438626961998 -3.1877700615219746 1043.431331 1089.352136
55.9438626961998 -3.1877700615219746 W 55.9438626961998 -3.188070061521975 1043.431331 1088.102136
55.9438626961998 -3.188070061521975 W 55.9438626961998 -3.188370061521975 1043.431331 1086.852136
55.9438626961998 -3.188370061521975 WNW 55.94397750122951 -3.1886472253817284 1043.431331 1085.602136
55.94397750122951 -3.1886472253817284 W 55.94397750122951 -3.1889472253817286 1043.431331 1084.352136
55.94397750122951 -3.1889472253817286 WNW 55.94409230625922 -3.189224389241482 1043.431331 1083.102136
55.94409230625922 -3.189224389241482 W 55.94409230625922 -3.189524389241482 1043.431331 1081.852136
55.94409230625922 -3.189524389241482 WNW 55.94420711128893 -3.1898015531012356 1043.431331 1080.602136
55.94420711128893 -3.1898015531012356 W 55.94420711128893 -3.1901015531012358 1043.431331 1079.352136
55.94420711128893 -3.1901015531012358 WNW 55.94432191631864 -3.190378716960989 1043.431331 1078.102136
55.94432191631864 -3.190378716960989 W 55.94432191631864 -3.1906787169609894 1043.431331 1076.852136
55.94432191631864 -3.1906787169609894 WNW 55.94443672134835 -3.1909558808207428 1043.431331 1075.602136
55.94443672134835 -3.1909558808207428 W 55.94443672134835 -3.191255880820743 1043.431331 1074.352136
55.94443672134835 -3.191255880820743 WNW 55.94455152637806 -3.1915330446804964 1043.431331 1073.102136
55.94455152637806 -3.1915330446804964 ENE 55.944666331407774 -3.191255880820743 1043.431331 1071.852136
55.944666331407774 -3.191255880820743 ENE 55.944781136437484 -3.1909787169609896 1043.431331 1070.602136
55.944781136437484 -3.1909787169609896 ENE 55.944895941467195 -3.190701553101236 1043.431331 1069.352136
55.944895941467195 -3.190701553101236 ENE 55.945010746496905 -3.1904243892414827 1043.431331 1068.102136
55.945010746496905 -3.1904243892414827 ENE 55.945125551526615 -3.1901472253817293 1043.431331 1066.852136
55.945125551526615 -3.1901472253817293 ENE 55.945240356556326 -3.189870061521976 1043.431331 1065.602136
55.945240356556326 -3.189870061521976 ENE 55.945355161586036 -3.1895928976622225 1043.431331 1064.352136
55.945355161586036 -3.1895928976622225 NE 55.94556729362039 -3.1893807656278668 1043.431331 1063.102136
55.94556729362039 -3.1893807656278668 ENE 55.9456820986501 -3.1891036017681134 1043.431331 1061.852136
55.9456820986501 -3.1891036017681134 WSW 55.94556729362039 -3.1893807656278668 1124.061819 1176.448613
55.94556729362039 -3.1893807656278668 WSW 55.94545248859068 -3.18965792948762 1124.061819 1175.198613
55.94545248859068 -3.18965792948762 WSW 55.94533768356097 -3.1899350933473736 1124.061819 1173.948613
55.94533768356097 -3.1899350933473736 WSW 55.94522287853126 -3.190212257207127 1124.061819 1172.698613
55.94522287853126 -3.190212257207127 WSW 55.94510807350155 -3.1904894210668804 1124.061819 1171.448613
55.94510807350155 -3.1904894210668804 WSW 55.94499326847184 -3.190766584926634 1124.061819 1170.198613
55.94499326847184 -3.190766584926634 WSW 55.94487846344213 -3.191043748786387 1124.061819 1168.948613
55.94487846344213 -3.191043748786387 WSW 55.94476365841242 -3.1913209126461406 1124.061819 1167.698613
55.94476365841242 -3.1913209126461406 SW 55.94455152637806 -3.1915330446804964 1124.061819 1166.448613
55.94455152637806 -3.1915330446804964 NW 55.94476365841242 -3.191745176714852 1124.061819 1165.198613
55.94476365841242 -3.191745176714852 NW 55.944975790446776 -3.191957308749208 1124.061819 1163.948613
55.944975790446776 -3.191957308749208 WNW 55.945090595476486 -3.1922344726089613 1124.061819 1162.698613
55.945090595476486 -3.1922344726089613 NW 55.94530272751084 -3.192446604643317 1124.061819 1161.448613
55.94530272751084 -3.192446604643317 SE 55.945090595476486 -3.1922344726089613 1209.487996 1198.212411
55.945090595476486 -3.1922344726089613 SE 55.94487846344213 -3.1920223405746055 1209.487996 1196.962411
55.94487846344213 -3.1920223405746055 SE 55.944666331407774 -3.1918102085402498 1209.487996 1195.712411
55.944666331407774 -3.1918102085402498 E 55.944666331407774 -3.1915102085402496 1298.646742 1297.253215
55.944666331407774 -3.1915102085402496 E 55.944666331407774 -3.1912102085402494 1298.646742 1296.003215
55.944666331407774 -3.1912102085402494 E 55.944666331407774 -3.190910208540249 1298.646742 1294.753215
55.944666331407774 -3.190910208540249 E 55.944666331407774 -3.190610208540249 1298.646742 1293.503215
55.944666331407774 -3.190610208540249 E 55.944666331407774 -3.190310208540249 1298.646742 1292.253215
55.944666331407774 -3.190310208540249 E 55.944666331407774 -3.1900102085402486 1298.646742 1291.003215
55.944666331407774 -3.1900102085402486 E 55.944666331407774 -3.1897102085402484 1298.646742 1289.753215
55.944666331407774 -3.1897102085402484 E 55.944666331407774 -3.1894102085402483 1298.646742 1288.503215
55.944666331407774 -3.1894102085402483 E 55.944666331407774 -3.189110208540248 1298.646742 1287.253215
55.944666331407774 -3.189110208540248 E 55.944666331407774 -3.188810208540248 1298.646742 1286.003215
55.944666331407774 -3.188810208540248 ESE 55.94455152637806 -3.1885330446804945 1298.646742 1284.753215
55.94455152637806 -3.1885330446804945 E 55.94455152637806 -3.1882330446804943 1298.646742 1283.503215
55.94455152637806 -3.1882330446804943 ESE 55.94443672134835 -3.187955880820741 1298.646742 1282.253215
55.94443672134835 -3.187955880820741 E 55.94443672134835 -3.1876558808207407 1298.646742 1281.003215
55.94443672134835 -3.1876558808207407 ESE 55.94432191631864 -3.1873787169609873 1298.646742 1279.753215
55.94432191631864 -3.1873787169609873 E 55.94432191631864 -3.187078716960987 1298.646742 1278.503215
55.94432191631864 -3.187078716960987 ESE 55.94420711128893 -3.1868015531012337 1298.646742 1277.253215
55.94420711128893 -3.1868015531012337 NNW 55.94448427514869 -3.186916358130943 1409.255711 1347.414727
55.94448427514869 -3.186916358130943 NNW 55.944761439008445 -3.1870311631606527 1409.255711 1346.164727
55.944761439008445 -3.1870311631606527 NNW 55.9450386028682 -3.187145968190362 1409.255711 1344.914727
55.9450386028682 -3.187145968190362 NNW 55.94531576672796 -3.1872607732200717 1409.255711 1343.664727
55.94531576672796 -3.1872607732200717 NW 55.945527898762315 -3.1874729052544275 1409.255711 1342.414727
55.945527898762315 -3.1874729052544275 NNW 55.94580506262207 -3.187587710284137 1409.255711 1341.164727
55.94580506262207 -3.187587710284137 SSW 55.945527898762315 -3.1877025153138465 1420.089694 1422.483817
55.945527898762315 -3.1877025153138465 W 55.945527898762315 -3.1880025153138467 1420.089694 1421.233817
55.945527898762315 -3.1880025153138467 SE 55.94531576672796 -3.187790383279491 1420.089694 1419.983817
55.94531576672796 -3.187790383279491 SSE 55.9450386028682 -3.1876755782497814 1420.089694 1418.733817
55.9450386028682 -3.1876755782497814 SE 55.944826470833846 -3.1874634462154257 1420.089694 1417.483817
55.944826470833846 -3.1874634462154257 NE 55.9450386028682 -3.18725131418107 1420.089694 1416.233817
55.9450386028682 -3.18725131418107 SSW 55.944761439008445 -3.1873661192107794 1420.089694 1414.983817
55.944761439008445 -3.1873661192107794 WNW 55.944876244038156 -3.187643283070533 1420.089694 1413.733817
55.944876244038156 -3.187643283070533 N 55.94517624403816 -3.187643283070533 1420.089694 1412.483817
55.94517624403816 -3.187643283070533 ENE 55.94529104906787 -3.1873661192107794 1420.089694 1411.233817
