55.944425 -3.188396 ENE 55.94453980502971 -3.1881188361402466 0.000000 248.750000
55.94453980502971 -3.1881188361402466 ENE 55.94465461005942 -3.187841672280493 0.000000 247.500000
55.94465461005942 -3.187841672280493 ENE 55.944769415089134 -3.18756450842074 0.000000 246.250000
55.944769415089134 -3.18756450842074 ENE 55.944884220118844 -3.1872873445609864 0.000000 245.000000
55.944884220118844 -3.1872873445609864 ENE 55.944999025148554 -3.187010180701233 49.270928 256.824749
55.944999025148554 -3.187010180701233 ENE 55.945113830178265 -3.1867330168414796 0.000000 131.704170
55.945113830178265 -3.1867330168414796 ENE 55.945228635207975 -3.186455852981726 0.000000 130.454170
55.945228635207975 -3.186455852981726 ENE 55.945343440237686 -3.1861786891219728 0.000000 129.204170
55.945343440237686 -3.1861786891219728 ENE 55.945458245267396 -3.1859015252622194 0.000000 127.954170
55.945458245267396 -3.1859015252622194 S 55.94515824526739 -3.1859015252622194 113.887452 161.557950
55.94515824526739 -3.1859015252622194 S 55.94485824526739 -3.1859015252622194 220.206845 177.434411
55.94485824526739 -3.1859015252622194 S 55.94455824526739 -3.1859015252622194 235.925669 269.476424
55.94455824526739 -3.1859015252622194 SSE 55.94428108140763 -3.18578672023251 235.925669 268.226424
55.94428108140763 -3.18578672023251 S 55.94398108140763 -3.18578672023251 235.925669 266.976424
55.94398108140763 -3.18578672023251 SSE 55.94370391754787 -3.1856719152028004 235.925669 265.726424
55.94370391754787 -3.1856719152028004 S 55.94340391754787 -3.1856719152028004 313.140754 273.632146
55.94340391754787 -3.1856719152028004 SSE 55.94312675368811 -3.185557110173091 313.140754 272.382146
55.94312675368811 -3.185557110173091 NW 55.94333888572247 -3.1857692422074466 348.280399 331.473396
55.94333888572247 -3.1857692422074466 NW 55.943551017756825 -3.1859813742418024 348.280399 330.223396
55.943551017756825 -3.1859813742418024 NW 55.94376314979118 -3.186193506276158 348.280399 328.973396
55.94376314979118 -3.186193506276158 NW 55.94397528182554 -3.186405638310514 379.942102 407.294762
55.94397528182554 -3.186405638310514 NW 55.94418741385989 -3.1866177703448697 379.942102 406.044762
55.94418741385989 -3.1866177703448697 NNW 55.94446457771965 -3.186732575374579 490.551071 476.206273
55.94446457771965 -3.186732575374579 NW 55.944676709754006 -3.186944707408935 486.104222 370.707341
55.944676709754006 -3.186944707408935 NNW 55.94495387361376 -3.1870595124386445 486.104222 369.457341
55.94495387361376 -3.1870595124386445 NW 55.94516600564812 -3.1872716444730003 431.361864 368.207341
55.94516600564812 -3.1872716444730003 NNW 55.945443169507875 -3.1873864495027098 431.361864 366.957341
55.945443169507875 -3.1873864495027098 NW 55.94565530154223 -3.1875985815370655 431.361864 365.707341
55.94565530154223 -3.1875985815370655 WSW 55.94554049651252 -3.187875745396819 442.195847 447.026431
55.94554049651252 -3.187875745396819 WSW 55.94542569148281 -3.1881529092565724 442.195847 445.776431
55.94542569148281 -3.1881529092565724 WSW 55.9453108864531 -3.1884300731163258 442.195847 444.526431
55.9453108864531 -3.1884300731163258 WSW 55.94519608142339 -3.188707236976079 442.195847 443.276431
55.94519608142339 -3.188707236976079 WSW 55.94508127639368 -3.1889844008358326 442.195847 442.026431
55.94508127639368 -3.1889844008358326 WSW 55.94496647136397 -3.189261564695586 442.195847 440.776431
55.94496647136397 -3.189261564695586 WSW 55.94485166633426 -3.1895387285553394 442.195847 439.526431
55.94485166633426 -3.1895387285553394 WSW 55.94473686130455 -3.189815892415093 538.277922 472.861517
55.94473686130455 -3.189815892415093 SW 55.94452472927019 -3.1900280244494486 538.277922 471.611517
55.94452472927019 -3.1900280244494486 WSW 55.94440992424048 -3.190305188309202 549.055423 532.103739
55.94440992424048 -3.190305188309202 SW 55.944197792206126 -3.1905173203435577 609.853149 567.371847
55.944197792206126 -3.1905173203435577 WSW 55.944082987176415 -3.190794484203311 632.147262 577.180411
55.944082987176415 -3.190794484203311 SW 55.94387085514206 -3.191006616237667 632.147262 575.930411
55.94387085514206 -3.191006616237667 WSW 55.94375605011235 -3.1912837800974203 632.147262 574.680411
55.94375605011235 -3.1912837800974203 SE 55.94354391807799 -3.1910716480630645 693.844774 594.794956
55.94354391807799 -3.1910716480630645 SE 55.943331786043636 -3.1908595160287088 693.844774 593.544956
55.943331786043636 -3.1908595160287088 SE 55.94311965400928 -3.190647383994353 693.844774 592.294956
55.94311965400928 -3.190647383994353 ESE 55.94300484897957 -3.1903702201345996 693.844774 591.044956
55.94300484897957 -3.1903702201345996 SE 55.94279271694521 -3.190158088100244 693.844774 589.794956
55.94279271694521 -3.190158088100244 ESE 55.9426779119155 -3.1898809242404904 693.844774 588.544956
55.9426779119155 -3.1898809242404904 E 55.9426779119155 -3.1895809242404902 743.283206 657.127679
55.9426779119155 -3.1895809242404902 E 55.9426779119155 -3.18928092424049 743.283206 655.877679
55.9426779119155 -3.18928092424049 E 55.9426779119155 -3.18898092424049 743.283206 654.627679
55.9426779119155 -3.18898092424049 E 55.9426779119155 -3.1886809242404897 743.283206 653.377679
55.9426779119155 -3.1886809242404897 E 55.9426779119155 -3.1883809242404895 743.283206 652.127679
55.9426779119155 -3.1883809242404895 E 55.9426779119155 -3.1880809242404893 743.283206 650.877679
55.9426779119155 -3.1880809242404893 E 55.9426779119155 -3.187780924240489 743.283206 649.627679
55.9426779119155 -3.187780924240489 E 55.9426779119155 -3.187480924240489 743.283206 648.377679
55.9426779119155 -3.187480924240489 E 55.9426779119155 -3.1871809242404887 743.283206 647.127679
55.9426779119155 -3.1871809242404887 ENE 55.94279271694521 -3.1869037603807353 767.309862 762.974404
55.94279271694521 -3.1869037603807353 ENE 55.942907521974924 -3.186626596520982 767.309862 761.724404
55.942907521974924 -3.186626596520982 ENE 55.943022327004634 -3.1863494326612285 735.843032 700.826735
55.943022327004634 -3.1863494326612285 ENE 55.943137132034344 -3.186072268801475 735.843032 699.576735
55.943137132034344 -3.186072268801475 ENE 55.943251937064055 -3.1857951049417217 735.843032 698.326735
55.943251937064055 -3.1857951049417217 ENE 55.943366742093765 -3.1855179410819683 735.843032 697.076735
55.943366742093765 -3.1855179410819683 ENE 55.943481547123476 -3.185240777222215 735.843032 695.826735
55.943481547123476 -3.185240777222215 NE 55.94369367915783 -3.185028645187859 735.843032 694.576735
55.94369367915783 -3.185028645187859 ENE 55.94380848418754 -3.1847514813281057 735.843032 693.326735
55.94380848418754 -3.1847514813281057 W 55.94380848418754 -3.185051481328106 821.718829 768.091451
55.94380848418754 -3.185051481328106 W 55.94380848418754 -3.185351481328106 821.718829 766.841451
55.94380848418754 -3.185351481328106 W 55.94380848418754 -3.1856514813281063 821.718829 765.591451
55.94380848418754 -3.1856514813281063 W 55.94380848418754 -3.1859514813281065 821.718829 764.341451
55.94380848418754 -3.1859514813281065 W 55.94380848418754 -3.1862514813281066 821.718829 763.091451
55.94380848418754 -3.1862514813281066 W 55.94380848418754 -3.186551481328107 821.718829 761.841451
55.94380848418754 -3.186551481328107 W 55.94380848418754 -3.186851481328107 821.718829 760.591451
55.94380848418754 -3.186851481328107 W 55.94380848418754 -3.187151481328107 821.718829 759.341451
55.94380848418754 -3.187151481328107 W 55.94380848418754 -3.1874514813281074 816.892225 699.048177
55.94380848418754 -3.1874514813281074 W 55.94380848418754 -3.1877514813281076 816.892225 697.798177
55.94380848418754 -3.1877514813281076 W 55.94380848418754 -3.188051481328108 816.892225 696.548177
55.94380848418754 -3.188051481328108 W 55.94380848418754 -3.188351481328108 890.261612 772.627014
55.94380848418754 -3.188351481328108 W 55.94380848418754 -3.188651481328108 890.261612 771.377014
55.94380848418754 -3.188651481328108 W 55.94380848418754 -3.1889514813281084 890.261612 770.127014
55.94380848418754 -3.1889514813281084 W 55.94380848418754 -3.1892514813281085 890.261612 768.877014
55.94380848418754 -3.1892514813281085 W 55.94380848418754 -3.1895514813281087 890.261612 767.627014
55.94380848418754 -3.1895514813281087 W 55.94380848418754 -3.189851481328109 890.261612 766.377014
55.94380848418754 -3.189851481328109 W 55.94380848418754 -3.190151481328109 890.261612 765.127014
55.94380848418754 -3.190151481328109 W 55.94380848418754 -3.1904514813281093 890.261612 763.877014
55.94380848418754 -3.1904514813281093 W 55.94380848418754 -3.1907514813281095 890.261612 762.627014
55.94380848418754 -3.1907514813281095 WNW 55.94392328921725 -3.191028645187863 890.261612 761.377014
55.94392328921725 -3.191028645187863 W 55.94392328921725 -3.191328645187863 890.261612 760.127014
55.94392328921725 -3.191328645187863 WNW 55.94403809424696 -3.1916058090476165 934.575652 764.490648
55.94403809424696 -3.1916058090476165 N 55.944338094246966 -3.1916058090476165 950.230859 804.004075
55.944338094246966 -3.1916058090476165 ENE 55.944452899276676 -3.191328645187863 1042.325713 807.849239
55.944452899276676 -3.191328645187863 ENE 55.94456770430639 -3.1910514813281097 1042.325713 806.599239
55.94456770430639 -3.1910514813281097 ENE 55.9446825093361 -3.1907743174683563 1042.325713 805.349239
55.9446825093361 -3.1907743174683563 ENE 55.94479731436581 -3.190497153608603 1042.325713 804.099239
55.94479731436581 -3.190497153608603 ENE 55.94491211939552 -3.1902199897488495 1042.325713 802.849239
55.94491211939552 -3.1902199897488495 NE 55.945124251429874 -3.1900078577144937 1042.325713 801.599239
55.945124251429874 -3.1900078577144937 ENE 55.945239056459585 -3.1897306938547403 1042.325713 800.349239
55.945239056459585 -3.1897306938547403 NE 55.94545118849394 -3.1895185618203845 1042.325713 799.099239
55.94545118849394 -3.1895185618203845 ENE 55.94556599352365 -3.189241397960631 1042.325713 797.849239
55.94556599352365 -3.189241397960631 WSW 55.94545118849394 -3.1895185618203845 1122.956201 912.445716
55.94545118849394 -3.1895185618203845 WSW 55.94533638346423 -3.189795725680138 1122.956201 911.195716
55.94533638346423 -3.189795725680138 W 55.94533638346423 -3.190095725680138 1122.956201 909.945716
55.94533638346423 -3.190095725680138 WSW 55.94522157843452 -3.1903728895398915 1122.956201 908.695716
55.94522157843452 -3.1903728895398915 SSW 55.94494441457476 -3.190487694569601 1238.728582 993.502911
55.94494441457476 -3.190487694569601 SSW 55.94466725071501 -3.1906024995993105 1238.728582 992.252911
55.94466725071501 -3.1906024995993105 SSW 55.94439008685525 -3.19071730462902 1238.728582 991.002911
55.94439008685525 -3.19071730462902 SSW 55.944112922995494 -3.1908321096587295 1238.728582 989.752911
55.944112922995494 -3.1908321096587295 S 55.94381292299549 -3.1908321096587295 1238.728582 988.502911
55.94381292299549 -3.1908321096587295 SSW 55.943535759135735 -3.190946914688439 1238.728582 987.252911
55.943535759135735 -3.190946914688439 S 55.94323575913573 -3.190946914688439 1238.728582 986.002911
55.94323575913573 -3.190946914688439 SSW 55.942958595275975 -3.1910617197181486 1170.275606 980.803255
55.942958595275975 -3.1910617197181486 S 55.94265859527597 -3.1910617197181486 1247.931023 1063.045135
55.94265859527597 -3.1910617197181486 ENE 55.94277340030568 -3.190784555858395 1247.931023 1061.795135
55.94277340030568 -3.190784555858395 ENE 55.94288820533539 -3.1905073919986418 1247.931023 1060.545135
55.94288820533539 -3.1905073919986418 ENE 55.9430030103651 -3.1902302281388883 1247.931023 1059.295135
55.9430030103651 -3.1902302281388883 ENE 55.943117815394814 -3.189953064279135 1247.931023 1058.045135
55.943117815394814 -3.189953064279135 ENE 55.943232620424524 -3.1896759004193815 1202.535563 1042.098513
55.943232620424524 -3.1896759004193815 ENE 55.943347425454235 -3.189398736559628 1202.535563 1040.848513
55.943347425454235 -3.189398736559628 ENE 55.943462230483945 -3.1891215726998747 1202.535563 1039.598513
55.943462230483945 -3.1891215726998747 ENE 55.943577035513655 -3.1888444088401213 1259.174123 1122.010555
55.943577035513655 -3.1888444088401213 ENE 55.943691840543366 -3.188567244980368 1259.174123 1120.760555
55.943691840543366 -3.188567244980368 ENE 55.943806645573076 -3.1882900811206145 1259.174123 1119.510555
55.943806645573076 -3.1882900811206145 ENE 55.94392145060279 -3.188012917260861 1259.174123 1118.260555
55.94392145060279 -3.188012917260861 ENE 55.9440362556325 -3.1877357534011077 1259.174123 1117.010555
55.9440362556325 -3.1877357534011077 ENE 55.94415106066221 -3.1874585895413543 1259.174123 1115.760555
55.94415106066221 -3.1874585895413543 ENE 55.94426586569192 -3.187181425681601 1259.174123 1114.510555
55.94426586569192 -3.187181425681601 ENE 55.94438067072163 -3.1869042618218475 1259.174123 1113.260555
55.94438067072163 -3.1869042618218475 ENE 55.94449547575134 -3.186627097962094 1259.174123 1112.010555
55.94449547575134 -3.186627097962094 ENE 55.94461028078105 -3.1863499341023407 1259.174123 1110.760555
55.94461028078105 -3.1863499341023407 ENE 55.94472508581076 -3.1860727702425873 1259.174123 1109.510555
55.94472508581076 -3.1860727702425873 ENE 55.94483989084047 -3.185795606382834 1259.174123 1108.260555
55.94483989084047 -3.185795606382834 ENE 55.94495469587018 -3.1855184425230805 1259.174123 1107.010555
55.94495469587018 -3.1855184425230805 E 55.94495469587018 -3.1852184425230803 1259.174123 1105.760555
55.94495469587018 -3.1852184425230803 ENE 55.94506950089989 -3.184941278663327 1259.174123 1104.510555
55.94506950089989 -3.184941278663327 NE 55.94528163293425 -3.184729146628971 1291.966984 1190.370558
55.94528163293425 -3.184729146628971 NNE 55.945558796794 -3.1846143415992616 1291.966984 1189.120558
55.945558796794 -3.1846143415992616 NE 55.94577092882836 -3.184402209564906 1291.966984 1187.870558
55.94577092882836 -3.184402209564906 NNE 55.946048092688116 -3.1842874045351963 1361.425499 1302.704954
55.946048092688116 -3.1842874045351963 SSW 55.94577092882836 -3.184402209564906 1361.425499 1301.454954
55.94577092882836 -3.184402209564906 W 55.94577092882836 -3.184702209564906 1361.425499 1300.204954
55.94577092882836 -3.184702209564906 W 55.94577092882836 -3.185002209564906 1361.425499 1298.954954
55.94577092882836 -3.185002209564906 W 55.94577092882836 -3.1853022095649064 1361.425499 1297.704954
55.94577092882836 -3.1853022095649064 W 55.94577092882836 -3.1856022095649066 1361.425499 1296.454954
55.94577092882836 -3.1856022095649066 WSW 55.94565612379865 -3.18587937342466 1361.425499 1295.204954
55.94565612379865 -3.18587937342466 W 55.94565612379865 -3.18617937342466 1361.425499 1293.954954
55.94565612379865 -3.18617937342466 WSW 55.94554131876894 -3.1864565372844136 1361.189770 1190.879421
55.94554131876894 -3.1864565372844136 W 55.94554131876894 -3.1867565372844138 1270.532010 1167.593722
55.94554131876894 -3.1867565372844138 WSW 55.94542651373923 -3.187033701144167 1270.532010 1166.343722
55.94542651373923 -3.187033701144167 W 55.94542651373923 -3.1873337011441674 1270.532010 1165.093722
55.94542651373923 -3.1873337011441674 WSW 55.94531170870952 -3.1876108650039208 1270.532010 1163.843722
55.94531170870952 -3.1876108650039208 W 55.94531170870952 -3.187910865003921 1270.532010 1162.593722
55.94531170870952 -3.187910865003921 WSW 55.94519690367981 -3.1881880288636744 1270.532010 1161.343722
55.94519690367981 -3.1881880288636744 W 55.94519690367981 -3.1884880288636746 1270.532010 1160.093722
55.94519690367981 -3.1884880288636746 WSW 55.9450820986501 -3.188765192723428 1270.532010 1158.843722
55.9450820986501 -3.188765192723428 W 55.9450820986501 -3.189065192723428 1237.396861 1083.144304
55.9450820986501 -3.189065192723428 WSW 55.94496729362039 -3.1893423565831815 1237.396861 1081.894304
55.94496729362039 -3.1893423565831815 W 55.94496729362039 -3.1896423565831817 1237.396861 1080.644304
55.94496729362039 -3.1896423565831817 WSW 55.944852488590676 -3.189919520442935 1237.396861 1079.394304
55.944852488590676 -3.189919520442935 W 55.944852488590676 -3.1902195204429353 1237.396861 1078.144304
55.944852488590676 -3.1902195204429353 WSW 55.944737683560966 -3.1904966843026887 1237.396861 1076.894304
55.944737683560966 -3.1904966843026887 W 55.944737683560966 -3.190796684302689 1237.396861 1075.644304
55.944737683560966 -3.190796684302689 WSW 55.944622878531256 -3.1910738481624423 1237.396861 1074.394304
55.944622878531256 -3.1910738481624423 W 55.944622878531256 -3.1913738481624425 1237.396861 1073.144304
55.944622878531256 -3.1913738481624425 WSW 55.944508073501545 -3.191651012022196 1237.396861 1071.894304
55.944508073501545 -3.191651012022196 NW 55.9447202055359 -3.1918631440565517 1326.555607 1173.435109
55.9447202055359 -3.1918631440565517 NW 55.94493233757026 -3.1920752760909075 1326.555607 1172.185109
55.94493233757026 -3.1920752760909075 NW 55.945144469604614 -3.1922874081252632 1326.555607 1170.935109
55.945144469604614 -3.1922874081252632 E 55.945144469604614 -3.191987408125263 1411.981783 1207.698906
55.945144469604614 -3.191987408125263 E 55.945144469604614 -3.191687408125263 1411.981783 1206.448906
55.945144469604614 -3.191687408125263 ENE 55.945259274634324 -3.1914102442655095 1411.981783 1205.198906
55.945259274634324 -3.1914102442655095 E 55.945259274634324 -3.1911102442655093 1475.911710 1321.828516
55.945259274634324 -3.1911102442655093 E 55.945259274634324 -3.190810244265509 1475.911710 1320.578516
55.945259274634324 -3.190810244265509 E 55.945259274634324 -3.190510244265509 1475.911710 1319.328516
55.945259274634324 -3.190510244265509 ENE 55.945374079664035 -3.1902330804057555 1475.911710 1318.078516
55.945374079664035 -3.1902330804057555 E 55.945374079664035 -3.1899330804057553 1475.911710 1316.828516
55.945374079664035 -3.1899330804057553 ENE 55.945488884693745 -3.189655916546002 1475.911710 1315.578516
55.945488884693745 -3.189655916546002 E 55.945488884693745 -3.1893559165460017 1475.911710 1314.328516
55.945488884693745 -3.1893559165460017 ENE 55.945603689723455 -3.1890787526862483 1475.911710 1313.078516
55.945603689723455 -3.1890787526862483 E 55.945603689723455 -3.188778752686248 1475.911710 1311.828516
55.945603689723455 -3.188778752686248 WNW 55.945718494753166 -3.1890559165460015 1497.804907 1411.567431
55.945718494753166 -3.1890559165460015 E 55.945718494753166 -3.1887559165460013 1497.804907 1410.317431
55.945718494753166 -3.1887559165460013 WSW 55.945603689723455 -3.1890330804057547 1497.804907 1409.067431
55.945603689723455 -3.1890330804057547 W 55.945603689723455 -3.189333080405755 1497.804907 1407.817431
55.945603689723455 -3.189333080405755 NNE 55.94588085358321 -3.1892182753760454 1497.804907 1406.567431
55.94588085358321 -3.1892182753760454 SSE 55.945603689723455 -3.189103470346336 1497.804907 1405.317431
55.945603689723455 -3.189103470346336 W 55.945603689723455 -3.189403470346336 1497.804907 1404.067431
55.945603689723455 -3.189403470346336 SE 55.9453915576891 -3.1891913383119803 1497.804907 1402.817431
55.9453915576891 -3.1891913383119803 S 55.945091557689096 -3.1891913383119803 1497.804907 1401.567431
55.945091557689096 -3.1891913383119803 W 55.945091557689096 -3.1894913383119805 1497.804907 1400.317431
55.945091557689096 -3.1894913383119805 SW 55.94487942565474 -3.1897034703463363 1497.804907 1399.067431
55.94487942565474 -3.1897034703463363 SSW 55.944602261794984 -3.189818275376046 1497.804907 1397.817431
55.944602261794984 -3.189818275376046 WSW 55.94448745676527 -3.190095439235799 1497.804907 1396.567431
55.94448745676527 -3.190095439235799 WNW 55.944602261794984 -3.1903726030955526 1497.804907 1395.317431
55.944602261794984 -3.1903726030955526 NW 55.94481439382934 -3.1905847351299084 1497.804907 1394.067431
55.94481439382934 -3.1905847351299084 SSW 55.94453722996958 -3.190699540159618 1497.804907 1392.817431
55.94453722996958 -3.190699540159618 E 55.94453722996958 -3.1903995401596177 1497.804907 1391.567431
55.94453722996958 -3.1903995401596177 S 55.94423722996958 -3.1903995401596177 1497.804907 1390.317431
55.94423722996958 -3.1903995401596177 SW 55.944025097935224 -3.1906116721939735 1497.804907 1389.067431
55.944025097935224 -3.1906116721939735 ENE 55.944139902964935 -3.19033450833422 1497.804907 1387.817431
55.944139902964935 -3.19033450833422 SSW 55.94386273910518 -3.1904493133639296 1497.804907 1386.567431
55.94386273910518 -3.1904493133639296 N 55.94416273910518 -3.1904493133639296 1497.804907 1385.317431
55.94416273910518 -3.1904493133639296 S 55.94386273910518 -3.1904493133639296 1497.804907 1384.067431
55.94386273910518 -3.1904493133639296 N 55.94416273910518 -3.1904493133639296 1497.804907 1382.817431
55.94416273910518 -3.1904493133639296 NNW 55.94443990296494 -3.190564118393639 1497.804907 1381.567431
55.94443990296494 -3.190564118393639 NNE 55.944717066824694 -3.1904493133639296 1497.804907 1380.317431
55.944717066824694 -3.1904493133639296 SE 55.94450493479034 -3.190237181329574 1497.804907 1379.067431
55.94450493479034 -3.190237181329574 WNW 55.94461973982005 -3.190514345189327 1497.804907 1377.817431
55.94461973982005 -3.190514345189327 ENE 55.94473454484976 -3.190237181329574 1497.804907 1376.567431
55.94473454484976 -3.190237181329574 SW 55.9445224128154 -3.1904493133639296 1497.804907 1375.317431
55.9445224128154 -3.1904493133639296 E 55.9445224128154 -3.1901493133639294 1497.804907 1374.067431
55.9445224128154 -3.1901493133639294 W 55.9445224128154 -3.1904493133639296 1497.804907 1372.817431
55.9445224128154 -3.1904493133639296 SW 55.944310280781046 -3.1906614453982853 1497.804907 1371.567431
55.944310280781046 -3.1906614453982853 WSW 55.944195475751336 -3.1909386092580387 1497.804907 1370.317431
55.944195475751336 -3.1909386092580387 NNE 55.94447263961109 -3.1908238042283292 1497.804907 1369.067431
55.94447263961109 -3.1908238042283292 WSW 55.94435783458138 -3.1911009680880826 1497.804907 1367.817431
55.94435783458138 -3.1911009680880826 NNW 55.94463499844114 -3.191215773117792 1497.804907 1366.567431
55.94463499844114 -3.191215773117792 NE 55.944847130475495 -3.1910036410834364 1497.804907 1365.317431
55.944847130475495 -3.1910036410834364 E 55.944847130475495 -3.190703641083436 1497.804907 1364.067431
55.944847130475495 -3.190703641083436 W 55.944847130475495 -3.1910036410834364 1497.804907 1362.817431
55.944847130475495 -3.1910036410834364 S 55.94454713047549 -3.1910036410834364 1497.804907 1361.567431
55.94454713047549 -3.1910036410834364 WSW 55.94443232544578 -3.1912808049431898 1497.804907 1360.317431
55.94443232544578 -3.1912808049431898 E 55.94443232544578 -3.1909808049431896 1497.804907 1359.067431
55.94443232544578 -3.1909808049431896 NW 55.94464445748014 -3.1911929369775454 1497.804907 1357.817431
55.94464445748014 -3.1911929369775454 NNW 55.944921621339894 -3.191307742007255 1497.804907 1356.567431
55.944921621339894 -3.191307742007255 SW 55.94470948930554 -3.1915198740416106 1497.804907 1355.317431
55.94470948930554 -3.1915198740416106 WNW 55.94482429433525 -3.191797037901364 1497.804907 1354.067431
55.94482429433525 -3.191797037901364 SSW 55.94454713047549 -3.1919118429310736 1497.804907 1352.817431
55.94454713047549 -3.1919118429310736 SSE 55.944269966615735 -3.191797037901364 1497.804907 1351.567431
55.944269966615735 -3.191797037901364 SSE 55.94399280275598 -3.1916822328716545 1497.804907 1350.317431
55.94399280275598 -3.1916822328716545 SSW 55.94371563889622 -3.191797037901364 1497.804907 1349.067431
55.94371563889622 -3.191797037901364 NNE 55.94399280275598 -3.1916822328716545 1497.804907 1347.817431
55.94399280275598 -3.1916822328716545 SSW 55.94371563889622 -3.191797037901364 1497.804907 1346.567431
55.94371563889622 -3.191797037901364 S 55.94341563889622 -3.191797037901364 1497.804907 1345.317431
55.94341563889622 -3.191797037901364 NNE 55.943692802755976 -3.1916822328716545 1497.804907 1344.067431
55.943692802755976 -3.1916822328716545 WSW 55.943577997726265 -3.191959396731408 1497.804907 1342.817431
55.943577997726265 -3.191959396731408 NE 55.94379012976062 -3.191747264697052 1497.804907 1341.567431
55.94379012976062 -3.191747264697052 SSE 55.943512965900865 -3.1916324596673427 1497.804907 1340.317431
55.943512965900865 -3.1916324596673427 NNW 55.94379012976062 -3.191747264697052 1497.804907 1339.067431
55.94379012976062 -3.191747264697052 S 55.94349012976062 -3.191747264697052 1497.804907 1337.817431
55.94349012976062 -3.191747264697052 ENE 55.94360493479033 -3.1914701008372988 1497.804907 1336.567431
55.94360493479033 -3.1914701008372988 SE 55.94339280275597 -3.191257968802943 1497.804907 1335.317431
55.94339280275597 -3.191257968802943 S 55.94309280275597 -3.191257968802943 1497.804907 1334.067431
55.94309280275597 -3.191257968802943 S 55.94279280275597 -3.191257968802943 1497.804907 1332.817431
55.94279280275597 -3.191257968802943 NNW 55.943069966615724 -3.1913727738326525 1497.804907 1331.567431
55.943069966615724 -3.1913727738326525 NW 55.94328209865008 -3.1915849058670083 1497.804907 1330.317431
55.94328209865008 -3.1915849058670083 NE 55.943494230684436 -3.1913727738326525 1497.804907 1329.067431
55.943494230684436 -3.1913727738326525 SE 55.94328209865008 -3.1911606417982967 1497.804907 1327.817431
55.94328209865008 -3.1911606417982967 SSW 55.94300493479032 -3.1912754468280062 1497.804907 1326.567431
55.94300493479032 -3.1912754468280062 SSW 55.94272777093057 -3.1913902518577157 1497.804907 1325.317431
55.94272777093057 -3.1913902518577157 S 55.942427770930564 -3.1913902518577157 1497.804907 1324.067431
