55.944425 -3.188396 ENE 55.94453980502971 -3.1881188361402466 0.000000 248.750000
55.94453980502971 -3.1881188361402466 ENE 55.94465461005942 -3.187841672280493 0.000000 247.500000
55.94465461005942 -3.187841672280493 ENE 55.944769415089134 -3.18756450842074 0.000000 246.250000
55.944769415089134 -3.18756450842074 ENE 55.944884220118844 -3.1872873445609864 0.000000 245.000000
55.944884220118844 -3.1872873445609864 ENE 55.944999025148554 -3.187010180701233 49.270928 256.824749
55.944999025148554 -3.187010180701233 ENE 55.945113830178265 -3.1867330168414796 0.000000 131.704170
55.945113830178265 -3.1867330168414796 ENE 55.945228635207975 -3.186455852981726 0.000000 130.454170
55.945228635207975 -3.186455852981726 ENE 55.945343440237686 -3.1861786891219728 0.000000 129.204170
55.945343440237686 -3.1861786891219728 ENE 55.945458245267396 -3.1859015252622194 0.000000 127.954170
55.945458245267396 -3.1859015252622194 S 55.94515824526739 -3.1859015252622194 113.887452 161.557950
55.94515824526739 -3.1859015252622194 S 55.94485824526739 -3.1859015252622194 220.206845 177.434411
55.94485824526739 -3.1859015252622194 S 55.94455824526739 -3.1859015252622194 235.925669 269.476424
55.94455824526739 -3.1859015252622194 SSE 55.94428108140763 -3.18578672023251 235.925669 268.226424
55.94428108140763 -3.18578672023251 S 55.94398108140763 -3.18578672023251 235.925669 266.976424
55.94398108140763 -3.18578672023251 SSE 55.94370391754787 -3.1856719152028004 235.925669 265.726424
55.94370391754787 -3.1856719152028004 S 55.94340391754787 -3.1856719152028004 313.140754 273.632146
55.94340391754787 -3.1856719152028004 SSE 55.94312675368811 -3.185557110173091 313.140754 272.382146
55.94312675368811 -3.185557110173091 W 55.94312675368811 -3.185857110173091 348.280399 331.473396
55.94312675368811 -3.185857110173091 W 55.94312675368811 -3.1861571101730912 348.280399 330.223396
55.94312675368811 -3.1861571101730912 W 55.94312675368811 -3.1864571101730914 348.280399 328.973396
55.94312675368811 -3.1864571101730914 W 55.94312675368811 -3.1867571101730916 348.280399 327.723396
55.94312675368811 -3.1867571101730916 W 55.94312675368811 -3.187057110173092 348.280399 326.473396
55.94312675368811 -3.187057110173092 W 55.94312675368811 -3.187357110173092 348.280399 325.223396
55.94312675368811 -3.187357110173092 W 55.94312675368811 -3.187657110173092 348.280399 323.973396
55.94312675368811 -3.187657110173092 W 55.94312675368811 -3.1879571101730924 348.280399 322.723396
55.94312675368811 -3.1879571101730924 W 55.94312675368811 -3.1882571101730925 348.280399 321.473396
55.94312675368811 -3.1882571101730925 W 55.94312675368811 -3.1885571101730927 348.280399 320.223396
55.94312675368811 -3.1885571101730927 W 55.94312675368811 -3.188857110173093 348.280399 318.973396
55.94312675368811 -3.188857110173093 W 55.94312675368811 -3.189157110173093 348.280399 317.723396
55.94312675368811 -3.189157110173093 WSW 55.9430119486584 -3.1894342740328465 348.280399 316.473396
55.9430119486584 -3.1894342740328465 W 55.9430119486584 -3.1897342740328467 348.280399 315.223396
55.9430119486584 -3.1897342740328467 WSW 55.94289714362869 -3.1900114378926 302.884938 299.276775
55.94289714362869 -3.1900114378926 W 55.94289714362869 -3.1903114378926003 302.884938 298.026775
55.94289714362869 -3.1903114378926003 WSW 55.94278233859898 -3.1905886017523537 302.884938 296.776775
55.94278233859898 -3.1905886017523537 W 55.94278233859898 -3.190888601752354 302.884938 295.526775
55.94278233859898 -3.190888601752354 WSW 55.94266753356927 -3.1911657656121073 380.540356 377.768654
55.94266753356927 -3.1911657656121073 ENE 55.94278233859898 -3.190888601752354 380.540356 376.518654
55.94278233859898 -3.190888601752354 ENE 55.94289714362869 -3.1906114378926005 380.540356 375.268654
55.94289714362869 -3.1906114378926005 ENE 55.9430119486584 -3.190334274032847 380.540356 374.018654
55.9430119486584 -3.190334274032847 ENE 55.94312675368811 -3.1900571101730937 380.540356 372.768654
55.94312675368811 -3.1900571101730937 ENE 55.94324155871782 -3.1897799463133403 380.540356 371.518654
55.94324155871782 -3.1897799463133403 E 55.94324155871782 -3.18947994631334 380.540356 370.268654
55.94324155871782 -3.18947994631334 ENE 55.94335636374753 -3.1892027824535867 380.540356 369.018654
55.94335636374753 -3.1892027824535867 E 55.94335636374753 -3.1889027824535865 437.178916 451.430696
55.94335636374753 -3.1889027824535865 ENE 55.94347116877724 -3.188625618593833 437.178916 450.180696
55.94347116877724 -3.188625618593833 E 55.94347116877724 -3.188325618593833 437.178916 448.930696
55.94347116877724 -3.188325618593833 ENE 55.943585973806954 -3.1880484547340795 437.178916 447.680696
55.943585973806954 -3.1880484547340795 E 55.943585973806954 -3.1877484547340793 437.178916 446.430696
55.943585973806954 -3.1877484547340793 ENE 55.943700778836664 -3.187471290874326 437.178916 445.180696
55.943700778836664 -3.187471290874326 E 55.943700778836664 -3.1871712908743257 437.178916 443.930696
55.943700778836664 -3.1871712908743257 ENE 55.943815583866375 -3.1868941270145723 432.352312 383.637422
55.943815583866375 -3.1868941270145723 E 55.943815583866375 -3.186594127014572 432.352312 382.387422
55.943815583866375 -3.186594127014572 ENE 55.943930388896085 -3.1863169631548187 464.014016 460.708788
55.943930388896085 -3.1863169631548187 WSW 55.943815583866375 -3.186594127014572 464.014016 459.458788
55.943815583866375 -3.186594127014572 WSW 55.943700778836664 -3.1868712908743255 464.014016 458.208788
55.943700778836664 -3.1868712908743255 WSW 55.943585973806954 -3.187148454734079 464.014016 456.958788
55.943585973806954 -3.187148454734079 WSW 55.94347116877724 -3.1874256185938323 464.014016 455.708788
55.94347116877724 -3.1874256185938323 WSW 55.94335636374753 -3.1877027824535857 464.014016 454.458788
55.94335636374753 -3.1877027824535857 WSW 55.94324155871782 -3.187979946313339 464.014016 453.208788
55.94324155871782 -3.187979946313339 WSW 55.94312675368811 -3.1882571101730925 464.014016 451.958788
55.94312675368811 -3.1882571101730925 WSW 55.9430119486584 -3.188534274032846 464.014016 450.708788
55.9430119486584 -3.188534274032846 WSW 55.94289714362869 -3.1888114378925994 464.014016 449.458788
55.94289714362869 -3.1888114378925994 WSW 55.94278233859898 -3.1890886017523528 464.014016 448.208788
55.94278233859898 -3.1890886017523528 W 55.94278233859898 -3.189388601752353 464.014016 446.958788
55.94278233859898 -3.189388601752353 WSW 55.94266753356927 -3.1896657656121064 464.014016 445.708788
55.94266753356927 -3.1896657656121064 E 55.94266753356927 -3.189365765612106 513.452448 514.291511
55.94266753356927 -3.189365765612106 E 55.94266753356927 -3.189065765612106 513.452448 513.041511
55.94266753356927 -3.189065765612106 E 55.94266753356927 -3.188765765612106 513.452448 511.791511
55.94266753356927 -3.188765765612106 E 55.94266753356927 -3.1884657656121056 513.452448 510.541511
55.94266753356927 -3.1884657656121056 E 55.94266753356927 -3.1881657656121054 513.452448 509.291511
55.94266753356927 -3.1881657656121054 E 55.94266753356927 -3.187865765612105 513.452448 508.041511
55.94266753356927 -3.187865765612105 E 55.94266753356927 -3.187565765612105 513.452448 506.791511
55.94266753356927 -3.187565765612105 E 55.94266753356927 -3.187265765612105 513.452448 505.541511
55.94266753356927 -3.187265765612105 E 55.94266753356927 -3.1869657656121047 513.452448 504.291511
55.94266753356927 -3.1869657656121047 NW 55.94287966560363 -3.1871778976464604 537.479103 620.138237
55.94287966560363 -3.1871778976464604 NW 55.94309179763798 -3.187390029680816 537.479103 618.888237
55.94309179763798 -3.187390029680816 NNW 55.94336896149774 -3.1875048347105257 537.479103 617.638237
55.94336896149774 -3.1875048347105257 NW 55.943581093532096 -3.1877169667448815 537.479103 616.388237
55.943581093532096 -3.1877169667448815 NNW 55.94385825739185 -3.187831771774591 537.479103 615.138237
55.94385825739185 -3.187831771774591 NW 55.94407038942621 -3.1880439038089468 537.479103 613.888237
55.94407038942621 -3.1880439038089468 NNW 55.944347553285965 -3.1881587088386563 511.536695 602.469755
55.944347553285965 -3.1881587088386563 NW 55.94455968532032 -3.188370840873012 511.536695 601.219755
55.94455968532032 -3.188370840873012 NNW 55.94483684918008 -3.1884856459027215 511.536695 599.969755
55.94483684918008 -3.1884856459027215 NW 55.945048981214434 -3.1886977779370773 478.401546 524.270337
55.945048981214434 -3.1886977779370773 NNW 55.94532614507419 -3.188812582966787 478.401546 523.020337
55.94532614507419 -3.188812582966787 NW 55.94553827710855 -3.1890247150011426 478.401546 521.770337
55.94553827710855 -3.1890247150011426 NNW 55.9458154409683 -3.189139520030852 559.032034 636.366814
55.9458154409683 -3.189139520030852 ESE 55.94570063593859 -3.1888623561710987 559.032034 635.116814
55.94570063593859 -3.1888623561710987 SE 55.94548850390424 -3.188650224136743 580.925230 734.855729
55.94548850390424 -3.188650224136743 ESE 55.945373698874526 -3.1883730602769895 580.925230 733.605729
55.945373698874526 -3.1883730602769895 SE 55.94516156684017 -3.1881609282426338 580.925230 732.355729
55.94516156684017 -3.1881609282426338 ESE 55.94504676181046 -3.1878837643828803 580.925230 731.105729
55.94504676181046 -3.1878837643828803 SE 55.9448346297761 -3.1876716323485246 580.925230 729.855729
55.9448346297761 -3.1876716323485246 ESE 55.94471982474639 -3.187394468488771 580.925230 728.605729
55.94471982474639 -3.187394468488771 SE 55.94450769271204 -3.1871823364544154 580.925230 727.355729
55.94450769271204 -3.1871823364544154 ESE 55.944392887682326 -3.186905172594662 580.925230 726.105729
55.944392887682326 -3.186905172594662 SE 55.94418075564797 -3.1866930405603062 580.925230 724.855729
55.94418075564797 -3.1866930405603062 W 55.94418075564797 -3.1869930405603064 691.534199 795.017240
55.94418075564797 -3.1869930405603064 W 55.94418075564797 -3.1872930405603066 691.534199 793.767240
55.94418075564797 -3.1872930405603066 W 55.94418075564797 -3.187593040560307 691.534199 792.517240
55.94418075564797 -3.187593040560307 W 55.94418075564797 -3.187893040560307 691.534199 791.267240
55.94418075564797 -3.187893040560307 W 55.94418075564797 -3.188193040560307 691.534199 790.017240
55.94418075564797 -3.188193040560307 W 55.94418075564797 -3.1884930405603074 691.534199 788.767240
55.94418075564797 -3.1884930405603074 W 55.94418075564797 -3.1887930405603075 691.534199 787.517240
55.94418075564797 -3.1887930405603075 W 55.94418075564797 -3.1890930405603077 667.706477 762.371306
55.94418075564797 -3.1890930405603077 W 55.94418075564797 -3.189393040560308 667.706477 761.121306
55.94418075564797 -3.189393040560308 W 55.94418075564797 -3.189693040560308 667.706477 759.871306
55.94418075564797 -3.189693040560308 W 55.94418075564797 -3.1899930405603083 667.706477 758.621306
55.94418075564797 -3.1899930405603083 W 55.94418075564797 -3.1902930405603085 667.706477 757.371306
55.94418075564797 -3.1902930405603085 WSW 55.94406595061826 -3.190570204420062 690.000591 767.179870
55.94406595061826 -3.190570204420062 W 55.94406595061826 -3.190870204420062 690.000591 765.929870
55.94406595061826 -3.190870204420062 WSW 55.94395114558855 -3.1911473682798155 690.000591 764.679870
55.94395114558855 -3.1911473682798155 W 55.94395114558855 -3.1914473682798157 751.698102 784.794414
55.94395114558855 -3.1914473682798157 E 55.94395114558855 -3.1911473682798155 796.012143 789.158047
55.94395114558855 -3.1911473682798155 E 55.94395114558855 -3.1908473682798153 796.012143 787.908047
55.94395114558855 -3.1908473682798153 E 55.94395114558855 -3.190547368279815 796.012143 786.658047
55.94395114558855 -3.190547368279815 E 55.94395114558855 -3.190247368279815 796.012143 785.408047
55.94395114558855 -3.190247368279815 ENE 55.94406595061826 -3.1899702044200615 796.012143 784.158047
55.94406595061826 -3.1899702044200615 E 55.94406595061826 -3.1896702044200613 796.012143 782.908047
55.94406595061826 -3.1896702044200613 ENE 55.94418075564797 -3.189393040560308 796.012143 781.658047
55.94418075564797 -3.189393040560308 E 55.94418075564797 -3.1890930405603077 796.012143 780.408047
55.94418075564797 -3.1890930405603077 ENE 55.94429556067768 -3.1888158767005543 796.012143 779.158047
55.94429556067768 -3.1888158767005543 E 55.94429556067768 -3.188515876700554 796.012143 777.908047
55.94429556067768 -3.188515876700554 ENE 55.94441036570739 -3.1882387128408007 796.012143 776.658047
55.94441036570739 -3.1882387128408007 E 55.94441036570739 -3.1879387128408005 796.012143 775.408047
55.94441036570739 -3.1879387128408005 ENE 55.9445251707371 -3.187661548981047 796.012143 774.158047
55.9445251707371 -3.187661548981047 E 55.9445251707371 -3.187361548981047 796.012143 772.908047
55.9445251707371 -3.187361548981047 ENE 55.94463997576681 -3.1870843851212936 796.012143 771.658047
55.94463997576681 -3.1870843851212936 E 55.94463997576681 -3.1867843851212934 796.012143 770.408047
55.94463997576681 -3.1867843851212934 ENE 55.94475478079652 -3.18650722126154 796.012143 769.158047
55.94475478079652 -3.18650722126154 E 55.94475478079652 -3.1862072212615398 796.012143 767.908047
55.94475478079652 -3.1862072212615398 ENE 55.94486958582623 -3.1859300574017864 796.012143 766.658047
55.94486958582623 -3.1859300574017864 E 55.94486958582623 -3.185630057401786 796.012143 765.408047
55.94486958582623 -3.185630057401786 ENE 55.94498439085594 -3.1853528935420328 796.012143 764.158047
55.94498439085594 -3.1853528935420328 E 55.94498439085594 -3.1850528935420326 796.012143 762.908047
55.94498439085594 -3.1850528935420326 ENE 55.94509919588565 -3.184775729682279 796.012143 761.658047
55.94509919588565 -3.184775729682279 W 55.94509919588565 -3.1850757296822794 828.805004 847.518051
55.94509919588565 -3.1850757296822794 W 55.94509919588565 -3.1853757296822796 778.697402 727.738397
55.94509919588565 -3.1853757296822796 W 55.94509919588565 -3.1856757296822797 778.697402 726.488397
55.94509919588565 -3.1856757296822797 W 55.94509919588565 -3.18597572968228 778.697402 725.238397
55.94509919588565 -3.18597572968228 W 55.94509919588565 -3.18627572968228 778.697402 723.988397
55.94509919588565 -3.18627572968228 W 55.94509919588565 -3.1865757296822803 778.697402 722.738397
55.94509919588565 -3.1865757296822803 W 55.94509919588565 -3.1868757296822805 778.697402 721.488397
55.94509919588565 -3.1868757296822805 W 55.94509919588565 -3.1871757296822807 723.955044 720.238397
55.94509919588565 -3.1871757296822807 W 55.94509919588565 -3.187475729682281 723.955044 718.988397
55.94509919588565 -3.187475729682281 W 55.94509919588565 -3.187775729682281 723.955044 717.738397
55.94509919588565 -3.187775729682281 W 55.94509919588565 -3.1880757296822813 723.955044 716.488397
55.94509919588565 -3.1880757296822813 W 55.94509919588565 -3.1883757296822814 723.955044 715.238397
55.94509919588565 -3.1883757296822814 W 55.94509919588565 -3.1886757296822816 723.955044 713.988397
55.94509919588565 -3.1886757296822816 W 55.94509919588565 -3.188975729682282 723.955044 712.738397
55.94509919588565 -3.188975729682282 W 55.94509919588565 -3.189275729682282 723.955044 711.488397
55.94509919588565 -3.189275729682282 W 55.94509919588565 -3.189575729682282 723.955044 710.238397
55.94509919588565 -3.189575729682282 W 55.94509919588565 -3.1898757296822824 723.955044 708.988397
55.94509919588565 -3.1898757296822824 W 55.94509919588565 -3.1901757296822826 723.955044 707.738397
55.94509919588565 -3.1901757296822826 W 55.94509919588565 -3.1904757296822828 839.727426 792.545592
55.94509919588565 -3.1904757296822828 WNW 55.945214000915364 -3.190752893542036 839.727426 791.295592
55.945214000915364 -3.190752893542036 W 55.945214000915364 -3.1910528935420364 839.727426 790.045592
55.945214000915364 -3.1910528935420364 ESE 55.94509919588565 -3.190775729682283 903.657352 906.675202
55.94509919588565 -3.190775729682283 E 55.94509919588565 -3.1904757296822828 903.657352 905.425202
55.94509919588565 -3.1904757296822828 ESE 55.94498439085594 -3.1901985658225294 903.657352 904.175202
55.94498439085594 -3.1901985658225294 E 55.94498439085594 -3.189898565822529 903.657352 902.925202
55.94498439085594 -3.189898565822529 ESE 55.94486958582623 -3.1896214019627758 903.657352 901.675202
55.94486958582623 -3.1896214019627758 E 55.94486958582623 -3.1893214019627756 999.739427 935.010288
55.94486958582623 -3.1893214019627756 ESE 55.94475478079652 -3.189044238103022 999.739427 933.760288
55.94475478079652 -3.189044238103022 E 55.94475478079652 -3.188744238103022 999.739427 932.510288
55.94475478079652 -3.188744238103022 ESE 55.94463997576681 -3.1884670742432686 999.739427 931.260288
55.94463997576681 -3.1884670742432686 E 55.94463997576681 -3.1881670742432684 999.739427 930.010288
55.94463997576681 -3.1881670742432684 ESE 55.9445251707371 -3.187889910383515 999.739427 928.760288
55.9445251707371 -3.187889910383515 E 55.9445251707371 -3.187589910383515 999.739427 927.510288
55.9445251707371 -3.187589910383515 ESE 55.94441036570739 -3.1873127465237614 999.739427 926.260288
55.94441036570739 -3.1873127465237614 E 55.94441036570739 -3.187012746523761 999.739427 925.010288
55.94441036570739 -3.187012746523761 ESE 55.94429556067768 -3.186735582664008 999.739427 923.760288
55.94429556067768 -3.186735582664008 E 55.94429556067768 -3.1864355826640076 999.739427 922.510288
55.94429556067768 -3.1864355826640076 ESE 55.94418075564797 -3.186158418804254 995.292578 817.011355
55.94418075564797 -3.186158418804254 E 55.94418075564797 -3.185858418804254 995.292578 815.761355
55.94418075564797 -3.185858418804254 ESE 55.94406595061826 -3.1855812549445006 995.292578 814.511355
55.94406595061826 -3.1855812549445006 E 55.94406595061826 -3.1852812549445004 995.292578 813.261355
55.94406595061826 -3.1852812549445004 ESE 55.94395114558855 -3.185004091084747 995.292578 812.011355
55.94395114558855 -3.185004091084747 E 55.94395114558855 -3.184704091084747 995.292578 810.761355
55.94395114558855 -3.184704091084747 W 55.94395114558855 -3.185004091084747 1081.168375 885.526072
55.94395114558855 -3.185004091084747 W 55.94395114558855 -3.185304091084747 1081.168375 884.276072
55.94395114558855 -3.185304091084747 W 55.94395114558855 -3.1856040910847474 1081.168375 883.026072
55.94395114558855 -3.1856040910847474 W 55.94395114558855 -3.1859040910847476 1081.168375 881.776072
55.94395114558855 -3.1859040910847476 W 55.94395114558855 -3.186204091084748 1081.168375 880.526072
55.94395114558855 -3.186204091084748 W 55.94395114558855 -3.186504091084748 1081.168375 879.276072
55.94395114558855 -3.186504091084748 W 55.94395114558855 -3.186804091084748 1081.168375 878.026072
55.94395114558855 -3.186804091084748 W 55.94395114558855 -3.1871040910847483 1081.168375 876.776072
55.94395114558855 -3.1871040910847483 W 55.94395114558855 -3.1874040910847485 1081.168375 875.526072
55.94395114558855 -3.1874040910847485 W 55.94395114558855 -3.1877040910847487 1081.168375 874.276072
55.94395114558855 -3.1877040910847487 W 55.94395114558855 -3.188004091084749 1081.168375 873.026072
55.94395114558855 -3.188004091084749 W 55.94395114558855 -3.188304091084749 1154.537762 949.104908
55.94395114558855 -3.188304091084749 W 55.94395114558855 -3.1886040910847493 1154.537762 947.854908
55.94395114558855 -3.1886040910847493 W 55.94395114558855 -3.1889040910847495 1154.537762 946.604908
55.94395114558855 -3.1889040910847495 WNW 55.94406595061826 -3.189181254944503 1154.537762 945.354908
55.94406595061826 -3.189181254944503 W 55.94406595061826 -3.189481254944503 1154.537762 944.104908
55.94406595061826 -3.189481254944503 WNW 55.94418075564797 -3.1897584188042565 1154.537762 942.854908
55.94418075564797 -3.1897584188042565 W 55.94418075564797 -3.1900584188042567 1154.537762 941.604908
55.94418075564797 -3.1900584188042567 WNW 55.94429556067768 -3.19033558266401 1154.537762 940.354908
55.94429556067768 -3.19033558266401 W 55.94429556067768 -3.1906355826640103 1154.537762 939.104908
55.94429556067768 -3.1906355826640103 WNW 55.94441036570739 -3.1909127465237637 1154.537762 937.854908
55.94441036570739 -3.1909127465237637 W 55.94441036570739 -3.191212746523764 1154.537762 936.604908
55.94441036570739 -3.191212746523764 WNW 55.9445251707371 -3.1914899103835173 1154.537762 935.354908
55.9445251707371 -3.1914899103835173 SSW 55.944248006877345 -3.1916047154132268 1246.632615 939.200072
55.944248006877345 -3.1916047154132268 ENE 55.944362811907055 -3.1913275515534734 1262.287822 978.713499
55.944362811907055 -3.1913275515534734 ENE 55.944477616936766 -3.19105038769372 1262.287822 977.463499
55.944477616936766 -3.19105038769372 ENE 55.944592421966476 -3.1907732238339666 1262.287822 976.213499
55.944592421966476 -3.1907732238339666 ENE 55.94470722699619 -3.190496059974213 1262.287822 974.963499
55.94470722699619 -3.190496059974213 ENE 55.9448220320259 -3.1902188961144597 1323.085548 1010.231608
55.9448220320259 -3.1902188961144597 ENE 55.94493683705561 -3.1899417322547063 1323.085548 1008.981608
55.94493683705561 -3.1899417322547063 ENE 55.94505164208532 -3.189664568394953 1323.085548 1007.731608
55.94505164208532 -3.189664568394953 ENE 55.94516644711503 -3.1893874045351995 1323.085548 1006.481608
55.94516644711503 -3.1893874045351995 ENE 55.94528125214474 -3.189110240675446 1323.085548 1005.231608
55.94528125214474 -3.189110240675446 ENE 55.94539605717445 -3.1888330768156927 1323.085548 1003.981608
55.94539605717445 -3.1888330768156927 ENE 55.94551086220416 -3.1885559129559393 1323.085548 1002.731608
55.94551086220416 -3.1885559129559393 ENE 55.94562566723387 -3.188278749096186 1323.085548 1001.481608
55.94562566723387 -3.188278749096186 E 55.94562566723387 -3.1879787490961857 1323.085548 1000.231608
55.94562566723387 -3.1879787490961857 ENE 55.94574047226358 -3.1877015852364323 1323.085548 998.981608
55.94574047226358 -3.1877015852364323 WSW 55.94562566723387 -3.1879787490961857 1333.919531 1080.300698
55.94562566723387 -3.1879787490961857 WSW 55.94551086220416 -3.188255912955939 1333.919531 1079.050698
55.94551086220416 -3.188255912955939 WSW 55.94539605717445 -3.1885330768156925 1333.919531 1077.800698
55.94539605717445 -3.1885330768156925 WSW 55.94528125214474 -3.188810240675446 1333.919531 1076.550698
55.94528125214474 -3.188810240675446 WSW 55.94516644711503 -3.1890874045351993 1333.919531 1075.300698
55.94516644711503 -3.1890874045351993 WSW 55.94505164208532 -3.1893645683949527 1333.919531 1074.050698
55.94505164208532 -3.1893645683949527 SW 55.94483951005096 -3.1895767004293085 1333.919531 1072.800698
55.94483951005096 -3.1895767004293085 WSW 55.94472470502125 -3.189853864289062 1333.919531 1071.550698
55.94472470502125 -3.189853864289062 SW 55.944512572986895 -3.1900659963234177 1333.919531 1070.300698
55.944512572986895 -3.1900659963234177 W 55.944512572986895 -3.190365996323418 1344.697033 1130.792920
55.944512572986895 -3.190365996323418 W 55.944512572986895 -3.190665996323418 1344.697033 1129.542920
55.944512572986895 -3.190665996323418 W 55.944512572986895 -3.1909659963234183 1344.697033 1128.292920
55.944512572986895 -3.1909659963234183 W 55.944512572986895 -3.1912659963234185 1344.697033 1127.042920
55.944512572986895 -3.1912659963234185 W 55.944512572986895 -3.1915659963234186 1344.697033 1125.792920
55.944512572986895 -3.1915659963234186 WNW 55.944627378016605 -3.191843160183172 1344.697033 1124.542920
55.944627378016605 -3.191843160183172 ESE 55.944512572986895 -3.1915659963234186 1433.855779 1226.083725
55.944512572986895 -3.1915659963234186 NW 55.94472470502125 -3.1917781283577744 1433.855779 1224.833725
55.94472470502125 -3.1917781283577744 NW 55.94493683705561 -3.19199026039213 1433.855779 1223.583725
55.94493683705561 -3.19199026039213 NW 55.94514896908996 -3.192202392426486 1433.855779 1222.333725
55.94514896908996 -3.192202392426486 WNW 55.945263774119674 -3.1924795562862394 1433.855779 1221.083725
55.945263774119674 -3.1924795562862394 NE 55.94547590615403 -3.1922674242518836 1519.281955 1257.847522
55.94547590615403 -3.1922674242518836 SW 55.945263774119674 -3.1924795562862394 1519.281955 1256.597522
55.945263774119674 -3.1924795562862394 NNW 55.94554093797943 -3.192594361315949 1519.281955 1255.347522
55.94554093797943 -3.192594361315949 SSE 55.945263774119674 -3.1924795562862394 1519.281955 1254.097522
55.945263774119674 -3.1924795562862394 N 55.94556377411968 -3.1924795562862394 1519.281955 1252.847522
55.94556377411968 -3.1924795562862394 W 55.94556377411968 -3.1927795562862396 1519.281955 1251.597522
55.94556377411968 -3.1927795562862396 ENE 55.94567857914939 -3.192502392426486 1519.281955 1250.347522
55.94567857914939 -3.192502392426486 ENE 55.9457933841791 -3.1922252285667327 1519.281955 1249.097522
55.9457933841791 -3.1922252285667327 ENE 55.94590818920881 -3.1919480647069793 1519.281955 1247.847522
55.94590818920881 -3.1919480647069793 N 55.94620818920881 -3.1919480647069793 1478.634286 1135.845472
55.94620818920881 -3.1919480647069793 E 55.94620818920881 -3.191648064706979 1478.634286 1134.595472
55.94620818920881 -3.191648064706979 NE 55.94642032124317 -3.1914359326726234 1478.634286 1133.345472
55.94642032124317 -3.1914359326726234 WNW 55.94653512627288 -3.191713096532377 1478.634286 1132.095472
