55.944425 -3.188396 ENE 55.94453980502971 -3.1881188361402466 0.000000 248.750000
55.94453980502971 -3.1881188361402466 ENE 55.94465461005942 -3.187841672280493 0.000000 247.500000
55.94465461005942 -3.187841672280493 ENE 55.944769415089134 -3.18756450842074 0.000000 246.250000
55.944769415089134 -3.18756450842074 ENE 55.944884220118844 -3.1872873445609864 0.000000 245.000000
55.944884220118844 -3.1872873445609864 ENE 55.944999025148554 -3.187010180701233 49.270928 256.824749
55.944999025148554 -3.187010180701233 ENE 55.945113830178265 -3.1867330168414796 0.000000 131.704170
55.945113830178265 -3.1867330168414796 ENE 55.945228635207975 -3.186455852981726 0.000000 130.454170
55.945228635207975 -3.186455852981726 ENE 55.945343440237686 -3.1861786891219728 0.000000 129.204170
55.945343440237686 -3.1861786891219728 ENE 55.945458245267396 -3.1859015252622194 0.000000 127.954170
55.945458245267396 -3.1859015252622194 WSW 55.945343440237686 -3.1861786891219728 113.887452 161.557950
55.945343440237686 -3.1861786891219728 WSW 55.945228635207975 -3.186455852981726 113.887452 160.307950
55.945228635207975 -3.186455852981726 WSW 55.945113830178265 -3.1867330168414796 113.887452 159.057950
55.945113830178265 -3.1867330168414796 WSW 55.944999025148554 -3.187010180701233 113.887452 157.807950
55.944999025148554 -3.187010180701233 WSW 55.944884220118844 -3.1872873445609864 59.145094 156.557950
55.944884220118844 -3.1872873445609864 WSW 55.944769415089134 -3.18756450842074 59.145094 155.307950
55.944769415089134 -3.18756450842074 WSW 55.94465461005942 -3.187841672280493 59.145094 154.057950
55.94465461005942 -3.187841672280493 WSW 55.94453980502971 -3.1881188361402466 59.145094 152.807950
55.94453980502971 -3.1881188361402466 WSW 55.944425 -3.188396 59.145094 151.557950
55.944425 -3.188396 W 55.944425 -3.188696 59.145094 150.307950
55.944425 -3.188696 WSW 55.94431019497029 -3.1889731638597536 35.317372 125.162015
55.94431019497029 -3.1889731638597536 W 55.94431019497029 -3.189273163859754 35.317372 123.912015
55.94431019497029 -3.189273163859754 WSW 55.94419538994058 -3.189550327719507 35.317372 122.662015
55.94419538994058 -3.189550327719507 W 55.94419538994058 -3.1898503277195074 35.317372 121.412015
55.94419538994058 -3.1898503277195074 WSW 55.94408058491087 -3.190127491579261 35.317372 120.162015
55.94408058491087 -3.190127491579261 W 55.94408058491087 -3.190427491579261 35.317372 118.912015
55.94408058491087 -3.190427491579261 SSE 55.943803421051115 -3.1903126865495515 57.611486 128.720579
55.943803421051115 -3.1903126865495515 SSE 55.94352625719136 -3.190197881519842 57.611486 127.470579
55.94352625719136 -3.190197881519842 SSE 55.9432490933316 -3.1900830764901325 57.611486 126.220579
55.9432490933316 -3.1900830764901325 SSE 55.942971929471845 -3.189968271460423 12.216025 110.273958
55.942971929471845 -3.189968271460423 SSE 55.94269476561209 -3.1898534664307134 12.216025 109.023958
55.94269476561209 -3.1898534664307134 ENE 55.9428095706418 -3.18957630257096 61.654458 177.606681
55.9428095706418 -3.18957630257096 ENE 55.94292437567151 -3.1892991387112066 61.654458 176.356681
55.94292437567151 -3.1892991387112066 ENE 55.94303918070122 -3.1890219748514532 61.654458 175.106681
55.94303918070122 -3.1890219748514532 ENE 55.94315398573093 -3.1887448109917 61.654458 173.856681
55.94315398573093 -3.1887448109917 E 55.94315398573093 -3.1884448109916996 61.654458 172.606681
55.94315398573093 -3.1884448109916996 ENE 55.94326879076064 -3.1881676471319462 61.654458 171.356681
55.94326879076064 -3.1881676471319462 E 55.94326879076064 -3.187867647131946 61.654458 170.106681
55.94326879076064 -3.187867647131946 ENE 55.94338359579035 -3.1875904832721926 61.654458 168.856681
55.94338359579035 -3.1875904832721926 E 55.94338359579035 -3.1872904832721924 61.654458 167.606681
55.94338359579035 -3.1872904832721924 ENE 55.94349840082006 -3.187013319412439 56.827854 107.313407
55.94349840082006 -3.187013319412439 E 55.94349840082006 -3.186713319412439 56.827854 106.063407
55.94349840082006 -3.186713319412439 ENE 55.94361320584977 -3.1864361555526854 56.827854 104.813407
55.94361320584977 -3.1864361555526854 E 55.94361320584977 -3.1861361555526853 56.827854 103.563407
55.94361320584977 -3.1861361555526853 ENE 55.94372801087948 -3.185858991692932 56.827854 102.313407
55.94372801087948 -3.185858991692932 E 55.94372801087948 -3.1855589916929317 56.827854 101.063407
55.94372801087948 -3.1855589916929317 ENE 55.94384281590919 -3.1852818278331783 134.042939 108.969130
55.94384281590919 -3.1852818278331783 E 55.94384281590919 -3.184981827833178 134.042939 107.719130
55.94384281590919 -3.184981827833178 ENE 55.9439576209389 -3.1847046639734247 134.042939 106.469130
55.9439576209389 -3.1847046639734247 W 55.9439576209389 -3.185004663973425 219.918736 181.233846
55.9439576209389 -3.185004663973425 W 55.9439576209389 -3.185304663973425 219.918736 179.983846
55.9439576209389 -3.185304663973425 W 55.9439576209389 -3.1856046639734252 219.918736 178.733846
55.9439576209389 -3.1856046639734252 W 55.9439576209389 -3.1859046639734254 219.918736 177.483846
55.9439576209389 -3.1859046639734254 W 55.9439576209389 -3.1862046639734256 219.918736 176.233846
55.9439576209389 -3.1862046639734256 WNW 55.94407242596861 -3.186481827833179 251.580439 254.555212
55.94407242596861 -3.186481827833179 W 55.94407242596861 -3.186781827833179 251.580439 253.305212
55.94407242596861 -3.186781827833179 WNW 55.944187230998324 -3.1870589916929326 362.189408 323.466723
55.944187230998324 -3.1870589916929326 W 55.944187230998324 -3.187358991692933 362.189408 322.216723
55.944187230998324 -3.187358991692933 WNW 55.944302036028034 -3.187636155552686 362.189408 320.966723
55.944302036028034 -3.187636155552686 W 55.944302036028034 -3.1879361555526864 362.189408 319.716723
55.944302036028034 -3.1879361555526864 WNW 55.944416841057745 -3.18821331941244 336.247000 308.298241
55.944416841057745 -3.18821331941244 W 55.944416841057745 -3.18851331941244 336.247000 307.048241
55.944416841057745 -3.18851331941244 WNW 55.944531646087455 -3.1887904832721934 336.247000 305.798241
55.944531646087455 -3.1887904832721934 W 55.944531646087455 -3.1890904832721936 336.247000 304.548241
55.944531646087455 -3.1890904832721936 WNW 55.944646451117165 -3.189367647131947 336.247000 303.298241
55.944646451117165 -3.189367647131947 W 55.944646451117165 -3.189667647131947 336.247000 302.048241
55.944646451117165 -3.189667647131947 W 55.944646451117165 -3.1899676471319474 432.329075 335.383327
55.944646451117165 -3.1899676471319474 W 55.944646451117165 -3.1902676471319475 443.106576 395.875549
55.944646451117165 -3.1902676471319475 W 55.944646451117165 -3.1905676471319477 503.904302 431.143657
55.944646451117165 -3.1905676471319477 W 55.944646451117165 -3.190867647131948 503.904302 429.893657
55.944646451117165 -3.190867647131948 WSW 55.944531646087455 -3.1911448109917013 503.904302 428.643657
55.944531646087455 -3.1911448109917013 W 55.944531646087455 -3.1914448109917015 503.904302 427.393657
55.944531646087455 -3.1914448109917015 W 55.944531646087455 -3.1917448109917017 595.999155 431.238821
55.944531646087455 -3.1917448109917017 E 55.944531646087455 -3.1914448109917015 685.157901 532.779626
55.944531646087455 -3.1914448109917015 SSW 55.9442544822277 -3.191559616021411 685.157901 531.529626
55.9442544822277 -3.191559616021411 SW 55.94404235019334 -3.191771748055767 685.157901 530.279626
55.94404235019334 -3.191771748055767 SSE 55.943765186333586 -3.1916569430260573 700.813108 569.793053
55.943765186333586 -3.1916569430260573 SSE 55.94348802247383 -3.191542137996348 700.813108 568.543053
55.94348802247383 -3.191542137996348 SSE 55.94321085861407 -3.1914273329666383 700.813108 567.293053
55.94321085861407 -3.1914273329666383 SE 55.94299872657972 -3.1912152009322825 700.813108 566.043053
55.94299872657972 -3.1912152009322825 SSE 55.94272156271996 -3.191100395902573 700.813108 564.793053
55.94272156271996 -3.191100395902573 ENE 55.94283636774967 -3.1908232320428196 778.468526 647.034932
55.94283636774967 -3.1908232320428196 ENE 55.94295117277938 -3.190546068183066 778.468526 645.784932
55.94295117277938 -3.190546068183066 ENE 55.94306597780909 -3.190268904323313 778.468526 644.534932
55.94306597780909 -3.190268904323313 ENE 55.9431807828388 -3.1899917404635594 778.468526 643.284932
55.9431807828388 -3.1899917404635594 ENE 55.94329558786851 -3.189714576603806 778.468526 642.034932
55.94329558786851 -3.189714576603806 ENE 55.94341039289822 -3.1894374127440526 778.468526 640.784932
55.94341039289822 -3.1894374127440526 ENE 55.94352519792793 -3.189160248884299 778.468526 639.534932
55.94352519792793 -3.189160248884299 ENE 55.94364000295764 -3.1888830850245458 835.107086 721.946974
55.94364000295764 -3.1888830850245458 ENE 55.943754807987354 -3.1886059211647924 835.107086 720.696974
55.943754807987354 -3.1886059211647924 ENE 55.943869613017064 -3.188328757305039 835.107086 719.446974
55.943869613017064 -3.188328757305039 ENE 55.943984418046774 -3.1880515934452855 835.107086 718.196974
55.943984418046774 -3.1880515934452855 ENE 55.944099223076485 -3.187774429585532 908.476473 794.275810
55.944099223076485 -3.187774429585532 ENE 55.944214028106195 -3.1874972657257787 908.476473 793.025810
55.944214028106195 -3.1874972657257787 ENE 55.944328833135906 -3.1872201018660253 908.476473 791.775810
55.944328833135906 -3.1872201018660253 ENE 55.944443638165616 -3.186942938006272 908.476473 790.525810
55.944443638165616 -3.186942938006272 ENE 55.944558443195326 -3.1866657741465185 908.476473 789.275810
55.944558443195326 -3.1866657741465185 ENE 55.94467324822504 -3.186388610286765 904.029624 683.776878
55.94467324822504 -3.186388610286765 ENE 55.94478805325475 -3.1861114464270117 904.029624 682.526878
55.94478805325475 -3.1861114464270117 ENE 55.94490285828446 -3.1858342825672583 904.029624 681.276878
55.94490285828446 -3.1858342825672583 ENE 55.94501766331417 -3.185557118707505 919.748448 773.318891
55.94501766331417 -3.185557118707505 NE 55.945229795348524 -3.185344986673149 919.748448 772.068891
55.945229795348524 -3.185344986673149 ENE 55.945344600378235 -3.1850678228133957 919.748448 770.818891
55.945344600378235 -3.1850678228133957 NE 55.94555673241259 -3.18485569077904 869.640847 651.039238
55.94555673241259 -3.18485569077904 ENE 55.9456715374423 -3.1845785269192866 869.640847 649.789238
55.9456715374423 -3.1845785269192866 W 55.9456715374423 -3.1848785269192867 939.099361 764.623634
55.9456715374423 -3.1848785269192867 W 55.9456715374423 -3.185178526919287 939.099361 763.373634
55.9456715374423 -3.185178526919287 W 55.9456715374423 -3.185478526919287 939.099361 762.123634
55.9456715374423 -3.185478526919287 W 55.9456715374423 -3.1857785269192873 939.099361 760.873634
55.9456715374423 -3.1857785269192873 W 55.9456715374423 -3.1860785269192875 939.099361 759.623634
55.9456715374423 -3.1860785269192875 W 55.9456715374423 -3.1863785269192877 858.792163 672.643036
55.9456715374423 -3.1863785269192877 W 55.9456715374423 -3.186678526919288 858.556434 569.567503
55.9456715374423 -3.186678526919288 W 55.9456715374423 -3.186978526919288 767.898674 546.281804
55.9456715374423 -3.186978526919288 W 55.9456715374423 -3.1872785269192883 767.898674 545.031804
55.9456715374423 -3.1872785269192883 W 55.9456715374423 -3.1875785269192884 767.898674 543.781804
55.9456715374423 -3.1875785269192884 W 55.9456715374423 -3.1878785269192886 778.732657 625.100895
55.9456715374423 -3.1878785269192886 W 55.9456715374423 -3.188178526919289 778.732657 623.850895
55.9456715374423 -3.188178526919289 W 55.9456715374423 -3.188478526919289 778.732657 622.600895
55.9456715374423 -3.188478526919289 WSW 55.94555673241259 -3.1887556907790424 778.732657 621.350895
55.94555673241259 -3.1887556907790424 W 55.94555673241259 -3.1890556907790426 800.625854 721.089810
55.94555673241259 -3.1890556907790426 WSW 55.94544192738288 -3.189332854638796 881.256342 835.686287
55.94544192738288 -3.189332854638796 W 55.94544192738288 -3.189632854638796 881.256342 834.436287
55.94544192738288 -3.189632854638796 WSW 55.94532712235317 -3.1899100184985496 881.256342 833.186287
55.94532712235317 -3.1899100184985496 W 55.94532712235317 -3.19021001849855 881.256342 831.936287
55.94532712235317 -3.19021001849855 W 55.94532712235317 -3.19051001849855 997.028723 916.743482
55.94532712235317 -3.19051001849855 W 55.94532712235317 -3.19081001849855 997.028723 915.493482
55.94532712235317 -3.19081001849855 W 55.94532712235317 -3.1911100184985504 997.028723 914.243482
55.94532712235317 -3.1911100184985504 W 55.94532712235317 -3.1914100184985505 1060.958650 1030.873092
55.94532712235317 -3.1914100184985505 W 55.94532712235317 -3.1917100184985507 1060.958650 1029.623092
55.94532712235317 -3.1917100184985507 W 55.94532712235317 -3.192010018498551 1060.958650 1028.373092
55.94532712235317 -3.192010018498551 W 55.94532712235317 -3.192310018498551 1060.958650 1027.123092
55.94532712235317 -3.192310018498551 E 55.94532712235317 -3.192010018498551 1146.384826 1063.886889
55.94532712235317 -3.192010018498551 E 55.94532712235317 -3.1917100184985507 1146.384826 1062.636889
55.94532712235317 -3.1917100184985507 E 55.94532712235317 -3.1914100184985505 1146.384826 1061.386889
55.94532712235317 -3.1914100184985505 E 55.94532712235317 -3.1911100184985504 1146.384826 1060.136889
55.94532712235317 -3.1911100184985504 E 55.94532712235317 -3.19081001849855 1146.384826 1058.886889
55.94532712235317 -3.19081001849855 E 55.94532712235317 -3.19051001849855 1146.384826 1057.636889
55.94532712235317 -3.19051001849855 E 55.94532712235317 -3.19021001849855 1146.384826 1056.386889
55.94532712235317 -3.19021001849855 E 55.94532712235317 -3.1899100184985496 1146.384826 1055.136889
55.94532712235317 -3.1899100184985496 E 55.94532712235317 -3.1896100184985494 1146.384826 1053.886889
55.94532712235317 -3.1896100184985494 E 55.94532712235317 -3.1893100184985492 1146.384826 1052.636889
55.94532712235317 -3.1893100184985492 E 55.94532712235317 -3.189010018498549 1146.384826 1051.386889
55.94532712235317 -3.189010018498549 E 55.94532712235317 -3.188710018498549 1146.384826 1050.136889
55.94532712235317 -3.188710018498549 E 55.94532712235317 -3.1884100184985487 1146.384826 1048.886889
55.94532712235317 -3.1884100184985487 E 55.94532712235317 -3.1881100184985485 1146.384826 1047.636889
55.94532712235317 -3.1881100184985485 E 55.94532712235317 -3.1878100184985483 1146.384826 1046.386889
55.94532712235317 -3.1878100184985483 E 55.94532712235317 -3.187510018498548 1146.384826 1045.136889
55.94532712235317 -3.187510018498548 E 55.94532712235317 -3.187210018498548 1146.384826 1043.886889
55.94532712235317 -3.187210018498548 E 55.94532712235317 -3.1869100184985477 1146.384826 1042.636889
55.94532712235317 -3.1869100184985477 E 55.94532712235317 -3.1866100184985475 1146.384826 1041.386889
55.94532712235317 -3.1866100184985475 ESE 55.94521231732346 -3.186332854638794 1146.384826 1040.136889
55.94521231732346 -3.186332854638794 E 55.94521231732346 -3.186032854638794 1146.384826 1038.886889
55.94521231732346 -3.186032854638794 WSW 55.94509751229375 -3.1863100184985473 1252.704219 1054.763350
55.94509751229375 -3.1863100184985473 WSW 55.94498270726404 -3.1865871823583007 1252.704219 1053.513350
55.94498270726404 -3.1865871823583007 WSW 55.94486790223433 -3.186864346218054 1252.704219 1052.263350
55.94486790223433 -3.186864346218054 WSW 55.94475309720462 -3.1871415100778075 1252.704219 1051.013350
55.94475309720462 -3.1871415100778075 W 55.94475309720462 -3.1874415100778077 1252.704219 1049.763350
55.94475309720462 -3.1874415100778077 WSW 55.94463829217491 -3.187718673937561 1252.704219 1048.513350
55.94463829217491 -3.187718673937561 W 55.94463829217491 -3.1880186739375613 1252.704219 1047.263350
55.94463829217491 -3.1880186739375613 WSW 55.9445234871452 -3.1882958377973147 1252.704219 1046.013350
55.9445234871452 -3.1882958377973147 W 55.9445234871452 -3.188595837797315 1252.704219 1044.763350
55.9445234871452 -3.188595837797315 WSW 55.94440868211549 -3.1888730016570683 1252.704219 1043.513350
55.94440868211549 -3.1888730016570683 W 55.94440868211549 -3.1891730016570685 1252.704219 1042.263350
55.94440868211549 -3.1891730016570685 WSW 55.94429387708578 -3.189450165516822 1252.704219 1041.013350
55.94429387708578 -3.189450165516822 W 55.94429387708578 -3.189750165516822 1252.704219 1039.763350
55.94429387708578 -3.189750165516822 WSW 55.944179072056066 -3.1900273293765755 1252.704219 1038.513350
55.944179072056066 -3.1900273293765755 W 55.944179072056066 -3.1903273293765757 1252.704219 1037.263350
55.944179072056066 -3.1903273293765757 WSW 55.944064267026356 -3.190604493236329 1252.704219 1036.013350
55.944064267026356 -3.190604493236329 W 55.944064267026356 -3.1909044932363293 1252.704219 1034.763350
55.944064267026356 -3.1909044932363293 WSW 55.943949461996645 -3.1911816570960827 1252.704219 1033.513350
55.943949461996645 -3.1911816570960827 W 55.943949461996645 -3.191481657096083 1314.401730 1053.627894
55.943949461996645 -3.191481657096083 SE 55.94373732996229 -3.191269525061727 1358.715770 1057.991528
55.94373732996229 -3.191269525061727 ENE 55.943852134992 -3.1909923612019737 1358.715770 1056.741528
55.943852134992 -3.1909923612019737 E 55.943852134992 -3.1906923612019735 1358.715770 1055.491528
55.943852134992 -3.1906923612019735 ENE 55.94396694002171 -3.19041519734222 1358.715770 1054.241528
55.94396694002171 -3.19041519734222 E 55.94396694002171 -3.19011519734222 1358.715770 1052.991528
55.94396694002171 -3.19011519734222 ENE 55.94408174505142 -3.1898380334824665 1358.715770 1051.741528
55.94408174505142 -3.1898380334824665 E 55.94408174505142 -3.1895380334824663 1358.715770 1050.491528
55.94408174505142 -3.1895380334824663 ENE 55.94419655008113 -3.189260869622713 1358.715770 1049.241528
55.94419655008113 -3.189260869622713 E 55.94419655008113 -3.1889608696227127 1358.715770 1047.991528
55.94419655008113 -3.1889608696227127 ENE 55.94431135511084 -3.1886837057629593 1358.715770 1046.741528
55.94431135511084 -3.1886837057629593 E 55.94431135511084 -3.188383705762959 1358.715770 1045.491528
55.94431135511084 -3.188383705762959 ENE 55.94442616014055 -3.1881065419032057 1358.715770 1044.241528
55.94442616014055 -3.1881065419032057 E 55.94442616014055 -3.1878065419032056 1358.715770 1042.991528
55.94442616014055 -3.1878065419032056 ENE 55.94454096517026 -3.187529378043452 1358.715770 1041.741528
55.94454096517026 -3.187529378043452 E 55.94454096517026 -3.187229378043452 1358.715770 1040.491528
55.94454096517026 -3.187229378043452 ENE 55.94465577019997 -3.1869522141836986 1358.715770 1039.241528
55.94465577019997 -3.1869522141836986 E 55.94465577019997 -3.1866522141836984 1358.715770 1037.991528
55.94465577019997 -3.1866522141836984 ENE 55.94477057522968 -3.186375050323945 1358.715770 1036.741528
55.94477057522968 -3.186375050323945 E 55.94477057522968 -3.186075050323945 1358.715770 1035.491528
55.94477057522968 -3.186075050323945 ENE 55.94488538025939 -3.1857978864641914 1358.715770 1034.241528
55.94488538025939 -3.1857978864641914 E 55.94488538025939 -3.185497886464191 1358.715770 1032.991528
55.94488538025939 -3.185497886464191 ENE 55.9450001852891 -3.185220722604438 1358.715770 1031.741528
55.9450001852891 -3.185220722604438 E 55.9450001852891 -3.1849207226044376 1358.715770 1030.491528
55.9450001852891 -3.1849207226044376 SSW 55.94472302142935 -3.185035527634147 1391.508632 1116.351531
55.94472302142935 -3.185035527634147 SSW 55.94444585756959 -3.1851503326638566 1391.508632 1115.101531
55.94444585756959 -3.1851503326638566 SSW 55.944168693709834 -3.185265137693566 1391.508632 1113.851531
55.944168693709834 -3.185265137693566 SSW 55.94389152985008 -3.1853799427232756 1391.508632 1112.601531
55.94389152985008 -3.1853799427232756 S 55.943591529850075 -3.1853799427232756 1391.508632 1111.351531
55.943591529850075 -3.1853799427232756 SSW 55.94331436599032 -3.185494747752985 1391.508632 1110.101531
55.94331436599032 -3.185494747752985 S 55.943014365990315 -3.185494747752985 1391.508632 1108.851531
55.943014365990315 -3.185494747752985 WSW 55.942899560960605 -3.1857719116127385 1426.648276 1167.942781
55.942899560960605 -3.1857719116127385 WSW 55.942784755930894 -3.186049075472492 1426.648276 1166.692781
55.942784755930894 -3.186049075472492 W 55.942784755930894 -3.186349075472492 1426.648276 1165.442781
55.942784755930894 -3.186349075472492 WSW 55.942669950901184 -3.1866262393322455 1426.648276 1164.192781
55.942669950901184 -3.1866262393322455 W 55.942669950901184 -3.1869262393322457 1395.181447 1103.295111
55.942669950901184 -3.1869262393322457 WSW 55.942555145871474 -3.187203403191999 1419.208102 1219.141837
55.942555145871474 -3.187203403191999 SSE 55.94227798201172 -3.1870885981622896 1419.208102 1217.891837
55.94227798201172 -3.1870885981622896 NNW 55.942555145871474 -3.187203403191999 1419.208102 1216.641837
55.942555145871474 -3.187203403191999 WSW 55.94244034084176 -3.1874805670517525 1419.208102 1215.391837
55.94244034084176 -3.1874805670517525 NNW 55.94271750470152 -3.187595372081462 1419.208102 1214.141837
55.94271750470152 -3.187595372081462 SE 55.94250537266716 -3.1873832400471063 1419.208102 1212.891837
55.94250537266716 -3.1873832400471063 NNW 55.94278253652692 -3.187498045076816 1419.208102 1211.641837
55.94278253652692 -3.187498045076816 WSW 55.94266773149721 -3.187775208936569 1419.208102 1210.391837
55.94266773149721 -3.187775208936569 SSW 55.94239056763745 -3.1878900139662787 1419.208102 1209.141837
55.94239056763745 -3.1878900139662787 ENE 55.94250537266716 -3.1876128501065253 1419.208102 1207.891837
55.94250537266716 -3.1876128501065253 N 55.942805372667166 -3.1876128501065253 1419.208102 1206.641837
55.942805372667166 -3.1876128501065253 NE 55.94301750470152 -3.1874007180721695 1419.208102 1205.391837
55.94301750470152 -3.1874007180721695 WNW 55.94313230973123 -3.187677881931923 1419.208102 1204.141837
55.94313230973123 -3.187677881931923 NNE 55.94340947359099 -3.1875630769022134 1419.208102 1202.891837
55.94340947359099 -3.1875630769022134 SSW 55.94313230973123 -3.187677881931923 1419.208102 1201.641837
55.94313230973123 -3.187677881931923 NW 55.94334444176559 -3.1878900139662787 1419.208102 1200.391837
55.94334444176559 -3.1878900139662787 SSW 55.94306727790583 -3.188004818995988 1419.208102 1199.141837
55.94306727790583 -3.188004818995988 WNW 55.94318208293554 -3.1882819828557416 1419.208102 1197.891837
55.94318208293554 -3.1882819828557416 NW 55.9433942149699 -3.1884941148900974 1419.208102 1196.641837
55.9433942149699 -3.1884941148900974 E 55.9433942149699 -3.188194114890097 1419.208102 1195.391837
55.9433942149699 -3.188194114890097 SW 55.94318208293554 -3.188406246924453 1419.208102 1194.141837
55.94318208293554 -3.188406246924453 ESE 55.94306727790583 -3.1881290830646996 1419.208102 1192.891837
55.94306727790583 -3.1881290830646996 ESE 55.94295247287612 -3.187851919204946 1419.208102 1191.641837
55.94295247287612 -3.187851919204946 WNW 55.94306727790583 -3.1881290830646996 1419.208102 1190.391837
55.94306727790583 -3.1881290830646996 E 55.94306727790583 -3.1878290830646994 1419.208102 1189.141837
55.94306727790583 -3.1878290830646994 W 55.94306727790583 -3.1881290830646996 1419.208102 1187.891837
55.94306727790583 -3.1881290830646996 NE 55.94327940994019 -3.187916951030344 1419.208102 1186.641837
55.94327940994019 -3.187916951030344 WSW 55.94316460491048 -3.188194114890097 1419.208102 1185.391837
55.94316460491048 -3.188194114890097 SE 55.94295247287612 -3.1879819828557414 1419.208102 1184.141837
55.94295247287612 -3.1879819828557414 E 55.94295247287612 -3.1876819828557412 1419.208102 1182.891837
55.94295247287612 -3.1876819828557412 NNW 55.94322963673588 -3.1877967878854507 1419.208102 1181.641837
55.94322963673588 -3.1877967878854507 SW 55.94301750470152 -3.1880089199198065 1419.208102 1180.391837
55.94301750470152 -3.1880089199198065 ENE 55.94313230973123 -3.187731756060053 1419.208102 1179.141837
55.94313230973123 -3.187731756060053 E 55.94313230973123 -3.187431756060053 1419.208102 1177.891837
55.94313230973123 -3.187431756060053 S 55.94283230973123 -3.187431756060053 1419.208102 1176.641837
55.94283230973123 -3.187431756060053 WSW 55.94271750470152 -3.1877089199198063 1419.208102 1175.391837
55.94271750470152 -3.1877089199198063 NNE 55.942994668561276 -3.187594114890097 1419.208102 1174.141837
55.942994668561276 -3.187594114890097 NE 55.94320680059563 -3.187381982855741 1419.208102 1172.891837
55.94320680059563 -3.187381982855741 WSW 55.94309199556592 -3.1876591467154944 1419.208102 1171.641837
55.94309199556592 -3.1876591467154944 SW 55.942879863531566 -3.18787127874985 1419.208102 1170.391837
55.942879863531566 -3.18787127874985 W 55.942879863531566 -3.1881712787498504 1419.208102 1169.141837
55.942879863531566 -3.1881712787498504 SW 55.94266773149721 -3.188383410784206 1419.208102 1167.891837
55.94266773149721 -3.188383410784206 N 55.94296773149721 -3.188383410784206 1419.208102 1166.641837
55.94296773149721 -3.188383410784206 NNW 55.94324489535697 -3.1884982158139157 1419.208102 1165.391837
55.94324489535697 -3.1884982158139157 NNE 55.943522059216725 -3.188383410784206 1419.208102 1164.141837
