55.944425 -3.188396 ENE 55.94453980502971 -3.1881188361402466 0.000000 248.750000
55.94453980502971 -3.1881188361402466 ENE 55.94465461005942 -3.187841672280493 0.000000 247.500000
55.94465461005942 -3.187841672280493 ENE 55.944769415089134 -3.18756450842074 0.000000 246.250000
55.944769415089134 -3.18756450842074 ENE 55.944884220118844 -3.1872873445609864 0.000000 245.000000
55.944884220118844 -3.1872873445609864 ENE 55.944999025148554 -3.187010180701233 49.270928 256.824749
55.944999025148554 -3.187010180701233 ENE 55.945113830178265 -3.1867330168414796 0.000000 131.704170
55.945113830178265 -3.1867330168414796 ENE 55.945228635207975 -3.186455852981726 0.000000 130.454170
55.945228635207975 -3.186455852981726 ENE 55.945343440237686 -3.1861786891219728 0.000000 129.204170
55.945343440237686 -3.1861786891219728 ENE 55.945458245267396 -3.1859015252622194 0.000000 127.954170
55.945458245267396 -3.1859015252622194 S 55.94515824526739 -3.1859015252622194 113.887452 161.557950
55.94515824526739 -3.1859015252622194 S 55.94485824526739 -3.1859015252622194 220.206845 177.434411
55.94485824526739 -3.1859015252622194 S 55.94455824526739 -3.1859015252622194 235.925669 269.476424
55.94455824526739 -3.1859015252622194 SSE 55.94428108140763 -3.18578672023251 235.925669 268.226424
55.94428108140763 -3.18578672023251 S 55.94398108140763 -3.18578672023251 235.925669 266.976424
55.94398108140763 -3.18578672023251 SSE 55.94370391754787 -3.1856719152028004 235.925669 265.726424
55.94370391754787 -3.1856719152028004 S 55.94340391754787 -3.1856719152028004 313.140754 273.632146
55.94340391754787 -3.1856719152028004 SSE 55.94312675368811 -3.185557110173091 313.140754 272.382146
55.94312675368811 -3.185557110173091 NNE 55.94340391754787 -3.1854423051433813 348.280399 331.473396
55.94340391754787 -3.1854423051433813 NNE 55.943681081407625 -3.185327500113672 348.280399 330.223396
55.943681081407625 -3.185327500113672 NNE 55.94395824526738 -3.1852126950839623 348.280399 328.973396
55.94395824526738 -3.1852126950839623 NNE 55.94423540912714 -3.185097890054253 348.280399 327.723396
55.94423540912714 -3.185097890054253 NNE 55.944512572986895 -3.1849830850245433 348.280399 326.473396
55.944512572986895 -3.1849830850245433 NNE 55.94478973684665 -3.184868279994834 348.280399 325.223396
55.94478973684665 -3.184868279994834 NNE 55.94506690070641 -3.1847534749651243 348.280399 323.973396
55.94506690070641 -3.1847534749651243 NNE 55.945344064566164 -3.184638669935415 381.073260 409.833400
55.945344064566164 -3.184638669935415 NNE 55.94562122842592 -3.1845238649057053 381.073260 408.583400
55.94562122842592 -3.1845238649057053 NE 55.94583336046028 -3.1843117328713495 450.531774 523.417796
55.94583336046028 -3.1843117328713495 WSW 55.94571855543057 -3.184588896731103 450.531774 522.167796
55.94571855543057 -3.184588896731103 WSW 55.945603750400856 -3.1848660605908563 450.531774 520.917796
55.945603750400856 -3.1848660605908563 WSW 55.945488945371146 -3.1851432244506097 450.531774 519.667796
55.945488945371146 -3.1851432244506097 WSW 55.945374140341436 -3.185420388310363 450.531774 518.417796
55.945374140341436 -3.185420388310363 WSW 55.945259335311725 -3.1856975521701165 450.531774 517.167796
55.945259335311725 -3.1856975521701165 WSW 55.945144530282015 -3.18597471602987 450.531774 515.917796
55.945144530282015 -3.18597471602987 WSW 55.945029725252304 -3.1862518798896233 450.531774 514.667796
55.945029725252304 -3.1862518798896233 WSW 55.944914920222594 -3.1865290437493767 450.531774 513.417796
55.944914920222594 -3.1865290437493767 WSW 55.94480011519288 -3.18680620760913 450.531774 512.167796
55.94480011519288 -3.18680620760913 WSW 55.94468531016317 -3.1870833714688835 450.531774 510.917796
55.94468531016317 -3.1870833714688835 WSW 55.94457050513346 -3.187360535328637 450.531774 509.667796
55.94457050513346 -3.187360535328637 WSW 55.94445570010375 -3.1876376991883904 450.531774 508.417796
55.94445570010375 -3.1876376991883904 WSW 55.94434089507404 -3.1879148630481438 450.531774 507.167796
55.94434089507404 -3.1879148630481438 WSW 55.94422609004433 -3.188192026907897 450.531774 505.917796
55.94422609004433 -3.188192026907897 WSW 55.94411128501462 -3.1884691907676506 424.589366 494.499314
55.94411128501462 -3.1884691907676506 WSW 55.94399647998491 -3.188746354627404 424.589366 493.249314
55.94399647998491 -3.188746354627404 WSW 55.9438816749552 -3.1890235184871574 424.589366 491.999314
55.9438816749552 -3.1890235184871574 WSW 55.94376686992549 -3.1893006823469108 424.589366 490.749314
55.94376686992549 -3.1893006823469108 WSW 55.94365206489578 -3.189577846206664 424.589366 489.499314
55.94365206489578 -3.189577846206664 WSW 55.94353725986607 -3.1898550100664176 424.589366 488.249314
55.94353725986607 -3.1898550100664176 WSW 55.94342245483636 -3.190132173926171 424.589366 486.999314
55.94342245483636 -3.190132173926171 SW 55.943210322802 -3.1903443059605268 424.589366 485.749314
55.943210322802 -3.1903443059605268 WSW 55.94309551777229 -3.19062146982028 424.589366 484.499314
55.94309551777229 -3.19062146982028 SW 55.942883385737936 -3.190833601854636 424.589366 483.249314
55.942883385737936 -3.190833601854636 WSW 55.942768580708226 -3.1911107657143893 424.589366 481.999314
55.942768580708226 -3.1911107657143893 SE 55.94255644867387 -3.1908986336800336 502.244783 564.241193
55.94255644867387 -3.1908986336800336 N 55.94285644867387 -3.1908986336800336 502.244783 562.991193
55.94285644867387 -3.1908986336800336 N 55.943156448673875 -3.1908986336800336 502.244783 561.741193
55.943156448673875 -3.1908986336800336 N 55.94345644867388 -3.1908986336800336 502.244783 560.491193
55.94345644867388 -3.1908986336800336 N 55.94375644867388 -3.1908986336800336 502.244783 559.241193
55.94375644867388 -3.1908986336800336 N 55.944056448673884 -3.1908986336800336 502.244783 557.991193
55.944056448673884 -3.1908986336800336 NNW 55.94433361253364 -3.191013438709743 502.244783 556.741193
55.94433361253364 -3.191013438709743 N 55.94463361253364 -3.191013438709743 502.244783 555.491193
55.94463361253364 -3.191013438709743 NNW 55.9449107763934 -3.1911282437394526 502.244783 554.241193
55.9449107763934 -3.1911282437394526 N 55.9452107763934 -3.1911282437394526 502.244783 552.991193
55.9452107763934 -3.1911282437394526 ESE 55.94509597136369 -3.190851079879699 566.174710 669.620803
55.94509597136369 -3.190851079879699 ESE 55.94498116633398 -3.1905739160199458 566.174710 668.370803
55.94498116633398 -3.1905739160199458 ESE 55.94486636130427 -3.1902967521601924 566.174710 667.120803
55.94486636130427 -3.1902967521601924 SE 55.944654229269915 -3.1900846201258366 626.972435 702.388911
55.944654229269915 -3.1900846201258366 ESE 55.944539424240205 -3.189807456266083 637.749937 762.881133
55.944539424240205 -3.189807456266083 SE 55.94432729220585 -3.1895953242317274 733.832012 796.216219
55.94432729220585 -3.1895953242317274 ESE 55.94421248717614 -3.189318160371974 733.832012 794.966219
55.94421248717614 -3.189318160371974 SE 55.94400035514178 -3.1891060283376182 733.832012 793.716219
55.94400035514178 -3.1891060283376182 ESE 55.94388555011207 -3.188828864477865 733.832012 792.466219
55.94388555011207 -3.188828864477865 SE 55.943673418077715 -3.188616732443509 733.832012 791.216219
55.943673418077715 -3.188616732443509 ESE 55.943558613048005 -3.1883395685837557 733.832012 789.966219
55.943558613048005 -3.1883395685837557 SE 55.94334648101365 -3.1881274365494 733.832012 788.716219
55.94334648101365 -3.1881274365494 ESE 55.94323167598394 -3.1878502726896465 733.832012 787.466219
55.94323167598394 -3.1878502726896465 SE 55.94301954394958 -3.1876381406552907 733.832012 786.216219
55.94301954394958 -3.1876381406552907 ESE 55.94290473891987 -3.1873609767955373 733.832012 784.966219
55.94290473891987 -3.1873609767955373 SE 55.942692606885515 -3.1871488447611815 733.832012 783.716219
55.942692606885515 -3.1871488447611815 ESE 55.942577801855805 -3.186871680901428 757.858667 899.562944
55.942577801855805 -3.186871680901428 WNW 55.942692606885515 -3.1871488447611815 757.858667 898.312944
55.942692606885515 -3.1871488447611815 WNW 55.942807411915226 -3.187426008620935 757.858667 897.062944
55.942807411915226 -3.187426008620935 WNW 55.942922216944936 -3.1877031724806884 757.858667 895.812944
55.942922216944936 -3.1877031724806884 WNW 55.94303702197465 -3.1879803363404418 757.858667 894.562944
55.94303702197465 -3.1879803363404418 WNW 55.94315182700436 -3.188257500200195 757.858667 893.312944
55.94315182700436 -3.188257500200195 WNW 55.94326663203407 -3.1885346640599486 757.858667 892.062944
55.94326663203407 -3.1885346640599486 WNW 55.94338143706378 -3.188811827919702 757.858667 890.812944
55.94338143706378 -3.188811827919702 WNW 55.94349624209349 -3.1890889917794554 757.858667 889.562944
55.94349624209349 -3.1890889917794554 WNW 55.9436110471232 -3.1893661556392088 814.497227 971.974986
55.9436110471232 -3.1893661556392088 WNW 55.94372585215291 -3.189643319498962 814.497227 970.724986
55.94372585215291 -3.189643319498962 WNW 55.94384065718262 -3.1899204833587156 814.497227 969.474986
55.94384065718262 -3.1899204833587156 WNW 55.94395546221233 -3.190197647218469 814.497227 968.224986
55.94395546221233 -3.190197647218469 WNW 55.94407026724204 -3.1904748110782224 814.497227 966.974986
55.94407026724204 -3.1904748110782224 WNW 55.94418507227175 -3.190751974937976 836.791341 976.783550
55.94418507227175 -3.190751974937976 WNW 55.94429987730146 -3.191029138797729 836.791341 975.533550
55.94429987730146 -3.191029138797729 NW 55.94451200933582 -3.191241270832085 836.791341 974.283550
55.94451200933582 -3.191241270832085 WNW 55.94462681436553 -3.1915184346918384 836.791341 973.033550
55.94462681436553 -3.1915184346918384 NW 55.944838946399884 -3.191730566726194 928.886194 976.878713
55.944838946399884 -3.191730566726194 WNW 55.944953751429594 -3.1920077305859476 928.886194 975.628713
55.944953751429594 -3.1920077305859476 NW 55.94516588346395 -3.1922198626203033 928.886194 974.378713
55.94516588346395 -3.1922198626203033 WNW 55.94528068849366 -3.1924970264800567 928.886194 973.128713
55.94528068849366 -3.1924970264800567 E 55.94528068849366 -3.1921970264800565 1014.312371 1009.892511
55.94528068849366 -3.1921970264800565 W 55.94528068849366 -3.1924970264800567 1014.312371 1008.642511
55.94528068849366 -3.1924970264800567 ESE 55.94516588346395 -3.1922198626203033 1014.312371 1007.392511
55.94516588346395 -3.1922198626203033 ESE 55.94505107843424 -3.19194269876055 1014.312371 1006.142511
55.94505107843424 -3.19194269876055 ESE 55.94493627340453 -3.1916655349007965 1014.312371 1004.892511
55.94493627340453 -3.1916655349007965 ESE 55.94482146837482 -3.191388371041043 1014.312371 1003.642511
55.94482146837482 -3.191388371041043 ESE 55.94470666334511 -3.1911112071812897 1014.312371 1002.392511
55.94470666334511 -3.1911112071812897 ESE 55.9445918583154 -3.1908340433215363 1014.312371 1001.142511
55.9445918583154 -3.1908340433215363 ESE 55.94447705328569 -3.190556879461783 1014.312371 999.892511
55.94447705328569 -3.190556879461783 E 55.94447705328569 -3.1902568794617827 1014.312371 998.642511
55.94447705328569 -3.1902568794617827 ESE 55.94436224825598 -3.1899797156020293 1014.312371 997.392511
55.94436224825598 -3.1899797156020293 E 55.94436224825598 -3.189679715602029 1014.312371 996.142511
55.94436224825598 -3.189679715602029 ESE 55.94424744322627 -3.1894025517422757 1014.312371 994.892511
55.94424744322627 -3.1894025517422757 E 55.94424744322627 -3.1891025517422755 1014.312371 993.642511
55.94424744322627 -3.1891025517422755 ESE 55.94413263819656 -3.188825387882522 1014.312371 992.392511
55.94413263819656 -3.188825387882522 E 55.94413263819656 -3.188525387882522 990.484649 967.246576
55.94413263819656 -3.188525387882522 ESE 55.944017833166846 -3.1882482240227685 990.484649 965.996576
55.944017833166846 -3.1882482240227685 W 55.944017833166846 -3.1885482240227687 1063.854036 1042.075413
55.944017833166846 -3.1885482240227687 W 55.944017833166846 -3.188848224022769 1063.854036 1040.825413
55.944017833166846 -3.188848224022769 W 55.944017833166846 -3.189148224022769 1063.854036 1039.575413
55.944017833166846 -3.189148224022769 WNW 55.94413263819656 -3.1894253878825225 1063.854036 1038.325413
55.94413263819656 -3.1894253878825225 W 55.94413263819656 -3.1897253878825227 1063.854036 1037.075413
55.94413263819656 -3.1897253878825227 WNW 55.94424744322627 -3.190002551742276 1063.854036 1035.825413
55.94424744322627 -3.190002551742276 W 55.94424744322627 -3.1903025517422763 1063.854036 1034.575413
55.94424744322627 -3.1903025517422763 WNW 55.94436224825598 -3.1905797156020297 1063.854036 1033.325413
55.94436224825598 -3.1905797156020297 W 55.94436224825598 -3.19087971560203 1063.854036 1032.075413
55.94436224825598 -3.19087971560203 WNW 55.94447705328569 -3.1911568794617833 1063.854036 1030.825413
55.94447705328569 -3.1911568794617833 W 55.94447705328569 -3.1914568794617835 1063.854036 1029.575413
55.94447705328569 -3.1914568794617835 E 55.94447705328569 -3.1911568794617833 1063.854036 1028.325413
55.94447705328569 -3.1911568794617833 E 55.94447705328569 -3.190856879461783 1063.854036 1027.075413
55.94447705328569 -3.190856879461783 E 55.94447705328569 -3.190556879461783 1063.854036 1025.825413
55.94447705328569 -3.190556879461783 E 55.94447705328569 -3.1902568794617827 1063.854036 1024.575413
55.94447705328569 -3.1902568794617827 E 55.94447705328569 -3.1899568794617825 1063.854036 1023.325413
55.94447705328569 -3.1899568794617825 E 55.94447705328569 -3.1896568794617823 1063.854036 1022.075413
55.94447705328569 -3.1896568794617823 E 55.94447705328569 -3.189356879461782 1063.854036 1020.825413
55.94447705328569 -3.189356879461782 E 55.94447705328569 -3.189056879461782 1063.854036 1019.575413
55.94447705328569 -3.189056879461782 E 55.94447705328569 -3.1887568794617818 1063.854036 1018.325413
55.94447705328569 -3.1887568794617818 E 55.94447705328569 -3.1884568794617816 1063.854036 1017.075413
55.94447705328569 -3.1884568794617816 E 55.94447705328569 -3.1881568794617814 1063.854036 1015.825413
55.94447705328569 -3.1881568794617814 E 55.94447705328569 -3.187856879461781 1063.854036 1014.575413
55.94447705328569 -3.187856879461781 E 55.94447705328569 -3.187556879461781 1063.854036 1013.325413
55.94447705328569 -3.187556879461781 E 55.94447705328569 -3.187256879461781 1063.854036 1012.075413
55.94447705328569 -3.187256879461781 ESE 55.94436224825598 -3.1869797156020274 1063.854036 1010.825413
55.94436224825598 -3.1869797156020274 E 55.94436224825598 -3.1866797156020272 1063.854036 1009.575413
55.94436224825598 -3.1866797156020272 ESE 55.94424744322627 -3.186402551742274 1059.407186 904.076480
55.94424744322627 -3.186402551742274 E 55.94424744322627 -3.1861025517422736 1059.407186 902.826480
55.94424744322627 -3.1861025517422736 ESE 55.94413263819656 -3.1858253878825202 1059.407186 901.576480
55.94413263819656 -3.1858253878825202 E 55.94413263819656 -3.18552538788252 1059.407186 900.326480
55.94413263819656 -3.18552538788252 ESE 55.944017833166846 -3.1852482240227666 1059.407186 899.076480
55.944017833166846 -3.1852482240227666 E 55.944017833166846 -3.1849482240227664 1059.407186 897.826480
55.944017833166846 -3.1849482240227664 ESE 55.943903028137136 -3.184671060163013 1059.407186 896.576480
55.943903028137136 -3.184671060163013 ENE 55.944017833166846 -3.1843938963032596 1145.282984 971.341196
55.944017833166846 -3.1843938963032596 WNW 55.94413263819656 -3.184671060163013 1145.282984 970.091196
55.94413263819656 -3.184671060163013 W 55.94413263819656 -3.1849710601630132 1145.282984 968.841196
55.94413263819656 -3.1849710601630132 WNW 55.94424744322627 -3.1852482240227666 1145.282984 967.591196
55.94424744322627 -3.1852482240227666 W 55.94424744322627 -3.185548224022767 1145.282984 966.341196
55.94424744322627 -3.185548224022767 WNW 55.94436224825598 -3.1858253878825202 1145.282984 965.091196
55.94436224825598 -3.1858253878825202 W 55.94436224825598 -3.1861253878825204 1145.282984 963.841196
55.94436224825598 -3.1861253878825204 WNW 55.94447705328569 -3.186402551742274 1145.282984 962.591196
55.94447705328569 -3.186402551742274 W 55.94447705328569 -3.186702551742274 1145.282984 961.341196
55.94447705328569 -3.186702551742274 WNW 55.9445918583154 -3.1869797156020274 1145.282984 960.091196
55.9445918583154 -3.1869797156020274 W 55.9445918583154 -3.1872797156020276 1145.282984 958.841196
55.9445918583154 -3.1872797156020276 WNW 55.94470666334511 -3.187556879461781 1145.282984 957.591196
55.94470666334511 -3.187556879461781 W 55.94470666334511 -3.187856879461781 1145.282984 956.341196
55.94470666334511 -3.187856879461781 WNW 55.94482146837482 -3.1881340433215346 1145.282984 955.091196
55.94482146837482 -3.1881340433215346 W 55.94482146837482 -3.188434043321535 1145.282984 953.841196
55.94482146837482 -3.188434043321535 WNW 55.94493627340453 -3.188711207181288 1145.282984 952.591196
55.94493627340453 -3.188711207181288 W 55.94493627340453 -3.1890112071812884 1112.147834 876.891778
55.94493627340453 -3.1890112071812884 WNW 55.94505107843424 -3.189288371041042 1112.147834 875.641778
55.94505107843424 -3.189288371041042 W 55.94505107843424 -3.189588371041042 1112.147834 874.391778
55.94505107843424 -3.189588371041042 WNW 55.94516588346395 -3.1898655349007954 1112.147834 873.141778
55.94516588346395 -3.1898655349007954 W 55.94516588346395 -3.1901655349007956 1112.147834 871.891778
55.94516588346395 -3.1901655349007956 ESE 55.94505107843424 -3.189888371041042 1227.920216 956.698973
55.94505107843424 -3.189888371041042 ESE 55.94493627340453 -3.1896112071812888 1227.920216 955.448973
55.94493627340453 -3.1896112071812888 ESE 55.94482146837482 -3.1893340433215354 1227.920216 954.198973
55.94482146837482 -3.1893340433215354 ESE 55.94470666334511 -3.189056879461782 1227.920216 952.948973
55.94470666334511 -3.189056879461782 ESE 55.9445918583154 -3.1887797156020286 1227.920216 951.698973
55.9445918583154 -3.1887797156020286 E 55.9445918583154 -3.1884797156020284 1227.920216 950.448973
55.9445918583154 -3.1884797156020284 ESE 55.94447705328569 -3.188202551742275 1227.920216 949.198973
55.94447705328569 -3.188202551742275 E 55.94447705328569 -3.1879025517422748 1227.920216 947.948973
55.94447705328569 -3.1879025517422748 ESE 55.94436224825598 -3.1876253878825214 1227.920216 946.698973
55.94436224825598 -3.1876253878825214 E 55.94436224825598 -3.187325387882521 1227.920216 945.448973
55.94436224825598 -3.187325387882521 ESE 55.94424744322627 -3.1870482240227678 1227.920216 944.198973
55.94424744322627 -3.1870482240227678 E 55.94424744322627 -3.1867482240227676 1227.920216 942.948973
55.94424744322627 -3.1867482240227676 ESE 55.94413263819656 -3.186471060163014 1338.529185 1013.110485
55.94413263819656 -3.186471060163014 WSW 55.944017833166846 -3.1867482240227676 1338.529185 1011.860485
55.944017833166846 -3.1867482240227676 WSW 55.943903028137136 -3.187025387882521 1338.529185 1010.610485
55.943903028137136 -3.187025387882521 WSW 55.943788223107425 -3.1873025517422744 1338.529185 1009.360485
55.943788223107425 -3.1873025517422744 WSW 55.943673418077715 -3.187579715602028 1338.529185 1008.110485
55.943673418077715 -3.187579715602028 WSW 55.943558613048005 -3.187856879461781 1338.529185 1006.860485
55.943558613048005 -3.187856879461781 WSW 55.943443808018294 -3.1881340433215346 1338.529185 1005.610485
55.943443808018294 -3.1881340433215346 WSW 55.943329002988584 -3.188411207181288 1338.529185 1004.360485
55.943329002988584 -3.188411207181288 WSW 55.94321419795887 -3.1886883710410414 1338.529185 1003.110485
55.94321419795887 -3.1886883710410414 WSW 55.94309939292916 -3.188965534900795 1338.529185 1001.860485
55.94309939292916 -3.188965534900795 WSW 55.94298458789945 -3.1892426987605482 1338.529185 1000.610485
55.94298458789945 -3.1892426987605482 WSW 55.94286978286974 -3.1895198626203016 1338.529185 999.360485
55.94286978286974 -3.1895198626203016 WSW 55.94275497784003 -3.189797026480055 1338.529185 998.110485
55.94275497784003 -3.189797026480055 NW 55.94296710987439 -3.190009158514411 1387.967618 1066.693208
55.94296710987439 -3.190009158514411 NW 55.943179241908744 -3.1902212905487666 1342.572157 1050.746587
55.943179241908744 -3.1902212905487666 NW 55.9433913739431 -3.1904334225831223 1342.572157 1049.496587
55.9433913739431 -3.1904334225831223 NW 55.94360350597746 -3.190645554617478 1342.572157 1048.246587
55.94360350597746 -3.190645554617478 NW 55.94381563801181 -3.190857686651834 1342.572157 1046.996587
55.94381563801181 -3.190857686651834 NW 55.94402777004617 -3.1910698186861897 1342.572157 1045.746587
55.94402777004617 -3.1910698186861897 NW 55.944239902080525 -3.1912819507205454 1342.572157 1044.496587
55.944239902080525 -3.1912819507205454 NW 55.94445203411488 -3.191494082754901 1342.572157 1043.246587
55.94445203411488 -3.191494082754901 WNW 55.94456683914459 -3.1917712466146546 1342.572157 1041.996587
55.94456683914459 -3.1917712466146546 ESE 55.94445203411488 -3.191494082754901 1431.730903 1143.537391
55.94445203411488 -3.191494082754901 ENE 55.94456683914459 -3.191216918895148 1431.730903 1142.287391
55.94456683914459 -3.191216918895148 ENE 55.9446816441743 -3.1909397550353944 1431.730903 1141.037391
55.9446816441743 -3.1909397550353944 ENE 55.94479644920401 -3.190662591175641 1431.730903 1139.787391
55.94479644920401 -3.190662591175641 ENE 55.94491125423372 -3.1903854273158876 1431.730903 1138.537391
55.94491125423372 -3.1903854273158876 ENE 55.945026059263434 -3.190108263456134 1431.730903 1137.287391
55.945026059263434 -3.190108263456134 ENE 55.945140864293144 -3.189831099596381 1431.730903 1136.037391
55.945140864293144 -3.189831099596381 NE 55.9453529963275 -3.189618967562025 1431.730903 1134.787391
55.9453529963275 -3.189618967562025 ENE 55.94546780135721 -3.1893418037022716 1431.730903 1133.537391
55.94546780135721 -3.1893418037022716 NE 55.94567993339157 -3.189129671667916 1431.730903 1132.287391
55.94567993339157 -3.189129671667916 ENE 55.94579473842128 -3.1888525078081624 1512.361391 1246.883869
55.94579473842128 -3.1888525078081624 WSW 55.94567993339157 -3.189129671667916 1534.254588 1346.622784
55.94567993339157 -3.189129671667916 WSW 55.94556512836186 -3.1894068355276692 1534.254588 1345.372784
55.94556512836186 -3.1894068355276692 WSW 55.945450323332146 -3.1896839993874226 1534.254588 1344.122784
55.945450323332146 -3.1896839993874226 SW 55.94523819129779 -3.1898961314217784 1534.254588 1342.872784
55.94523819129779 -3.1898961314217784 WSW 55.94512338626808 -3.190173295281532 1534.254588 1341.622784
55.94512338626808 -3.190173295281532 SW 55.94491125423372 -3.1903854273158876 1534.254588 1340.372784
55.94491125423372 -3.1903854273158876 WSW 55.94479644920401 -3.190662591175641 1534.254588 1339.122784
55.94479644920401 -3.190662591175641 SW 55.94458431716966 -3.1908747232099968 1534.254588 1337.872784
55.94458431716966 -3.1908747232099968 WSW 55.944469512139946 -3.19115188706975 1534.254588 1336.622784
55.944469512139946 -3.19115188706975 SW 55.94425738010559 -3.191364019104106 1534.254588 1335.372784
55.94425738010559 -3.191364019104106 WSW 55.94414257507588 -3.1916411829638593 1534.254588 1334.122784
55.94414257507588 -3.1916411829638593 SE 55.94393044304152 -3.1914290509295036 1549.909795 1373.636211
55.94393044304152 -3.1914290509295036 SE 55.94371831100717 -3.191216918895148 1594.223835 1377.999844
55.94371831100717 -3.191216918895148 NW 55.94393044304152 -3.1914290509295036 1655.921346 1398.114389
55.94393044304152 -3.1914290509295036 SE 55.94371831100717 -3.191216918895148 1655.921346 1396.864389
55.94371831100717 -3.191216918895148 ENE 55.94383311603688 -3.1909397550353944 1655.921346 1395.614389
55.94383311603688 -3.1909397550353944 ENE 55.94394792106659 -3.190662591175641 1655.921346 1394.364389
55.94394792106659 -3.190662591175641 ENE 55.9440627260963 -3.1903854273158876 1655.921346 1393.114389
55.9440627260963 -3.1903854273158876 ENE 55.94417753112601 -3.190108263456134 1655.921346 1391.864389
55.94417753112601 -3.190108263456134 ENE 55.94429233615572 -3.189831099596381 1655.921346 1390.614389
55.94429233615572 -3.189831099596381 ENE 55.94440714118543 -3.1895539357366274 1655.921346 1389.364389
55.94440714118543 -3.1895539357366274 NE 55.944619273219786 -3.1893418037022716 1655.921346 1388.114389
55.944619273219786 -3.1893418037022716 ENE 55.944734078249496 -3.189064639842518 1655.921346 1386.864389
55.944734078249496 -3.189064639842518 NE 55.94494621028385 -3.1888525078081624 1655.921346 1385.614389
55.94494621028385 -3.1888525078081624 ENE 55.94506101531356 -3.188575343948409 1655.921346 1384.364389
55.94506101531356 -3.188575343948409 NE 55.94527314734792 -3.1883632119140533 1655.921346 1383.114389
55.94527314734792 -3.1883632119140533 ENE 55.94538795237763 -3.1880860480543 1655.921346 1381.864389
55.94538795237763 -3.1880860480543 NE 55.945600084411986 -3.187873916019944 1655.921346 1380.614389
55.945600084411986 -3.187873916019944 ENE 55.945714889441696 -3.1875967521601907 1655.921346 1379.364389
55.945714889441696 -3.1875967521601907 NNW 55.94599205330145 -3.1877115571899 1666.755329 1460.683479
55.94599205330145 -3.1877115571899 SSE 55.945714889441696 -3.1875967521601907 1666.755329 1459.433479
55.945714889441696 -3.1875967521601907 WSW 55.945600084411986 -3.187873916019944 1666.755329 1458.183479
55.945600084411986 -3.187873916019944 W 55.945600084411986 -3.1881739160199443 1666.755329 1456.933479
