55.944425 -3.188396 ENE 55.94453980502971 -3.1881188361402466 0.000000 248.750000
55.94453980502971 -3.1881188361402466 ENE 55.94465461005942 -3.187841672280493 0.000000 247.500000
55.94465461005942 -3.187841672280493 ENE 55.944769415089134 -3.18756450842074 0.000000 246.250000
55.944769415089134 -3.18756450842074 ENE 55.944884220118844 -3.1872873445609864 0.000000 245.000000
55.944884220118844 -3.1872873445609864 ENE 55.944999025148554 -3.187010180701233 49.270928 256.824749
55.944999025148554 -3.187010180701233 ENE 55.945113830178265 -3.1867330168414796 0.000000 131.704170
55.945113830178265 -3.1867330168414796 ENE 55.945228635207975 -3.186455852981726 0.000000 130.454170
55.945228635207975 -3.186455852981726 ENE 55.945343440237686 -3.1861786891219728 0.000000 129.204170
55.945343440237686 -3.1861786891219728 ENE 55.945458245267396 -3.1859015252622194 0.000000 127.954170
55.945458245267396 -3.1859015252622194 S 55.94515824526739 -3.1859015252622194 113.887452 161.557950
55.94515824526739 -3.1859015252622194 S 55.94485824526739 -3.1859015252622194 220.206845 177.434411
55.94485824526739 -3.1859015252622194 S 55.94455824526739 -3.1859015252622194 235.925669 269.476424
55.94455824526739 -3.1859015252622194 SSE 55.94428108140763 -3.18578672023251 235.925669 268.226424
55.94428108140763 -3.18578672023251 S 55.94398108140763 -3.18578672023251 235.925669 266.976424
55.94398108140763 -3.18578672023251 SSE 55.94370391754787 -3.1856719152028004 235.925669 265.726424
55.94370391754787 -3.1856719152028004 S 55.94340391754787 -3.1856719152028004 313.140754 273.632146
55.94340391754787 -3.1856719152028004 SSE 55.94312675368811 -3.185557110173091 313.140754 272.382146
55.94312675368811 -3.185557110173091 WNW 55.94324155871782 -3.1858342740328442 348.280399 331.473396
55.94324155871782 -3.1858342740328442 WNW 55.94335636374753 -3.1861114378925977 348.280399 330.223396
55.94335636374753 -3.1861114378925977 WNW 55.94347116877724 -3.186388601752351 348.280399 328.973396
55.94347116877724 -3.186388601752351 WNW 55.943585973806954 -3.1866657656121045 348.280399 327.723396
55.943585973806954 -3.1866657656121045 WNW 55.943700778836664 -3.186942929471858 348.280399 326.473396
55.943700778836664 -3.186942929471858 WNW 55.943815583866375 -3.1872200933316113 343.453795 266.180123
55.943815583866375 -3.1872200933316113 WNW 55.943930388896085 -3.1874972571913647 343.453795 264.930123
55.943930388896085 -3.1874972571913647 WNW 55.944045193925795 -3.187774421051118 343.453795 263.680123
55.944045193925795 -3.187774421051118 WNW 55.944159998955506 -3.1880515849108715 343.453795 262.430123
55.944159998955506 -3.1880515849108715 WNW 55.944274803985216 -3.188328748770625 317.511386 251.011641
55.944274803985216 -3.188328748770625 WNW 55.94438960901493 -3.1886059126303783 317.511386 249.761641
55.94438960901493 -3.1886059126303783 WNW 55.94450441404464 -3.1888830764901317 293.683664 224.615706
55.94450441404464 -3.1888830764901317 WNW 55.94461921907435 -3.189160240349885 293.683664 223.365706
55.94461921907435 -3.189160240349885 WNW 55.94473402410406 -3.1894374042096385 293.683664 222.115706
55.94473402410406 -3.1894374042096385 WNW 55.94484882913377 -3.189714568069392 293.683664 220.865706
55.94484882913377 -3.189714568069392 WNW 55.94496363416348 -3.1899917319291453 389.765739 254.200792
55.94496363416348 -3.1899917319291453 WNW 55.94507843919319 -3.1902688957888987 389.765739 252.950792
55.94507843919319 -3.1902688957888987 WNW 55.9451932442229 -3.190546059648652 505.538120 337.757987
55.9451932442229 -3.190546059648652 W 55.9451932442229 -3.1908460596486523 505.538120 336.507987
55.9451932442229 -3.1908460596486523 WNW 55.94530804925261 -3.1911232235084057 505.538120 335.257987
55.94530804925261 -3.1911232235084057 ESE 55.9451932442229 -3.1908460596486523 569.468047 451.887597
55.9451932442229 -3.1908460596486523 ESE 55.94507843919319 -3.190568895788899 569.468047 450.637597
55.94507843919319 -3.190568895788899 E 55.94507843919319 -3.1902688957888987 569.468047 449.387597
55.94507843919319 -3.1902688957888987 ESE 55.94496363416348 -3.1899917319291453 569.468047 448.137597
55.94496363416348 -3.1899917319291453 E 55.94496363416348 -3.189691731929145 569.468047 446.887597
55.94496363416348 -3.189691731929145 ESE 55.94484882913377 -3.1894145680693917 569.468047 445.637597
55.94484882913377 -3.1894145680693917 E 55.94484882913377 -3.1891145680693915 569.468047 444.387597
55.94484882913377 -3.1891145680693915 ESE 55.94473402410406 -3.188837404209638 569.468047 443.137597
55.94473402410406 -3.188837404209638 E 55.94473402410406 -3.188537404209638 536.332898 367.438179
55.94473402410406 -3.188537404209638 ESE 55.94461921907435 -3.1882602403498845 536.332898 366.188179
55.94461921907435 -3.1882602403498845 E 55.94461921907435 -3.1879602403498843 536.332898 364.938179
55.94461921907435 -3.1879602403498843 ESE 55.94450441404464 -3.187683076490131 536.332898 363.688179
55.94450441404464 -3.187683076490131 E 55.94450441404464 -3.1873830764901308 536.332898 362.438179
55.94450441404464 -3.1873830764901308 ESE 55.94438960901493 -3.1871059126303773 536.332898 361.188179
55.94438960901493 -3.1871059126303773 E 55.94438960901493 -3.186805912630377 536.332898 359.938179
55.94438960901493 -3.186805912630377 ESE 55.944274803985216 -3.1865287487706238 646.941867 430.099690
55.944274803985216 -3.1865287487706238 E 55.944274803985216 -3.1862287487706236 642.495018 324.600757
55.944274803985216 -3.1862287487706236 ESE 55.944159998955506 -3.18595158491087 642.495018 323.350757
55.944159998955506 -3.18595158491087 E 55.944159998955506 -3.18565158491087 642.495018 322.100757
55.944159998955506 -3.18565158491087 ESE 55.944045193925795 -3.1853744210511166 642.495018 320.850757
55.944045193925795 -3.1853744210511166 E 55.944045193925795 -3.1850744210511164 642.495018 319.600757
55.944045193925795 -3.1850744210511164 ESE 55.943930388896085 -3.184797257191363 642.495018 318.350757
55.943930388896085 -3.184797257191363 W 55.943930388896085 -3.185097257191363 728.370815 393.115474
55.943930388896085 -3.185097257191363 W 55.943930388896085 -3.1853972571913634 728.370815 391.865474
55.943930388896085 -3.1853972571913634 W 55.943930388896085 -3.1856972571913635 728.370815 390.615474
55.943930388896085 -3.1856972571913635 W 55.943930388896085 -3.1859972571913637 728.370815 389.365474
55.943930388896085 -3.1859972571913637 W 55.943930388896085 -3.186297257191364 728.370815 388.115474
55.943930388896085 -3.186297257191364 W 55.943930388896085 -3.186597257191364 760.032518 466.436839
55.943930388896085 -3.186597257191364 W 55.943930388896085 -3.1868972571913643 760.032518 465.186839
55.943930388896085 -3.1868972571913643 W 55.943930388896085 -3.1871972571913645 760.032518 463.936839
55.943930388896085 -3.1871972571913645 W 55.943930388896085 -3.1874972571913647 760.032518 462.686839
55.943930388896085 -3.1874972571913647 W 55.943930388896085 -3.187797257191365 760.032518 461.436839
55.943930388896085 -3.187797257191365 W 55.943930388896085 -3.188097257191365 760.032518 460.186839
55.943930388896085 -3.188097257191365 W 55.943930388896085 -3.1883972571913652 833.401905 536.265676
55.943930388896085 -3.1883972571913652 W 55.943930388896085 -3.1886972571913654 833.401905 535.015676
55.943930388896085 -3.1886972571913654 WNW 55.944045193925795 -3.188974421051119 833.401905 533.765676
55.944045193925795 -3.188974421051119 W 55.944045193925795 -3.189274421051119 833.401905 532.515676
55.944045193925795 -3.189274421051119 WNW 55.944159998955506 -3.1895515849108724 833.401905 531.265676
55.944159998955506 -3.1895515849108724 W 55.944159998955506 -3.1898515849108726 833.401905 530.015676
55.944159998955506 -3.1898515849108726 WNW 55.944274803985216 -3.190128748770626 833.401905 528.765676
55.944274803985216 -3.190128748770626 W 55.944274803985216 -3.190428748770626 833.401905 527.515676
55.944274803985216 -3.190428748770626 WNW 55.94438960901493 -3.1907059126303796 833.401905 526.265676
55.94438960901493 -3.1907059126303796 W 55.94438960901493 -3.19100591263038 833.401905 525.015676
55.94438960901493 -3.19100591263038 WNW 55.94450441404464 -3.191283076490133 833.401905 523.765676
55.94450441404464 -3.191283076490133 W 55.94450441404464 -3.1915830764901334 833.401905 522.515676
55.94450441404464 -3.1915830764901334 ENE 55.94461921907435 -3.19130591263038 925.496759 526.360840
55.94461921907435 -3.19130591263038 ENE 55.94473402410406 -3.1910287487706266 925.496759 525.110840
55.94473402410406 -3.1910287487706266 ENE 55.94484882913377 -3.190751584910873 925.496759 523.860840
55.94484882913377 -3.190751584910873 ENE 55.94496363416348 -3.19047442105112 925.496759 522.610840
55.94496363416348 -3.19047442105112 ENE 55.94507843919319 -3.1901972571913664 925.496759 521.360840
55.94507843919319 -3.1901972571913664 ENE 55.9451932442229 -3.189920093331613 925.496759 520.110840
55.9451932442229 -3.189920093331613 ENE 55.94530804925261 -3.1896429294718596 925.496759 518.860840
55.94530804925261 -3.1896429294718596 NE 55.945520181286966 -3.189430797437504 925.496759 517.610840
55.945520181286966 -3.189430797437504 ENE 55.945634986316676 -3.1891536335777504 925.496759 516.360840
55.945634986316676 -3.1891536335777504 SW 55.94542285428232 -3.189365765612106 1006.127247 630.957318
55.94542285428232 -3.189365765612106 SW 55.945210722247964 -3.189577897646462 1006.127247 629.707318
55.945210722247964 -3.189577897646462 SW 55.94499859021361 -3.1897900296808177 1006.127247 628.457318
55.94499859021361 -3.1897900296808177 SSW 55.94472142635385 -3.189904834710527 1006.127247 627.207318
55.94472142635385 -3.189904834710527 NE 55.94493355838821 -3.1896927026761714 1006.127247 625.957318
55.94493355838821 -3.1896927026761714 NE 55.945145690422564 -3.1894805706418157 1006.127247 624.707318
55.945145690422564 -3.1894805706418157 NE 55.94535782245692 -3.18926843860746 1006.127247 623.457318
55.94535782245692 -3.18926843860746 ENE 55.94547262748663 -3.1889912747477065 1006.127247 622.207318
55.94547262748663 -3.1889912747477065 SSW 55.945195463626874 -3.189106079777416 1028.020443 721.946232
55.945195463626874 -3.189106079777416 SSW 55.94491829976712 -3.1892208848071255 1028.020443 720.696232
55.94491829976712 -3.1892208848071255 SSW 55.94464113590736 -3.189335689836835 1028.020443 719.446232
55.94464113590736 -3.189335689836835 SSW 55.944363972047604 -3.1894504948665445 1028.020443 718.196232
55.944363972047604 -3.1894504948665445 SSW 55.94408680818785 -3.189565299896254 1028.020443 716.946232
55.94408680818785 -3.189565299896254 SSW 55.94380964432809 -3.1896801049259635 1028.020443 715.696232
55.94380964432809 -3.1896801049259635 S 55.94350964432809 -3.1896801049259635 1028.020443 714.446232
55.94350964432809 -3.1896801049259635 SSW 55.94323248046833 -3.189794909955673 1028.020443 713.196232
55.94323248046833 -3.189794909955673 S 55.94293248046833 -3.189794909955673 982.624983 697.249611
55.94293248046833 -3.189794909955673 SSW 55.94265531660857 -3.1899097149853826 982.624983 695.999611
55.94265531660857 -3.1899097149853826 NE 55.94286744864293 -3.189697582951027 1032.063415 764.582334
55.94286744864293 -3.189697582951027 NE 55.943079580677285 -3.189485450916671 1032.063415 763.332334
55.943079580677285 -3.189485450916671 NE 55.94329171271164 -3.1892733188823152 1032.063415 762.082334
55.94329171271164 -3.1892733188823152 NE 55.943503844746 -3.1890611868479595 1088.701976 844.494376
55.943503844746 -3.1890611868479595 NNE 55.943781008605754 -3.18894638181825 1088.701976 843.244376
55.943781008605754 -3.18894638181825 NE 55.94399314064011 -3.188734249783894 1088.701976 841.994376
55.94399314064011 -3.188734249783894 NNE 55.94427030449987 -3.1886194447541847 1088.701976 840.744376
55.94427030449987 -3.1886194447541847 NE 55.94448243653422 -3.188407312719829 1088.701976 839.494376
55.94448243653422 -3.188407312719829 NNE 55.94475960039398 -3.1882925076901194 1088.701976 838.244376
55.94475960039398 -3.1882925076901194 NE 55.944971732428336 -3.1880803756557636 1088.701976 836.994376
55.944971732428336 -3.1880803756557636 NNE 55.94524889628809 -3.187965570626054 1088.701976 835.744376
55.94524889628809 -3.187965570626054 NE 55.94546102832245 -3.1877534385916984 1088.701976 834.494376
55.94546102832245 -3.1877534385916984 NNE 55.945738192182205 -3.187638633561989 1088.701976 833.244376
55.945738192182205 -3.187638633561989 WSW 55.945623387152494 -3.1879157974217422 1099.535959 914.563466
55.945623387152494 -3.1879157974217422 WSW 55.945508582122784 -3.1881929612814957 1099.535959 913.313466
55.945508582122784 -3.1881929612814957 WSW 55.945393777093074 -3.188470125141249 1099.535959 912.063466
55.945393777093074 -3.188470125141249 WSW 55.94527897206336 -3.1887472890010025 1099.535959 910.813466
55.94527897206336 -3.1887472890010025 WSW 55.94516416703365 -3.189024452860756 1099.535959 909.563466
55.94516416703365 -3.189024452860756 WSW 55.94504936200394 -3.1893016167205093 1099.535959 908.313466
55.94504936200394 -3.1893016167205093 WSW 55.94493455697423 -3.1895787805802627 1099.535959 907.063466
55.94493455697423 -3.1895787805802627 WSW 55.94481975194452 -3.189855944440016 1099.535959 905.813466
55.94481975194452 -3.189855944440016 WSW 55.94470494691481 -3.1901331082997695 1099.535959 904.563466
55.94470494691481 -3.1901331082997695 WSW 55.9445901418851 -3.190410272159523 1160.333684 939.831575
55.9445901418851 -3.190410272159523 WSW 55.94447533685539 -3.1906874360192763 1160.333684 938.581575
55.94447533685539 -3.1906874360192763 WSW 55.94436053182568 -3.1909645998790297 1160.333684 937.331575
55.94436053182568 -3.1909645998790297 WSW 55.94424572679597 -3.191241763738783 1160.333684 936.081575
55.94424572679597 -3.191241763738783 WSW 55.94413092176626 -3.1915189275985365 1160.333684 934.831575
55.94413092176626 -3.1915189275985365 ENE 55.94424572679597 -3.191241763738783 1175.988891 974.345002
55.94424572679597 -3.191241763738783 ENE 55.94436053182568 -3.1909645998790297 1175.988891 973.095002
55.94436053182568 -3.1909645998790297 ENE 55.94447533685539 -3.1906874360192763 1175.988891 971.845002
55.94447533685539 -3.1906874360192763 ENE 55.9445901418851 -3.190410272159523 1175.988891 970.595002
55.9445901418851 -3.190410272159523 ENE 55.94470494691481 -3.1901331082997695 1175.988891 969.345002
55.94470494691481 -3.1901331082997695 E 55.94470494691481 -3.1898331082997693 1175.988891 968.095002
55.94470494691481 -3.1898331082997693 ENE 55.94481975194452 -3.189555944440016 1175.988891 966.845002
55.94481975194452 -3.189555944440016 E 55.94481975194452 -3.1892559444400157 1175.988891 965.595002
55.94481975194452 -3.1892559444400157 ENE 55.94493455697423 -3.1889787805802623 1175.988891 964.345002
55.94493455697423 -3.1889787805802623 E 55.94493455697423 -3.188678780580262 1175.988891 963.095002
55.94493455697423 -3.188678780580262 ENE 55.94504936200394 -3.1884016167205087 1175.988891 961.845002
55.94504936200394 -3.1884016167205087 E 55.94504936200394 -3.1881016167205085 1175.988891 960.595002
55.94504936200394 -3.1881016167205085 ENE 55.94516416703365 -3.187824452860755 1175.988891 959.345002
55.94516416703365 -3.187824452860755 E 55.94516416703365 -3.187524452860755 1175.988891 958.095002
55.94516416703365 -3.187524452860755 ENE 55.94527897206336 -3.1872472890010015 1175.988891 956.845002
55.94527897206336 -3.1872472890010015 E 55.94527897206336 -3.1869472890010013 1175.988891 955.595002
55.94527897206336 -3.1869472890010013 ENE 55.945393777093074 -3.186670125141248 1121.246533 954.345002
55.945393777093074 -3.186670125141248 E 55.945393777093074 -3.1863701251412477 1030.588772 931.059303
55.945393777093074 -3.1863701251412477 ENE 55.945508582122784 -3.1860929612814943 1030.588772 929.809303
55.945508582122784 -3.1860929612814943 E 55.945508582122784 -3.185792961281494 1030.588772 928.559303
55.945508582122784 -3.185792961281494 ENE 55.945623387152494 -3.1855157974217407 1030.588772 927.309303
55.945623387152494 -3.1855157974217407 E 55.945623387152494 -3.1852157974217405 1030.588772 926.059303
55.945623387152494 -3.1852157974217405 ENE 55.945738192182205 -3.184938633561987 1030.588772 924.809303
55.945738192182205 -3.184938633561987 E 55.945738192182205 -3.184638633561987 1030.588772 923.559303
55.945738192182205 -3.184638633561987 ENE 55.945852997211915 -3.1843614697022335 1030.588772 922.309303
55.945852997211915 -3.1843614697022335 SW 55.94564086517756 -3.1845736017365893 1100.047286 1037.143699
55.94564086517756 -3.1845736017365893 SW 55.9454287331432 -3.184785733770945 1100.047286 1035.893699
55.9454287331432 -3.184785733770945 SW 55.94521660110885 -3.184997865805301 1100.047286 1034.643699
55.94521660110885 -3.184997865805301 SW 55.94500446907449 -3.1852099978396566 1049.939685 914.864046
55.94500446907449 -3.1852099978396566 SW 55.944792337040134 -3.1854221298740124 1049.939685 913.614046
55.944792337040134 -3.1854221298740124 SW 55.94458020500578 -3.185634261908368 1049.939685 912.364046
55.94458020500578 -3.185634261908368 SW 55.94436807297142 -3.185846393942724 1049.939685 911.114046
55.94436807297142 -3.185846393942724 SSW 55.944090909111665 -3.1859611989724335 1049.939685 909.864046
55.944090909111665 -3.1859611989724335 SW 55.94387877707731 -3.1861733310067892 1049.939685 908.614046
55.94387877707731 -3.1861733310067892 SSW 55.94360161321755 -3.1862881360364987 1049.939685 907.364046
55.94360161321755 -3.1862881360364987 SW 55.943389481183196 -3.1865002680708545 1049.939685 906.114046
55.943389481183196 -3.1865002680708545 SSW 55.94311231732344 -3.186615073100564 1049.939685 904.864046
55.94311231732344 -3.186615073100564 SW 55.94290018528908 -3.18682720513492 1049.939685 903.614046
55.94290018528908 -3.18682720513492 SSW 55.94262302142933 -3.1869420101646293 1049.939685 902.364046
55.94262302142933 -3.1869420101646293 WNW 55.94273782645904 -3.1872191740243827 1073.966340 1018.210772
55.94273782645904 -3.1872191740243827 WNW 55.94285263148875 -3.187496337884136 1073.966340 1016.960772
55.94285263148875 -3.187496337884136 WNW 55.94296743651846 -3.1877735017438895 1073.966340 1015.710772
55.94296743651846 -3.1877735017438895 WNW 55.94308224154817 -3.188050665603643 1073.966340 1014.460772
55.94308224154817 -3.188050665603643 WNW 55.94319704657788 -3.1883278294633963 1073.966340 1013.210772
55.94319704657788 -3.1883278294633963 WNW 55.94331185160759 -3.1886049933231497 1073.966340 1011.960772
55.94331185160759 -3.1886049933231497 WNW 55.9434266566373 -3.188882157182903 1073.966340 1010.710772
55.9434266566373 -3.188882157182903 WNW 55.94354146166701 -3.1891593210426565 1073.966340 1009.460772
55.94354146166701 -3.1891593210426565 WNW 55.94365626669672 -3.18943648490241 1073.966340 1008.210772
55.94365626669672 -3.18943648490241 WNW 55.94377107172643 -3.1897136487621633 1073.966340 1006.960772
55.94377107172643 -3.1897136487621633 WNW 55.94388587675614 -3.1899908126219167 1073.966340 1005.710772
55.94388587675614 -3.1899908126219167 WNW 55.94400068178585 -3.19026797648167 1073.966340 1004.460772
55.94400068178585 -3.19026797648167 WNW 55.94411548681556 -3.1905451403414236 1096.260454 1014.269335
55.94411548681556 -3.1905451403414236 WNW 55.94423029184527 -3.190822304201177 1096.260454 1013.019335
55.94423029184527 -3.190822304201177 WNW 55.94434509687498 -3.1910994680609304 1096.260454 1011.769335
55.94434509687498 -3.1910994680609304 NW 55.94455722890934 -3.191311600095286 1096.260454 1010.519335
55.94455722890934 -3.191311600095286 WNW 55.94467203393905 -3.1915887639550395 1096.260454 1009.269335
55.94467203393905 -3.1915887639550395 NW 55.944884165973406 -3.1918008959893953 1185.419200 1110.810140
55.944884165973406 -3.1918008959893953 WNW 55.944998971003116 -3.1920780598491487 1185.419200 1109.560140
55.944998971003116 -3.1920780598491487 NW 55.94521110303747 -3.1922901918835045 1185.419200 1108.310140
55.94521110303747 -3.1922901918835045 SSE 55.944933939177716 -3.192175386853795 1270.845376 1145.073938
55.944933939177716 -3.192175386853795 SE 55.94472180714336 -3.191963254819439 1270.845376 1143.823938
55.94472180714336 -3.191963254819439 SSE 55.9444446432836 -3.1918484497897297 1270.845376 1142.573938
55.9444446432836 -3.1918484497897297 SE 55.94423251124925 -3.191636317755374 1270.845376 1141.323938
55.94423251124925 -3.191636317755374 SSE 55.94395534738949 -3.1915215127256644 1270.845376 1140.073938
55.94395534738949 -3.1915215127256644 ENE 55.9440701524192 -3.191244348865911 1315.159416 1144.437571
55.9440701524192 -3.191244348865911 ENE 55.94418495744891 -3.1909671850061576 1315.159416 1143.187571
55.94418495744891 -3.1909671850061576 ENE 55.94429976247862 -3.190690021146404 1315.159416 1141.937571
55.94429976247862 -3.190690021146404 ENE 55.94441456750833 -3.190412857286651 1315.159416 1140.687571
55.94441456750833 -3.190412857286651 ENE 55.94452937253804 -3.1901356934268974 1315.159416 1139.437571
55.94452937253804 -3.1901356934268974 E 55.94452937253804 -3.189835693426897 1325.936918 1199.929793
55.94452937253804 -3.189835693426897 E 55.94452937253804 -3.189535693426897 1325.936918 1198.679793
55.94452937253804 -3.189535693426897 E 55.94452937253804 -3.189235693426897 1325.936918 1197.429793
55.94452937253804 -3.189235693426897 E 55.94452937253804 -3.1889356934268966 1325.936918 1196.179793
55.94452937253804 -3.1889356934268966 E 55.94452937253804 -3.1886356934268965 1325.936918 1194.929793
55.94452937253804 -3.1886356934268965 E 55.94452937253804 -3.1883356934268963 1325.936918 1193.679793
55.94452937253804 -3.1883356934268963 E 55.94452937253804 -3.188035693426896 1325.936918 1192.429793
55.94452937253804 -3.188035693426896 E 55.94452937253804 -3.187735693426896 1325.936918 1191.179793
55.94452937253804 -3.187735693426896 E 55.94452937253804 -3.1874356934268957 1325.936918 1189.929793
55.94452937253804 -3.1874356934268957 ENE 55.94464417756775 -3.1871585295671423 1325.936918 1188.679793
55.94464417756775 -3.1871585295671423 E 55.94464417756775 -3.186858529567142 1325.936918 1187.429793
55.94464417756775 -3.186858529567142 ENE 55.94475898259746 -3.1865813657073887 1325.936918 1186.179793
55.94475898259746 -3.1865813657073887 E 55.94475898259746 -3.1862813657073885 1325.936918 1184.929793
55.94475898259746 -3.1862813657073885 ENE 55.944873787627174 -3.186004201847635 1325.936918 1183.679793
55.944873787627174 -3.186004201847635 E 55.944873787627174 -3.185704201847635 1325.936918 1182.429793
55.944873787627174 -3.185704201847635 ENE 55.944988592656884 -3.1854270379878815 1325.936918 1181.179793
55.944988592656884 -3.1854270379878815 E 55.944988592656884 -3.1851270379878813 1325.936918 1179.929793
55.944988592656884 -3.1851270379878813 ENE 55.945103397686594 -3.184849874128128 1325.936918 1178.679793
55.945103397686594 -3.184849874128128 WSW 55.944988592656884 -3.1851270379878813 1358.729780 1264.539796
55.944988592656884 -3.1851270379878813 WSW 55.944873787627174 -3.1854042018476347 1358.729780 1263.289796
55.944873787627174 -3.1854042018476347 WSW 55.94475898259746 -3.185681365707388 1358.729780 1262.039796
55.94475898259746 -3.185681365707388 WSW 55.94464417756775 -3.1859585295671415 1358.729780 1260.789796
55.94464417756775 -3.1859585295671415 WSW 55.94452937253804 -3.186235693426895 1358.729780 1259.539796
55.94452937253804 -3.186235693426895 WSW 55.94441456750833 -3.1865128572866483 1358.729780 1258.289796
55.94441456750833 -3.1865128572866483 WSW 55.94429976247862 -3.1867900211464018 1358.729780 1257.039796
55.94429976247862 -3.1867900211464018 WSW 55.94418495744891 -3.187067185006155 1358.729780 1255.789796
55.94418495744891 -3.187067185006155 WSW 55.9440701524192 -3.1873443488659086 1358.729780 1254.539796
55.9440701524192 -3.1873443488659086 WSW 55.94395534738949 -3.187621512725662 1358.729780 1253.289796
55.94395534738949 -3.187621512725662 WSW 55.94384054235978 -3.1878986765854154 1358.729780 1252.039796
55.94384054235978 -3.1878986765854154 WSW 55.94372573733007 -3.1881758404451688 1358.729780 1250.789796
55.94372573733007 -3.1881758404451688 WSW 55.94361093230036 -3.188453004304922 1358.729780 1249.539796
55.94361093230036 -3.188453004304922 WSW 55.94349612727065 -3.1887301681646756 1358.729780 1248.289796
55.94349612727065 -3.1887301681646756 WSW 55.94338132224094 -3.189007332024429 1358.729780 1247.039796
55.94338132224094 -3.189007332024429 WSW 55.94326651721123 -3.1892844958841824 1358.729780 1245.789796
55.94326651721123 -3.1892844958841824 WSW 55.94315171218152 -3.189561659743936 1358.729780 1244.539796
55.94315171218152 -3.189561659743936 WSW 55.94303690715181 -3.189838823603689 1358.729780 1243.289796
55.94303690715181 -3.189838823603689 WSW 55.9429221021221 -3.1901159874634426 1358.729780 1242.039796
55.9429221021221 -3.1901159874634426 WSW 55.942807297092386 -3.190393151323196 1358.729780 1240.789796
55.942807297092386 -3.190393151323196 W 55.942807297092386 -3.190693151323196 1358.729780 1239.539796
55.942807297092386 -3.190693151323196 WSW 55.942692492062676 -3.1909703151829496 1358.729780 1238.289796
55.942692492062676 -3.1909703151829496 NNW 55.94296965592243 -3.191085120212659 1436.385197 1320.531675
55.94296965592243 -3.191085120212659 NNW 55.94324681978219 -3.1911999252423686 1436.385197 1319.281675
55.94324681978219 -3.1911999252423686 N 55.94354681978219 -3.1911999252423686 1367.932221 1314.082019
55.94354681978219 -3.1911999252423686 NNW 55.94382398364195 -3.191314730272078 1429.629732 1334.196564
55.94382398364195 -3.191314730272078 NNW 55.944101147501705 -3.1914295353017876 1429.629732 1332.946564
