55.944425 -3.188396 ENE 55.94453980502971 -3.1881188361402466 0.000000 248.750000
55.94453980502971 -3.1881188361402466 ENE 55.94465461005942 -3.187841672280493 0.000000 247.500000
55.94465461005942 -3.187841672280493 ENE 55.944769415089134 -3.18756450842074 0.000000 246.250000
55.944769415089134 -3.18756450842074 ENE 55.944884220118844 -3.1872873445609864 0.000000 245.000000
55.944884220118844 -3.1872873445609864 ENE 55.944999025148554 -3.187010180701233 49.270928 256.824749
55.944999025148554 -3.187010180701233 ENE 55.945113830178265 -3.1867330168414796 0.000000 131.704170
55.945113830178265 -3.1867330168414796 ENE 55.945228635207975 -3.186455852981726 0.000000 130.454170
55.945228635207975 -3.186455852981726 ENE 55.945343440237686 -3.1861786891219728 0.000000 129.204170
55.945343440237686 -3.1861786891219728 ENE 55.945458245267396 -3.1859015252622194 0.000000 127.954170
55.945458245267396 -3.1859015252622194 S 55.94515824526739 -3.1859015252622194 113.887452 161.557950
55.94515824526739 -3.1859015252622194 S 55.94485824526739 -3.1859015252622194 220.206845 177.434411
55.94485824526739 -3.1859015252622194 S 55.94455824526739 -3.1859015252622194 235.925669 269.476424
55.94455824526739 -3.1859015252622194 SSE 55.94428108140763 -3.18578672023251 235.925669 268.226424
55.94428108140763 -3.18578672023251 S 55.94398108140763 -3.18578672023251 235.925669 266.976424
55.94398108140763 -3.18578672023251 SSE 55.94370391754787 -3.1856719152028004 235.925669 265.726424
55.94370391754787 -3.1856719152028004 S 55.94340391754787 -3.1856719152028004 313.140754 273.632146
55.94340391754787 -3.1856719152028004 SSE 55.94312675368811 -3.185557110173091 313.140754 272.382146
55.94312675368811 -3.185557110173091 W 55.94312675368811 -3.185857110173091 348.280399 331.473396
55.94312675368811 -3.185857110173091 W 55.94312675368811 -3.1861571101730912 348.280399 330.223396
55.94312675368811 -3.1861571101730912 W 55.94312675368811 -3.1864571101730914 348.280399 328.973396
55.94312675368811 -3.1864571101730914 W 55.94312675368811 -3.1867571101730916 348.280399 327.723396
55.94312675368811 -3.1867571101730916 W 55.94312675368811 -3.187057110173092 348.280399 326.473396
55.94312675368811 -3.187057110173092 W 55.94312675368811 -3.187357110173092 348.280399 325.223396
55.94312675368811 -3.187357110173092 W 55.94312675368811 -3.187657110173092 348.280399 323.973396
55.94312675368811 -3.187657110173092 WNW 55.94324155871782 -3.1879342740328456 348.280399 322.723396
55.94324155871782 -3.1879342740328456 W 55.94324155871782 -3.1882342740328458 348.280399 321.473396
55.94324155871782 -3.1882342740328458 WNW 55.94335636374753 -3.188511437892599 348.280399 320.223396
55.94335636374753 -3.188511437892599 W 55.94335636374753 -3.1888114378925994 348.280399 318.973396
55.94335636374753 -3.1888114378925994 WNW 55.94347116877724 -3.1890886017523528 348.280399 317.723396
55.94347116877724 -3.1890886017523528 WNW 55.943585973806954 -3.189365765612106 404.918959 400.135438
55.943585973806954 -3.189365765612106 WNW 55.943700778836664 -3.1896429294718596 404.918959 398.885438
55.943700778836664 -3.1896429294718596 WNW 55.943815583866375 -3.189920093331613 404.918959 397.635438
55.943815583866375 -3.189920093331613 WNW 55.943930388896085 -3.1901972571913664 404.918959 396.385438
55.943930388896085 -3.1901972571913664 WNW 55.944045193925795 -3.19047442105112 404.918959 395.135438
55.944045193925795 -3.19047442105112 WNW 55.944159998955506 -3.190751584910873 427.213073 404.944002
55.944159998955506 -3.190751584910873 WNW 55.944274803985216 -3.1910287487706266 427.213073 403.694002
55.944274803985216 -3.1910287487706266 NW 55.94448693601957 -3.1912408808049824 427.213073 402.444002
55.94448693601957 -3.1912408808049824 WNW 55.94460174104928 -3.1915180446647358 427.213073 401.194002
55.94460174104928 -3.1915180446647358 NW 55.94481387308364 -3.1917301766990915 519.307926 405.039165
55.94481387308364 -3.1917301766990915 WNW 55.94492867811335 -3.192007340558845 519.307926 403.789165
55.94492867811335 -3.192007340558845 NW 55.945140810147706 -3.1922194725932007 519.307926 402.539165
55.945140810147706 -3.1922194725932007 WNW 55.945255615177416 -3.192496636452954 519.307926 401.289165
55.945255615177416 -3.192496636452954 E 55.945255615177416 -3.192196636452954 604.734103 438.052963
55.945255615177416 -3.192196636452954 E 55.945255615177416 -3.1918966364529537 604.734103 436.802963
55.945255615177416 -3.1918966364529537 E 55.945255615177416 -3.1915966364529536 604.734103 435.552963
55.945255615177416 -3.1915966364529536 E 55.945255615177416 -3.1912966364529534 604.734103 434.302963
55.945255615177416 -3.1912966364529534 SSW 55.94497845131766 -3.191411441482663 668.664030 550.932572
55.94497845131766 -3.191411441482663 SSW 55.9447012874579 -3.1915262465123724 668.664030 549.682572
55.9447012874579 -3.1915262465123724 SSW 55.94442412359815 -3.191641051542082 757.822776 651.223377
55.94442412359815 -3.191641051542082 S 55.944124123598144 -3.191641051542082 757.822776 649.973377
55.944124123598144 -3.191641051542082 SSE 55.94384695973839 -3.1915262465123724 773.477983 689.486804
55.94384695973839 -3.1915262465123724 SSE 55.94356979587863 -3.191411441482663 817.792023 693.850438
55.94356979587863 -3.191411441482663 SSE 55.943292632018874 -3.1912966364529534 879.489534 713.964982
55.943292632018874 -3.1912966364529534 SSE 55.94301546815912 -3.191181831423244 811.036558 708.765326
55.94301546815912 -3.191181831423244 SSE 55.94273830429936 -3.1910670263935343 811.036558 707.515326
55.94273830429936 -3.1910670263935343 NNE 55.94301546815912 -3.190952221363825 888.691976 789.757206
55.94301546815912 -3.190952221363825 NNE 55.943292632018874 -3.1908374163341153 888.691976 788.507206
55.943292632018874 -3.1908374163341153 NNE 55.94356979587863 -3.190722611304406 888.691976 787.257206
55.94356979587863 -3.190722611304406 NNE 55.94384695973839 -3.1906078062746963 888.691976 786.007206
55.94384695973839 -3.1906078062746963 NNE 55.944124123598144 -3.190493001244987 888.691976 784.757206
55.944124123598144 -3.190493001244987 NNE 55.9444012874579 -3.1903781962152773 888.691976 783.507206
55.9444012874579 -3.1903781962152773 NNE 55.94467845131766 -3.190263391185568 888.691976 782.257206
55.94467845131766 -3.190263391185568 E 55.94467845131766 -3.1899633911855676 949.489701 817.525314
55.94467845131766 -3.1899633911855676 E 55.94467845131766 -3.1896633911855674 960.267203 878.017536
55.94467845131766 -3.1896633911855674 E 55.94467845131766 -3.189363391185567 1056.349277 911.352622
55.94467845131766 -3.189363391185567 E 55.94467845131766 -3.189063391185567 1056.349277 910.102622
55.94467845131766 -3.189063391185567 E 55.94467845131766 -3.188763391185567 1056.349277 908.852622
55.94467845131766 -3.188763391185567 E 55.94467845131766 -3.1884633911855667 1023.214128 833.153203
55.94467845131766 -3.1884633911855667 E 55.94467845131766 -3.1881633911855665 1023.214128 831.903203
55.94467845131766 -3.1881633911855665 ESE 55.944563646287946 -3.187886227325813 1023.214128 830.653203
55.944563646287946 -3.187886227325813 E 55.944563646287946 -3.187586227325813 1023.214128 829.403203
55.944563646287946 -3.187586227325813 ESE 55.944448841258236 -3.1873090634660595 1023.214128 828.153203
55.944448841258236 -3.1873090634660595 E 55.944448841258236 -3.1870090634660593 1023.214128 826.903203
55.944448841258236 -3.1870090634660593 ESE 55.944334036228526 -3.186731899606306 1023.214128 825.653203
55.944334036228526 -3.186731899606306 E 55.944334036228526 -3.1864318996063057 1133.823097 895.814715
55.944334036228526 -3.1864318996063057 ESE 55.944219231198815 -3.1861547357465523 1129.376248 790.315782
55.944219231198815 -3.1861547357465523 E 55.944219231198815 -3.185854735746552 1129.376248 789.065782
55.944219231198815 -3.185854735746552 ESE 55.944104426169105 -3.1855775718867987 1129.376248 787.815782
55.944104426169105 -3.1855775718867987 E 55.944104426169105 -3.1852775718867985 1129.376248 786.565782
55.944104426169105 -3.1852775718867985 ESE 55.943989621139394 -3.185000408027045 1129.376248 785.315782
55.943989621139394 -3.185000408027045 E 55.943989621139394 -3.184700408027045 1129.376248 784.065782
55.943989621139394 -3.184700408027045 WNW 55.944104426169105 -3.1849775718867983 1215.252045 858.830499
55.944104426169105 -3.1849775718867983 WNW 55.944219231198815 -3.1852547357465517 1215.252045 857.580499
55.944219231198815 -3.1852547357465517 WNW 55.944334036228526 -3.185531899606305 1215.252045 856.330499
55.944334036228526 -3.185531899606305 WNW 55.944448841258236 -3.1858090634660585 1215.252045 855.080499
55.944448841258236 -3.1858090634660585 WNW 55.944563646287946 -3.186086227325812 1215.252045 853.830499
55.944563646287946 -3.186086227325812 WNW 55.94467845131766 -3.1863633911855653 1215.252045 852.580499
55.94467845131766 -3.1863633911855653 WNW 55.94479325634737 -3.1866405550453187 1215.252045 851.330499
55.94479325634737 -3.1866405550453187 WNW 55.94490806137708 -3.186917718905072 1215.252045 850.080499
55.94490806137708 -3.186917718905072 WNW 55.94502286640679 -3.1871948827648255 1160.509687 848.830499
55.94502286640679 -3.1871948827648255 WNW 55.9451376714365 -3.187472046624579 1160.509687 847.580499
55.9451376714365 -3.187472046624579 WNW 55.94525247646621 -3.1877492104843324 1160.509687 846.330499
55.94525247646621 -3.1877492104843324 WNW 55.94536728149592 -3.1880263743440858 1160.509687 845.080499
55.94536728149592 -3.1880263743440858 WNW 55.94548208652563 -3.188303538203839 1160.509687 843.830499
55.94548208652563 -3.188303538203839 WNW 55.94559689155534 -3.1885807020635926 1160.509687 842.580499
55.94559689155534 -3.1885807020635926 W 55.94559689155534 -3.1888807020635928 1160.509687 841.330499
55.94559689155534 -3.1888807020635928 SSE 55.94531972769558 -3.1887658970338832 1182.402884 941.069413
55.94531972769558 -3.1887658970338832 SSE 55.94504256383583 -3.1886510920041737 1182.402884 939.819413
55.94504256383583 -3.1886510920041737 SE 55.94483043180147 -3.188438959969818 1182.402884 938.569413
55.94483043180147 -3.188438959969818 SSE 55.944553267941714 -3.1883241549401085 1182.402884 937.319413
55.944553267941714 -3.1883241549401085 SE 55.94434113590736 -3.1881120229057527 1182.402884 936.069413
55.94434113590736 -3.1881120229057527 SSE 55.9440639720476 -3.187997217876043 1156.460475 924.650932
55.9440639720476 -3.187997217876043 SE 55.943851840013245 -3.1877850858416874 1156.460475 923.400932
55.943851840013245 -3.1877850858416874 SSE 55.94357467615349 -3.187670280811978 1156.460475 922.150932
55.94357467615349 -3.187670280811978 SE 55.94336254411913 -3.187458148777622 1156.460475 920.900932
55.94336254411913 -3.187458148777622 SSE 55.943085380259376 -3.1873433437479126 1156.460475 919.650932
55.943085380259376 -3.1873433437479126 SE 55.94287324822502 -3.187131211713557 1156.460475 918.400932
55.94287324822502 -3.187131211713557 SSE 55.94259608436526 -3.1870164066838473 1156.460475 917.150932
55.94259608436526 -3.1870164066838473 NNE 55.94287324822502 -3.186901601654138 1180.487130 1032.997657
55.94287324822502 -3.186901601654138 NNE 55.943150412084776 -3.1867867966244283 1180.487130 1031.747657
55.943150412084776 -3.1867867966244283 NNE 55.94342757594453 -3.186671991594719 1180.487130 1030.497657
55.94342757594453 -3.186671991594719 NNE 55.94370473980429 -3.1865571865650093 1180.487130 1029.247657
55.94370473980429 -3.1865571865650093 NW 55.943916871838645 -3.186769318599365 1212.148833 1107.569023
55.943916871838645 -3.186769318599365 NW 55.944129003873 -3.186981450633721 1212.148833 1106.319023
55.944129003873 -3.186981450633721 NW 55.94434113590736 -3.1871935826680766 1212.148833 1105.069023
55.94434113590736 -3.1871935826680766 NW 55.944553267941714 -3.1874057147024324 1212.148833 1103.819023
55.944553267941714 -3.1874057147024324 NW 55.94476539997607 -3.187617846736788 1212.148833 1102.569023
55.94476539997607 -3.187617846736788 WNW 55.94488020500578 -3.1878950105965416 1212.148833 1101.319023
55.94488020500578 -3.1878950105965416 NW 55.94509233704014 -3.1881071426308973 1212.148833 1100.069023
55.94509233704014 -3.1881071426308973 WNW 55.94520714206985 -3.1883843064906507 1212.148833 1098.819023
55.94520714206985 -3.1883843064906507 NW 55.945419274104204 -3.1885964385250065 1212.148833 1097.569023
55.945419274104204 -3.1885964385250065 WNW 55.945534079133914 -3.18887360238476 1212.148833 1096.319023
55.945534079133914 -3.18887360238476 NW 55.94574621116827 -3.1890857344191157 1212.148833 1095.069023
55.94574621116827 -3.1890857344191157 SSW 55.945469047308514 -3.189200539448825 1292.779321 1209.665501
55.945469047308514 -3.189200539448825 SSW 55.94519188344876 -3.1893153444785347 1292.779321 1208.415501
55.94519188344876 -3.1893153444785347 SSW 55.944914719589 -3.189430149508244 1292.779321 1207.165501
55.944914719589 -3.189430149508244 S 55.944614719589 -3.189430149508244 1292.779321 1205.915501
55.944614719589 -3.189430149508244 SSW 55.94433755572924 -3.1895449545379537 1292.779321 1204.665501
55.94433755572924 -3.1895449545379537 S 55.94403755572924 -3.1895449545379537 1292.779321 1203.415501
55.94403755572924 -3.1895449545379537 SSW 55.94376039186948 -3.1896597595676632 1292.779321 1202.165501
55.94376039186948 -3.1896597595676632 S 55.94346039186948 -3.1896597595676632 1292.779321 1200.915501
55.94346039186948 -3.1896597595676632 SSW 55.94318322800972 -3.1897745645973727 1292.779321 1199.665501
55.94318322800972 -3.1897745645973727 S 55.94288322800972 -3.1897745645973727 1247.383861 1183.718879
55.94288322800972 -3.1897745645973727 NE 55.943095360044076 -3.189562432563017 1296.822294 1252.301602
55.943095360044076 -3.189562432563017 ENE 55.943210165073786 -3.1892852687032636 1296.822294 1251.051602
55.943210165073786 -3.1892852687032636 NE 55.94342229710814 -3.189073136668908 1296.822294 1249.801602
55.94342229710814 -3.189073136668908 ENE 55.94353710213785 -3.1887959728091544 1296.822294 1248.551602
55.94353710213785 -3.1887959728091544 NE 55.94374923417221 -3.1885838407747986 1296.822294 1247.301602
55.94374923417221 -3.1885838407747986 ENE 55.94386403920192 -3.188306676915045 1296.822294 1246.051602
55.94386403920192 -3.188306676915045 NW 55.944076171236276 -3.188518808949401 1370.191681 1322.130439
55.944076171236276 -3.188518808949401 WNW 55.944190976265986 -3.1887959728091544 1370.191681 1320.880439
55.944190976265986 -3.1887959728091544 NW 55.94440310830034 -3.18900810484351 1346.363958 1295.734504
55.94440310830034 -3.18900810484351 WNW 55.94451791333005 -3.1892852687032636 1346.363958 1294.484504
55.94451791333005 -3.1892852687032636 NW 55.94473004536441 -3.1894974007376193 1346.363958 1293.234504
55.94473004536441 -3.1894974007376193 WNW 55.94484485039412 -3.1897745645973727 1346.363958 1291.984504
55.94484485039412 -3.1897745645973727 NW 55.945056982428476 -3.1899866966317285 1346.363958 1290.734504
55.945056982428476 -3.1899866966317285 WNW 55.945171787458186 -3.190263860491482 1346.363958 1289.484504
55.945171787458186 -3.190263860491482 ENE 55.945286592487896 -3.1899866966317285 1462.136340 1374.291699
55.945286592487896 -3.1899866966317285 E 55.945286592487896 -3.1896866966317283 1462.136340 1373.041699
55.945286592487896 -3.1896866966317283 ENE 55.94540139751761 -3.189409532771975 1462.136340 1371.791699
55.94540139751761 -3.189409532771975 E 55.94540139751761 -3.1891095327719747 1462.136340 1370.541699
55.94540139751761 -3.1891095327719747 ENE 55.94551620254732 -3.1888323689122213 1462.136340 1369.291699
55.94551620254732 -3.1888323689122213 E 55.94551620254732 -3.188532368912221 1462.136340 1368.041699
55.94551620254732 -3.188532368912221 ENE 55.94563100757703 -3.1882552050524677 1462.136340 1366.791699
55.94563100757703 -3.1882552050524677 E 55.94563100757703 -3.1879552050524675 1462.136340 1365.541699
55.94563100757703 -3.1879552050524675 ENE 55.94574581260674 -3.187678041192714 1462.136340 1364.291699
55.94574581260674 -3.187678041192714 ESE 55.94563100757703 -3.1874008773329607 1472.970323 1445.610790
55.94563100757703 -3.1874008773329607 ESE 55.94551620254732 -3.1871237134732073 1472.970323 1444.360790
55.94551620254732 -3.1871237134732073 E 55.94551620254732 -3.186823713473207 1472.970323 1443.110790
55.94551620254732 -3.186823713473207 ESE 55.94540139751761 -3.1865465496134537 1382.312562 1419.825091
55.94540139751761 -3.1865465496134537 E 55.94540139751761 -3.1862465496134535 1382.312562 1418.575091
55.94540139751761 -3.1862465496134535 ESE 55.945286592487896 -3.1859693857537 1382.312562 1417.325091
55.945286592487896 -3.1859693857537 E 55.945286592487896 -3.1856693857537 1382.312562 1416.075091
55.945286592487896 -3.1856693857537 ESE 55.945171787458186 -3.1853922218939466 1382.312562 1414.825091
55.945171787458186 -3.1853922218939466 E 55.945171787458186 -3.1850922218939464 1382.312562 1413.575091
55.945171787458186 -3.1850922218939464 ESE 55.945056982428476 -3.184815058034193 1332.204961 1293.795438
55.945056982428476 -3.184815058034193 ENE 55.945171787458186 -3.1845378941744396 1364.997822 1379.655441
55.945171787458186 -3.1845378941744396 WSW 55.945056982428476 -3.184815058034193 1364.997822 1378.405441
55.945056982428476 -3.184815058034193 NNE 55.94533414628823 -3.1847002530044835 1364.997822 1377.155441
55.94533414628823 -3.1847002530044835 NNE 55.94561131014799 -3.184585447974774 1364.997822 1375.905441
55.94561131014799 -3.184585447974774 NE 55.945823442182345 -3.184373315940418 1364.997822 1374.655441
55.945823442182345 -3.184373315940418 SW 55.94561131014799 -3.184585447974774 1434.456336 1489.489837
55.94561131014799 -3.184585447974774 NE 55.945823442182345 -3.184373315940418 1434.456336 1488.239837
55.945823442182345 -3.184373315940418 NNW 55.9461006060421 -3.1844881209701277 1434.456336 1486.989837
55.9461006060421 -3.1844881209701277 SSE 55.945823442182345 -3.184373315940418 1434.456336 1485.739837
55.945823442182345 -3.184373315940418 N 55.94612344218235 -3.184373315940418 1434.456336 1484.489837
55.94612344218235 -3.184373315940418 N 55.94642344218235 -3.184373315940418 1434.456336 1483.239837
55.94642344218235 -3.184373315940418 WNW 55.94653824721206 -3.1846504798001716 1434.456336 1481.989837
55.94653824721206 -3.1846504798001716 W 55.94653824721206 -3.1849504798001718 1434.456336 1480.739837
55.94653824721206 -3.1849504798001718 N 55.946838247212064 -3.1849504798001718 1434.456336 1479.489837
55.946838247212064 -3.1849504798001718 E 55.946838247212064 -3.1846504798001716 1434.456336 1478.239837
55.946838247212064 -3.1846504798001716 W 55.946838247212064 -3.1849504798001718 1434.456336 1476.989837
55.946838247212064 -3.1849504798001718 WSW 55.94672344218235 -3.185227643659925 1434.456336 1475.739837
55.94672344218235 -3.185227643659925 SW 55.946511310148 -3.185439775694281 1434.456336 1474.489837
55.946511310148 -3.185439775694281 WNW 55.94662611517771 -3.1857169395540343 1434.456336 1473.239837
55.94662611517771 -3.1857169395540343 WNW 55.94674092020742 -3.1859941034137877 1434.456336 1471.989837
55.94674092020742 -3.1859941034137877 NNW 55.947018084067174 -3.1861089084434973 1434.456336 1470.739837
55.947018084067174 -3.1861089084434973 ESE 55.946903279037464 -3.185831744583744 1434.456336 1469.489837
55.946903279037464 -3.185831744583744 W 55.946903279037464 -3.186131744583744 1434.456336 1468.239837
55.946903279037464 -3.186131744583744 WSW 55.946788474007754 -3.1864089084434974 1434.456336 1466.989837
55.946788474007754 -3.1864089084434974 NW 55.94700060604211 -3.186621040477853 1434.456336 1465.739837
55.94700060604211 -3.186621040477853 NE 55.947212738076466 -3.1864089084434974 1434.456336 1464.489837
55.947212738076466 -3.1864089084434974 SSE 55.94693557421671 -3.186294103413788 1434.456336 1463.239837
55.94693557421671 -3.186294103413788 NNE 55.947212738076466 -3.1861792983840784 1434.456336 1461.989837
55.947212738076466 -3.1861792983840784 ENE 55.94732754310618 -3.185902134524325 1434.456336 1460.739837
55.94732754310618 -3.185902134524325 N 55.94762754310618 -3.185902134524325 1434.456336 1459.489837
55.94762754310618 -3.185902134524325 NW 55.947839675140536 -3.186114266558681 1434.456336 1458.239837
55.947839675140536 -3.186114266558681 ESE 55.947724870110825 -3.1858371026989274 1434.456336 1456.989837
55.947724870110825 -3.1858371026989274 NE 55.94793700214518 -3.1856249706645716 1434.456336 1455.739837
55.94793700214518 -3.1856249706645716 S 55.94763700214518 -3.1856249706645716 1434.456336 1454.489837
55.94763700214518 -3.1856249706645716 SE 55.94742487011082 -3.185412838630216 1434.456336 1453.239837
55.94742487011082 -3.185412838630216 ESE 55.94731006508111 -3.1851356747704624 1434.456336 1451.989837
55.94731006508111 -3.1851356747704624 NE 55.94752219711547 -3.1849235427361067 1434.456336 1450.739837
55.94752219711547 -3.1849235427361067 SSE 55.94724503325571 -3.184808737706397 1434.456336 1449.489837
55.94724503325571 -3.184808737706397 NE 55.94745716529007 -3.1845966056720414 1434.456336 1448.239837
55.94745716529007 -3.1845966056720414 ENE 55.94757197031978 -3.184319441812288 1434.456336 1446.989837
55.94757197031978 -3.184319441812288 WNW 55.94768677534949 -3.1845966056720414 1434.456336 1445.739837
55.94768677534949 -3.1845966056720414 SSW 55.94740961148973 -3.184711410701751 1434.456336 1444.489837
55.94740961148973 -3.184711410701751 NW 55.94762174352409 -3.1849235427361067 1434.456336 1443.239837
55.94762174352409 -3.1849235427361067 SSE 55.94734457966433 -3.184808737706397 1434.456336 1441.989837
55.94734457966433 -3.184808737706397 SSE 55.947067415804575 -3.1846939326766877 1434.456336 1440.739837
55.947067415804575 -3.1846939326766877 NE 55.94727954783893 -3.184481800642332 1434.456336 1439.489837
55.94727954783893 -3.184481800642332 NW 55.94749167987329 -3.1846939326766877 1434.456336 1438.239837
55.94749167987329 -3.1846939326766877 N 55.94779167987329 -3.1846939326766877 1434.456336 1436.989837
55.94779167987329 -3.1846939326766877 WNW 55.947906484903 -3.184971096536441 1434.456336 1435.739837
55.947906484903 -3.184971096536441 SSE 55.947629321043244 -3.1848562915067316 1434.456336 1434.489837
55.947629321043244 -3.1848562915067316 WNW 55.947744126072955 -3.185133455366485 1434.456336 1433.239837
55.947744126072955 -3.185133455366485 ENE 55.947858931102665 -3.1848562915067316 1434.456336 1431.989837
55.947858931102665 -3.1848562915067316 ENE 55.947973736132376 -3.184579127646978 1434.456336 1430.739837
55.947973736132376 -3.184579127646978 WNW 55.948088541162086 -3.1848562915067316 1434.456336 1429.489837
55.948088541162086 -3.1848562915067316 NE 55.94830067319644 -3.184644159472376 1434.456336 1428.239837
55.94830067319644 -3.184644159472376 NNE 55.9485778370562 -3.1845293544426663 1434.456336 1426.989837
55.9485778370562 -3.1845293544426663 E 55.9485778370562 -3.184229354442666 1434.456336 1425.739837
55.9485778370562 -3.184229354442666 NW 55.948789969090555 -3.184441486477022 1434.456336 1424.489837
55.948789969090555 -3.184441486477022 SSW 55.9485128052308 -3.1845562915067314 1434.456336 1423.239837
55.9485128052308 -3.1845562915067314 NNE 55.948789969090555 -3.184441486477022 1434.456336 1421.989837
55.948789969090555 -3.184441486477022 E 55.948789969090555 -3.1841414864770217 1434.456336 1420.739837
55.948789969090555 -3.1841414864770217 NNE 55.94906713295031 -3.184026681447312 1434.456336 1419.489837
55.94906713295031 -3.184026681447312 NNW 55.94934429681007 -3.1841414864770217 1434.456336 1418.239837
55.94934429681007 -3.1841414864770217 E 55.94934429681007 -3.1838414864770215 1434.456336 1416.989837
55.94934429681007 -3.1838414864770215 NNE 55.949621460669825 -3.183726681447312 1434.456336 1415.739837
55.949621460669825 -3.183726681447312 NNE 55.94989862452958 -3.1836118764176025 1434.456336 1414.489837
55.94989862452958 -3.1836118764176025 NNW 55.95017578838934 -3.183726681447312 1434.456336 1413.239837
55.95017578838934 -3.183726681447312 SSW 55.94989862452958 -3.1838414864770215 1434.456336 1411.989837
55.94989862452958 -3.1838414864770215 WSW 55.94978381949987 -3.184118650336775 1434.456336 1410.739837
55.94978381949987 -3.184118650336775 SSW 55.949506655640114 -3.1842334553664844 1434.456336 1409.489837
55.949506655640114 -3.1842334553664844 SW 55.94929452360576 -3.18444558740084 1434.456336 1408.239837
55.94929452360576 -3.18444558740084 SW 55.9490823915714 -3.184657719435196 1434.456336 1406.989837
55.9490823915714 -3.184657719435196 NE 55.94929452360576 -3.18444558740084 1434.456336 1405.739837
55.94929452360576 -3.18444558740084 SSW 55.949017359746 -3.1845603924305497 1434.456336 1404.489837
55.949017359746 -3.1845603924305497 SE 55.948805227711645 -3.184348260396194 1434.456336 1403.239837
55.948805227711645 -3.184348260396194 W 55.948805227711645 -3.184648260396194 1434.456336 1401.989837
55.948805227711645 -3.184648260396194 SSE 55.94852806385189 -3.1845334553664846 1434.456336 1400.739837
55.94852806385189 -3.1845334553664846 SSW 55.94825089999213 -3.184648260396194 1434.456336 1399.489837
55.94825089999213 -3.184648260396194 NNW 55.94852806385189 -3.1847630654259036 1434.456336 1398.239837
55.94852806385189 -3.1847630654259036 W 55.94852806385189 -3.185063065425904 1434.456336 1396.989837
55.94852806385189 -3.185063065425904 ESE 55.94841325882218 -3.1847859015661504 1434.456336 1395.739837
55.94841325882218 -3.1847859015661504 SSE 55.94813609496242 -3.184671096536441 1434.456336 1394.489837
55.94813609496242 -3.184671096536441 W 55.94813609496242 -3.184971096536441 1434.456336 1393.239837
55.94813609496242 -3.184971096536441 SW 55.947923962928066 -3.185183228570797 1434.456336 1391.989837
