55.944425 -3.188396 ENE 55.94453980502971 -3.1881188361402466 0.000000 248.750000
55.94453980502971 -3.1881188361402466 ENE 55.94465461005942 -3.187841672280493 0.000000 247.500000
55.94465461005942 -3.187841672280493 ENE 55.944769415089134 -3.18756450842074 0.000000 246.250000
55.944769415089134 -3.18756450842074 ENE 55.944884220118844 -3.1872873445609864 0.000000 245.000000
55.944884220118844 -3.1872873445609864 ENE 55.944999025148554 -3.187010180701233 49.270928 256.824749
55.944999025148554 -3.187010180701233 ENE 55.945113830178265 -3.1867330168414796 0.000000 131.704170
55.945113830178265 -3.1867330168414796 ENE 55.945228635207975 -3.186455852981726 0.000000 130.454170
55.945228635207975 -3.186455852981726 ENE 55.945343440237686 -3.1861786891219728 0.000000 129.204170
55.945343440237686 -3.1861786891219728 ENE 55.945458245267396 -3.1859015252622194 0.000000 127.954170
55.945458245267396 -3.1859015252622194 S 55.94515824526739 -3.1859015252622194 113.887452 161.557950
55.94515824526739 -3.1859015252622194 S 55.94485824526739 -3.1859015252622194 220.206845 177.434411
55.94485824526739 -3.1859015252622194 S 55.94455824526739 -3.1859015252622194 235.925669 269.476424
55.94455824526739 -3.1859015252622194 SSE 55.94428108140763 -3.18578672023251 235.925669 268.226424
55.94428108140763 -3.18578672023251 S 55.94398108140763 -3.18578672023251 235.925669 266.976424
55.94398108140763 -3.18578672023251 SSE 55.94370391754787 -3.1856719152028004 235.925669 265.726424
55.94370391754787 -3.1856719152028004 S 55.94340391754787 -3.1856719152028004 313.140754 273.632146
55.94340391754787 -3.1856719152028004 SSE 55.94312675368811 -3.185557110173091 313.140754 272.382146
55.94312675368811 -3.185557110173091 WSW 55.9430119486584 -3.1858342740328442 348.280399 331.473396
55.9430119486584 -3.1858342740328442 WSW 55.94289714362869 -3.1861114378925977 348.280399 330.223396
55.94289714362869 -3.1861114378925977 WSW 55.94278233859898 -3.186388601752351 348.280399 328.973396
55.94278233859898 -3.186388601752351 WSW 55.94266753356927 -3.1866657656121045 316.813569 268.075726
55.94266753356927 -3.1866657656121045 W 55.94266753356927 -3.1869657656121047 316.813569 266.825726
55.94266753356927 -3.1869657656121047 NE 55.94287966560363 -3.186753633577749 340.840224 382.672452
55.94287966560363 -3.186753633577749 NE 55.94309179763798 -3.186541501543393 340.840224 381.422452
55.94309179763798 -3.186541501543393 NE 55.94330392967234 -3.1863293695090373 340.840224 380.172452
55.94330392967234 -3.1863293695090373 NE 55.943516061706696 -3.1861172374746816 340.840224 378.922452
55.943516061706696 -3.1861172374746816 NE 55.94372819374105 -3.185905105440326 340.840224 377.672452
55.94372819374105 -3.185905105440326 NE 55.94394032577541 -3.18569297340597 340.840224 376.422452
55.94394032577541 -3.18569297340597 NE 55.944152457809764 -3.1854808413716142 340.840224 375.172452
55.944152457809764 -3.1854808413716142 NE 55.94436458984412 -3.1852687093372585 340.840224 373.922452
55.94436458984412 -3.1852687093372585 NE 55.94457672187848 -3.1850565773029027 340.840224 372.672452
55.94457672187848 -3.1850565773029027 NNE 55.94485388573823 -3.184941772273193 340.840224 371.422452
55.94485388573823 -3.184941772273193 NE 55.94506601777259 -3.1847296402388374 340.840224 370.172452
55.94506601777259 -3.1847296402388374 S 55.94476601777259 -3.1847296402388374 373.633086 456.032455
55.94476601777259 -3.1847296402388374 S 55.944466017772584 -3.1847296402388374 373.633086 454.782455
55.944466017772584 -3.1847296402388374 SSE 55.94418885391283 -3.184614835209128 373.633086 453.532455
55.94418885391283 -3.184614835209128 S 55.943888853912824 -3.184614835209128 373.633086 452.282455
55.943888853912824 -3.184614835209128 N 55.94418885391283 -3.184614835209128 459.508883 527.047172
55.94418885391283 -3.184614835209128 N 55.94448885391283 -3.184614835209128 459.508883 525.797172
55.94448885391283 -3.184614835209128 N 55.94478885391283 -3.184614835209128 459.508883 524.547172
55.94478885391283 -3.184614835209128 NNE 55.94506601777259 -3.1845000301794184 459.508883 523.297172
55.94506601777259 -3.1845000301794184 N 55.94536601777259 -3.1845000301794184 459.508883 522.047172
55.94536601777259 -3.1845000301794184 NNE 55.94564318163235 -3.184385225149709 459.508883 520.797172
55.94564318163235 -3.184385225149709 W 55.94564318163235 -3.184685225149709 528.967397 635.631568
55.94564318163235 -3.184685225149709 W 55.94564318163235 -3.1849852251497093 528.967397 634.381568
55.94564318163235 -3.1849852251497093 W 55.94564318163235 -3.1852852251497095 528.967397 633.131568
55.94564318163235 -3.1852852251497095 W 55.94564318163235 -3.1855852251497097 528.967397 631.881568
55.94564318163235 -3.1855852251497097 W 55.94564318163235 -3.18588522514971 528.967397 630.631568
55.94564318163235 -3.18588522514971 W 55.94564318163235 -3.18618522514971 528.967397 629.381568
55.94564318163235 -3.18618522514971 W 55.94564318163235 -3.18648522514971 528.731668 526.306035
55.94564318163235 -3.18648522514971 W 55.94564318163235 -3.1867852251497104 438.073908 503.020336
55.94564318163235 -3.1867852251497104 W 55.94564318163235 -3.1870852251497106 438.073908 501.770336
55.94564318163235 -3.1870852251497106 W 55.94564318163235 -3.187385225149711 438.073908 500.520336
55.94564318163235 -3.187385225149711 W 55.94564318163235 -3.187685225149711 448.907891 581.839426
55.94564318163235 -3.187685225149711 W 55.94564318163235 -3.187985225149711 448.907891 580.589426
55.94564318163235 -3.187985225149711 W 55.94564318163235 -3.1882852251497114 448.907891 579.339426
55.94564318163235 -3.1882852251497114 W 55.94564318163235 -3.1885852251497115 448.907891 578.089426
55.94564318163235 -3.1885852251497115 W 55.94564318163235 -3.1888852251497117 448.907891 576.839426
55.94564318163235 -3.1888852251497117 S 55.945343181632346 -3.1888852251497117 470.801088 676.578341
55.945343181632346 -3.1888852251497117 S 55.94504318163234 -3.1888852251497117 470.801088 675.328341
55.94504318163234 -3.1888852251497117 S 55.94474318163234 -3.1888852251497117 437.665938 599.628923
55.94474318163234 -3.1888852251497117 S 55.94444318163234 -3.1888852251497117 437.665938 598.378923
55.94444318163234 -3.1888852251497117 S 55.944143181632334 -3.1888852251497117 413.838216 573.232988
55.944143181632334 -3.1888852251497117 SSW 55.94386601777258 -3.1890000301794212 413.838216 571.982988
55.94386601777258 -3.1890000301794212 S 55.943566017772575 -3.1890000301794212 413.838216 570.732988
55.943566017772575 -3.1890000301794212 SW 55.94335388573822 -3.189212162213777 470.476776 653.145030
55.94335388573822 -3.189212162213777 SW 55.94314175370386 -3.189424294248133 470.476776 651.895030
55.94314175370386 -3.189424294248133 SW 55.942929621669506 -3.1896364262824886 470.476776 650.645030
55.942929621669506 -3.1896364262824886 SW 55.94271748963515 -3.1898485583168443 470.476776 649.395030
55.94271748963515 -3.1898485583168443 NE 55.942929621669506 -3.1896364262824886 519.915209 717.977753
55.942929621669506 -3.1896364262824886 NE 55.94314175370386 -3.189424294248133 519.915209 716.727753
55.94314175370386 -3.189424294248133 NE 55.94335388573822 -3.189212162213777 519.915209 715.477753
55.94335388573822 -3.189212162213777 ENE 55.94346869076793 -3.1889349983540236 519.915209 714.227753
55.94346869076793 -3.1889349983540236 NE 55.943680822802285 -3.188722866319668 519.915209 712.977753
55.943680822802285 -3.188722866319668 ENE 55.943795627831996 -3.1884457024599144 519.915209 711.727753
55.943795627831996 -3.1884457024599144 NE 55.94400775986635 -3.1882335704255587 519.915209 710.477753
55.94400775986635 -3.1882335704255587 WSW 55.94389295483664 -3.188510734285312 593.284596 786.556590
55.94389295483664 -3.188510734285312 WSW 55.94377814980693 -3.1887878981450655 593.284596 785.306590
55.94377814980693 -3.1887878981450655 WSW 55.94366334477722 -3.189065062004819 593.284596 784.056590
55.94366334477722 -3.189065062004819 WSW 55.94354853974751 -3.1893422258645723 593.284596 782.806590
55.94354853974751 -3.1893422258645723 WSW 55.9434337347178 -3.1896193897243257 593.284596 781.556590
55.9434337347178 -3.1896193897243257 WSW 55.94331892968809 -3.189896553584079 593.284596 780.306590
55.94331892968809 -3.189896553584079 WSW 55.94320412465838 -3.1901737174438325 547.889136 764.359968
55.94320412465838 -3.1901737174438325 WSW 55.94308931962867 -3.190450881303586 547.889136 763.109968
55.94308931962867 -3.190450881303586 WSW 55.94297451459896 -3.1907280451633393 547.889136 761.859968
55.94297451459896 -3.1907280451633393 SW 55.9427623825646 -3.190940177197695 547.889136 760.609968
55.9427623825646 -3.190940177197695 NNE 55.94303954642436 -3.1908253721679856 625.544553 842.851847
55.94303954642436 -3.1908253721679856 NNE 55.943316710284115 -3.190710567138276 625.544553 841.601847
55.943316710284115 -3.190710567138276 NE 55.94352884231847 -3.1904984351039203 625.544553 840.351847
55.94352884231847 -3.1904984351039203 NNE 55.94380600617823 -3.1903836300742108 625.544553 839.101847
55.94380600617823 -3.1903836300742108 NE 55.944018138212584 -3.190171498039855 647.838667 848.910411
55.944018138212584 -3.190171498039855 NNE 55.94429530207234 -3.1900566930101455 647.838667 847.660411
55.94429530207234 -3.1900566930101455 NE 55.9445074341067 -3.1898445609757897 658.616169 908.152633
55.9445074341067 -3.1898445609757897 NNE 55.94478459796645 -3.18972975594608 658.616169 906.902633
55.94478459796645 -3.18972975594608 NE 55.94499673000081 -3.1895176239117244 754.698244 940.237719
55.94499673000081 -3.1895176239117244 NNE 55.945273893860566 -3.189402818882015 754.698244 938.987719
55.945273893860566 -3.189402818882015 NE 55.94548602589492 -3.189190686847659 754.698244 937.737719
55.94548602589492 -3.189190686847659 WSW 55.94537122086521 -3.1894678507074126 835.328732 1052.334196
55.94537122086521 -3.1894678507074126 WSW 55.9452564158355 -3.189745014567166 835.328732 1051.084196
55.9452564158355 -3.189745014567166 WSW 55.94514161080579 -3.1900221784269194 835.328732 1049.834196
55.94514161080579 -3.1900221784269194 WSW 55.94502680577608 -3.190299342286673 835.328732 1048.584196
55.94502680577608 -3.190299342286673 WSW 55.94491200074637 -3.190576506146426 951.101113 1133.391391
55.94491200074637 -3.190576506146426 WSW 55.94479719571666 -3.1908536700061796 951.101113 1132.141391
55.94479719571666 -3.1908536700061796 WSW 55.94468239068695 -3.191130833865933 951.101113 1130.891391
55.94468239068695 -3.191130833865933 WSW 55.94456758565724 -3.1914079977256864 951.101113 1129.641391
55.94456758565724 -3.1914079977256864 NNE 55.944844749516996 -3.191293192695977 1043.195966 1133.486555
55.944844749516996 -3.191293192695977 NNE 55.94512191337675 -3.1911783876662674 1043.195966 1132.236555
55.94512191337675 -3.1911783876662674 ESE 55.94500710834704 -3.190901223806514 1107.125893 1248.866165
55.94500710834704 -3.190901223806514 ESE 55.94489230331733 -3.1906240599467606 1107.125893 1247.616165
55.94489230331733 -3.1906240599467606 ESE 55.94477749828762 -3.190346896087007 1107.125893 1246.366165
55.94477749828762 -3.190346896087007 ESE 55.94466269325791 -3.1900697322272538 1167.923618 1281.634273
55.94466269325791 -3.1900697322272538 ESE 55.9445478882282 -3.1897925683675004 1167.923618 1280.384273
55.9445478882282 -3.1897925683675004 ESE 55.94443308319849 -3.189515404507747 1167.923618 1279.134273
55.94443308319849 -3.189515404507747 E 55.94443308319849 -3.1892154045077468 1167.923618 1277.884273
55.94443308319849 -3.1892154045077468 ESE 55.94431827816878 -3.1889382406479934 1167.923618 1276.634273
55.94431827816878 -3.1889382406479934 E 55.94431827816878 -3.188638240647993 1167.923618 1275.384273
55.94431827816878 -3.188638240647993 ESE 55.94420347313907 -3.1883610767882398 1167.923618 1274.134273
55.94420347313907 -3.1883610767882398 E 55.94420347313907 -3.1880610767882396 1167.923618 1272.884273
55.94420347313907 -3.1880610767882396 ESE 55.94408866810936 -3.187783912928486 1141.981210 1261.465792
55.94408866810936 -3.187783912928486 E 55.94408866810936 -3.187483912928486 1141.981210 1260.215792
55.94408866810936 -3.187483912928486 ESE 55.94397386307965 -3.1872067490687326 1141.981210 1258.965792
55.94397386307965 -3.1872067490687326 E 55.94397386307965 -3.1869067490687324 1141.981210 1257.715792
55.94397386307965 -3.1869067490687324 ESE 55.94385905804994 -3.186629585208979 1141.981210 1256.465792
55.94385905804994 -3.186629585208979 E 55.94385905804994 -3.186329585208979 1173.642913 1334.787157
55.94385905804994 -3.186329585208979 W 55.94385905804994 -3.186629585208979 1173.642913 1333.537157
55.94385905804994 -3.186629585208979 W 55.94385905804994 -3.186929585208979 1173.642913 1332.287157
55.94385905804994 -3.186929585208979 W 55.94385905804994 -3.1872295852089794 1173.642913 1331.037157
55.94385905804994 -3.1872295852089794 W 55.94385905804994 -3.1875295852089796 1173.642913 1329.787157
55.94385905804994 -3.1875295852089796 W 55.94385905804994 -3.1878295852089797 1173.642913 1328.537157
55.94385905804994 -3.1878295852089797 W 55.94385905804994 -3.18812958520898 1173.642913 1327.287157
55.94385905804994 -3.18812958520898 W 55.94385905804994 -3.18842958520898 1173.642913 1326.037157
55.94385905804994 -3.18842958520898 WNW 55.94397386307965 -3.1887067490687335 1173.642913 1324.787157
55.94397386307965 -3.1887067490687335 W 55.94397386307965 -3.1890067490687337 1173.642913 1323.537157
55.94397386307965 -3.1890067490687337 WNW 55.94408866810936 -3.189283912928487 1173.642913 1322.287157
55.94408866810936 -3.189283912928487 W 55.94408866810936 -3.1895839129284873 1173.642913 1321.037157
55.94408866810936 -3.1895839129284873 WNW 55.94420347313907 -3.1898610767882407 1173.642913 1319.787157
55.94420347313907 -3.1898610767882407 W 55.94420347313907 -3.190161076788241 1173.642913 1318.537157
55.94420347313907 -3.190161076788241 WNW 55.94431827816878 -3.1904382406479943 1173.642913 1317.287157
55.94431827816878 -3.1904382406479943 W 55.94431827816878 -3.1907382406479945 1173.642913 1316.037157
55.94431827816878 -3.1907382406479945 WNW 55.94443308319849 -3.191015404507748 1173.642913 1314.787157
55.94443308319849 -3.191015404507748 W 55.94443308319849 -3.191315404507748 1173.642913 1313.537157
55.94443308319849 -3.191315404507748 WNW 55.9445478882282 -3.1915925683675015 1173.642913 1312.287157
55.9445478882282 -3.1915925683675015 WSW 55.94443308319849 -3.191869732227255 1262.801659 1413.827962
55.94443308319849 -3.191869732227255 ENE 55.9445478882282 -3.1915925683675015 1262.801659 1412.577962
55.9445478882282 -3.1915925683675015 SSW 55.944270724368444 -3.191707373397211 1262.801659 1411.327962
55.944270724368444 -3.191707373397211 SE 55.94405859233409 -3.1914952413628552 1278.456866 1450.841389
55.94405859233409 -3.1914952413628552 SE 55.94384646029973 -3.1912831093284995 1322.770906 1455.205023
55.94384646029973 -3.1912831093284995 NW 55.94405859233409 -3.1914952413628552 1384.468418 1475.319567
55.94405859233409 -3.1914952413628552 NW 55.944270724368444 -3.191707373397211 1384.468418 1474.069567
55.944270724368444 -3.191707373397211 NW 55.9444828564028 -3.1919195054315668 1384.468418 1472.819567
55.9444828564028 -3.1919195054315668 NW 55.944694988437156 -3.1921316374659225 1384.468418 1471.569567
55.944694988437156 -3.1921316374659225 NNW 55.94497215229691 -3.192246442495632 1384.468418 1470.319567
55.94497215229691 -3.192246442495632 NW 55.94518428433127 -3.192458574529988 1384.468418 1469.069567
55.94518428433127 -3.192458574529988 N 55.94548428433127 -3.192458574529988 1469.894594 1505.833364
55.94548428433127 -3.192458574529988 ESE 55.94536947930156 -3.1921814106702344 1469.894594 1504.583364
55.94536947930156 -3.1921814106702344 ESE 55.94525467427185 -3.191904246810481 1469.894594 1503.333364
55.94525467427185 -3.191904246810481 E 55.94525467427185 -3.191604246810481 1469.894594 1502.083364
55.94525467427185 -3.191604246810481 ESE 55.94513986924214 -3.1913270829507274 1469.894594 1500.833364
55.94513986924214 -3.1913270829507274 E 55.94513986924214 -3.1910270829507272 1469.894594 1499.583364
55.94513986924214 -3.1910270829507272 ESE 55.94502506421243 -3.190749919090974 1469.894594 1498.333364
55.94502506421243 -3.190749919090974 E 55.94502506421243 -3.1904499190909736 1469.894594 1497.083364
55.94502506421243 -3.1904499190909736 ESE 55.94491025918272 -3.1901727552312202 1469.894594 1495.833364
55.94491025918272 -3.1901727552312202 E 55.94491025918272 -3.18987275523122 1469.894594 1494.583364
55.94491025918272 -3.18987275523122 ESE 55.94479545415301 -3.1895955913714666 1469.894594 1493.333364
55.94479545415301 -3.1895955913714666 E 55.94479545415301 -3.1892955913714665 1469.894594 1492.083364
55.94479545415301 -3.1892955913714665 ESE 55.9446806491233 -3.189018427511713 1469.894594 1490.833364
55.9446806491233 -3.189018427511713 E 55.9446806491233 -3.188718427511713 1469.894594 1489.583364
55.9446806491233 -3.188718427511713 ESE 55.94456584409359 -3.1884412636519595 1469.894594 1488.333364
55.94456584409359 -3.1884412636519595 E 55.94456584409359 -3.1881412636519593 1469.894594 1487.083364
55.94456584409359 -3.1881412636519593 ESE 55.94445103906388 -3.187864099792206 1469.894594 1485.833364
55.94445103906388 -3.187864099792206 E 55.94445103906388 -3.1875640997922057 1469.894594 1484.583364
55.94445103906388 -3.1875640997922057 ESE 55.94433623403417 -3.1872869359324523 1469.894594 1483.333364
55.94433623403417 -3.1872869359324523 E 55.94433623403417 -3.186986935932452 1469.894594 1482.083364
55.94433623403417 -3.186986935932452 ESE 55.94422142900446 -3.1867097720726987 1469.894594 1480.833364
55.94422142900446 -3.1867097720726987 E 55.94422142900446 -3.1864097720726985 1580.503563 1550.994876
55.94422142900446 -3.1864097720726985 W 55.94422142900446 -3.1867097720726987 1576.056714 1445.495943
55.94422142900446 -3.1867097720726987 E 55.94422142900446 -3.1864097720726985 1576.056714 1444.245943
55.94422142900446 -3.1864097720726985 E 55.94422142900446 -3.1861097720726983 1576.056714 1442.995943
55.94422142900446 -3.1861097720726983 W 55.94422142900446 -3.1864097720726985 1576.056714 1441.745943
55.94422142900446 -3.1864097720726985 SW 55.9440092969701 -3.1866219041070543 1576.056714 1440.495943
55.9440092969701 -3.1866219041070543 SSW 55.943732133110345 -3.1867367091367638 1576.056714 1439.245943
55.943732133110345 -3.1867367091367638 NNW 55.9440092969701 -3.1868515141664733 1576.056714 1437.995943
55.9440092969701 -3.1868515141664733 WSW 55.94389449194039 -3.1871286780262267 1576.056714 1436.745943
55.94389449194039 -3.1871286780262267 N 55.944194491940394 -3.1871286780262267 1576.056714 1435.495943
55.944194491940394 -3.1871286780262267 S 55.94389449194039 -3.1871286780262267 1576.056714 1434.245943
55.94389449194039 -3.1871286780262267 E 55.94389449194039 -3.1868286780262265 1576.056714 1432.995943
55.94389449194039 -3.1868286780262265 SE 55.943682359906035 -3.1866165459918707 1576.056714 1431.745943
55.943682359906035 -3.1866165459918707 SSW 55.94340519604628 -3.1867313510215802 1576.056714 1430.495943
55.94340519604628 -3.1867313510215802 W 55.94340519604628 -3.1870313510215804 1576.056714 1429.245943
55.94340519604628 -3.1870313510215804 ESE 55.94329039101657 -3.186754187161827 1571.230110 1368.952670
55.94329039101657 -3.186754187161827 SSE 55.94301322715681 -3.1866393821321175 1571.230110 1367.702670
55.94301322715681 -3.1866393821321175 SSW 55.942736063297055 -3.186754187161827 1571.230110 1366.452670
55.942736063297055 -3.186754187161827 ENE 55.942850868326765 -3.1864770233020736 1571.230110 1365.202670
55.942850868326765 -3.1864770233020736 ESE 55.942736063297055 -3.18619985944232 1571.230110 1363.952670
55.942736063297055 -3.18619985944232 NE 55.94294819533141 -3.1859877274079644 1571.230110 1362.702670
55.94294819533141 -3.1859877274079644 SW 55.942736063297055 -3.18619985944232 1571.230110 1361.452670
55.942736063297055 -3.18619985944232 SSW 55.9424588994373 -3.1863146644720297 1571.230110 1360.202670
55.9424588994373 -3.1863146644720297 NNW 55.942736063297055 -3.186429469501739 1571.230110 1358.952670
55.942736063297055 -3.186429469501739 NW 55.94294819533141 -3.186641601536095 1571.230110 1357.702670
55.94294819533141 -3.186641601536095 S 55.94264819533141 -3.186641601536095 1571.230110 1356.452670
55.94264819533141 -3.186641601536095 NW 55.942860327365764 -3.1868537335704508 1571.230110 1355.202670
55.942860327365764 -3.1868537335704508 WSW 55.942745522336054 -3.187130897430204 1571.230110 1353.952670
55.942745522336054 -3.187130897430204 NNE 55.94302268619581 -3.1870160924004947 1571.230110 1352.702670
55.94302268619581 -3.1870160924004947 WSW 55.9429078811661 -3.187293256260248 1571.230110 1351.452670
55.9429078811661 -3.187293256260248 ENE 55.94302268619581 -3.1870160924004947 1571.230110 1350.202670
55.94302268619581 -3.1870160924004947 S 55.94272268619581 -3.1870160924004947 1571.230110 1348.952670
55.94272268619581 -3.1870160924004947 N 55.94302268619581 -3.1870160924004947 1571.230110 1347.702670
55.94302268619581 -3.1870160924004947 NW 55.94323481823017 -3.1872282244348504 1571.230110 1346.452670
55.94323481823017 -3.1872282244348504 E 55.94323481823017 -3.1869282244348502 1571.230110 1345.202670
55.94323481823017 -3.1869282244348502 S 55.942934818230164 -3.1869282244348502 1571.230110 1343.952670
55.942934818230164 -3.1869282244348502 WSW 55.94282001320045 -3.1872053882946036 1571.230110 1342.702670
55.94282001320045 -3.1872053882946036 NE 55.94303214523481 -3.186993256260248 1571.230110 1341.452670
55.94303214523481 -3.186993256260248 SE 55.94282001320045 -3.186781124225892 1571.230110 1340.202670
55.94282001320045 -3.186781124225892 WSW 55.94270520817074 -3.1870582880856455 1571.230110 1338.952670
55.94270520817074 -3.1870582880856455 ESE 55.94259040314103 -3.186781124225892 1571.230110 1337.702670
55.94259040314103 -3.186781124225892 NNW 55.94286756700079 -3.1868959292556016 1571.230110 1336.452670
55.94286756700079 -3.1868959292556016 SW 55.94265543496643 -3.1871080612899574 1571.230110 1335.202670
55.94265543496643 -3.1871080612899574 SSW 55.942378271106676 -3.187222866319667 1571.230110 1333.952670
55.942378271106676 -3.187222866319667 W 55.942378271106676 -3.187522866319667 1571.230110 1332.702670
55.942378271106676 -3.187522866319667 SE 55.94216613907232 -3.1873107342853113 1571.230110 1331.452670
55.94216613907232 -3.1873107342853113 WNW 55.94228094410203 -3.1875878981450647 1571.230110 1330.202670
55.94228094410203 -3.1875878981450647 W 55.94228094410203 -3.187887898145065 1571.230110 1328.952670
55.94228094410203 -3.187887898145065 SW 55.942068812067674 -3.1881000301794207 1571.230110 1327.702670
55.942068812067674 -3.1881000301794207 NE 55.94228094410203 -3.187887898145065 1571.230110 1326.452670
55.94228094410203 -3.187887898145065 NNW 55.94255810796179 -3.1880027031747744 1571.230110 1325.202670
55.94255810796179 -3.1880027031747744 ESE 55.94244330293208 -3.187725539315021 1571.230110 1323.952670
55.94244330293208 -3.187725539315021 WNW 55.94255810796179 -3.1880027031747744 1571.230110 1322.702670
55.94255810796179 -3.1880027031747744 NW 55.94277023999614 -3.18821483520913 1571.230110 1321.452670
55.94277023999614 -3.18821483520913 WSW 55.94265543496643 -3.1884919990688836 1571.230110 1320.202670
55.94265543496643 -3.1884919990688836 W 55.94265543496643 -3.1887919990688838 1571.230110 1318.952670
55.94265543496643 -3.1887919990688838 NW 55.94286756700079 -3.1890041311032395 1571.230110 1317.702670
55.94286756700079 -3.1890041311032395 N 55.94316756700079 -3.1890041311032395 1571.230110 1316.452670
55.94316756700079 -3.1890041311032395 SE 55.942955434966436 -3.1887919990688838 1571.230110 1315.202670
55.942955434966436 -3.1887919990688838 E 55.942955434966436 -3.1884919990688836 1571.230110 1313.952670
55.942955434966436 -3.1884919990688836 W 55.942955434966436 -3.1887919990688838 1571.230110 1312.702670
55.942955434966436 -3.1887919990688838 ESE 55.942840629936725 -3.1885148352091304 1571.230110 1311.452670
55.942840629936725 -3.1885148352091304 S 55.94254062993672 -3.1885148352091304 1571.230110 1310.202670
55.94254062993672 -3.1885148352091304 NNW 55.94281779379648 -3.18862964023884 1571.230110 1308.952670
55.94281779379648 -3.18862964023884 SSW 55.94254062993672 -3.1887444452685494 1571.230110 1307.702670
55.94254062993672 -3.1887444452685494 WSW 55.94242582490701 -3.189021609128303 1571.230110 1306.452670
55.94242582490701 -3.189021609128303 NNE 55.94270298876677 -3.1889068040985933 1571.230110 1305.202670
55.94270298876677 -3.1889068040985933 ESE 55.94258818373706 -3.18862964023884 1571.230110 1303.952670
55.94258818373706 -3.18862964023884 WSW 55.94247337870735 -3.1889068040985933 1571.230110 1302.702670
55.94247337870735 -3.1889068040985933 SSE 55.94219621484759 -3.1887919990688838 1571.230110 1301.452670
55.94219621484759 -3.1887919990688838 NW 55.94240834688195 -3.1890041311032395 1571.230110 1300.202670
55.94240834688195 -3.1890041311032395 NW 55.942620478916304 -3.1892162631375953 1571.230110 1298.952670
55.942620478916304 -3.1892162631375953 SSW 55.94234331505655 -3.189331068167305 1571.230110 1297.702670
55.94234331505655 -3.189331068167305 S 55.942043315056544 -3.189331068167305 1571.230110 1296.452670
55.942043315056544 -3.189331068167305 WSW 55.941928510026834 -3.1896082320270582 1571.230110 1295.202670
55.941928510026834 -3.1896082320270582 SSE 55.94165134616708 -3.1894934269973487 1571.230110 1293.952670
