55.944425 -3.188396 ENE 55.94453980502971 -3.1881188361402466 0.000000 248.750000
55.94453980502971 -3.1881188361402466 ENE 55.94465461005942 -3.187841672280493 0.000000 247.500000
55.94465461005942 -3.187841672280493 ENE 55.944769415089134 -3.18756450842074 0.000000 246.250000
55.944769415089134 -3.18756450842074 ENE 55.944884220118844 -3.1872873445609864 0.000000 245.000000
55.944884220118844 -3.1872873445609864 ENE 55.944999025148554 -3.187010180701233 49.270928 256.824749
55.944999025148554 -3.187010180701233 ENE 55.945113830178265 -3.1867330168414796 0.000000 131.704170
55.945113830178265 -3.1867330168414796 ENE 55.945228635207975 -3.186455852981726 0.000000 130.454170
55.945228635207975 -3.186455852981726 ENE 55.945343440237686 -3.1861786891219728 0.000000 129.204170
55.945343440237686 -3.1861786891219728 ENE 55.945458245267396 -3.1859015252622194 0.000000 127.954170
55.945458245267396 -3.1859015252622194 S 55.94515824526739 -3.1859015252622194 113.887452 161.557950
55.94515824526739 -3.1859015252622194 S 55.94485824526739 -3.1859015252622194 220.206845 177.434411
55.94485824526739 -3.1859015252622194 S 55.94455824526739 -3.1859015252622194 235.925669 269.476424
55.94455824526739 -3.1859015252622194 SSE 55.94428108140763 -3.18578672023251 235.925669 268.226424
55.94428108140763 -3.18578672023251 S 55.94398108140763 -3.18578672023251 235.925669 266.976424
55.94398108140763 -3.18578672023251 SSE 55.94370391754787 -3.1856719152028004 235.925669 265.726424
55.94370391754787 -3.1856719152028004 S 55.94340391754787 -3.1856719152028004 313.140754 273.632146
55.94340391754787 -3.1856719152028004 SSE 55.94312675368811 -3.185557110173091 313.140754 272.382146
55.94312675368811 -3.185557110173091 W 55.94312675368811 -3.185857110173091 348.280399 331.473396
55.94312675368811 -3.185857110173091 W 55.94312675368811 -3.1861571101730912 348.280399 330.223396
55.94312675368811 -3.1861571101730912 W 55.94312675368811 -3.1864571101730914 348.280399 328.973396
55.94312675368811 -3.1864571101730914 W 55.94312675368811 -3.1867571101730916 348.280399 327.723396
55.94312675368811 -3.1867571101730916 W 55.94312675368811 -3.187057110173092 348.280399 326.473396
55.94312675368811 -3.187057110173092 W 55.94312675368811 -3.187357110173092 348.280399 325.223396
55.94312675368811 -3.187357110173092 WNW 55.94324155871782 -3.1876342740328454 348.280399 323.973396
55.94324155871782 -3.1876342740328454 W 55.94324155871782 -3.1879342740328456 348.280399 322.723396
55.94324155871782 -3.1879342740328456 WNW 55.94335636374753 -3.188211437892599 348.280399 321.473396
55.94335636374753 -3.188211437892599 W 55.94335636374753 -3.188511437892599 348.280399 320.223396
55.94335636374753 -3.188511437892599 WNW 55.94347116877724 -3.1887886017523526 348.280399 318.973396
55.94347116877724 -3.1887886017523526 W 55.94347116877724 -3.1890886017523528 348.280399 317.723396
55.94347116877724 -3.1890886017523528 WNW 55.943585973806954 -3.189365765612106 404.918959 400.135438
55.943585973806954 -3.189365765612106 W 55.943585973806954 -3.1896657656121064 404.918959 398.885438
55.943585973806954 -3.1896657656121064 WNW 55.943700778836664 -3.1899429294718598 404.918959 397.635438
55.943700778836664 -3.1899429294718598 W 55.943700778836664 -3.19024292947186 404.918959 396.385438
55.943700778836664 -3.19024292947186 WNW 55.943815583866375 -3.1905200933316133 404.918959 395.135438
55.943815583866375 -3.1905200933316133 W 55.943815583866375 -3.1908200933316135 427.213073 404.944002
55.943815583866375 -3.1908200933316135 WNW 55.943930388896085 -3.191097257191367 427.213073 403.694002
55.943930388896085 -3.191097257191367 W 55.943930388896085 -3.191397257191367 488.910584 423.808546
55.943930388896085 -3.191397257191367 WNW 55.944045193925795 -3.1916744210511205 533.224624 428.172179
55.944045193925795 -3.1916744210511205 ENE 55.944159998955506 -3.191397257191367 548.879831 467.685607
55.944159998955506 -3.191397257191367 ENE 55.944274803985216 -3.1911200933316137 548.879831 466.435607
55.944274803985216 -3.1911200933316137 ENE 55.94438960901493 -3.1908429294718603 548.879831 465.185607
55.94438960901493 -3.1908429294718603 ENE 55.94450441404464 -3.190565765612107 548.879831 463.935607
55.94450441404464 -3.190565765612107 ENE 55.94461921907435 -3.1902886017523535 548.879831 462.685607
55.94461921907435 -3.1902886017523535 NE 55.944831351108704 -3.1900764697179977 609.677557 497.953715
55.944831351108704 -3.1900764697179977 ENE 55.944946156138414 -3.1897993058582443 609.677557 496.703715
55.944946156138414 -3.1897993058582443 NE 55.94515828817277 -3.1895871738238886 609.677557 495.453715
55.94515828817277 -3.1895871738238886 ENE 55.94527309320248 -3.189310009964135 609.677557 494.203715
55.94527309320248 -3.189310009964135 NE 55.94548522523684 -3.1890978779297794 609.677557 492.953715
55.94548522523684 -3.1890978779297794 ENE 55.94560003026655 -3.188820714070026 690.308045 607.550193
55.94560003026655 -3.188820714070026 W 55.94560003026655 -3.189120714070026 712.201241 707.289108
55.94560003026655 -3.189120714070026 W 55.94560003026655 -3.1894207140700264 712.201241 706.039108
55.94560003026655 -3.1894207140700264 W 55.94560003026655 -3.1897207140700266 712.201241 704.789108
55.94560003026655 -3.1897207140700266 W 55.94560003026655 -3.1900207140700267 712.201241 703.539108
55.94560003026655 -3.1900207140700267 W 55.94560003026655 -3.190320714070027 712.201241 702.289108
55.94560003026655 -3.190320714070027 W 55.94560003026655 -3.190620714070027 712.201241 701.039108
55.94560003026655 -3.190620714070027 W 55.94560003026655 -3.1909207140700273 712.201241 699.789108
55.94560003026655 -3.1909207140700273 WSW 55.94548522523684 -3.1911978779297807 712.201241 698.539108
55.94548522523684 -3.1911978779297807 W 55.94548522523684 -3.191497877929781 776.131168 815.168717
55.94548522523684 -3.191497877929781 WSW 55.94537042020713 -3.1917750417895343 776.131168 813.918717
55.94537042020713 -3.1917750417895343 W 55.94537042020713 -3.1920750417895345 776.131168 812.668717
55.94537042020713 -3.1920750417895345 WSW 55.945255615177416 -3.192352205649288 776.131168 811.418717
55.945255615177416 -3.192352205649288 SE 55.94504348314306 -3.192140073614932 861.557345 848.182515
55.94504348314306 -3.192140073614932 SE 55.944831351108704 -3.1919279415805764 861.557345 846.932515
55.944831351108704 -3.1919279415805764 SE 55.94461921907435 -3.1917158095462206 861.557345 845.682515
55.94461921907435 -3.1917158095462206 SE 55.94440708703999 -3.191503677511865 950.716091 947.223319
55.94440708703999 -3.191503677511865 SE 55.944194955005635 -3.191291545477509 1042.810944 951.068483
55.944194955005635 -3.191291545477509 SE 55.94398282297128 -3.1910794134431533 1042.810944 949.818483
55.94398282297128 -3.1910794134431533 SE 55.94377069093692 -3.1908672814087975 1042.810944 948.568483
55.94377069093692 -3.1908672814087975 SE 55.943558558902566 -3.1906551493744417 1042.810944 947.318483
55.943558558902566 -3.1906551493744417 SE 55.94334642686821 -3.190443017340086 1042.810944 946.068483
55.94334642686821 -3.190443017340086 SE 55.943134294833854 -3.19023088530573 1042.810944 944.818483
55.943134294833854 -3.19023088530573 SE 55.9429221627995 -3.1900187532713744 1042.810944 943.568483
55.9429221627995 -3.1900187532713744 SSE 55.94264499893974 -3.189903948241665 997.415484 927.621862
55.94264499893974 -3.189903948241665 N 55.942944998939744 -3.189903948241665 1046.853916 996.204585
55.942944998939744 -3.189903948241665 N 55.94324499893975 -3.189903948241665 1046.853916 994.954585
55.94324499893975 -3.189903948241665 NNW 55.9435221627995 -3.1900187532713744 1046.853916 993.704585
55.9435221627995 -3.1900187532713744 N 55.943822162799506 -3.1900187532713744 1046.853916 992.454585
55.943822162799506 -3.1900187532713744 NNW 55.94409932665926 -3.190133558301084 1046.853916 991.204585
55.94409932665926 -3.190133558301084 N 55.944399326659266 -3.190133558301084 1046.853916 989.954585
55.944399326659266 -3.190133558301084 NNW 55.94467649051902 -3.1902483633307934 1057.631418 1050.446807
55.94467649051902 -3.1902483633307934 N 55.944976490519025 -3.1902483633307934 1057.631418 1049.196807
55.944976490519025 -3.1902483633307934 NNW 55.94525365437878 -3.190363168360503 1057.631418 1047.946807
55.94525365437878 -3.190363168360503 E 55.94525365437878 -3.1900631683605027 1173.403799 1132.754002
55.94525365437878 -3.1900631683605027 E 55.94525365437878 -3.1897631683605026 1173.403799 1131.504002
55.94525365437878 -3.1897631683605026 E 55.94525365437878 -3.1894631683605024 1173.403799 1130.254002
55.94525365437878 -3.1894631683605024 E 55.94525365437878 -3.189163168360502 1173.403799 1129.004002
55.94525365437878 -3.189163168360502 E 55.94525365437878 -3.188863168360502 1173.403799 1127.754002
55.94525365437878 -3.188863168360502 E 55.94525365437878 -3.188563168360502 1173.403799 1126.504002
55.94525365437878 -3.188563168360502 E 55.94525365437878 -3.1882631683605016 1173.403799 1125.254002
55.94525365437878 -3.1882631683605016 E 55.94525365437878 -3.1879631683605014 1173.403799 1124.004002
55.94525365437878 -3.1879631683605014 E 55.94525365437878 -3.1876631683605012 1173.403799 1122.754002
55.94525365437878 -3.1876631683605012 E 55.94525365437878 -3.187363168360501 1173.403799 1121.504002
55.94525365437878 -3.187363168360501 E 55.94525365437878 -3.187063168360501 1173.403799 1120.254002
55.94525365437878 -3.187063168360501 E 55.94525365437878 -3.1867631683605007 1118.661441 1119.004002
55.94525365437878 -3.1867631683605007 E 55.94525365437878 -3.1864631683605005 1118.661441 1117.754002
55.94525365437878 -3.1864631683605005 E 55.94525365437878 -3.1861631683605003 1118.661441 1116.504002
55.94525365437878 -3.1861631683605003 E 55.94525365437878 -3.1858631683605 1118.661441 1115.254002
55.94525365437878 -3.1858631683605 E 55.94525365437878 -3.1855631683605 1118.661441 1114.004002
55.94525365437878 -3.1855631683605 ESE 55.94513884934907 -3.1852860045007465 1118.661441 1112.754002
55.94513884934907 -3.1852860045007465 E 55.94513884934907 -3.1849860045007463 1118.661441 1111.504002
55.94513884934907 -3.1849860045007463 SW 55.944926717314715 -3.185198136535102 1068.553840 991.724348
55.944926717314715 -3.185198136535102 SW 55.94471458528036 -3.185410268569458 1068.553840 990.474348
55.94471458528036 -3.185410268569458 SW 55.944502453246 -3.1856224006038136 1068.553840 989.224348
55.944502453246 -3.1856224006038136 SW 55.944290321211646 -3.1858345326381694 1068.553840 987.974348
55.944290321211646 -3.1858345326381694 SW 55.94407818917729 -3.186046664672525 1068.553840 986.724348
55.94407818917729 -3.186046664672525 WSW 55.94396338414758 -3.1863238285322786 1068.553840 985.474348
55.94396338414758 -3.1863238285322786 NW 55.944175516181936 -3.1865359605666344 1100.215543 1063.795714
55.944175516181936 -3.1865359605666344 ENE 55.944290321211646 -3.186258796706881 1210.824512 1133.957225
55.944290321211646 -3.186258796706881 ENE 55.94440512624136 -3.1859816328471275 1210.824512 1132.707225
55.94440512624136 -3.1859816328471275 ENE 55.94451993127107 -3.185704468987374 1210.824512 1131.457225
55.94451993127107 -3.185704468987374 ENE 55.94463473630078 -3.1854273051276207 1210.824512 1130.207225
55.94463473630078 -3.1854273051276207 NE 55.944846868335134 -3.185215173093265 1210.824512 1128.957225
55.944846868335134 -3.185215173093265 ENE 55.944961673364844 -3.1849380092335116 1210.824512 1127.707225
55.944961673364844 -3.1849380092335116 SSE 55.94468450950509 -3.184823204203802 1243.617374 1213.567229
55.94468450950509 -3.184823204203802 SSE 55.94440734564533 -3.1847083991740925 1243.617374 1212.317229
55.94440734564533 -3.1847083991740925 SSE 55.944130181785575 -3.184593594144383 1243.617374 1211.067229
55.944130181785575 -3.184593594144383 WSW 55.944015376755864 -3.1848707580041364 1329.493171 1285.831945
55.944015376755864 -3.1848707580041364 WSW 55.943900571726154 -3.18514792186389 1329.493171 1284.581945
55.943900571726154 -3.18514792186389 W 55.943900571726154 -3.18544792186389 1329.493171 1283.331945
55.943900571726154 -3.18544792186389 WSW 55.94378576669644 -3.1857250857236434 1329.493171 1282.081945
55.94378576669644 -3.1857250857236434 W 55.94378576669644 -3.1860250857236436 1329.493171 1280.831945
55.94378576669644 -3.1860250857236436 WSW 55.94367096166673 -3.186302249583397 1329.493171 1279.581945
55.94367096166673 -3.186302249583397 W 55.94367096166673 -3.186602249583397 1329.493171 1278.331945
55.94367096166673 -3.186602249583397 WSW 55.94355615663702 -3.1868794134431506 1329.493171 1277.081945
55.94355615663702 -3.1868794134431506 W 55.94355615663702 -3.187179413443151 1329.493171 1275.831945
55.94355615663702 -3.187179413443151 WSW 55.94344135160731 -3.187456577302904 1324.666567 1215.538672
55.94344135160731 -3.187456577302904 W 55.94344135160731 -3.1877565773029044 1324.666567 1214.288672
55.94344135160731 -3.1877565773029044 WSW 55.9433265465776 -3.188033741162658 1324.666567 1213.038672
55.9433265465776 -3.188033741162658 W 55.9433265465776 -3.188333741162658 1324.666567 1211.788672
55.9433265465776 -3.188333741162658 WSW 55.94321174154789 -3.1886109050224114 1324.666567 1210.538672
55.94321174154789 -3.1886109050224114 W 55.94321174154789 -3.1889109050224116 1324.666567 1209.288672
55.94321174154789 -3.1889109050224116 WSW 55.94309693651818 -3.189188068882165 1324.666567 1208.038672
55.94309693651818 -3.189188068882165 W 55.94309693651818 -3.189488068882165 1324.666567 1206.788672
55.94309693651818 -3.189488068882165 WSW 55.94298213148847 -3.1897652327419186 1324.666567 1205.538672
55.94298213148847 -3.1897652327419186 W 55.94298213148847 -3.1900652327419188 1324.666567 1204.288672
55.94298213148847 -3.1900652327419188 WSW 55.94286732645876 -3.190342396601672 1324.666567 1203.038672
55.94286732645876 -3.190342396601672 W 55.94286732645876 -3.1906423966016724 1324.666567 1201.788672
55.94286732645876 -3.1906423966016724 WSW 55.94275252142905 -3.1909195604614258 1324.666567 1200.538672
55.94275252142905 -3.1909195604614258 ENE 55.94286732645876 -3.1906423966016724 1402.321985 1282.780551
55.94286732645876 -3.1906423966016724 ENE 55.94298213148847 -3.190365232741919 1402.321985 1281.530551
55.94298213148847 -3.190365232741919 ENE 55.94309693651818 -3.1900880688821656 1402.321985 1280.280551
55.94309693651818 -3.1900880688821656 ENE 55.94321174154789 -3.189810905022412 1402.321985 1279.030551
55.94321174154789 -3.189810905022412 ENE 55.9433265465776 -3.1895337411626588 1402.321985 1277.780551
55.9433265465776 -3.1895337411626588 ENE 55.94344135160731 -3.1892565773029053 1402.321985 1276.530551
55.94344135160731 -3.1892565773029053 ENE 55.94355615663702 -3.188979413443152 1402.321985 1275.280551
55.94355615663702 -3.188979413443152 ENE 55.94367096166673 -3.1887022495833985 1402.321985 1274.030551
55.94367096166673 -3.1887022495833985 ENE 55.94378576669644 -3.188425085723645 1402.321985 1272.780551
55.94378576669644 -3.188425085723645 NE 55.9439978987308 -3.1882129536892894 1402.321985 1271.530551
55.9439978987308 -3.1882129536892894 WNW 55.94411270376051 -3.1884901175490428 1475.691372 1347.609387
55.94411270376051 -3.1884901175490428 WNW 55.94422750879022 -3.188767281408796 1475.691372 1346.359387
55.94422750879022 -3.188767281408796 WNW 55.94434231381993 -3.1890444452685496 1451.863649 1321.213453
55.94434231381993 -3.1890444452685496 WNW 55.94445711884964 -3.189321609128303 1451.863649 1319.963453
55.94445711884964 -3.189321609128303 WNW 55.94457192387935 -3.1895987729880564 1451.863649 1318.713453
55.94457192387935 -3.1895987729880564 SE 55.944359791844995 -3.1893866409537006 1547.945724 1352.048538
55.944359791844995 -3.1893866409537006 SE 55.94414765981064 -3.189174508919345 1547.945724 1350.798538
55.94414765981064 -3.189174508919345 SE 55.94393552777628 -3.188962376884989 1547.945724 1349.548538
55.94393552777628 -3.188962376884989 ESE 55.94382072274657 -3.1886852130252357 1547.945724 1348.298538
55.94382072274657 -3.1886852130252357 SE 55.943608590712216 -3.18847308099088 1547.945724 1347.048538
55.943608590712216 -3.18847308099088 ESE 55.943493785682506 -3.1881959171311265 1547.945724 1345.798538
55.943493785682506 -3.1881959171311265 SE 55.94328165364815 -3.1879837850967707 1547.945724 1344.548538
55.94328165364815 -3.1879837850967707 ESE 55.94316684861844 -3.1877066212370173 1547.945724 1343.298538
55.94316684861844 -3.1877066212370173 SE 55.94295471658408 -3.1874944892026615 1547.945724 1342.048538
55.94295471658408 -3.1874944892026615 ESE 55.94283991155437 -3.187217325342908 1547.945724 1340.798538
55.94283991155437 -3.187217325342908 SE 55.942627779520016 -3.1870051933085524 1547.945724 1339.548538
55.942627779520016 -3.1870051933085524 NNE 55.94290494337977 -3.186890388278843 1571.972379 1455.395264
55.94290494337977 -3.186890388278843 SSW 55.942627779520016 -3.1870051933085524 1571.972379 1454.145264
55.942627779520016 -3.1870051933085524 N 55.94292777952002 -3.1870051933085524 1571.972379 1452.895264
55.94292777952002 -3.1870051933085524 NNW 55.943204943379776 -3.187119998338262 1571.972379 1451.645264
55.943204943379776 -3.187119998338262 N 55.94350494337978 -3.187119998338262 1571.972379 1450.395264
55.94350494337978 -3.187119998338262 NNW 55.943782107239535 -3.1872348033679714 1571.972379 1449.145264
55.943782107239535 -3.1872348033679714 N 55.94408210723954 -3.1872348033679714 1571.972379 1447.895264
55.94408210723954 -3.1872348033679714 NNW 55.944359271099295 -3.187349608397681 1571.972379 1446.645264
55.944359271099295 -3.187349608397681 N 55.9446592710993 -3.187349608397681 1571.972379 1445.395264
55.9446592710993 -3.187349608397681 NNW 55.944936434959054 -3.1874644134273904 1571.972379 1444.145264
55.944936434959054 -3.1874644134273904 N 55.94523643495906 -3.1874644134273904 1571.972379 1442.895264
55.94523643495906 -3.1874644134273904 NNW 55.94551359881881 -3.1875792184571 1571.972379 1441.645264
55.94551359881881 -3.1875792184571 N 55.945813598818816 -3.1875792184571 1582.806362 1522.964355
55.945813598818816 -3.1875792184571 E 55.945813598818816 -3.1872792184570997 1582.806362 1521.714355
55.945813598818816 -3.1872792184570997 E 55.945813598818816 -3.1869792184570995 1582.806362 1520.464355
55.945813598818816 -3.1869792184570995 E 55.945813598818816 -3.1866792184570993 1582.806362 1519.214355
55.945813598818816 -3.1866792184570993 E 55.945813598818816 -3.186379218457099 1582.806362 1517.964355
55.945813598818816 -3.186379218457099 E 55.945813598818816 -3.186079218457099 1582.570634 1414.888821
55.945813598818816 -3.186079218457099 E 55.945813598818816 -3.1857792184570988 1502.263436 1327.908224
55.945813598818816 -3.1857792184570988 E 55.945813598818816 -3.1854792184570986 1502.263436 1326.658224
55.945813598818816 -3.1854792184570986 E 55.945813598818816 -3.1851792184570984 1502.263436 1325.408224
55.945813598818816 -3.1851792184570984 E 55.945813598818816 -3.184879218457098 1502.263436 1324.158224
55.945813598818816 -3.184879218457098 E 55.945813598818816 -3.184579218457098 1502.263436 1322.908224
55.945813598818816 -3.184579218457098 E 55.945813598818816 -3.184279218457098 1571.721950 1437.742620
55.945813598818816 -3.184279218457098 NNW 55.94609076267857 -3.1843940234868073 1571.721950 1436.492620
55.94609076267857 -3.1843940234868073 ENE 55.94620556770828 -3.184116859627054 1571.721950 1435.242620
55.94620556770828 -3.184116859627054 ENE 55.94632037273799 -3.1838396957673005 1571.721950 1433.992620
55.94632037273799 -3.1838396957673005 SW 55.94610824070364 -3.1840518278016563 1571.721950 1432.742620
55.94610824070364 -3.1840518278016563 N 55.94640824070364 -3.1840518278016563 1571.721950 1431.492620
55.94640824070364 -3.1840518278016563 SW 55.946196108669284 -3.184263959836012 1571.721950 1430.242620
55.946196108669284 -3.184263959836012 SSW 55.94591894480953 -3.1843787648657216 1571.721950 1428.992620
55.94591894480953 -3.1843787648657216 WSW 55.94580413977982 -3.184655928725475 1571.721950 1427.742620
55.94580413977982 -3.184655928725475 WNW 55.94591894480953 -3.1849330925852284 1571.721950 1426.492620
55.94591894480953 -3.1849330925852284 ESE 55.94580413977982 -3.184655928725475 1571.721950 1425.242620
55.94580413977982 -3.184655928725475 ESE 55.94568933475011 -3.1843787648657216 1571.721950 1423.992620
55.94568933475011 -3.1843787648657216 SSE 55.94541217089035 -3.184263959836012 1571.721950 1422.742620
55.94541217089035 -3.184263959836012 ENE 55.94552697592006 -3.1839867959762587 1571.721950 1421.492620
55.94552697592006 -3.1839867959762587 E 55.94552697592006 -3.1836867959762585 1571.721950 1420.242620
55.94552697592006 -3.1836867959762585 S 55.94522697592006 -3.1836867959762585 1571.721950 1418.992620
55.94522697592006 -3.1836867959762585 NE 55.945439107954414 -3.1834746639419027 1571.721950 1417.742620
55.945439107954414 -3.1834746639419027 WSW 55.9453243029247 -3.183751827801656 1571.721950 1416.492620
55.9453243029247 -3.183751827801656 SSE 55.94504713906495 -3.1836370227719466 1571.721950 1415.242620
55.94504713906495 -3.1836370227719466 SSE 55.94476997520519 -3.183522217742237 1571.721950 1413.992620
55.94476997520519 -3.183522217742237 SSW 55.944492811345434 -3.1836370227719466 1571.721950 1412.742620
55.944492811345434 -3.1836370227719466 NNE 55.94476997520519 -3.183522217742237 1571.721950 1411.492620
55.94476997520519 -3.183522217742237 NW 55.94498210723955 -3.183734349776593 1571.721950 1410.242620
55.94498210723955 -3.183734349776593 N 55.94528210723955 -3.183734349776593 1571.721950 1408.992620
55.94528210723955 -3.183734349776593 SSE 55.94500494337979 -3.1836195447468834 1571.721950 1407.742620
55.94500494337979 -3.1836195447468834 NNW 55.94528210723955 -3.183734349776593 1571.721950 1406.492620
55.94528210723955 -3.183734349776593 NE 55.945494239273906 -3.183522217742237 1571.721950 1405.242620
55.945494239273906 -3.183522217742237 SSW 55.94521707541415 -3.1836370227719466 1571.721950 1403.992620
55.94521707541415 -3.1836370227719466 NNE 55.945494239273906 -3.183522217742237 1571.721950 1402.742620
55.945494239273906 -3.183522217742237 ESE 55.945379434244195 -3.1832450538824837 1571.721950 1401.492620
55.945379434244195 -3.1832450538824837 E 55.945379434244195 -3.1829450538824835 1571.721950 1400.242620
55.945379434244195 -3.1829450538824835 SSW 55.94510227038444 -3.183059858912193 1571.721950 1398.992620
55.94510227038444 -3.183059858912193 ESE 55.94498746535473 -3.1827826950524396 1571.721950 1397.742620
55.94498746535473 -3.1827826950524396 NNE 55.945264629214485 -3.18266789002273 1571.721950 1396.492620
55.945264629214485 -3.18266789002273 WNW 55.945379434244195 -3.1829450538824835 1571.721950 1395.242620
55.945379434244195 -3.1829450538824835 ESE 55.945264629214485 -3.18266789002273 1571.721950 1393.992620
55.945264629214485 -3.18266789002273 NE 55.94547676124884 -3.1824557579883743 1571.721950 1392.742620
55.94547676124884 -3.1824557579883743 ENE 55.94559156627855 -3.182178594128621 1571.721950 1391.492620
55.94559156627855 -3.182178594128621 SE 55.945379434244195 -3.181966462094265 1571.721950 1390.242620
55.945379434244195 -3.181966462094265 S 55.94507943424419 -3.181966462094265 1571.721950 1388.992620
55.94507943424419 -3.181966462094265 ENE 55.9451942392739 -3.1816892982345117 1571.721950 1387.742620
55.9451942392739 -3.1816892982345117 W 55.9451942392739 -3.181989298234512 1571.721950 1386.492620
55.9451942392739 -3.181989298234512 NE 55.94540637130826 -3.181777166200156 1571.721950 1385.242620
55.94540637130826 -3.181777166200156 SSW 55.9451292074485 -3.1818919712298657 1571.721950 1383.992620
55.9451292074485 -3.1818919712298657 S 55.9448292074485 -3.1818919712298657 1571.721950 1382.742620
55.9448292074485 -3.1818919712298657 SE 55.94461707541414 -3.18167983919551 1571.721950 1381.492620
55.94461707541414 -3.18167983919551 ENE 55.944731880443854 -3.1814026753357565 1571.721950 1380.242620
55.944731880443854 -3.1814026753357565 WSW 55.94461707541414 -3.18167983919551 1571.721950 1378.992620
55.94461707541414 -3.18167983919551 E 55.94461707541414 -3.1813798391955097 1571.721950 1377.742620
55.94461707541414 -3.1813798391955097 SE 55.94440494337979 -3.181167707161154 1571.721950 1376.492620
55.94440494337979 -3.181167707161154 SSW 55.94412777952003 -3.1812825121908634 1571.721950 1375.242620
55.94412777952003 -3.1812825121908634 E 55.94412777952003 -3.1809825121908633 1571.721950 1373.992620
55.94412777952003 -3.1809825121908633 WNW 55.94424258454974 -3.1812596760506167 1571.721950 1372.742620
55.94424258454974 -3.1812596760506167 SSE 55.943965420689985 -3.181144871020907 1571.721950 1371.492620
55.943965420689985 -3.181144871020907 SE 55.94375328865563 -3.1809327389865514 1571.721950 1370.242620
55.94375328865563 -3.1809327389865514 ENE 55.94386809368534 -3.180655575126798 1571.721950 1368.992620
55.94386809368534 -3.180655575126798 SSW 55.94359092982558 -3.1807703801565075 1571.721950 1367.742620
55.94359092982558 -3.1807703801565075 NNW 55.94386809368534 -3.180885185186217 1571.721950 1366.492620
55.94386809368534 -3.180885185186217 NW 55.944080225719695 -3.1810973172205728 1571.721950 1365.242620
55.944080225719695 -3.1810973172205728 WNW 55.944195030749405 -3.181374481080326 1571.721950 1363.992620
55.944195030749405 -3.181374481080326 NE 55.94440716278376 -3.1811623490459704 1571.721950 1362.742620
55.94440716278376 -3.1811623490459704 NE 55.94461929481812 -3.1809502170116146 1571.721950 1361.492620
55.94461929481812 -3.1809502170116146 NNW 55.944896458677874 -3.181065022041324 1571.721950 1360.242620
