55.944425 -3.188396 ENE 55.94453980502971 -3.1881188361402466 0.000000 248.750000
55.94453980502971 -3.1881188361402466 ENE 55.94465461005942 -3.187841672280493 0.000000 247.500000
55.94465461005942 -3.187841672280493 ENE 55.944769415089134 -3.18756450842074 0.000000 246.250000
55.944769415089134 -3.18756450842074 ENE 55.944884220118844 -3.1872873445609864 0.000000 245.000000
55.944884220118844 -3.1872873445609864 ENE 55.944999025148554 -3.187010180701233 49.270928 256.824749
55.944999025148554 -3.187010180701233 ENE 55.945113830178265 -3.1867330168414796 0.000000 131.704170
55.945113830178265 -3.1867330168414796 ENE 55.945228635207975 -3.186455852981726 0.000000 130.454170
55.945228635207975 -3.186455852981726 ENE 55.945343440237686 -3.1861786891219728 0.000000 129.204170
55.945343440237686 -3.1861786891219728 ENE 55.945458245267396 -3.1859015252622194 0.000000 127.954170
55.945458245267396 -3.1859015252622194 S 55.94515824526739 -3.1859015252622194 113.887452 161.557950
55.94515824526739 -3.1859015252622194 S 55.94485824526739 -3.1859015252622194 220.206845 177.434411
55.94485824526739 -3.1859015252622194 S 55.94455824526739 -3.1859015252622194 235.925669 269.476424
55.94455824526739 -3.1859015252622194 SSE 55.94428108140763 -3.18578672023251 235.925669 268.226424
55.94428108140763 -3.18578672023251 S 55.94398108140763 -3.18578672023251 235.925669 266.976424
55.94398108140763 -3.18578672023251 SSE 55.94370391754787 -3.1856719152028004 235.925669 265.726424
55.94370391754787 -3.1856719152028004 S 55.94340391754787 -3.1856719152028004 313.140754 273.632146
55.94340391754787 -3.1856719152028004 SSE 55.94312675368811 -3.185557110173091 313.140754 272.382146
55.94312675368811 -3.185557110173091 WNW 55.94324155871782 -3.1858342740328442 348.280399 331.473396
55.94324155871782 -3.1858342740328442 WNW 55.94335636374753 -3.1861114378925977 348.280399 330.223396
55.94335636374753 -3.1861114378925977 WNW 55.94347116877724 -3.186388601752351 348.280399 328.973396
55.94347116877724 -3.186388601752351 WNW 55.943585973806954 -3.1866657656121045 348.280399 327.723396
55.943585973806954 -3.1866657656121045 WNW 55.943700778836664 -3.186942929471858 348.280399 326.473396
55.943700778836664 -3.186942929471858 WNW 55.943815583866375 -3.1872200933316113 343.453795 266.180123
55.943815583866375 -3.1872200933316113 WNW 55.943930388896085 -3.1874972571913647 343.453795 264.930123
55.943930388896085 -3.1874972571913647 WNW 55.944045193925795 -3.187774421051118 343.453795 263.680123
55.944045193925795 -3.187774421051118 WNW 55.944159998955506 -3.1880515849108715 343.453795 262.430123
55.944159998955506 -3.1880515849108715 WNW 55.944274803985216 -3.188328748770625 317.511386 251.011641
55.944274803985216 -3.188328748770625 WNW 55.94438960901493 -3.1886059126303783 317.511386 249.761641
55.94438960901493 -3.1886059126303783 WNW 55.94450441404464 -3.1888830764901317 293.683664 224.615706
55.94450441404464 -3.1888830764901317 WNW 55.94461921907435 -3.189160240349885 293.683664 223.365706
55.94461921907435 -3.189160240349885 W 55.94461921907435 -3.1894602403498853 293.683664 222.115706
55.94461921907435 -3.1894602403498853 SSW 55.94434205521459 -3.189575045379595 389.765739 255.450792
55.94434205521459 -3.189575045379595 S 55.94404205521459 -3.189575045379595 389.765739 254.200792
55.94404205521459 -3.189575045379595 SSW 55.94376489135483 -3.1896898504093043 389.765739 252.950792
55.94376489135483 -3.1896898504093043 S 55.94346489135483 -3.1896898504093043 389.765739 251.700792
55.94346489135483 -3.1896898504093043 SSW 55.94318772749507 -3.189804655439014 389.765739 250.450792
55.94318772749507 -3.189804655439014 S 55.94288772749507 -3.189804655439014 344.370278 234.504171
55.94288772749507 -3.189804655439014 W 55.94288772749507 -3.190104655439014 393.808711 303.086894
55.94288772749507 -3.190104655439014 W 55.94288772749507 -3.190404655439014 393.808711 301.836894
55.94288772749507 -3.190404655439014 WSW 55.94277292246536 -3.1906818192987676 393.808711 300.586894
55.94277292246536 -3.1906818192987676 W 55.94277292246536 -3.190981819298768 393.808711 299.336894
55.94277292246536 -3.190981819298768 NNW 55.943050086325115 -3.1910966243284773 471.464128 381.578773
55.943050086325115 -3.1910966243284773 NNW 55.94332725018487 -3.191211429358187 471.464128 380.328773
55.94332725018487 -3.191211429358187 NNW 55.94360441404463 -3.1913262343878963 403.011152 375.129117
55.94360441404463 -3.1913262343878963 NW 55.943816546078985 -3.191538366422252 464.708664 395.243661
55.943816546078985 -3.191538366422252 NNW 55.94409370993874 -3.1916531714519616 509.022704 399.607295
55.94409370993874 -3.1916531714519616 NW 55.9443058419731 -3.1918653034863174 524.677911 439.120722
55.9443058419731 -3.1918653034863174 NNW 55.944583005832854 -3.191980108516027 524.677911 437.870722
55.944583005832854 -3.191980108516027 NW 55.94479513786721 -3.1921922405503826 524.677911 436.620722
55.94479513786721 -3.1921922405503826 NNW 55.94507230172697 -3.192307045580092 524.677911 435.370722
55.94507230172697 -3.192307045580092 NW 55.94528443376132 -3.192519177614448 524.677911 434.120722
55.94528443376132 -3.192519177614448 E 55.94528443376132 -3.1922191776144477 610.104087 470.884519
55.94528443376132 -3.1922191776144477 E 55.94528443376132 -3.1919191776144475 610.104087 469.634519
55.94528443376132 -3.1919191776144475 E 55.94528443376132 -3.1916191776144474 610.104087 468.384519
55.94528443376132 -3.1916191776144474 E 55.94528443376132 -3.191319177614447 610.104087 467.134519
55.94528443376132 -3.191319177614447 E 55.94528443376132 -3.191019177614447 674.034014 583.764129
55.94528443376132 -3.191019177614447 E 55.94528443376132 -3.190719177614447 674.034014 582.514129
55.94528443376132 -3.190719177614447 E 55.94528443376132 -3.1904191776144466 674.034014 581.264129
55.94528443376132 -3.1904191776144466 SE 55.94507230172697 -3.190207045580091 789.806395 666.071324
55.94507230172697 -3.190207045580091 SE 55.94486016969261 -3.189994913545735 789.806395 664.821324
55.94486016969261 -3.189994913545735 SE 55.944648037658254 -3.1897827815113793 789.806395 663.571324
55.944648037658254 -3.1897827815113793 SE 55.9444359056239 -3.1895706494770235 789.806395 662.321324
55.9444359056239 -3.1895706494770235 SE 55.94422377358954 -3.1893585174426677 789.806395 661.071324
55.94422377358954 -3.1893585174426677 SE 55.944011641555186 -3.189146385408312 789.806395 659.821324
55.944011641555186 -3.189146385408312 ESE 55.943896836525475 -3.1888692215485586 789.806395 658.571324
55.943896836525475 -3.1888692215485586 SE 55.94368470449112 -3.188657089514203 789.806395 657.321324
55.94368470449112 -3.188657089514203 ESE 55.94356989946141 -3.1883799256544494 789.806395 656.071324
55.94356989946141 -3.1883799256544494 SE 55.94335776742705 -3.1881677936200936 789.806395 654.821324
55.94335776742705 -3.1881677936200936 ESE 55.94324296239734 -3.18789062976034 789.806395 653.571324
55.94324296239734 -3.18789062976034 SE 55.943030830362986 -3.1876784977259844 789.806395 652.321324
55.943030830362986 -3.1876784977259844 ESE 55.942916025333275 -3.187401333866231 789.806395 651.071324
55.942916025333275 -3.187401333866231 SE 55.94270389329892 -3.1871892018318753 789.806395 649.821324
55.94270389329892 -3.1871892018318753 ENE 55.94281869832863 -3.186912037972122 813.833050 765.668050
55.94281869832863 -3.186912037972122 ENE 55.94293350335834 -3.1866348741123685 813.833050 764.418050
55.94293350335834 -3.1866348741123685 ENE 55.94304830838805 -3.186357710252615 782.366221 703.520380
55.94304830838805 -3.186357710252615 ENE 55.94316311341776 -3.1860805463928616 782.366221 702.270380
55.94316311341776 -3.1860805463928616 ENE 55.94327791844747 -3.1858033825331082 782.366221 701.020380
55.94327791844747 -3.1858033825331082 ENE 55.94339272347718 -3.185526218673355 782.366221 699.770380
55.94339272347718 -3.185526218673355 ENE 55.94350752850689 -3.1852490548136014 782.366221 698.520380
55.94350752850689 -3.1852490548136014 ENE 55.9436223335366 -3.184971890953848 782.366221 697.270380
55.9436223335366 -3.184971890953848 NE 55.94383446557096 -3.1847597589194923 782.366221 696.020380
55.94383446557096 -3.1847597589194923 WNW 55.94394927060067 -3.1850369227792457 868.242018 770.785096
55.94394927060067 -3.1850369227792457 WNW 55.94406407563038 -3.185314086638999 868.242018 769.535096
55.94406407563038 -3.185314086638999 WNW 55.94417888066009 -3.1855912504987525 868.242018 768.285096
55.94417888066009 -3.1855912504987525 WNW 55.9442936856898 -3.185868414358506 868.242018 767.035096
55.9442936856898 -3.185868414358506 WNW 55.94440849071951 -3.1861455782182593 868.242018 765.785096
55.94440849071951 -3.1861455782182593 WNW 55.94452329574922 -3.1864227420780127 868.242018 764.535096
55.94452329574922 -3.1864227420780127 WNW 55.94463810077893 -3.186699905937766 863.795169 659.036164
55.94463810077893 -3.186699905937766 WNW 55.94475290580864 -3.1869770697975195 863.795169 657.786164
55.94475290580864 -3.1869770697975195 WNW 55.94486771083835 -3.187254233657273 863.795169 656.536164
55.94486771083835 -3.187254233657273 WNW 55.94498251586806 -3.1875313975170263 863.795169 655.286164
55.94498251586806 -3.1875313975170263 WNW 55.94509732089777 -3.1878085613767797 863.795169 654.036164
55.94509732089777 -3.1878085613767797 WNW 55.94521212592748 -3.188085725236533 863.795169 652.786164
55.94521212592748 -3.188085725236533 WNW 55.945326930957194 -3.1883628890962865 863.795169 651.536164
55.945326930957194 -3.1883628890962865 WNW 55.945441735986904 -3.18864005295604 863.795169 650.286164
55.945441735986904 -3.18864005295604 NW 55.94565386802126 -3.1888521849903957 863.795169 649.036164
55.94565386802126 -3.1888521849903957 W 55.94565386802126 -3.189152184990396 885.688365 748.775079
55.94565386802126 -3.189152184990396 SW 55.945441735986904 -3.1893643170247516 966.318853 863.371556
55.945441735986904 -3.1893643170247516 SW 55.94522960395255 -3.1895764490591074 966.318853 862.121556
55.94522960395255 -3.1895764490591074 SW 55.94501747191819 -3.189788581093463 966.318853 860.871556
55.94501747191819 -3.189788581093463 SW 55.944805339883835 -3.190000713127819 966.318853 859.621556
55.944805339883835 -3.190000713127819 SSW 55.94452817602408 -3.1901155181575285 966.318853 858.371556
55.94452817602408 -3.1901155181575285 SW 55.94431604398972 -3.1903276501918842 977.096355 918.863778
55.94431604398972 -3.1903276501918842 SSW 55.944038880129966 -3.1904424552215938 977.096355 917.613778
55.944038880129966 -3.1904424552215938 ENE 55.94415368515968 -3.1901652913618403 999.390469 927.422342
55.94415368515968 -3.1901652913618403 ENE 55.94426849018939 -3.189888127502087 999.390469 926.172342
55.94426849018939 -3.189888127502087 ENE 55.9443832952191 -3.1896109636423335 999.390469 924.922342
55.9443832952191 -3.1896109636423335 ENE 55.94449810024881 -3.18933379978258 999.390469 923.672342
55.94449810024881 -3.18933379978258 ENE 55.94461290527852 -3.1890566359228267 999.390469 922.422342
55.94461290527852 -3.1890566359228267 ENE 55.94472771030823 -3.1887794720630733 999.390469 921.172342
55.94472771030823 -3.1887794720630733 ENE 55.94484251533794 -3.18850230820332 966.255320 845.472924
55.94484251533794 -3.18850230820332 ENE 55.94495732036765 -3.1882251443435665 966.255320 844.222924
55.94495732036765 -3.1882251443435665 ENE 55.94507212539736 -3.187947980483813 966.255320 842.972924
55.94507212539736 -3.187947980483813 ENE 55.94518693042707 -3.1876708166240597 966.255320 841.722924
55.94518693042707 -3.1876708166240597 E 55.94518693042707 -3.1873708166240595 966.255320 840.472924
55.94518693042707 -3.1873708166240595 ENE 55.94530173545678 -3.187093652764306 966.255320 839.222924
55.94530173545678 -3.187093652764306 E 55.94530173545678 -3.186793652764306 966.255320 837.972924
55.94530173545678 -3.186793652764306 ENE 55.94541654048649 -3.1865164889045525 966.255320 836.722924
55.94541654048649 -3.1865164889045525 E 55.94541654048649 -3.1862164889045523 875.597559 813.437225
55.94541654048649 -3.1862164889045523 ENE 55.9455313455162 -3.185939325044799 875.597559 812.187225
55.9455313455162 -3.185939325044799 E 55.9455313455162 -3.1856393250447987 875.597559 810.937225
55.9455313455162 -3.1856393250447987 ENE 55.94564615054591 -3.1853621611850453 875.597559 809.687225
55.94564615054591 -3.1853621611850453 E 55.94564615054591 -3.185062161185045 875.597559 808.437225
55.94564615054591 -3.185062161185045 ENE 55.94576095557562 -3.1847849973252917 875.597559 807.187225
55.94576095557562 -3.1847849973252917 E 55.94576095557562 -3.1844849973252916 875.597559 805.937225
55.94576095557562 -3.1844849973252916 SW 55.945548823541266 -3.1846971293596473 945.056073 920.771621
55.945548823541266 -3.1846971293596473 SW 55.94533669150691 -3.184909261394003 945.056073 919.521621
55.94533669150691 -3.184909261394003 WSW 55.9452218864772 -3.1851864252537565 894.948472 799.741968
55.9452218864772 -3.1851864252537565 SW 55.94500975444284 -3.1853985572881123 894.948472 798.491968
55.94500975444284 -3.1853985572881123 WSW 55.94489494941313 -3.1856757211478657 894.948472 797.241968
55.94489494941313 -3.1856757211478657 SW 55.94468281737878 -3.1858878531822215 894.948472 795.991968
55.94468281737878 -3.1858878531822215 WSW 55.944568012349066 -3.186165017041975 894.948472 794.741968
55.944568012349066 -3.186165017041975 SW 55.94435588031471 -3.1863771490763306 894.948472 793.491968
55.94435588031471 -3.1863771490763306 WSW 55.944241075285 -3.186654312936084 894.948472 792.241968
55.944241075285 -3.186654312936084 SSE 55.94396391142524 -3.1865395079063745 1005.557441 862.403479
55.94396391142524 -3.1865395079063745 W 55.94396391142524 -3.1868395079063747 1037.219145 940.724845
55.94396391142524 -3.1868395079063747 WNW 55.94407871645495 -3.187116671766128 1037.219145 939.474845
55.94407871645495 -3.187116671766128 W 55.94407871645495 -3.1874166717661283 1037.219145 938.224845
55.94407871645495 -3.1874166717661283 WNW 55.944193521484664 -3.1876938356258817 1037.219145 936.974845
55.944193521484664 -3.1876938356258817 W 55.944193521484664 -3.187993835625882 1037.219145 935.724845
55.944193521484664 -3.187993835625882 WNW 55.944308326514374 -3.1882709994856353 1037.219145 934.474845
55.944308326514374 -3.1882709994856353 W 55.944308326514374 -3.1885709994856355 1037.219145 933.224845
55.944308326514374 -3.1885709994856355 WNW 55.944423131544085 -3.188848163345389 1037.219145 931.974845
55.944423131544085 -3.188848163345389 W 55.944423131544085 -3.189148163345389 1037.219145 930.724845
55.944423131544085 -3.189148163345389 WNW 55.944537936573795 -3.1894253272051425 1037.219145 929.474845
55.944537936573795 -3.1894253272051425 W 55.944537936573795 -3.1897253272051427 1037.219145 928.224845
55.944537936573795 -3.1897253272051427 WNW 55.944652741603505 -3.190002491064896 1037.219145 926.974845
55.944652741603505 -3.190002491064896 W 55.944652741603505 -3.1903024910648963 1037.219145 925.724845
55.944652741603505 -3.1903024910648963 W 55.944652741603505 -3.1906024910648965 1098.016870 960.992953
55.944652741603505 -3.1906024910648965 W 55.944652741603505 -3.1909024910648967 1098.016870 959.742953
55.944652741603505 -3.1909024910648967 WSW 55.944537936573795 -3.19117965492465 1098.016870 958.492953
55.944537936573795 -3.19117965492465 W 55.944537936573795 -3.1914796549246502 1098.016870 957.242953
55.944537936573795 -3.1914796549246502 E 55.944537936573795 -3.19117965492465 1190.111723 961.088117
55.944537936573795 -3.19117965492465 E 55.944537936573795 -3.19087965492465 1190.111723 959.838117
55.944537936573795 -3.19087965492465 E 55.944537936573795 -3.1905796549246497 1190.111723 958.588117
55.944537936573795 -3.1905796549246497 E 55.944537936573795 -3.1902796549246495 1190.111723 957.338117
55.944537936573795 -3.1902796549246495 E 55.944537936573795 -3.1899796549246493 1190.111723 956.088117
55.944537936573795 -3.1899796549246493 E 55.944537936573795 -3.189679654924649 1190.111723 954.838117
55.944537936573795 -3.189679654924649 E 55.944537936573795 -3.189379654924649 1190.111723 953.588117
55.944537936573795 -3.189379654924649 E 55.944537936573795 -3.1890796549246487 1190.111723 952.338117
55.944537936573795 -3.1890796549246487 E 55.944537936573795 -3.1887796549246485 1190.111723 951.088117
55.944537936573795 -3.1887796549246485 E 55.944537936573795 -3.1884796549246484 1190.111723 949.838117
55.944537936573795 -3.1884796549246484 E 55.944537936573795 -3.188179654924648 1190.111723 948.588117
55.944537936573795 -3.188179654924648 E 55.944537936573795 -3.187879654924648 1190.111723 947.338117
55.944537936573795 -3.187879654924648 E 55.944537936573795 -3.187579654924648 1190.111723 946.088117
55.944537936573795 -3.187579654924648 E 55.944537936573795 -3.1872796549246476 1190.111723 944.838117
55.944537936573795 -3.1872796549246476 ENE 55.944652741603505 -3.187002491064894 1190.111723 943.588117
55.944652741603505 -3.187002491064894 E 55.944652741603505 -3.186702491064894 1190.111723 942.338117
55.944652741603505 -3.186702491064894 ENE 55.944767546633216 -3.1864253272051406 1190.111723 941.088117
55.944767546633216 -3.1864253272051406 E 55.944767546633216 -3.1861253272051404 1190.111723 939.838117
55.944767546633216 -3.1861253272051404 ENE 55.944882351662926 -3.185848163345387 1190.111723 938.588117
55.944882351662926 -3.185848163345387 E 55.944882351662926 -3.185548163345387 1190.111723 937.338117
55.944882351662926 -3.185548163345387 ENE 55.94499715669264 -3.1852709994856334 1190.111723 936.088117
55.94499715669264 -3.1852709994856334 E 55.94499715669264 -3.1849709994856332 1190.111723 934.838117
55.94499715669264 -3.1849709994856332 W 55.94499715669264 -3.1852709994856334 1222.904585 1020.698121
55.94499715669264 -3.1852709994856334 W 55.94499715669264 -3.1855709994856336 1222.904585 1019.448121
55.94499715669264 -3.1855709994856336 W 55.94499715669264 -3.185870999485634 1222.904585 1018.198121
55.94499715669264 -3.185870999485634 W 55.94499715669264 -3.186170999485634 1222.904585 1016.948121
55.94499715669264 -3.186170999485634 W 55.94499715669264 -3.186470999485634 1222.904585 1015.698121
55.94499715669264 -3.186470999485634 W 55.94499715669264 -3.1867709994856344 1222.904585 1014.448121
55.94499715669264 -3.1867709994856344 W 55.94499715669264 -3.1870709994856345 1168.162226 1013.198121
55.94499715669264 -3.1870709994856345 W 55.94499715669264 -3.1873709994856347 1168.162226 1011.948121
55.94499715669264 -3.1873709994856347 W 55.94499715669264 -3.187670999485635 1168.162226 1010.698121
55.94499715669264 -3.187670999485635 W 55.94499715669264 -3.187970999485635 1168.162226 1009.448121
55.94499715669264 -3.187970999485635 W 55.94499715669264 -3.1882709994856353 1168.162226 1008.198121
55.94499715669264 -3.1882709994856353 W 55.94499715669264 -3.1885709994856355 1168.162226 1006.948121
55.94499715669264 -3.1885709994856355 W 55.94499715669264 -3.1888709994856357 1168.162226 1005.698121
55.94499715669264 -3.1888709994856357 W 55.94499715669264 -3.189170999485636 1168.162226 1004.448121
55.94499715669264 -3.189170999485636 W 55.94499715669264 -3.189470999485636 1168.162226 1003.198121
55.94499715669264 -3.189470999485636 WSW 55.944882351662926 -3.1897481633453895 1168.162226 1001.948121
55.944882351662926 -3.1897481633453895 W 55.944882351662926 -3.1900481633453897 1168.162226 1000.698121
55.944882351662926 -3.1900481633453897 WSW 55.944767546633216 -3.190325327205143 1168.162226 999.448121
55.944767546633216 -3.190325327205143 W 55.944767546633216 -3.1906253272051432 1168.162226 998.198121
55.944767546633216 -3.1906253272051432 WSW 55.944652741603505 -3.1909024910648967 1168.162226 996.948121
55.944652741603505 -3.1909024910648967 W 55.944652741603505 -3.191202491064897 1168.162226 995.698121
55.944652741603505 -3.191202491064897 WSW 55.944537936573795 -3.1914796549246502 1168.162226 994.448121
55.944537936573795 -3.1914796549246502 ESE 55.944423131544085 -3.191202491064897 1168.162226 993.198121
55.944423131544085 -3.191202491064897 ESE 55.944308326514374 -3.1909253272051434 1168.162226 991.948121
55.944308326514374 -3.1909253272051434 ESE 55.944193521484664 -3.19064816334539 1168.162226 990.698121
55.944193521484664 -3.19064816334539 ESE 55.94407871645495 -3.1903709994856366 1168.162226 989.448121
55.94407871645495 -3.1903709994856366 ESE 55.94396391142524 -3.1900938356258832 1168.162226 988.198121
55.94396391142524 -3.1900938356258832 ESE 55.94384910639553 -3.18981667176613 1168.162226 986.948121
55.94384910639553 -3.18981667176613 ESE 55.94373430136582 -3.1895395079063764 1168.162226 985.698121
55.94373430136582 -3.1895395079063764 SE 55.943522169331466 -3.1893273758720206 1168.162226 984.448121
55.943522169331466 -3.1893273758720206 ESE 55.943407364301756 -3.1890502120122672 1168.162226 983.198121
55.943407364301756 -3.1890502120122672 NNE 55.94368452816151 -3.1889354069825577 1224.800787 1065.610162
55.94368452816151 -3.1889354069825577 NNE 55.94396169202127 -3.188820601952848 1224.800787 1064.360162
55.94396169202127 -3.188820601952848 NE 55.944173824055625 -3.1886084699184924 1224.800787 1063.110162
55.944173824055625 -3.1886084699184924 NNE 55.94445098791538 -3.188493664888783 1224.800787 1061.860162
55.94445098791538 -3.188493664888783 NE 55.94466311994974 -3.188281532854427 1224.800787 1060.610162
55.94466311994974 -3.188281532854427 NNE 55.944940283809494 -3.1881667278247177 1224.800787 1059.360162
55.944940283809494 -3.1881667278247177 NE 55.94515241584385 -3.187954595790362 1224.800787 1058.110162
55.94515241584385 -3.187954595790362 NNE 55.94542957970361 -3.1878397907606524 1224.800787 1056.860162
55.94542957970361 -3.1878397907606524 NE 55.94564171173796 -3.1876276587262966 1224.800787 1055.610162
55.94564171173796 -3.1876276587262966 SSW 55.94536454787821 -3.187742463756006 1235.634770 1136.929252
55.94536454787821 -3.187742463756006 SSW 55.94508738401845 -3.1878572687857156 1235.634770 1135.679252
55.94508738401845 -3.1878572687857156 SSW 55.94481022015869 -3.187972073815425 1235.634770 1134.429252
55.94481022015869 -3.187972073815425 S 55.94451022015869 -3.187972073815425 1235.634770 1133.179252
55.94451022015869 -3.187972073815425 SSW 55.944233056298934 -3.1880868788451346 1235.634770 1131.929252
55.944233056298934 -3.1880868788451346 W 55.944233056298934 -3.188386878845135 1235.634770 1130.679252
55.944233056298934 -3.188386878845135 W 55.944233056298934 -3.188686878845135 1235.634770 1129.429252
55.944233056298934 -3.188686878845135 W 55.944233056298934 -3.188986878845135 1235.634770 1128.179252
55.944233056298934 -3.188986878845135 W 55.944233056298934 -3.1892868788451354 1235.634770 1126.929252
55.944233056298934 -3.1892868788451354 W 55.944233056298934 -3.1895868788451356 1235.634770 1125.679252
55.944233056298934 -3.1895868788451356 W 55.944233056298934 -3.1898868788451358 1235.634770 1124.429252
55.944233056298934 -3.1898868788451358 W 55.944233056298934 -3.190186878845136 1235.634770 1123.179252
55.944233056298934 -3.190186878845136 WNW 55.944347861328644 -3.1904640427048894 1235.634770 1121.929252
55.944347861328644 -3.1904640427048894 W 55.944347861328644 -3.1907640427048896 1235.634770 1120.679252
55.944347861328644 -3.1907640427048896 WNW 55.944462666358355 -3.191041206564643 1235.634770 1119.429252
55.944462666358355 -3.191041206564643 W 55.944462666358355 -3.191341206564643 1235.634770 1118.179252
55.944462666358355 -3.191341206564643 WNW 55.944577471388065 -3.1916183704243966 1235.634770 1116.929252
55.944577471388065 -3.1916183704243966 SSW 55.94430030752831 -3.191733175454106 1324.793516 1218.470057
55.94430030752831 -3.191733175454106 NNE 55.944577471388065 -3.1916183704243966 1324.793516 1217.220057
55.944577471388065 -3.1916183704243966 E 55.944577471388065 -3.1913183704243964 1324.793516 1215.970057
55.944577471388065 -3.1913183704243964 E 55.944577471388065 -3.191018370424396 1324.793516 1214.720057
55.944577471388065 -3.191018370424396 E 55.944577471388065 -3.190718370424396 1324.793516 1213.470057
55.944577471388065 -3.190718370424396 ESE 55.944462666358355 -3.1904412065646426 1324.793516 1212.220057
55.944462666358355 -3.1904412065646426 E 55.944462666358355 -3.1901412065646424 1324.793516 1210.970057
55.944462666358355 -3.1901412065646424 ESE 55.944347861328644 -3.189864042704889 1324.793516 1209.720057
55.944347861328644 -3.189864042704889 E 55.944347861328644 -3.189564042704889 1324.793516 1208.470057
55.944347861328644 -3.189564042704889 ESE 55.944233056298934 -3.1892868788451354 1324.793516 1207.220057
55.944233056298934 -3.1892868788451354 E 55.944233056298934 -3.188986878845135 1324.793516 1205.970057
55.944233056298934 -3.188986878845135 ESE 55.944118251269224 -3.188709714985382 1324.793516 1204.720057
55.944118251269224 -3.188709714985382 E 55.944118251269224 -3.1884097149853816 1324.793516 1203.470057
55.944118251269224 -3.1884097149853816 ESE 55.94400344623951 -3.188132551125628 1324.793516 1202.220057
55.94400344623951 -3.188132551125628 NNE 55.94428061009927 -3.1880177460959187 1398.162903 1278.298894
55.94428061009927 -3.1880177460959187 SSW 55.94400344623951 -3.188132551125628 1398.162903 1277.048894
55.94400344623951 -3.188132551125628 SSW 55.94372628237976 -3.1882473561553377 1398.162903 1275.798894
55.94372628237976 -3.1882473561553377 SSW 55.94344911852 -3.1883621611850472 1398.162903 1274.548894
55.94344911852 -3.1883621611850472 S 55.94314911852 -3.1883621611850472 1398.162903 1273.298894
