55.944425 -3.188396 ENE 55.94453980502971 -3.1881188361402466 0.000000 248.750000
55.94453980502971 -3.1881188361402466 ENE 55.94465461005942 -3.187841672280493 0.000000 247.500000
55.94465461005942 -3.187841672280493 ENE 55.944769415089134 -3.18756450842074 0.000000 246.250000
55.944769415089134 -3.18756450842074 ENE 55.944884220118844 -3.1872873445609864 0.000000 245.000000
55.944884220118844 -3.1872873445609864 ENE 55.944999025148554 -3.187010180701233 49.270928 256.824749
55.944999025148554 -3.187010180701233 ENE 55.945113830178265 -3.1867330168414796 0.000000 131.704170
55.945113830178265 -3.1867330168414796 ENE 55.945228635207975 -3.186455852981726 0.000000 130.454170
55.945228635207975 -3.186455852981726 ENE 55.945343440237686 -3.1861786891219728 0.000000 129.204170
55.945343440237686 -3.1861786891219728 ENE 55.945458245267396 -3.1859015252622194 0.000000 127.954170
55.945458245267396 -3.1859015252622194 S 55.94515824526739 -3.1859015252622194 113.887452 161.557950
55.94515824526739 -3.1859015252622194 S 55.94485824526739 -3.1859015252622194 220.206845 177.434411
55.94485824526739 -3.1859015252622194 S 55.94455824526739 -3.1859015252622194 235.925669 269.476424
55.94455824526739 -3.1859015252622194 SSE 55.94428108140763 -3.18578672023251 235.925669 268.226424
55.94428108140763 -3.18578672023251 S 55.94398108140763 -3.18578672023251 235.925669 266.976424
55.94398108140763 -3.18578672023251 SSE 55.94370391754787 -3.1856719152028004 235.925669 265.726424
55.94370391754787 -3.1856719152028004 S 55.94340391754787 -3.1856719152028004 313.140754 273.632146
55.94340391754787 -3.1856719152028004 SSE 55.94312675368811 -3.185557110173091 313.140754 272.382146
55.94312675368811 -3.185557110173091 S 55.94282675368811 -3.185557110173091 348.280399 331.473396
55.94282675368811 -3.185557110173091 WNW 55.94294155871782 -3.1858342740328442 348.280399 330.223396
55.94294155871782 -3.1858342740328442 WNW 55.94305636374753 -3.1861114378925977 348.280399 328.973396
55.94305636374753 -3.1861114378925977 WNW 55.94317116877724 -3.186388601752351 348.280399 327.723396
55.94317116877724 -3.186388601752351 WNW 55.94328597380695 -3.1866657656121045 348.280399 326.473396
55.94328597380695 -3.1866657656121045 WNW 55.94340077883666 -3.186942929471858 348.280399 325.223396
55.94340077883666 -3.186942929471858 WNW 55.94351558386637 -3.1872200933316113 348.280399 323.973396
55.94351558386637 -3.1872200933316113 WNW 55.94363038889608 -3.1874972571913647 343.453795 263.680123
55.94363038889608 -3.1874972571913647 WNW 55.94374519392579 -3.187774421051118 343.453795 262.430123
55.94374519392579 -3.187774421051118 WNW 55.9438599989555 -3.1880515849108715 343.453795 261.180123
55.9438599989555 -3.1880515849108715 WNW 55.94397480398521 -3.188328748770625 416.823182 337.258960
55.94397480398521 -3.188328748770625 WNW 55.944089609014924 -3.1886059126303783 416.823182 336.008960
55.944089609014924 -3.1886059126303783 WNW 55.944204414044634 -3.1888830764901317 416.823182 334.758960
55.944204414044634 -3.1888830764901317 WNW 55.944319219074345 -3.189160240349885 392.995460 309.613025
55.944319219074345 -3.189160240349885 WNW 55.944434024104055 -3.1894374042096385 392.995460 308.363025
55.944434024104055 -3.1894374042096385 W 55.944434024104055 -3.1897374042096387 392.995460 307.113025
55.944434024104055 -3.1897374042096387 WNW 55.944548829133765 -3.190014568069392 392.995460 305.863025
55.944548829133765 -3.190014568069392 SE 55.94433669709941 -3.1898024360350363 403.772962 366.355247
55.94433669709941 -3.1898024360350363 SE 55.94412456506505 -3.1895903040006806 403.772962 365.105247
55.94412456506505 -3.1895903040006806 SE 55.9439124330307 -3.189378171966325 403.772962 363.855247
55.9439124330307 -3.189378171966325 SSE 55.94363526917094 -3.1892633669366153 403.772962 362.605247
55.94363526917094 -3.1892633669366153 SE 55.943423137136584 -3.1890512349022595 403.772962 361.355247
55.943423137136584 -3.1890512349022595 WSW 55.943308332106874 -3.189328398762013 460.411522 443.767288
55.943308332106874 -3.189328398762013 ENE 55.943423137136584 -3.1890512349022595 460.411522 442.517288
55.943423137136584 -3.1890512349022595 WSW 55.943308332106874 -3.189328398762013 460.411522 441.267288
55.943308332106874 -3.189328398762013 WSW 55.94319352707716 -3.1896055626217663 460.411522 440.017288
55.94319352707716 -3.1896055626217663 WSW 55.94307872204745 -3.1898827264815197 460.411522 438.767288
55.94307872204745 -3.1898827264815197 WSW 55.94296391701774 -3.190159890341273 415.016061 422.820667
55.94296391701774 -3.190159890341273 WSW 55.94284911198803 -3.1904370542010265 415.016061 421.570667
55.94284911198803 -3.1904370542010265 W 55.94284911198803 -3.1907370542010267 415.016061 420.320667
55.94284911198803 -3.1907370542010267 WSW 55.94273430695832 -3.19101421806078 415.016061 419.070667
55.94273430695832 -3.19101421806078 NNE 55.94301147081808 -3.1908994130310706 492.671479 501.312546
55.94301147081808 -3.1908994130310706 NE 55.943223602852434 -3.190687280996715 492.671479 500.062546
55.943223602852434 -3.190687280996715 NNE 55.94350076671219 -3.1905724759670053 492.671479 498.812546
55.94350076671219 -3.1905724759670053 NE 55.94371289874655 -3.1903603439326496 492.671479 497.562546
55.94371289874655 -3.1903603439326496 NNE 55.943990062606304 -3.19024553890294 492.671479 496.312546
55.943990062606304 -3.19024553890294 NE 55.94420219464066 -3.1900334068685843 514.965593 506.121110
55.94420219464066 -3.1900334068685843 NNE 55.944479358500416 -3.1899186018388748 514.965593 504.871110
55.944479358500416 -3.1899186018388748 NE 55.94469149053477 -3.189706469804519 514.965593 503.621110
55.94469149053477 -3.189706469804519 NNE 55.94496865439453 -3.1895916647748095 611.047668 536.956195
55.94496865439453 -3.1895916647748095 NE 55.945180786428885 -3.1893795327404537 611.047668 535.706195
55.945180786428885 -3.1893795327404537 NNE 55.94545795028864 -3.189264727710744 611.047668 534.456195
55.94545795028864 -3.189264727710744 NE 55.945670082323 -3.1890525956763884 611.047668 533.206195
55.945670082323 -3.1890525956763884 SE 55.94545795028864 -3.1888404636420327 691.678155 647.802673
55.94545795028864 -3.1888404636420327 SSE 55.945180786428885 -3.188725658612323 713.571352 747.541588
55.945180786428885 -3.188725658612323 SE 55.94496865439453 -3.1885135265779674 713.571352 746.291588
55.94496865439453 -3.1885135265779674 SSE 55.94469149053477 -3.188398721548258 680.436203 670.592170
55.94469149053477 -3.188398721548258 SE 55.944479358500416 -3.188186589513902 680.436203 669.342170
55.944479358500416 -3.188186589513902 SSE 55.94420219464066 -3.1880717844841926 680.436203 668.092170
55.94420219464066 -3.1880717844841926 SE 55.943990062606304 -3.187859652449837 654.493794 656.673688
55.943990062606304 -3.187859652449837 SSE 55.94371289874655 -3.1877448474201273 654.493794 655.423688
55.94371289874655 -3.1877448474201273 SE 55.94350076671219 -3.1875327153857715 654.493794 654.173688
55.94350076671219 -3.1875327153857715 SSE 55.943223602852434 -3.187417910356062 654.493794 652.923688
55.943223602852434 -3.187417910356062 SE 55.94301147081808 -3.1872057783217063 654.493794 651.673688
55.94301147081808 -3.1872057783217063 SSE 55.94273430695832 -3.1870909732919968 654.493794 650.423688
55.94273430695832 -3.1870909732919968 WNW 55.94284911198803 -3.18736813715175 678.520449 766.270414
55.94284911198803 -3.18736813715175 WNW 55.94296391701774 -3.1876453010115036 678.520449 765.020414
55.94296391701774 -3.1876453010115036 WNW 55.94307872204745 -3.187922464871257 678.520449 763.770414
55.94307872204745 -3.187922464871257 NW 55.94329085408181 -3.1881345969056127 678.520449 762.520414
55.94329085408181 -3.1881345969056127 WNW 55.94340565911152 -3.188411760765366 678.520449 761.270414
55.94340565911152 -3.188411760765366 NW 55.943617791145876 -3.188623892799722 678.520449 760.020414
55.943617791145876 -3.188623892799722 WNW 55.943732596175586 -3.1889010566594753 678.520449 758.770414
55.943732596175586 -3.1889010566594753 NW 55.94394472820994 -3.189113188693831 678.520449 757.520414
55.94394472820994 -3.189113188693831 WNW 55.94405953323965 -3.1893903525535845 678.520449 756.270414
55.94405953323965 -3.1893903525535845 NW 55.94427166527401 -3.1896024845879403 678.520449 755.020414
55.94427166527401 -3.1896024845879403 WNW 55.94438647030372 -3.1898796484476937 678.520449 753.770414
55.94438647030372 -3.1898796484476937 NW 55.944598602338075 -3.1900917804820494 678.520449 752.520414
55.944598602338075 -3.1900917804820494 WNW 55.944713407367786 -3.190368944341803 678.520449 751.270414
55.944713407367786 -3.190368944341803 NW 55.94492553940214 -3.1905810763761586 739.318175 786.538522
55.94492553940214 -3.1905810763761586 WNW 55.94504034443185 -3.190858240235912 739.318175 785.288522
55.94504034443185 -3.190858240235912 NW 55.94525247646621 -3.191070372270268 739.318175 784.038522
55.94525247646621 -3.191070372270268 SSW 55.94497531260645 -3.1911851772999773 803.248102 900.668132
55.94497531260645 -3.1911851772999773 SW 55.944763180572096 -3.191397309334333 803.248102 899.418132
55.944763180572096 -3.191397309334333 SSW 55.94448601671234 -3.1915121143640426 803.248102 898.168132
55.94448601671234 -3.1915121143640426 SSE 55.94420885285258 -3.191397309334333 895.342955 902.013296
55.94420885285258 -3.191397309334333 SSE 55.943931688992826 -3.1912825043046236 895.342955 900.763296
55.943931688992826 -3.1912825043046236 S 55.943631688992824 -3.1912825043046236 939.656995 905.126929
55.943631688992824 -3.1912825043046236 E 55.943631688992824 -3.1909825043046234 1001.354506 925.241473
55.943631688992824 -3.1909825043046234 E 55.943631688992824 -3.190682504304623 1001.354506 923.991473
55.943631688992824 -3.190682504304623 E 55.943631688992824 -3.190382504304623 1001.354506 922.741473
55.943631688992824 -3.190382504304623 E 55.943631688992824 -3.190082504304623 1001.354506 921.491473
55.943631688992824 -3.190082504304623 E 55.943631688992824 -3.1897825043046226 1001.354506 920.241473
55.943631688992824 -3.1897825043046226 E 55.943631688992824 -3.1894825043046224 1001.354506 918.991473
55.943631688992824 -3.1894825043046224 E 55.943631688992824 -3.1891825043046222 1001.354506 917.741473
55.943631688992824 -3.1891825043046222 E 55.943631688992824 -3.188882504304622 1001.354506 916.491473
55.943631688992824 -3.188882504304622 E 55.943631688992824 -3.188582504304622 1001.354506 915.241473
55.943631688992824 -3.188582504304622 E 55.943631688992824 -3.1882825043046217 1001.354506 913.991473
55.943631688992824 -3.1882825043046217 E 55.943631688992824 -3.1879825043046215 1001.354506 912.741473
55.943631688992824 -3.1879825043046215 E 55.943631688992824 -3.1876825043046213 1001.354506 911.491473
55.943631688992824 -3.1876825043046213 E 55.943631688992824 -3.187382504304621 1001.354506 910.241473
55.943631688992824 -3.187382504304621 ENE 55.943746494022534 -3.1871053404448677 1001.354506 908.991473
55.943746494022534 -3.1871053404448677 E 55.943746494022534 -3.1868053404448675 1001.354506 907.741473
55.943746494022534 -3.1868053404448675 ENE 55.943861299052244 -3.186528176585114 1001.354506 906.491473
55.943861299052244 -3.186528176585114 NNW 55.944138462912 -3.1866429816148236 1033.016210 984.812839
55.944138462912 -3.1866429816148236 NNW 55.94441562677176 -3.186757786644533 1143.625179 1054.974351
55.94441562677176 -3.186757786644533 ENE 55.94453043180147 -3.1864806227847797 1139.178330 949.475418
55.94453043180147 -3.1864806227847797 ENE 55.94464523683118 -3.1862034589250263 1139.178330 948.225418
55.94464523683118 -3.1862034589250263 ENE 55.94476004186089 -3.185926295065273 1139.178330 946.975418
55.94476004186089 -3.185926295065273 ENE 55.9448748468906 -3.1856491312055195 1139.178330 945.725418
55.9448748468906 -3.1856491312055195 ENE 55.94498965192031 -3.185371967345766 1139.178330 944.475418
55.94498965192031 -3.185371967345766 E 55.94498965192031 -3.185071967345766 1139.178330 943.225418
55.94498965192031 -3.185071967345766 ENE 55.94510445695002 -3.1847948034860125 1139.178330 941.975418
55.94510445695002 -3.1847948034860125 S 55.94480445695002 -3.1847948034860125 1171.971191 1027.835421
55.94480445695002 -3.1847948034860125 SSE 55.94452729309026 -3.184679998456303 1171.971191 1026.585421
55.94452729309026 -3.184679998456303 S 55.94422729309026 -3.184679998456303 1171.971191 1025.335421
55.94422729309026 -3.184679998456303 SSE 55.9439501292305 -3.1845651934265935 1171.971191 1024.085421
55.9439501292305 -3.1845651934265935 WSW 55.94383532420079 -3.184842357286347 1257.846988 1098.850138
55.94383532420079 -3.184842357286347 WSW 55.94372051917108 -3.1851195211461003 1257.846988 1097.600138
55.94372051917108 -3.1851195211461003 WSW 55.94360571414137 -3.1853966850058537 1257.846988 1096.350138
55.94360571414137 -3.1853966850058537 WSW 55.94349090911166 -3.185673848865607 1257.846988 1095.100138
55.94349090911166 -3.185673848865607 W 55.94349090911166 -3.1859738488656073 1257.846988 1093.850138
55.94349090911166 -3.1859738488656073 WSW 55.94337610408195 -3.1862510127253607 1257.846988 1092.600138
55.94337610408195 -3.1862510127253607 W 55.94337610408195 -3.186551012725361 1257.846988 1091.350138
55.94337610408195 -3.186551012725361 WSW 55.94326129905224 -3.1868281765851143 1257.846988 1090.100138
55.94326129905224 -3.1868281765851143 W 55.94326129905224 -3.1871281765851145 1257.846988 1088.850138
55.94326129905224 -3.1871281765851145 WSW 55.94314649402253 -3.187405340444868 1257.846988 1087.600138
55.94314649402253 -3.187405340444868 W 55.94314649402253 -3.187705340444868 1257.846988 1086.350138
55.94314649402253 -3.187705340444868 WSW 55.94303168899282 -3.1879825043046215 1257.846988 1085.100138
55.94303168899282 -3.1879825043046215 W 55.94303168899282 -3.1882825043046217 1257.846988 1083.850138
55.94303168899282 -3.1882825043046217 WSW 55.94291688396311 -3.188559668164375 1257.846988 1082.600138
55.94291688396311 -3.188559668164375 W 55.94291688396311 -3.1888596681643753 1257.846988 1081.350138
55.94291688396311 -3.1888596681643753 WSW 55.9428020789334 -3.1891368320241287 1257.846988 1080.100138
55.9428020789334 -3.1891368320241287 W 55.9428020789334 -3.189436832024129 1257.846988 1078.850138
55.9428020789334 -3.189436832024129 WSW 55.94268727390369 -3.1897139958838823 1257.846988 1077.600138
55.94268727390369 -3.1897139958838823 NNW 55.94296443776344 -3.1898288009135918 1307.285421 1146.182861
55.94296443776344 -3.1898288009135918 NNW 55.9432416016232 -3.1899436059433013 1307.285421 1144.932861
55.9432416016232 -3.1899436059433013 N 55.9435416016232 -3.1899436059433013 1307.285421 1143.682861
55.9435416016232 -3.1899436059433013 NNW 55.94381876548296 -3.190058410973011 1307.285421 1142.432861
55.94381876548296 -3.190058410973011 N 55.94411876548296 -3.190058410973011 1307.285421 1141.182861
55.94411876548296 -3.190058410973011 NNW 55.94439592934272 -3.1901732160027203 1307.285421 1139.932861
55.94439592934272 -3.1901732160027203 N 55.94469592934272 -3.1901732160027203 1307.285421 1138.682861
55.94469592934272 -3.1901732160027203 NNW 55.94497309320248 -3.19028802103243 1307.285421 1137.432861
55.94497309320248 -3.19028802103243 N 55.94527309320248 -3.19028802103243 1307.285421 1136.182861
55.94527309320248 -3.19028802103243 E 55.94527309320248 -3.1899880210324296 1423.057802 1220.990056
55.94527309320248 -3.1899880210324296 ENE 55.94538789823219 -3.189710857172676 1423.057802 1219.740056
55.94538789823219 -3.189710857172676 E 55.94538789823219 -3.189410857172676 1423.057802 1218.490056
55.94538789823219 -3.189410857172676 ENE 55.9455027032619 -3.1891336933129226 1423.057802 1217.240056
55.9455027032619 -3.1891336933129226 E 55.9455027032619 -3.1888336933129224 1423.057802 1215.990056
55.9455027032619 -3.1888336933129224 ENE 55.94561750829161 -3.188556529453169 1423.057802 1214.740056
55.94561750829161 -3.188556529453169 E 55.94561750829161 -3.188256529453169 1423.057802 1213.490056
55.94561750829161 -3.188256529453169 ENE 55.94573231332132 -3.1879793655934154 1423.057802 1212.240056
55.94573231332132 -3.1879793655934154 E 55.94573231332132 -3.1876793655934152 1423.057802 1210.990056
55.94573231332132 -3.1876793655934152 WSW 55.94561750829161 -3.1879565294531687 1433.891785 1292.309146
55.94561750829161 -3.1879565294531687 WSW 55.9455027032619 -3.188233693312922 1433.891785 1291.059146
55.9455027032619 -3.188233693312922 WSW 55.94538789823219 -3.1885108571726755 1433.891785 1289.809146
55.94538789823219 -3.1885108571726755 WSW 55.94527309320248 -3.188788021032429 1433.891785 1288.559146
55.94527309320248 -3.188788021032429 WSW 55.94515828817277 -3.1890651848921823 1433.891785 1287.309146
55.94515828817277 -3.1890651848921823 WSW 55.94504348314306 -3.1893423487519357 1433.891785 1286.059146
55.94504348314306 -3.1893423487519357 WSW 55.94492867811335 -3.189619512611689 1433.891785 1284.809146
55.94492867811335 -3.189619512611689 WSW 55.94481387308364 -3.1898966764714425 1433.891785 1283.559146
55.94481387308364 -3.1898966764714425 WSW 55.94469906805393 -3.190173840331196 1433.891785 1282.309146
55.94469906805393 -3.190173840331196 WSW 55.94458426302422 -3.1904510041909493 1433.891785 1281.059146
55.94458426302422 -3.1904510041909493 WSW 55.94446945799451 -3.1907281680507027 1433.891785 1279.809146
55.94446945799451 -3.1907281680507027 WSW 55.9443546529648 -3.191005331910456 1433.891785 1278.559146
55.9443546529648 -3.191005331910456 WSW 55.94423984793509 -3.1912824957702095 1433.891785 1277.309146
55.94423984793509 -3.1912824957702095 WSW 55.94412504290538 -3.191559659629963 1433.891785 1276.059146
55.94412504290538 -3.191559659629963 WSW 55.944010237875666 -3.1918368234897163 1449.546992 1315.572573
55.944010237875666 -3.1918368234897163 NNW 55.94428740173542 -3.191951628519426 1449.546992 1314.322573
55.94428740173542 -3.191951628519426 NNW 55.94456456559518 -3.1920664335491353 1449.546992 1313.072573
55.94456456559518 -3.1920664335491353 NNW 55.944841729454936 -3.192181238578845 1449.546992 1311.822573
55.944841729454936 -3.192181238578845 NNW 55.94511889331469 -3.1922960436085543 1449.546992 1310.572573
55.94511889331469 -3.1922960436085543 E 55.94511889331469 -3.191996043608554 1534.973169 1347.336371
55.94511889331469 -3.191996043608554 E 55.94511889331469 -3.191696043608554 1534.973169 1346.086371
55.94511889331469 -3.191696043608554 E 55.94511889331469 -3.191396043608554 1534.973169 1344.836371
55.94511889331469 -3.191396043608554 E 55.94511889331469 -3.1910960436085536 1534.973169 1343.586371
55.94511889331469 -3.1910960436085536 E 55.94511889331469 -3.1907960436085534 1534.973169 1342.336371
55.94511889331469 -3.1907960436085534 E 55.94511889331469 -3.190496043608553 1534.973169 1341.086371
55.94511889331469 -3.190496043608553 E 55.94511889331469 -3.190196043608553 1534.973169 1339.836371
55.94511889331469 -3.190196043608553 E 55.94511889331469 -3.189896043608553 1534.973169 1338.586371
55.94511889331469 -3.189896043608553 E 55.94511889331469 -3.1895960436085526 1534.973169 1337.336371
55.94511889331469 -3.1895960436085526 E 55.94511889331469 -3.1892960436085525 1534.973169 1336.086371
55.94511889331469 -3.1892960436085525 E 55.94511889331469 -3.1889960436085523 1534.973169 1334.836371
55.94511889331469 -3.1889960436085523 E 55.94511889331469 -3.188696043608552 1534.973169 1333.586371
55.94511889331469 -3.188696043608552 E 55.94511889331469 -3.188396043608552 1534.973169 1332.336371
55.94511889331469 -3.188396043608552 E 55.94511889331469 -3.1880960436085517 1534.973169 1331.086371
55.94511889331469 -3.1880960436085517 E 55.94511889331469 -3.1877960436085515 1534.973169 1329.836371
55.94511889331469 -3.1877960436085515 ENE 55.9452336983444 -3.187518879748798 1534.973169 1328.586371
55.9452336983444 -3.187518879748798 E 55.9452336983444 -3.187218879748798 1534.973169 1327.336371
55.9452336983444 -3.187218879748798 ENE 55.94534850337411 -3.1869417158890445 1534.973169 1326.086371
55.94534850337411 -3.1869417158890445 E 55.94534850337411 -3.1866417158890443 1534.973169 1324.836371
55.94534850337411 -3.1866417158890443 ENE 55.94546330840382 -3.186364552029291 1444.315408 1301.550672
55.94546330840382 -3.186364552029291 E 55.94546330840382 -3.1860645520292907 1444.315408 1300.300672
55.94546330840382 -3.1860645520292907 ENE 55.945578113433534 -3.1857873881695373 1444.315408 1299.050672
55.945578113433534 -3.1857873881695373 E 55.945578113433534 -3.185487388169537 1444.315408 1297.800672
55.945578113433534 -3.185487388169537 ENE 55.945692918463244 -3.1852102243097837 1444.315408 1296.550672
55.945692918463244 -3.1852102243097837 E 55.945692918463244 -3.1849102243097835 1444.315408 1295.300672
55.945692918463244 -3.1849102243097835 ENE 55.945807723492955 -3.18463306045003 1444.315408 1294.050672
55.945807723492955 -3.18463306045003 E 55.945807723492955 -3.18433306045003 1444.315408 1292.800672
55.945807723492955 -3.18433306045003 W 55.945807723492955 -3.18463306045003 1513.773922 1407.635068
55.945807723492955 -3.18463306045003 E 55.945807723492955 -3.18433306045003 1513.773922 1406.385068
55.945807723492955 -3.18433306045003 W 55.945807723492955 -3.18463306045003 1513.773922 1405.135068
55.945807723492955 -3.18463306045003 W 55.945807723492955 -3.1849330604500303 1513.773922 1403.885068
55.945807723492955 -3.1849330604500303 W 55.945807723492955 -3.1852330604500305 1513.773922 1402.635068
55.945807723492955 -3.1852330604500305 WSW 55.945692918463244 -3.185510224309784 1513.773922 1401.385068
55.945692918463244 -3.185510224309784 W 55.945692918463244 -3.185810224309784 1513.773922 1400.135068
55.945692918463244 -3.185810224309784 WSW 55.945578113433534 -3.1860873881695375 1513.773922 1398.885068
55.945578113433534 -3.1860873881695375 W 55.945578113433534 -3.1863873881695377 1513.773922 1397.635068
55.945578113433534 -3.1863873881695377 WSW 55.94546330840382 -3.186664552029291 1513.773922 1396.385068
55.94546330840382 -3.186664552029291 W 55.94546330840382 -3.1869645520292913 1513.773922 1395.135068
55.94546330840382 -3.1869645520292913 WSW 55.94534850337411 -3.1872417158890447 1513.773922 1393.885068
55.94534850337411 -3.1872417158890447 W 55.94534850337411 -3.187541715889045 1513.773922 1392.635068
55.94534850337411 -3.187541715889045 WSW 55.9452336983444 -3.1878188797487983 1513.773922 1391.385068
55.9452336983444 -3.1878188797487983 W 55.9452336983444 -3.1881188797487985 1513.773922 1390.135068
55.9452336983444 -3.1881188797487985 WSW 55.94511889331469 -3.188396043608552 1513.773922 1388.885068
55.94511889331469 -3.188396043608552 W 55.94511889331469 -3.188696043608552 1513.773922 1387.635068
55.94511889331469 -3.188696043608552 WSW 55.94500408828498 -3.1889732074683055 1513.773922 1386.385068
55.94500408828498 -3.1889732074683055 W 55.94500408828498 -3.1892732074683057 1513.773922 1385.135068
55.94500408828498 -3.1892732074683057 WSW 55.94488928325527 -3.189550371328059 1513.773922 1383.885068
55.94488928325527 -3.189550371328059 W 55.94488928325527 -3.1898503713280593 1513.773922 1382.635068
55.94488928325527 -3.1898503713280593 WSW 55.94477447822556 -3.1901275351878127 1513.773922 1381.385068
55.94477447822556 -3.1901275351878127 W 55.94477447822556 -3.190427535187813 1513.773922 1380.135068
55.94477447822556 -3.190427535187813 WSW 55.94465967319585 -3.1907046990475663 1513.773922 1378.885068
55.94465967319585 -3.1907046990475663 W 55.94465967319585 -3.1910046990475665 1513.773922 1377.635068
55.94465967319585 -3.1910046990475665 WSW 55.94454486816614 -3.19128186290732 1513.773922 1376.385068
55.94454486816614 -3.19128186290732 W 55.94454486816614 -3.19158186290732 1513.773922 1375.135068
55.94454486816614 -3.19158186290732 WSW 55.94443006313643 -3.1918590267670734 1602.932668 1476.675873
55.94443006313643 -3.1918590267670734 SW 55.944217931102074 -3.192071158801429 1602.932668 1475.425873
55.944217931102074 -3.192071158801429 NNW 55.94449509496183 -3.1921859638311387 1602.932668 1474.175873
55.94449509496183 -3.1921859638311387 WNW 55.94460989999154 -3.192463127690892 1602.932668 1472.925873
55.94460989999154 -3.192463127690892 N 55.94490989999154 -3.192463127690892 1602.932668 1471.675873
55.94490989999154 -3.192463127690892 NNE 55.9451870638513 -3.1923483226611826 1602.932668 1470.425873
55.9451870638513 -3.1923483226611826 WNW 55.94530186888101 -3.192625486520936 1602.932668 1469.175873
55.94530186888101 -3.192625486520936 NNW 55.94557903274077 -3.1927402915506455 1602.932668 1467.925873
55.94557903274077 -3.1927402915506455 SE 55.94536690070641 -3.1925281595162898 1602.932668 1466.675873
55.94536690070641 -3.1925281595162898 NNW 55.94564406456617 -3.1926429645459993 1602.932668 1465.425873
55.94564406456617 -3.1926429645459993 SE 55.94543193253181 -3.1924308325116435 1602.932668 1464.175873
55.94543193253181 -3.1924308325116435 NNW 55.94570909639157 -3.192545637541353 1602.932668 1462.925873
55.94570909639157 -3.192545637541353 NW 55.945921228425924 -3.192757769575709 1602.932668 1461.675873
55.945921228425924 -3.192757769575709 E 55.945921228425924 -3.1924577695757086 1602.932668 1460.425873
55.945921228425924 -3.1924577695757086 E 55.945921228425924 -3.1921577695757084 1602.932668 1459.175873
55.945921228425924 -3.1921577695757084 NNE 55.94619839228568 -3.192042964545999 1562.284999 1347.173822
55.94619839228568 -3.192042964545999 S 55.94589839228568 -3.192042964545999 1562.284999 1345.923822
55.94589839228568 -3.192042964545999 NE 55.946110524320034 -3.191830832511643 1562.284999 1344.673822
