55.944425 -3.188396 ENE 55.94453980502971 -3.1881188361402466 0.000000 248.750000
55.94453980502971 -3.1881188361402466 ENE 55.94465461005942 -3.187841672280493 0.000000 247.500000
55.94465461005942 -3.187841672280493 ENE 55.944769415089134 -3.18756450842074 0.000000 246.250000
55.944769415089134 -3.18756450842074 ENE 55.944884220118844 -3.1872873445609864 0.000000 245.000000
55.944884220118844 -3.1872873445609864 ENE 55.944999025148554 -3.187010180701233 49.270928 256.824749
55.944999025148554 -3.187010180701233 ENE 55.945113830178265 -3.1867330168414796 0.000000 131.704170
55.945113830178265 -3.1867330168414796 ENE 55.945228635207975 -3.186455852981726 0.000000 130.454170
55.945228635207975 -3.186455852981726 ENE 55.945343440237686 -3.1861786891219728 0.000000 129.204170
55.945343440237686 -3.1861786891219728 ENE 55.945458245267396 -3.1859015252622194 0.000000 127.954170
55.945458245267396 -3.1859015252622194 S 55.94515824526739 -3.1859015252622194 113.887452 161.557950
55.94515824526739 -3.1859015252622194 S 55.94485824526739 -3.1859015252622194 220.206845 177.434411
55.94485824526739 -3.1859015252622194 S 55.94455824526739 -3.1859015252622194 235.925669 269.476424
55.94455824526739 -3.1859015252622194 SSE 55.94428108140763 -3.18578672023251 235.925669 268.226424
55.94428108140763 -3.18578672023251 S 55.94398108140763 -3.18578672023251 235.925669 266.976424
55.94398108140763 -3.18578672023251 SSE 55.94370391754787 -3.1856719152028004 235.925669 265.726424
55.94370391754787 -3.1856719152028004 S 55.94340391754787 -3.1856719152028004 313.140754 273.632146
55.94340391754787 -3.1856719152028004 SSE 55.94312675368811 -3.185557110173091 313.140754 272.382146
55.94312675368811 -3.185557110173091 NW 55.94333888572247 -3.1857692422074466 348.280399 331.473396
55.94333888572247 -3.1857692422074466 NW 55.943551017756825 -3.1859813742418024 348.280399 330.223396
55.943551017756825 -3.1859813742418024 NW 55.94376314979118 -3.186193506276158 348.280399 328.973396
55.94376314979118 -3.186193506276158 NW 55.94397528182554 -3.186405638310514 379.942102 407.294762
55.94397528182554 -3.186405638310514 NW 55.94418741385989 -3.1866177703448697 379.942102 406.044762
55.94418741385989 -3.1866177703448697 WNW 55.944302218889604 -3.186894934204623 490.551071 476.206273
55.944302218889604 -3.186894934204623 NW 55.94451435092396 -3.187107066238979 490.551071 474.956273
55.94451435092396 -3.187107066238979 WNW 55.94462915595367 -3.1873842300987323 490.551071 473.706273
55.94462915595367 -3.1873842300987323 NW 55.94484128798803 -3.187596362133088 490.551071 472.456273
55.94484128798803 -3.187596362133088 WNW 55.94495609301774 -3.1878735259928415 490.551071 471.206273
55.94495609301774 -3.1878735259928415 NW 55.94516822505209 -3.1880856580271972 490.551071 469.956273
55.94516822505209 -3.1880856580271972 WNW 55.945283030081804 -3.1883628218869506 490.551071 468.706273
55.945283030081804 -3.1883628218869506 NW 55.94549516211616 -3.1885749539213064 490.551071 467.456273
55.94549516211616 -3.1885749539213064 WNW 55.94560996714587 -3.18885211778106 490.551071 466.206273
55.94560996714587 -3.18885211778106 SSW 55.945332803286114 -3.1889669228107693 512.444268 565.945188
55.945332803286114 -3.1889669228107693 SSW 55.94505563942636 -3.189081727840479 512.444268 564.695188
55.94505563942636 -3.189081727840479 SSW 55.9447784755666 -3.1891965328701883 512.444268 563.445188
55.9447784755666 -3.1891965328701883 SSW 55.944501311706844 -3.189311337899898 512.444268 562.195188
55.944501311706844 -3.189311337899898 SSW 55.94422414784709 -3.1894261429296074 512.444268 560.945188
55.94422414784709 -3.1894261429296074 SSW 55.94394698398733 -3.189540947959317 512.444268 559.695188
55.94394698398733 -3.189540947959317 SSW 55.943669820127575 -3.1896557529890264 512.444268 558.445188
55.943669820127575 -3.1896557529890264 SSW 55.94339265626782 -3.189770558018736 512.444268 557.195188
55.94339265626782 -3.189770558018736 S 55.943092656267815 -3.189770558018736 512.444268 555.945188
55.943092656267815 -3.189770558018736 SSW 55.94281549240806 -3.1898853630484454 467.048808 539.998567
55.94281549240806 -3.1898853630484454 NW 55.943027624442415 -3.190097495082801 516.487240 608.581290
55.943027624442415 -3.190097495082801 NW 55.94323975647677 -3.190309627117157 516.487240 607.331290
55.94323975647677 -3.190309627117157 NW 55.94345188851113 -3.1905217591515127 516.487240 606.081290
55.94345188851113 -3.1905217591515127 NW 55.943664020545484 -3.1907338911858685 516.487240 604.831290
55.943664020545484 -3.1907338911858685 NW 55.94387615257984 -3.1909460232202242 516.487240 603.581290
55.94387615257984 -3.1909460232202242 NW 55.944088284614196 -3.19115815525458 516.487240 602.331290
55.944088284614196 -3.19115815525458 NW 55.94430041664855 -3.191370287288936 516.487240 601.081290
55.94430041664855 -3.191370287288936 NW 55.94451254868291 -3.1915824193232916 516.487240 599.831290
55.94451254868291 -3.1915824193232916 NW 55.944724680717265 -3.1917945513576473 608.582094 603.676454
55.944724680717265 -3.1917945513576473 NW 55.94493681275162 -3.192006683392003 608.582094 602.426454
55.94493681275162 -3.192006683392003 NW 55.94514894478598 -3.192218815426359 608.582094 601.176454
55.94514894478598 -3.192218815426359 WNW 55.94526374981569 -3.1924959792861123 608.582094 599.926454
55.94526374981569 -3.1924959792861123 E 55.94526374981569 -3.192195979286112 694.008270 636.690251
55.94526374981569 -3.192195979286112 E 55.94526374981569 -3.191895979286112 694.008270 635.440251
55.94526374981569 -3.191895979286112 E 55.94526374981569 -3.1915959792861117 694.008270 634.190251
55.94526374981569 -3.1915959792861117 E 55.94526374981569 -3.1912959792861115 694.008270 632.940251
55.94526374981569 -3.1912959792861115 E 55.94526374981569 -3.1909959792861113 757.938197 749.569861
55.94526374981569 -3.1909959792861113 E 55.94526374981569 -3.190695979286111 757.938197 748.319861
55.94526374981569 -3.190695979286111 E 55.94526374981569 -3.190395979286111 757.938197 747.069861
55.94526374981569 -3.190395979286111 ESE 55.94514894478598 -3.1901188154263576 873.710578 831.877056
55.94514894478598 -3.1901188154263576 ESE 55.94503413975627 -3.189841651566604 873.710578 830.627056
55.94503413975627 -3.189841651566604 ESE 55.944919334726556 -3.1895644877068507 873.710578 829.377056
55.944919334726556 -3.1895644877068507 ESE 55.944804529696846 -3.1892873238470973 873.710578 828.127056
55.944804529696846 -3.1892873238470973 E 55.944804529696846 -3.188987323847097 873.710578 826.877056
55.944804529696846 -3.188987323847097 ESE 55.944689724667136 -3.1887101599873438 873.710578 825.627056
55.944689724667136 -3.1887101599873438 E 55.944689724667136 -3.1884101599873436 840.575429 749.927638
55.944689724667136 -3.1884101599873436 ESE 55.944574919637425 -3.18813299612759 840.575429 748.677638
55.944574919637425 -3.18813299612759 E 55.944574919637425 -3.18783299612759 840.575429 747.427638
55.944574919637425 -3.18783299612759 ESE 55.944460114607715 -3.1875558322678366 840.575429 746.177638
55.944460114607715 -3.1875558322678366 E 55.944460114607715 -3.1872558322678364 840.575429 744.927638
55.944460114607715 -3.1872558322678364 ESE 55.944345309578004 -3.186978668408083 840.575429 743.677638
55.944345309578004 -3.186978668408083 E 55.944345309578004 -3.186678668408083 840.575429 742.427638
55.944345309578004 -3.186678668408083 ESE 55.944230504548294 -3.1864015045483294 836.128580 636.928705
55.944230504548294 -3.1864015045483294 E 55.944230504548294 -3.186101504548329 836.128580 635.678705
55.944230504548294 -3.186101504548329 ESE 55.94411569951858 -3.185824340688576 836.128580 634.428705
55.94411569951858 -3.185824340688576 E 55.94411569951858 -3.1855243406885756 836.128580 633.178705
55.94411569951858 -3.1855243406885756 ESE 55.94400089448887 -3.185247176828822 836.128580 631.928705
55.94400089448887 -3.185247176828822 E 55.94400089448887 -3.184947176828822 836.128580 630.678705
55.94400089448887 -3.184947176828822 ESE 55.94388608945916 -3.1846700129690686 836.128580 629.428705
55.94388608945916 -3.1846700129690686 N 55.944186089459166 -3.1846700129690686 922.004377 704.193422
55.944186089459166 -3.1846700129690686 N 55.94448608945917 -3.1846700129690686 922.004377 702.943422
55.94448608945917 -3.1846700129690686 NNE 55.944763253318925 -3.184555207939359 922.004377 701.693422
55.944763253318925 -3.184555207939359 N 55.94506325331893 -3.184555207939359 922.004377 700.443422
55.94506325331893 -3.184555207939359 NNE 55.945340417178684 -3.1844404029096496 954.797238 786.303425
55.945340417178684 -3.1844404029096496 N 55.94564041717869 -3.1844404029096496 954.797238 785.053425
55.94564041717869 -3.1844404029096496 SW 55.94542828514433 -3.1846525349440054 1024.255752 899.887821
55.94542828514433 -3.1846525349440054 SW 55.945216153109975 -3.184864666978361 1024.255752 898.637821
55.945216153109975 -3.184864666978361 SW 55.94500402107562 -3.185076799012717 974.148151 778.858168
55.94500402107562 -3.185076799012717 SW 55.94479188904126 -3.1852889310470727 974.148151 777.608168
55.94479188904126 -3.1852889310470727 SW 55.944579757006906 -3.1855010630814284 974.148151 776.358168
55.944579757006906 -3.1855010630814284 SW 55.94436762497255 -3.185713195115784 974.148151 775.108168
55.94436762497255 -3.185713195115784 SW 55.944155492938194 -3.18592532715014 974.148151 773.858168
55.944155492938194 -3.18592532715014 SW 55.94394336090384 -3.1861374591844958 974.148151 772.608168
55.94394336090384 -3.1861374591844958 SSW 55.94366619704408 -3.1862522642142053 974.148151 771.358168
55.94366619704408 -3.1862522642142053 SW 55.943454065009725 -3.186464396248561 974.148151 770.108168
55.943454065009725 -3.186464396248561 SSW 55.94317690114997 -3.1865792012782705 974.148151 768.858168
55.94317690114997 -3.1865792012782705 SW 55.94296476911561 -3.1867913333126263 974.148151 767.608168
55.94296476911561 -3.1867913333126263 SSW 55.942687605255855 -3.186906138342336 974.148151 766.358168
55.942687605255855 -3.186906138342336 NNW 55.94296476911561 -3.1870209433720453 998.174806 882.204893
55.94296476911561 -3.1870209433720453 NNW 55.94324193297537 -3.187135748401755 998.174806 880.954893
55.94324193297537 -3.187135748401755 N 55.94354193297537 -3.187135748401755 998.174806 879.704893
55.94354193297537 -3.187135748401755 NNW 55.94381909683513 -3.1872505534314644 993.348202 819.411620
55.94381909683513 -3.1872505534314644 N 55.94411909683513 -3.1872505534314644 993.348202 818.161620
55.94411909683513 -3.1872505534314644 NNW 55.94439626069489 -3.187365358461174 993.348202 816.911620
55.94439626069489 -3.187365358461174 N 55.94469626069489 -3.187365358461174 993.348202 815.661620
55.94469626069489 -3.187365358461174 NNW 55.94497342455465 -3.1874801634908834 993.348202 814.411620
55.94497342455465 -3.1874801634908834 N 55.94527342455465 -3.1874801634908834 993.348202 813.161620
55.94527342455465 -3.1874801634908834 NNW 55.945550588414406 -3.187594968520593 993.348202 811.911620
55.945550588414406 -3.187594968520593 WSW 55.945435783384696 -3.1878721323803463 1004.182185 893.230710
55.945435783384696 -3.1878721323803463 WSW 55.945320978354985 -3.1881492962400997 1004.182185 891.980710
55.945320978354985 -3.1881492962400997 WSW 55.945206173325275 -3.188426460099853 1004.182185 890.730710
55.945206173325275 -3.188426460099853 WSW 55.945091368295564 -3.1887036239596065 1004.182185 889.480710
55.945091368295564 -3.1887036239596065 WSW 55.944976563265854 -3.18898078781936 1004.182185 888.230710
55.944976563265854 -3.18898078781936 WSW 55.944861758236144 -3.1892579516791133 1004.182185 886.980710
55.944861758236144 -3.1892579516791133 WSW 55.94474695320643 -3.1895351155388667 1004.182185 885.730710
55.94474695320643 -3.1895351155388667 WSW 55.94463214817672 -3.18981227939862 1100.264260 919.065796
55.94463214817672 -3.18981227939862 SSW 55.944354984316966 -3.1899270844283296 1100.264260 917.815796
55.944354984316966 -3.1899270844283296 SW 55.94414285228261 -3.1901392164626854 1111.041762 978.308018
55.94414285228261 -3.1901392164626854 SSW 55.943865688422854 -3.190254021492395 1111.041762 977.058018
55.943865688422854 -3.190254021492395 SW 55.9436535563885 -3.1904661535267507 1111.041762 975.808018
55.9436535563885 -3.1904661535267507 SSW 55.94337639252874 -3.19058095855646 1111.041762 974.558018
55.94337639252874 -3.19058095855646 SW 55.943164260494385 -3.190793090590816 1111.041762 973.308018
55.943164260494385 -3.190793090590816 SSW 55.94288709663463 -3.1909078956205255 1111.041762 972.058018
55.94288709663463 -3.1909078956205255 ENE 55.94300190166434 -3.190630731760772 1188.697179 1054.299897
55.94300190166434 -3.190630731760772 ENE 55.94311670669405 -3.1903535679010186 1188.697179 1053.049897
55.94311670669405 -3.1903535679010186 ENE 55.94323151172376 -3.1900764040412652 1188.697179 1051.799897
55.94323151172376 -3.1900764040412652 ENE 55.94334631675347 -3.189799240181512 1188.697179 1050.549897
55.94334631675347 -3.189799240181512 ENE 55.94346112178318 -3.1895220763217584 1188.697179 1049.299897
55.94346112178318 -3.1895220763217584 ENE 55.94357592681289 -3.189244912462005 1188.697179 1048.049897
55.94357592681289 -3.189244912462005 ENE 55.9436907318426 -3.1889677486022516 1245.335739 1130.461938
55.9436907318426 -3.1889677486022516 ENE 55.94380553687231 -3.1886905847424982 1245.335739 1129.211938
55.94380553687231 -3.1886905847424982 ENE 55.94392034190202 -3.188413420882745 1245.335739 1127.961938
55.94392034190202 -3.188413420882745 ENE 55.94403514693173 -3.1881362570229914 1245.335739 1126.711938
55.94403514693173 -3.1881362570229914 W 55.94403514693173 -3.1884362570229916 1318.705126 1202.790775
55.94403514693173 -3.1884362570229916 W 55.94403514693173 -3.188736257022992 1318.705126 1201.540775
55.94403514693173 -3.188736257022992 W 55.94403514693173 -3.189036257022992 1318.705126 1200.290775
55.94403514693173 -3.189036257022992 W 55.94403514693173 -3.189336257022992 1318.705126 1199.040775
55.94403514693173 -3.189336257022992 W 55.94403514693173 -3.1896362570229924 1318.705126 1197.790775
55.94403514693173 -3.1896362570229924 W 55.94403514693173 -3.1899362570229925 1318.705126 1196.540775
55.94403514693173 -3.1899362570229925 W 55.94403514693173 -3.1902362570229927 1318.705126 1195.290775
55.94403514693173 -3.1902362570229927 W 55.94403514693173 -3.190536257022993 1340.999240 1205.099339
55.94403514693173 -3.190536257022993 W 55.94403514693173 -3.190836257022993 1340.999240 1203.849339
55.94403514693173 -3.190836257022993 WSW 55.94392034190202 -3.1911134208827465 1340.999240 1202.599339
55.94392034190202 -3.1911134208827465 W 55.94392034190202 -3.1914134208827467 1402.696752 1222.713883
55.94392034190202 -3.1914134208827467 ENE 55.94403514693173 -3.1911362570229933 1447.010792 1227.077517
55.94403514693173 -3.1911362570229933 NE 55.94424727896609 -3.1909241249886375 1447.010792 1225.827517
55.94424727896609 -3.1909241249886375 ENE 55.9443620839958 -3.190646961128884 1447.010792 1224.577517
55.9443620839958 -3.190646961128884 NE 55.944574216030155 -3.1904348290945284 1447.010792 1223.327517
55.944574216030155 -3.1904348290945284 WSW 55.944459411000445 -3.1907119929542818 1507.808517 1258.595625
55.944459411000445 -3.1907119929542818 WSW 55.944344605970734 -3.190989156814035 1507.808517 1257.345625
55.944344605970734 -3.190989156814035 WSW 55.944229800941024 -3.1912663206737886 1507.808517 1256.095625
55.944229800941024 -3.1912663206737886 WSW 55.94411499591131 -3.191543484533542 1507.808517 1254.845625
55.94411499591131 -3.191543484533542 NNW 55.94439215977107 -3.1916582895632515 1523.463724 1294.359053
55.94439215977107 -3.1916582895632515 N 55.94469215977107 -3.1916582895632515 1612.622470 1395.899857
55.94469215977107 -3.1916582895632515 ENE 55.94480696480078 -3.191381125703498 1612.622470 1394.649857
55.94480696480078 -3.191381125703498 ENE 55.94492176983049 -3.1911039618437447 1612.622470 1393.399857
55.94492176983049 -3.1911039618437447 ENE 55.945036574860204 -3.1908267979839913 1612.622470 1392.149857
55.945036574860204 -3.1908267979839913 ENE 55.945151379889914 -3.190549634124238 1612.622470 1390.899857
55.945151379889914 -3.190549634124238 ENE 55.945266184919625 -3.1902724702644845 1612.622470 1389.649857
55.945266184919625 -3.1902724702644845 ENE 55.945380989949335 -3.189995306404731 1612.622470 1388.399857
55.945380989949335 -3.189995306404731 ENE 55.945495794979045 -3.1897181425449777 1612.622470 1387.149857
55.945495794979045 -3.1897181425449777 ENE 55.945610600008756 -3.1894409786852242 1612.622470 1385.899857
55.945610600008756 -3.1894409786852242 ENE 55.945725405038466 -3.189163814825471 1612.622470 1384.649857
55.945725405038466 -3.189163814825471 ESE 55.945610600008756 -3.1888866509657174 1693.252958 1499.246335
55.945610600008756 -3.1888866509657174 SW 55.9453984679744 -3.189098783000073 1693.252958 1497.996335
55.9453984679744 -3.189098783000073 WNW 55.94551327300411 -3.1893759468598266 1693.252958 1496.746335
55.94551327300411 -3.1893759468598266 SE 55.945301140969754 -3.189163814825471 1693.252958 1495.496335
55.945301140969754 -3.189163814825471 SSW 55.94502397711 -3.1892786198551804 1693.252958 1494.246335
55.94502397711 -3.1892786198551804 NNE 55.945301140969754 -3.189163814825471 1693.252958 1492.996335
55.945301140969754 -3.189163814825471 S 55.94500114096975 -3.189163814825471 1693.252958 1491.746335
55.94500114096975 -3.189163814825471 SE 55.944789008935395 -3.188951682791115 1693.252958 1490.496335
55.944789008935395 -3.188951682791115 ENE 55.944903813965105 -3.1886745189313617 1693.252958 1489.246335
55.944903813965105 -3.1886745189313617 WNW 55.945018618994816 -3.188951682791115 1693.252958 1487.996335
55.945018618994816 -3.188951682791115 ESE 55.944903813965105 -3.1886745189313617 1693.252958 1486.746335
55.944903813965105 -3.1886745189313617 SSE 55.94462665010535 -3.188559713901652 1693.252958 1485.496335
55.94462665010535 -3.188559713901652 SE 55.94441451807099 -3.1883475818672964 1693.252958 1484.246335
55.94441451807099 -3.1883475818672964 NE 55.94462665010535 -3.1881354498329406 1693.252958 1482.996335
55.94462665010535 -3.1881354498329406 NNW 55.944903813965105 -3.18825025486265 1693.252958 1481.746335
55.944903813965105 -3.18825025486265 SW 55.94469168193075 -3.188462386897006 1693.252958 1480.496335
55.94469168193075 -3.188462386897006 W 55.94469168193075 -3.188762386897006 1693.252958 1479.246335
55.94469168193075 -3.188762386897006 SW 55.94447954989639 -3.188974518931362 1693.252958 1477.996335
55.94447954989639 -3.188974518931362 SSE 55.944202386036636 -3.1888597139016523 1669.425236 1452.850400
55.944202386036636 -3.1888597139016523 ESE 55.944087581006926 -3.188582550041899 1669.425236 1451.600400
55.944087581006926 -3.188582550041899 NNW 55.94436474486668 -3.1886973550716085 1669.425236 1450.350400
55.94436474486668 -3.1886973550716085 N 55.944664744866685 -3.1886973550716085 1669.425236 1449.100400
55.944664744866685 -3.1886973550716085 ESE 55.944549939836975 -3.188420191211855 1669.425236 1447.850400
55.944549939836975 -3.188420191211855 SSW 55.94427277597722 -3.1885349962415646 1669.425236 1446.600400
55.94427277597722 -3.1885349962415646 ESE 55.94415797094751 -3.188257832381811 1669.425236 1445.350400
55.94415797094751 -3.188257832381811 WNW 55.94427277597722 -3.1885349962415646 1669.425236 1444.100400
55.94427277597722 -3.1885349962415646 WNW 55.94438758100693 -3.188812160101318 1669.425236 1442.850400
55.94438758100693 -3.188812160101318 ESE 55.94427277597722 -3.1885349962415646 1669.425236 1441.600400
55.94427277597722 -3.1885349962415646 NW 55.944484908011574 -3.1887471282759203 1669.425236 1440.350400
55.944484908011574 -3.1887471282759203 NE 55.94469704004593 -3.1885349962415646 1669.425236 1439.100400
55.94469704004593 -3.1885349962415646 N 55.94499704004593 -3.1885349962415646 1669.425236 1437.850400
55.94499704004593 -3.1885349962415646 SSE 55.94471987618618 -3.188420191211855 1669.425236 1436.600400
55.94471987618618 -3.188420191211855 SSW 55.94444271232642 -3.1885349962415646 1669.425236 1435.350400
55.94444271232642 -3.1885349962415646 NNW 55.94471987618618 -3.188649801271274 1669.425236 1434.100400
55.94471987618618 -3.188649801271274 NNE 55.94499704004593 -3.1885349962415646 1669.425236 1432.850400
55.94499704004593 -3.1885349962415646 NNE 55.94527420390569 -3.188420191211855 1669.425236 1431.600400
55.94527420390569 -3.188420191211855 NNW 55.94555136776545 -3.1885349962415646 1669.425236 1430.350400
55.94555136776545 -3.1885349962415646 WSW 55.945436562735736 -3.188812160101318 1669.425236 1429.100400
55.945436562735736 -3.188812160101318 NW 55.94564869477009 -3.1890242921356737 1669.425236 1427.850400
55.94564869477009 -3.1890242921356737 E 55.94564869477009 -3.1887242921356735 1669.425236 1426.600400
55.94564869477009 -3.1887242921356735 WSW 55.94553388974038 -3.189001455995427 1669.425236 1425.350400
55.94553388974038 -3.189001455995427 NNW 55.94581105360014 -3.1891162610251365 1669.425236 1424.100400
55.94581105360014 -3.1891162610251365 NE 55.946023185634495 -3.1889041289907807 1669.425236 1422.850400
55.946023185634495 -3.1889041289907807 ENE 55.946137990664205 -3.1886269651310273 1669.425236 1421.600400
55.946137990664205 -3.1886269651310273 ESE 55.946023185634495 -3.188349801271274 1669.425236 1420.350400
55.946023185634495 -3.188349801271274 NW 55.94623531766885 -3.1885619333056296 1669.425236 1419.100400
55.94623531766885 -3.1885619333056296 NNW 55.94651248152861 -3.188676738335339 1669.425236 1417.850400
55.94651248152861 -3.188676738335339 SSE 55.94623531766885 -3.1885619333056296 1669.425236 1416.600400
55.94623531766885 -3.1885619333056296 NNE 55.94651248152861 -3.18844712827592 1669.425236 1415.350400
55.94651248152861 -3.18844712827592 S 55.946212481528605 -3.18844712827592 1669.425236 1414.100400
55.946212481528605 -3.18844712827592 SSE 55.94593531766885 -3.1883323232462106 1669.425236 1412.850400
55.94593531766885 -3.1883323232462106 ENE 55.94605012269856 -3.1880551593864572 1669.425236 1411.600400
55.94605012269856 -3.1880551593864572 NNW 55.946327286558315 -3.1881699644161667 1669.425236 1410.350400
55.946327286558315 -3.1881699644161667 NNE 55.94660445041807 -3.1880551593864572 1669.425236 1409.100400
55.94660445041807 -3.1880551593864572 NW 55.94681658245243 -3.188267291420813 1669.425236 1407.850400
55.94681658245243 -3.188267291420813 WNW 55.94693138748214 -3.1885444552805664 1669.425236 1406.600400
55.94693138748214 -3.1885444552805664 NNE 55.947208551341895 -3.188429650250857 1669.425236 1405.350400
55.947208551341895 -3.188429650250857 SSE 55.94693138748214 -3.1883148452211474 1669.425236 1404.100400
55.94693138748214 -3.1883148452211474 S 55.946631387482135 -3.1883148452211474 1669.425236 1402.850400
55.946631387482135 -3.1883148452211474 NE 55.94684351951649 -3.1881027131867916 1669.425236 1401.600400
55.94684351951649 -3.1881027131867916 WSW 55.94672871448678 -3.188379877046545 1669.425236 1400.350400
55.94672871448678 -3.188379877046545 NNW 55.94700587834654 -3.1884946820762545 1669.425236 1399.100400
55.94700587834654 -3.1884946820762545 SE 55.94679374631218 -3.1882825500418988 1669.425236 1397.850400
55.94679374631218 -3.1882825500418988 NW 55.94700587834654 -3.1884946820762545 1669.425236 1396.600400
55.94700587834654 -3.1884946820762545 ESE 55.94689107331683 -3.188217518216501 1669.425236 1395.350400
55.94689107331683 -3.188217518216501 NE 55.94710320535118 -3.1880053861821454 1669.425236 1394.100400
55.94710320535118 -3.1880053861821454 NE 55.94731533738554 -3.1877932541477896 1669.425236 1392.850400
55.94731533738554 -3.1877932541477896 NNW 55.947592501245296 -3.187908059177499 1669.425236 1391.600400
55.947592501245296 -3.187908059177499 SSW 55.94731533738554 -3.1880228642072086 1669.425236 1390.350400
55.94731533738554 -3.1880228642072086 N 55.94761533738554 -3.1880228642072086 1669.425236 1389.100400
55.94761533738554 -3.1880228642072086 SW 55.947403205351186 -3.1882349962415644 1669.425236 1387.850400
55.947403205351186 -3.1882349962415644 SW 55.94719107331683 -3.18844712827592 1669.425236 1386.600400
55.94719107331683 -3.18844712827592 ESE 55.94707626828712 -3.1881699644161667 1669.425236 1385.350400
55.94707626828712 -3.1881699644161667 E 55.94707626828712 -3.1878699644161665 1669.425236 1384.100400
55.94707626828712 -3.1878699644161665 SE 55.94686413625276 -3.1876578323818108 1669.425236 1382.850400
55.94686413625276 -3.1876578323818108 NW 55.94707626828712 -3.1878699644161665 1669.425236 1381.600400
55.94707626828712 -3.1878699644161665 NNW 55.947353432146876 -3.187984769445876 1669.425236 1380.350400
55.947353432146876 -3.187984769445876 SE 55.94714130011252 -3.1877726374115203 1669.425236 1379.100400
55.94714130011252 -3.1877726374115203 NE 55.947353432146876 -3.1875605053771645 1669.425236 1377.850400
55.947353432146876 -3.1875605053771645 N 55.94765343214688 -3.1875605053771645 1669.425236 1376.600400
55.94765343214688 -3.1875605053771645 NNE 55.947930596006636 -3.187445700347455 1669.425236 1375.350400
55.947930596006636 -3.187445700347455 E 55.947930596006636 -3.187145700347455 1669.425236 1374.100400
55.947930596006636 -3.187145700347455 SSW 55.94765343214688 -3.1872605053771643 1669.425236 1372.850400
55.94765343214688 -3.1872605053771643 SSE 55.94737626828712 -3.187145700347455 1669.425236 1371.600400
55.94737626828712 -3.187145700347455 NW 55.94758840032148 -3.1873578323818106 1669.425236 1370.350400
55.94758840032148 -3.1873578323818106 SSE 55.94731123646172 -3.187243027352101 1669.425236 1369.100400
