55.944425 -3.188396 ENE 55.94453980502971 -3.1881188361402466 0.000000 248.750000
55.94453980502971 -3.1881188361402466 ENE 55.94465461005942 -3.187841672280493 0.000000 247.500000
55.94465461005942 -3.187841672280493 ENE 55.944769415089134 -3.18756450842074 0.000000 246.250000
55.944769415089134 -3.18756450842074 ENE 55.944884220118844 -3.1872873445609864 0.000000 245.000000
55.944884220118844 -3.1872873445609864 ENE 55.944999025148554 -3.187010180701233 49.270928 256.824749
55.944999025148554 -3.187010180701233 ENE 55.945113830178265 -3.1867330168414796 0.000000 131.704170
55.945113830178265 -3.1867330168414796 ENE 55.945228635207975 -3.186455852981726 0.000000 130.454170
55.945228635207975 -3.186455852981726 ENE 55.945343440237686 -3.1861786891219728 0.000000 129.204170
55.945343440237686 -3.1861786891219728 ENE 55.945458245267396 -3.1859015252622194 0.000000 127.954170
55.945458245267396 -3.1859015252622194 S 55.94515824526739 -3.1859015252622194 113.887452 161.557950
55.94515824526739 -3.1859015252622194 S 55.94485824526739 -3.1859015252622194 220.206845 177.434411
55.94485824526739 -3.1859015252622194 S 55.94455824526739 -3.1859015252622194 235.925669 269.476424
55.94455824526739 -3.1859015252622194 SSE 55.94428108140763 -3.18578672023251 235.925669 268.226424
55.94428108140763 -3.18578672023251 S 55.94398108140763 -3.18578672023251 235.925669 266.976424
55.94398108140763 -3.18578672023251 SSE 55.94370391754787 -3.1856719152028004 235.925669 265.726424
55.94370391754787 -3.1856719152028004 S 55.94340391754787 -3.1856719152028004 313.140754 273.632146
55.94340391754787 -3.1856719152028004 SSE 55.94312675368811 -3.185557110173091 313.140754 272.382146
55.94312675368811 -3.185557110173091 W 55.94312675368811 -3.185857110173091 348.280399 331.473396
55.94312675368811 -3.185857110173091 W 55.94312675368811 -3.1861571101730912 348.280399 330.223396
55.94312675368811 -3.1861571101730912 W 55.94312675368811 -3.1864571101730914 348.280399 328.973396
55.94312675368811 -3.1864571101730914 W 55.94312675368811 -3.1867571101730916 348.280399 327.723396
55.94312675368811 -3.1867571101730916 W 55.94312675368811 -3.187057110173092 348.280399 326.473396
55.94312675368811 -3.187057110173092 W 55.94312675368811 -3.187357110173092 348.280399 325.223396
55.94312675368811 -3.187357110173092 W 55.94312675368811 -3.187657110173092 348.280399 323.973396
55.94312675368811 -3.187657110173092 WSW 55.9430119486584 -3.1879342740328456 348.280399 322.723396
55.9430119486584 -3.1879342740328456 W 55.9430119486584 -3.1882342740328458 348.280399 321.473396
55.9430119486584 -3.1882342740328458 WSW 55.94289714362869 -3.188511437892599 348.280399 320.223396
55.94289714362869 -3.188511437892599 W 55.94289714362869 -3.1888114378925994 348.280399 318.973396
55.94289714362869 -3.1888114378925994 WSW 55.94278233859898 -3.1890886017523528 348.280399 317.723396
55.94278233859898 -3.1890886017523528 W 55.94278233859898 -3.189388601752353 348.280399 316.473396
55.94278233859898 -3.189388601752353 WSW 55.94266753356927 -3.1896657656121064 348.280399 315.223396
55.94266753356927 -3.1896657656121064 N 55.94296753356927 -3.1896657656121064 397.718831 383.806119
55.94296753356927 -3.1896657656121064 N 55.943267533569276 -3.1896657656121064 397.718831 382.556119
55.943267533569276 -3.1896657656121064 N 55.94356753356928 -3.1896657656121064 397.718831 381.306119
55.94356753356928 -3.1896657656121064 N 55.94386753356928 -3.1896657656121064 397.718831 380.056119
55.94386753356928 -3.1896657656121064 N 55.944167533569285 -3.1896657656121064 397.718831 378.806119
55.944167533569285 -3.1896657656121064 N 55.94446753356929 -3.1896657656121064 397.718831 377.556119
55.94446753356929 -3.1896657656121064 E 55.94446753356929 -3.189365765612106 493.800906 410.891205
55.94446753356929 -3.189365765612106 E 55.94446753356929 -3.189065765612106 493.800906 409.641205
55.94446753356929 -3.189065765612106 E 55.94446753356929 -3.188765765612106 493.800906 408.391205
55.94446753356929 -3.188765765612106 E 55.94446753356929 -3.1884657656121056 469.973184 383.245270
55.94446753356929 -3.1884657656121056 E 55.94446753356929 -3.1881657656121054 469.973184 381.995270
55.94446753356929 -3.1881657656121054 E 55.94446753356929 -3.187865765612105 469.973184 380.745270
55.94446753356929 -3.187865765612105 ESE 55.94435272853958 -3.187588601752352 469.973184 379.495270
55.94435272853958 -3.187588601752352 E 55.94435272853958 -3.1872886017523516 469.973184 378.245270
55.94435272853958 -3.1872886017523516 ESE 55.94423792350987 -3.187011437892598 469.973184 376.995270
55.94423792350987 -3.187011437892598 E 55.94423792350987 -3.186711437892598 469.973184 375.745270
55.94423792350987 -3.186711437892598 WNW 55.94435272853958 -3.1869886017523514 580.582153 445.906782
55.94435272853958 -3.1869886017523514 WNW 55.94446753356929 -3.187265765612105 580.582153 444.656782
55.94446753356929 -3.187265765612105 NW 55.944679665603644 -3.1874778976464606 580.582153 443.406782
55.944679665603644 -3.1874778976464606 WNW 55.944794470633354 -3.187755061506214 580.582153 442.156782
55.944794470633354 -3.187755061506214 NW 55.94500660266771 -3.18796719354057 580.582153 440.906782
55.94500660266771 -3.18796719354057 WNW 55.94512140769742 -3.188244357400323 580.582153 439.656782
55.94512140769742 -3.188244357400323 NW 55.94533353973178 -3.188456489434679 580.582153 438.406782
55.94533353973178 -3.188456489434679 WNW 55.94544834476149 -3.1887336532944324 580.582153 437.156782
55.94544834476149 -3.1887336532944324 NW 55.945660476795844 -3.188945785328788 602.475350 536.895697
55.945660476795844 -3.188945785328788 SW 55.94544834476149 -3.189157917363144 602.475350 535.645697
55.94544834476149 -3.189157917363144 SW 55.94523621272713 -3.1893700493974997 602.475350 534.395697
55.94523621272713 -3.1893700493974997 SW 55.945024080692775 -3.1895821814318555 602.475350 533.145697
55.945024080692775 -3.1895821814318555 SW 55.94481194865842 -3.1897943134662112 602.475350 531.895697
55.94481194865842 -3.1897943134662112 SW 55.94459981662406 -3.190006445500567 602.475350 530.645697
55.94459981662406 -3.190006445500567 ESE 55.94448501159435 -3.1897292816408136 613.252852 591.137918
55.94448501159435 -3.1897292816408136 SE 55.944272879559996 -3.189517149606458 613.252852 589.887918
55.944272879559996 -3.189517149606458 ESE 55.944158074530286 -3.1892399857467044 613.252852 588.637918
55.944158074530286 -3.1892399857467044 SE 55.94394594249593 -3.1890278537123486 613.252852 587.387918
55.94394594249593 -3.1890278537123486 ESE 55.94383113746622 -3.1887506898525952 613.252852 586.137918
55.94383113746622 -3.1887506898525952 SE 55.94361900543186 -3.1885385578182395 613.252852 584.887918
55.94361900543186 -3.1885385578182395 ESE 55.94350420040215 -3.188261393958486 613.252852 583.637918
55.94350420040215 -3.188261393958486 SE 55.943292068367796 -3.1880492619241303 613.252852 582.387918
55.943292068367796 -3.1880492619241303 ESE 55.943177263338086 -3.187772098064377 613.252852 581.137918
55.943177263338086 -3.187772098064377 SE 55.94296513130373 -3.187559966030021 613.252852 579.887918
55.94296513130373 -3.187559966030021 ESE 55.94285032627402 -3.1872828021702677 613.252852 578.637918
55.94285032627402 -3.1872828021702677 SE 55.94263819423966 -3.187070670135912 613.252852 577.387918
55.94263819423966 -3.187070670135912 NNW 55.94291535809942 -3.1871854751656215 637.279507 693.234644
55.94291535809942 -3.1871854751656215 NW 55.943127490133776 -3.1873976071999772 637.279507 691.984644
55.943127490133776 -3.1873976071999772 NNW 55.94340465399353 -3.1875124122296867 637.279507 690.734644
55.94340465399353 -3.1875124122296867 NW 55.94361678602789 -3.1877245442640425 637.279507 689.484644
55.94361678602789 -3.1877245442640425 NNW 55.943893949887645 -3.187839349293752 637.279507 688.234644
55.943893949887645 -3.187839349293752 NW 55.944106081922 -3.188051481328108 637.279507 686.984644
55.944106081922 -3.188051481328108 NNW 55.94438324578176 -3.1881662863578173 611.337098 675.566162
55.94438324578176 -3.1881662863578173 NW 55.944595377816114 -3.188378418392173 611.337098 674.316162
55.944595377816114 -3.188378418392173 NNW 55.94487254167587 -3.1884932234218826 611.337098 673.066162
55.94487254167587 -3.1884932234218826 NW 55.94508467371023 -3.1887053554562383 578.201949 597.366744
55.94508467371023 -3.1887053554562383 NNW 55.94536183756998 -3.188820160485948 578.201949 596.116744
55.94536183756998 -3.188820160485948 NW 55.94557396960434 -3.1890322925203036 578.201949 594.866744
55.94557396960434 -3.1890322925203036 SW 55.94536183756998 -3.1892444245546594 658.832437 709.463222
55.94536183756998 -3.1892444245546594 SW 55.94514970553563 -3.189456556589015 658.832437 708.213222
55.94514970553563 -3.189456556589015 SW 55.94493757350127 -3.189668688623371 658.832437 706.963222
55.94493757350127 -3.189668688623371 SW 55.944725441466915 -3.1898808206577267 658.832437 705.713222
55.944725441466915 -3.1898808206577267 SW 55.94451330943256 -3.1900929526920825 658.832437 704.463222
55.94451330943256 -3.1900929526920825 SW 55.9443011773982 -3.1903050847264383 658.832437 703.213222
55.9443011773982 -3.1903050847264383 SSW 55.944024013538446 -3.1904198897561478 658.832437 701.963222
55.944024013538446 -3.1904198897561478 ENE 55.944138818568156 -3.1901427258963944 681.126551 711.771786
55.944138818568156 -3.1901427258963944 ENE 55.94425362359787 -3.189865562036641 681.126551 710.521786
55.94425362359787 -3.189865562036641 ENE 55.94436842862758 -3.1895883981768876 681.126551 709.271786
55.94436842862758 -3.1895883981768876 ENE 55.94448323365729 -3.189311234317134 681.126551 708.021786
55.94448323365729 -3.189311234317134 ENE 55.944598038687 -3.1890340704573807 681.126551 706.771786
55.944598038687 -3.1890340704573807 ENE 55.94471284371671 -3.1887569065976273 681.126551 705.521786
55.94471284371671 -3.1887569065976273 ENE 55.94482764874642 -3.188479742737874 681.126551 704.271786
55.94482764874642 -3.188479742737874 ENE 55.94494245377613 -3.1882025788781205 681.126551 703.021786
55.94494245377613 -3.1882025788781205 ENE 55.94505725880584 -3.187925415018367 681.126551 701.771786
55.94505725880584 -3.187925415018367 ENE 55.94517206383555 -3.1876482511586137 681.126551 700.521786
55.94517206383555 -3.1876482511586137 E 55.94517206383555 -3.1873482511586135 681.126551 699.271786
55.94517206383555 -3.1873482511586135 ENE 55.94528686886526 -3.18707108729886 681.126551 698.021786
55.94528686886526 -3.18707108729886 E 55.94528686886526 -3.18677108729886 626.384192 696.771786
55.94528686886526 -3.18677108729886 ENE 55.94540167389497 -3.1864939234391065 626.384192 695.521786
55.94540167389497 -3.1864939234391065 E 55.94540167389497 -3.1861939234391063 535.726432 672.236087
55.94540167389497 -3.1861939234391063 ENE 55.94551647892468 -3.185916759579353 535.726432 670.986087
55.94551647892468 -3.185916759579353 E 55.94551647892468 -3.1856167595793528 535.726432 669.736087
55.94551647892468 -3.1856167595793528 ENE 55.94563128395439 -3.1853395957195993 535.726432 668.486087
55.94563128395439 -3.1853395957195993 E 55.94563128395439 -3.185039595719599 535.726432 667.236087
55.94563128395439 -3.185039595719599 ENE 55.9457460889841 -3.1847624318598458 535.726432 665.986087
55.9457460889841 -3.1847624318598458 E 55.9457460889841 -3.1844624318598456 535.726432 664.736087
55.9457460889841 -3.1844624318598456 W 55.9457460889841 -3.1847624318598458 605.184946 779.570483
55.9457460889841 -3.1847624318598458 W 55.9457460889841 -3.185062431859846 605.184946 778.320483
55.9457460889841 -3.185062431859846 W 55.9457460889841 -3.185362431859846 605.184946 777.070483
55.9457460889841 -3.185362431859846 W 55.9457460889841 -3.1856624318598463 605.184946 775.820483
55.9457460889841 -3.1856624318598463 WSW 55.94563128395439 -3.1859395957195997 605.184946 774.570483
55.94563128395439 -3.1859395957195997 W 55.94563128395439 -3.1862395957196 605.184946 773.320483
55.94563128395439 -3.1862395957196 WSW 55.94551647892468 -3.1865167595793533 604.949218 670.244950
55.94551647892468 -3.1865167595793533 W 55.94551647892468 -3.1868167595793535 604.949218 668.994950
55.94551647892468 -3.1868167595793535 WSW 55.94540167389497 -3.187093923439107 604.949218 667.744950
55.94540167389497 -3.187093923439107 W 55.94540167389497 -3.187393923439107 604.949218 666.494950
55.94540167389497 -3.187393923439107 WSW 55.94528686886526 -3.1876710872988605 604.949218 665.244950
55.94528686886526 -3.1876710872988605 W 55.94528686886526 -3.1879710872988607 604.949218 663.994950
55.94528686886526 -3.1879710872988607 WSW 55.94517206383555 -3.188248251158614 604.949218 662.744950
55.94517206383555 -3.188248251158614 W 55.94517206383555 -3.1885482511586143 604.949218 661.494950
55.94517206383555 -3.1885482511586143 WSW 55.94505725880584 -3.1888254150183677 604.949218 660.244950
55.94505725880584 -3.1888254150183677 W 55.94505725880584 -3.189125415018368 604.949218 658.994950
55.94505725880584 -3.189125415018368 WSW 55.94494245377613 -3.1894025788781213 604.949218 657.744950
55.94494245377613 -3.1894025788781213 W 55.94494245377613 -3.1897025788781215 604.949218 656.494950
55.94494245377613 -3.1897025788781215 WSW 55.94482764874642 -3.189979742737875 604.949218 655.244950
55.94482764874642 -3.189979742737875 W 55.94482764874642 -3.190279742737875 604.949218 653.994950
55.94482764874642 -3.190279742737875 WSW 55.94471284371671 -3.1905569065976285 665.746943 689.263058
55.94471284371671 -3.1905569065976285 W 55.94471284371671 -3.1908569065976287 665.746943 688.013058
55.94471284371671 -3.1908569065976287 WSW 55.944598038687 -3.191134070457382 665.746943 686.763058
55.944598038687 -3.191134070457382 W 55.944598038687 -3.1914340704573823 665.746943 685.513058
55.944598038687 -3.1914340704573823 ENE 55.94471284371671 -3.191156906597629 757.841796 689.358222
55.94471284371671 -3.191156906597629 ENE 55.94482764874642 -3.1908797427378754 757.841796 688.108222
55.94482764874642 -3.1908797427378754 ENE 55.94494245377613 -3.190602578878122 757.841796 686.858222
55.94494245377613 -3.190602578878122 ENE 55.94505725880584 -3.1903254150183686 757.841796 685.608222
55.94505725880584 -3.1903254150183686 ENE 55.94517206383555 -3.1900482511586152 873.614178 770.415417
55.94517206383555 -3.1900482511586152 ENE 55.94528686886526 -3.189771087298862 873.614178 769.165417
55.94528686886526 -3.189771087298862 ENE 55.94540167389497 -3.1894939234391084 873.614178 767.915417
55.94540167389497 -3.1894939234391084 E 55.94540167389497 -3.1891939234391082 873.614178 766.665417
55.94540167389497 -3.1891939234391082 ENE 55.94551647892468 -3.188916759579355 873.614178 765.415417
55.94551647892468 -3.188916759579355 E 55.94551647892468 -3.1886167595793546 873.614178 764.165417
55.94551647892468 -3.1886167595793546 ENE 55.94563128395439 -3.1883395957196012 873.614178 762.915417
55.94563128395439 -3.1883395957196012 E 55.94563128395439 -3.188039595719601 873.614178 761.665417
55.94563128395439 -3.188039595719601 ENE 55.9457460889841 -3.1877624318598476 873.614178 760.415417
55.9457460889841 -3.1877624318598476 ESE 55.94563128395439 -3.1874852680000942 884.448161 841.734508
55.94563128395439 -3.1874852680000942 ESE 55.94551647892468 -3.187208104140341 884.448161 840.484508
55.94551647892468 -3.187208104140341 ESE 55.94540167389497 -3.1869309402805874 884.448161 839.234508
55.94540167389497 -3.1869309402805874 ESE 55.94528686886526 -3.186653776420834 884.448161 837.984508
55.94528686886526 -3.186653776420834 ESE 55.94517206383555 -3.1863766125610806 884.448161 836.734508
55.94517206383555 -3.1863766125610806 SE 55.94495993180119 -3.186164480526725 884.448161 835.484508
55.94495993180119 -3.186164480526725 ESE 55.94484512677148 -3.1858873166669714 884.448161 834.234508
55.94484512677148 -3.1858873166669714 SE 55.94463299473713 -3.1856751846326157 884.448161 832.984508
55.94463299473713 -3.1856751846326157 ESE 55.944518189707416 -3.1853980207728623 884.448161 831.734508
55.944518189707416 -3.1853980207728623 SE 55.94430605767306 -3.1851858887385065 884.448161 830.484508
55.94430605767306 -3.1851858887385065 ESE 55.94419125264335 -3.184908724878753 884.448161 829.234508
55.94419125264335 -3.184908724878753 SE 55.943979120608994 -3.1846965928443973 884.448161 827.984508
55.943979120608994 -3.1846965928443973 WNW 55.944093925638704 -3.1849737567041507 970.323958 902.749224
55.944093925638704 -3.1849737567041507 W 55.944093925638704 -3.185273756704151 970.323958 901.499224
55.944093925638704 -3.185273756704151 WNW 55.944208730668414 -3.1855509205639043 970.323958 900.249224
55.944208730668414 -3.1855509205639043 W 55.944208730668414 -3.1858509205639045 970.323958 898.999224
55.944208730668414 -3.1858509205639045 WNW 55.944323535698125 -3.186128084423658 970.323958 897.749224
55.944323535698125 -3.186128084423658 W 55.944323535698125 -3.186428084423658 970.323958 896.499224
55.944323535698125 -3.186428084423658 WNW 55.944438340727835 -3.1867052482834115 965.877108 791.000291
55.944438340727835 -3.1867052482834115 W 55.944438340727835 -3.1870052482834117 965.877108 789.750291
55.944438340727835 -3.1870052482834117 WNW 55.944553145757546 -3.187282412143165 965.877108 788.500291
55.944553145757546 -3.187282412143165 W 55.944553145757546 -3.1875824121431653 965.877108 787.250291
55.944553145757546 -3.1875824121431653 WNW 55.944667950787256 -3.1878595760029187 965.877108 786.000291
55.944667950787256 -3.1878595760029187 W 55.944667950787256 -3.188159576002919 965.877108 784.750291
55.944667950787256 -3.188159576002919 WNW 55.944782755816966 -3.1884367398626723 965.877108 783.500291
55.944782755816966 -3.1884367398626723 W 55.944782755816966 -3.1887367398626725 965.877108 782.250291
55.944782755816966 -3.1887367398626725 WNW 55.94489756084668 -3.189013903722426 965.877108 781.000291
55.94489756084668 -3.189013903722426 W 55.94489756084668 -3.189313903722426 965.877108 779.750291
55.94489756084668 -3.189313903722426 WNW 55.94501236587639 -3.1895910675821795 965.877108 778.500291
55.94501236587639 -3.1895910675821795 W 55.94501236587639 -3.1898910675821797 965.877108 777.250291
55.94501236587639 -3.1898910675821797 WNW 55.9451271709061 -3.190168231441933 965.877108 776.000291
55.9451271709061 -3.190168231441933 W 55.9451271709061 -3.1904682314419333 965.877108 774.750291
55.9451271709061 -3.1904682314419333 WNW 55.94524197593581 -3.1907453953016867 965.877108 773.500291
55.94524197593581 -3.1907453953016867 W 55.94524197593581 -3.191045395301687 965.877108 772.250291
55.94524197593581 -3.191045395301687 WNW 55.94535678096552 -3.1913225591614403 1029.807035 888.879901
55.94535678096552 -3.1913225591614403 SSW 55.94507961710576 -3.1914373641911498 1029.807035 887.629901
55.94507961710576 -3.1914373641911498 SSW 55.944802453246005 -3.1915521692208593 1029.807035 886.379901
55.944802453246005 -3.1915521692208593 SSW 55.94452528938625 -3.1916669742505688 1029.807035 885.129901
55.94452528938625 -3.1916669742505688 E 55.94452528938625 -3.1913669742505686 1118.965781 986.670706
55.94452528938625 -3.1913669742505686 E 55.94452528938625 -3.1910669742505684 1118.965781 985.420706
55.94452528938625 -3.1910669742505684 E 55.94452528938625 -3.190766974250568 1118.965781 984.170706
55.94452528938625 -3.190766974250568 E 55.94452528938625 -3.190466974250568 1118.965781 982.920706
55.94452528938625 -3.190466974250568 E 55.94452528938625 -3.190166974250568 1118.965781 981.670706
55.94452528938625 -3.190166974250568 E 55.94452528938625 -3.1898669742505676 1118.965781 980.420706
55.94452528938625 -3.1898669742505676 E 55.94452528938625 -3.1895669742505675 1118.965781 979.170706
55.94452528938625 -3.1895669742505675 ESE 55.94441048435654 -3.189289810390814 1118.965781 977.920706
55.94441048435654 -3.189289810390814 E 55.94441048435654 -3.188989810390814 1118.965781 976.670706
55.94441048435654 -3.188989810390814 ESE 55.94429567932683 -3.1887126465310605 1118.965781 975.420706
55.94429567932683 -3.1887126465310605 E 55.94429567932683 -3.1884126465310603 1118.965781 974.170706
55.94429567932683 -3.1884126465310603 ESE 55.94418087429712 -3.188135482671307 1118.965781 972.920706
55.94418087429712 -3.188135482671307 E 55.94418087429712 -3.1878354826713067 1118.965781 971.670706
55.94418087429712 -3.1878354826713067 ESE 55.94406606926741 -3.1875583188115533 1118.965781 970.420706
55.94406606926741 -3.1875583188115533 E 55.94406606926741 -3.187258318811553 1118.965781 969.170706
55.94406606926741 -3.187258318811553 ESE 55.9439512642377 -3.1869811549517997 1118.965781 967.920706
55.9439512642377 -3.1869811549517997 E 55.9439512642377 -3.1866811549517995 1118.965781 966.670706
55.9439512642377 -3.1866811549517995 ESE 55.943836459207986 -3.186403991092046 1118.965781 965.420706
55.943836459207986 -3.186403991092046 WNW 55.9439512642377 -3.1866811549517995 1150.627485 1043.742071
55.9439512642377 -3.1866811549517995 WNW 55.94406606926741 -3.186958318811553 1150.627485 1042.492071
55.94406606926741 -3.186958318811553 WNW 55.94418087429712 -3.1872354826713063 1150.627485 1041.242071
55.94418087429712 -3.1872354826713063 WNW 55.94429567932683 -3.1875126465310597 1150.627485 1039.992071
55.94429567932683 -3.1875126465310597 W 55.94429567932683 -3.18781264653106 1150.627485 1038.742071
55.94429567932683 -3.18781264653106 WNW 55.94441048435654 -3.1880898103908133 1150.627485 1037.492071
55.94441048435654 -3.1880898103908133 W 55.94441048435654 -3.1883898103908135 1150.627485 1036.242071
55.94441048435654 -3.1883898103908135 WNW 55.94452528938625 -3.188666974250567 1150.627485 1034.992071
55.94452528938625 -3.188666974250567 W 55.94452528938625 -3.188966974250567 1150.627485 1033.742071
55.94452528938625 -3.188966974250567 WNW 55.94464009441596 -3.1892441381103205 1150.627485 1032.492071
55.94464009441596 -3.1892441381103205 W 55.94464009441596 -3.1895441381103207 1150.627485 1031.242071
55.94464009441596 -3.1895441381103207 WNW 55.94475489944567 -3.189821301970074 1150.627485 1029.992071
55.94475489944567 -3.189821301970074 W 55.94475489944567 -3.1901213019700743 1150.627485 1028.742071
55.94475489944567 -3.1901213019700743 WNW 55.94486970447538 -3.1903984658298277 1150.627485 1027.492071
55.94486970447538 -3.1903984658298277 W 55.94486970447538 -3.190698465829828 1150.627485 1026.242071
55.94486970447538 -3.190698465829828 WNW 55.94498450950509 -3.1909756296895813 1150.627485 1024.992071
55.94498450950509 -3.1909756296895813 W 55.94498450950509 -3.1912756296895815 1150.627485 1023.742071
55.94498450950509 -3.1912756296895815 WNW 55.9450993145348 -3.191552793549335 1150.627485 1022.492071
55.9450993145348 -3.191552793549335 W 55.9450993145348 -3.191852793549335 1150.627485 1021.242071
55.9450993145348 -3.191852793549335 WNW 55.94521411956451 -3.1921299574090884 1150.627485 1019.992071
55.94521411956451 -3.1921299574090884 W 55.94521411956451 -3.1924299574090886 1150.627485 1018.742071
55.94521411956451 -3.1924299574090886 NNW 55.94549128342427 -3.192544762438798 1236.053661 1055.505869
55.94549128342427 -3.192544762438798 SSE 55.94521411956451 -3.1924299574090886 1236.053661 1054.255869
55.94521411956451 -3.1924299574090886 SSE 55.944936955704755 -3.192315152379379 1236.053661 1053.005869
55.944936955704755 -3.192315152379379 SSE 55.944659791845 -3.1922003473496696 1236.053661 1051.755869
55.944659791845 -3.1922003473496696 SSE 55.94438262798524 -3.19208554231996 1236.053661 1050.505869
55.94438262798524 -3.19208554231996 SSE 55.944105464125485 -3.1919707372902506 1236.053661 1049.255869
55.944105464125485 -3.1919707372902506 SSE 55.94382830026573 -3.191855932260541 1236.053661 1048.005869
55.94382830026573 -3.191855932260541 SE 55.94361616823137 -3.1916438002261853 1236.053661 1046.755869
55.94361616823137 -3.1916438002261853 SSE 55.943339004371616 -3.191528995196476 1236.053661 1045.505869
55.943339004371616 -3.191528995196476 SE 55.94312687233726 -3.19131686316212 1236.053661 1044.255869
55.94312687233726 -3.19131686316212 SSE 55.9428497084775 -3.1912020581324105 1167.600685 1039.056213
55.9428497084775 -3.1912020581324105 N 55.943149708477506 -3.1912020581324105 1245.256103 1121.298092
55.943149708477506 -3.1912020581324105 N 55.94344970847751 -3.1912020581324105 1245.256103 1120.048092
55.94344970847751 -3.1912020581324105 N 55.94374970847751 -3.1912020581324105 1245.256103 1118.798092
55.94374970847751 -3.1912020581324105 WNW 55.94386451350722 -3.191479221992164 1306.953614 1138.912636
55.94386451350722 -3.191479221992164 NW 55.94407664554158 -3.1916913540265197 1351.267654 1143.276270
55.94407664554158 -3.1916913540265197 SW 55.94386451350722 -3.1919034860608755 1366.922861 1182.789697
55.94386451350722 -3.1919034860608755 NE 55.94407664554158 -3.1916913540265197 1366.922861 1181.539697
55.94407664554158 -3.1916913540265197 WNW 55.94419145057129 -3.191968517886273 1366.922861 1180.289697
55.94419145057129 -3.191968517886273 NE 55.944403582605645 -3.1917563858519173 1366.922861 1179.039697
55.944403582605645 -3.1917563858519173 NNE 55.9446807464654 -3.191641580822208 1366.922861 1177.789697
55.9446807464654 -3.191641580822208 ENE 55.94479555149511 -3.1913644169624544 1366.922861 1176.539697
55.94479555149511 -3.1913644169624544 NE 55.94500768352947 -3.1911522849280987 1366.922861 1175.289697
