55.944425 -3.188396 ENE 55.94453980502971 -3.1881188361402466 0.000000 248.750000
55.94453980502971 -3.1881188361402466 ENE 55.94465461005942 -3.187841672280493 0.000000 247.500000
55.94465461005942 -3.187841672280493 ENE 55.944769415089134 -3.18756450842074 0.000000 246.250000
55.944769415089134 -3.18756450842074 ENE 55.944884220118844 -3.1872873445609864 0.000000 245.000000
55.944884220118844 -3.1872873445609864 ENE 55.944999025148554 -3.187010180701233 49.270928 256.824749
55.944999025148554 -3.187010180701233 ENE 55.945113830178265 -3.1867330168414796 0.000000 131.704170
55.945113830178265 -3.1867330168414796 ENE 55.945228635207975 -3.186455852981726 0.000000 130.454170
55.945228635207975 -3.186455852981726 ENE 55.945343440237686 -3.1861786891219728 0.000000 129.204170
55.945343440237686 -3.1861786891219728 ENE 55.945458245267396 -3.1859015252622194 0.000000 127.954170
55.945458245267396 -3.1859015252622194 S 55.94515824526739 -3.1859015252622194 113.887452 161.557950
55.94515824526739 -3.1859015252622194 S 55.94485824526739 -3.1859015252622194 220.206845 177.434411
55.94485824526739 -3.1859015252622194 S 55.94455824526739 -3.1859015252622194 235.925669 269.476424
55.94455824526739 -3.1859015252622194 SSE 55.94428108140763 -3.18578672023251 235.925669 268.226424
55.94428108140763 -3.18578672023251 S 55.94398108140763 -3.18578672023251 235.925669 266.976424
55.94398108140763 -3.18578672023251 SSE 55.94370391754787 -3.1856719152028004 235.925669 265.726424
55.94370391754787 -3.1856719152028004 S 55.94340391754787 -3.1856719152028004 313.140754 273.632146
55.94340391754787 -3.1856719152028004 SSE 55.94312675368811 -3.185557110173091 313.140754 272.382146
55.94312675368811 -3.185557110173091 W 55.94312675368811 -3.185857110173091 348.280399 331.473396
55.94312675368811 -3.185857110173091 W 55.94312675368811 -3.1861571101730912 348.280399 330.223396
55.94312675368811 -3.1861571101730912 W 55.94312675368811 -3.1864571101730914 348.280399 328.973396
55.94312675368811 -3.1864571101730914 W 55.94312675368811 -3.1867571101730916 348.280399 327.723396
55.94312675368811 -3.1867571101730916 W 55.94312675368811 -3.187057110173092 348.280399 326.473396
55.94312675368811 -3.187057110173092 W 55.94312675368811 -3.187357110173092 348.280399 325.223396
55.94312675368811 -3.187357110173092 W 55.94312675368811 -3.187657110173092 348.280399 323.973396
55.94312675368811 -3.187657110173092 WNW 55.94324155871782 -3.1879342740328456 348.280399 322.723396
55.94324155871782 -3.1879342740328456 W 55.94324155871782 -3.1882342740328458 348.280399 321.473396
55.94324155871782 -3.1882342740328458 WNW 55.94335636374753 -3.188511437892599 348.280399 320.223396
55.94335636374753 -3.188511437892599 W 55.94335636374753 -3.1888114378925994 348.280399 318.973396
55.94335636374753 -3.1888114378925994 WNW 55.94347116877724 -3.1890886017523528 348.280399 317.723396
55.94347116877724 -3.1890886017523528 N 55.943771168777246 -3.1890886017523528 404.918959 400.135438
55.943771168777246 -3.1890886017523528 N 55.94407116877725 -3.1890886017523528 404.918959 398.885438
55.94407116877725 -3.1890886017523528 N 55.94437116877725 -3.1890886017523528 404.918959 397.635438
55.94437116877725 -3.1890886017523528 N 55.944671168777255 -3.1890886017523528 404.918959 396.385438
55.944671168777255 -3.1890886017523528 N 55.94497116877726 -3.1890886017523528 404.918959 395.135438
55.94497116877726 -3.1890886017523528 N 55.94527116877726 -3.1890886017523528 404.918959 393.885438
55.94527116877726 -3.1890886017523528 N 55.94557116877726 -3.1890886017523528 404.918959 392.635438
55.94557116877726 -3.1890886017523528 W 55.94557116877726 -3.189388601752353 485.549447 507.231915
55.94557116877726 -3.189388601752353 W 55.94557116877726 -3.189688601752353 485.549447 505.981915
55.94557116877726 -3.189688601752353 W 55.94557116877726 -3.1899886017523533 485.549447 504.731915
55.94557116877726 -3.1899886017523533 W 55.94557116877726 -3.1902886017523535 485.549447 503.481915
55.94557116877726 -3.1902886017523535 W 55.94557116877726 -3.1905886017523537 485.549447 502.231915
55.94557116877726 -3.1905886017523537 W 55.94557116877726 -3.190888601752354 485.549447 500.981915
55.94557116877726 -3.190888601752354 W 55.94557116877726 -3.191188601752354 485.549447 499.731915
55.94557116877726 -3.191188601752354 WSW 55.94545636374755 -3.1914657656121075 485.549447 498.481915
55.94545636374755 -3.1914657656121075 W 55.94545636374755 -3.1917657656121077 485.549447 497.231915
55.94545636374755 -3.1917657656121077 WSW 55.94534155871784 -3.192042929471861 374.597743 464.956524
55.94534155871784 -3.192042929471861 W 55.94534155871784 -3.1923429294718613 374.597743 463.706524
55.94534155871784 -3.1923429294718613 E 55.94534155871784 -3.192042929471861 460.023919 500.470321
55.94534155871784 -3.192042929471861 E 55.94534155871784 -3.191742929471861 460.023919 499.220321
55.94534155871784 -3.191742929471861 E 55.94534155871784 -3.1914429294718607 460.023919 497.970321
55.94534155871784 -3.1914429294718607 E 55.94534155871784 -3.1911429294718605 460.023919 496.720321
55.94534155871784 -3.1911429294718605 E 55.94534155871784 -3.1908429294718603 523.953846 613.349931
55.94534155871784 -3.1908429294718603 E 55.94534155871784 -3.19054292947186 523.953846 612.099931
55.94534155871784 -3.19054292947186 E 55.94534155871784 -3.19024292947186 639.726227 696.907126
55.94534155871784 -3.19024292947186 E 55.94534155871784 -3.1899429294718598 639.726227 695.657126
55.94534155871784 -3.1899429294718598 E 55.94534155871784 -3.1896429294718596 639.726227 694.407126
55.94534155871784 -3.1896429294718596 E 55.94534155871784 -3.1893429294718594 639.726227 693.157126
55.94534155871784 -3.1893429294718594 E 55.94534155871784 -3.189042929471859 639.726227 691.907126
55.94534155871784 -3.189042929471859 E 55.94534155871784 -3.188742929471859 639.726227 690.657126
55.94534155871784 -3.188742929471859 E 55.94534155871784 -3.188442929471859 639.726227 689.407126
55.94534155871784 -3.188442929471859 E 55.94534155871784 -3.1881429294718586 639.726227 688.157126
55.94534155871784 -3.1881429294718586 E 55.94534155871784 -3.1878429294718584 639.726227 686.907126
55.94534155871784 -3.1878429294718584 E 55.94534155871784 -3.1875429294718582 639.726227 685.657126
55.94534155871784 -3.1875429294718582 E 55.94534155871784 -3.187242929471858 639.726227 684.407126
55.94534155871784 -3.187242929471858 E 55.94534155871784 -3.186942929471858 639.726227 683.157126
55.94534155871784 -3.186942929471858 E 55.94534155871784 -3.1866429294718577 639.726227 681.907126
55.94534155871784 -3.1866429294718577 ENE 55.94545636374755 -3.1863657656121043 549.068467 658.621427
55.94545636374755 -3.1863657656121043 E 55.94545636374755 -3.186065765612104 549.068467 657.371427
55.94545636374755 -3.186065765612104 ENE 55.94557116877726 -3.1857886017523507 549.068467 656.121427
55.94557116877726 -3.1857886017523507 E 55.94557116877726 -3.1854886017523505 549.068467 654.871427
55.94557116877726 -3.1854886017523505 ENE 55.945685973806974 -3.185211437892597 549.068467 653.621427
55.945685973806974 -3.185211437892597 E 55.945685973806974 -3.184911437892597 549.068467 652.371427
55.945685973806974 -3.184911437892597 ENE 55.945800778836684 -3.1846342740328435 549.068467 651.121427
55.945800778836684 -3.1846342740328435 E 55.945800778836684 -3.1843342740328433 549.068467 649.871427
55.945800778836684 -3.1843342740328433 SSW 55.94552361497693 -3.184449079062553 618.526981 764.705824
55.94552361497693 -3.184449079062553 SW 55.94531148294257 -3.1846612110969086 618.526981 763.455824
55.94531148294257 -3.1846612110969086 SSW 55.945034319082815 -3.184776016126618 618.526981 762.205824
55.945034319082815 -3.184776016126618 W 55.945034319082815 -3.1850760161266183 651.319843 848.065827
55.945034319082815 -3.1850760161266183 W 55.945034319082815 -3.1853760161266185 601.212241 728.286173
55.945034319082815 -3.1853760161266185 W 55.945034319082815 -3.1856760161266187 601.212241 727.036173
55.945034319082815 -3.1856760161266187 W 55.945034319082815 -3.185976016126619 601.212241 725.786173
55.945034319082815 -3.185976016126619 W 55.945034319082815 -3.186276016126619 601.212241 724.536173
55.945034319082815 -3.186276016126619 W 55.945034319082815 -3.1865760161266192 601.212241 723.286173
55.945034319082815 -3.1865760161266192 W 55.945034319082815 -3.1868760161266194 601.212241 722.036173
55.945034319082815 -3.1868760161266194 W 55.945034319082815 -3.1871760161266196 546.469883 720.786173
55.945034319082815 -3.1871760161266196 W 55.945034319082815 -3.18747601612662 546.469883 719.536173
55.945034319082815 -3.18747601612662 W 55.945034319082815 -3.18777601612662 546.469883 718.286173
55.945034319082815 -3.18777601612662 W 55.945034319082815 -3.18807601612662 546.469883 717.036173
55.945034319082815 -3.18807601612662 W 55.945034319082815 -3.1883760161266204 546.469883 715.786173
55.945034319082815 -3.1883760161266204 W 55.945034319082815 -3.1886760161266205 546.469883 714.536173
55.945034319082815 -3.1886760161266205 WSW 55.944919514053105 -3.188953179986374 513.334734 638.836755
55.944919514053105 -3.188953179986374 W 55.944919514053105 -3.189253179986374 513.334734 637.586755
55.944919514053105 -3.189253179986374 WSW 55.944804709023394 -3.1895303438461275 513.334734 636.336755
55.944804709023394 -3.1895303438461275 W 55.944804709023394 -3.1898303438461277 609.416808 669.671841
55.944804709023394 -3.1898303438461277 WSW 55.944689903993684 -3.190107507705881 609.416808 668.421841
55.944689903993684 -3.190107507705881 WSW 55.94457509896397 -3.1903846715656345 620.194310 728.914063
55.94457509896397 -3.1903846715656345 WSW 55.94446029393426 -3.190661835425388 680.992035 764.182171
55.94446029393426 -3.190661835425388 SW 55.94424816189991 -3.1908739674597437 680.992035 762.932171
55.94424816189991 -3.1908739674597437 WSW 55.944133356870196 -3.191151131319497 680.992035 761.682171
55.944133356870196 -3.191151131319497 SW 55.94392122483584 -3.191363263353853 680.992035 760.432171
55.94392122483584 -3.191363263353853 E 55.94392122483584 -3.1910632633538527 725.306076 764.795805
55.94392122483584 -3.1910632633538527 E 55.94392122483584 -3.1907632633538525 787.003587 784.910349
55.94392122483584 -3.1907632633538525 E 55.94392122483584 -3.1904632633538523 787.003587 783.660349
55.94392122483584 -3.1904632633538523 E 55.94392122483584 -3.190163263353852 809.297701 793.468913
55.94392122483584 -3.190163263353852 E 55.94392122483584 -3.189863263353852 809.297701 792.218913
55.94392122483584 -3.189863263353852 E 55.94392122483584 -3.1895632633538518 809.297701 790.968913
55.94392122483584 -3.1895632633538518 E 55.94392122483584 -3.1892632633538516 809.297701 789.718913
55.94392122483584 -3.1892632633538516 E 55.94392122483584 -3.1889632633538514 809.297701 788.468913
55.94392122483584 -3.1889632633538514 E 55.94392122483584 -3.188663263353851 809.297701 787.218913
55.94392122483584 -3.188663263353851 E 55.94392122483584 -3.188363263353851 809.297701 785.968913
55.94392122483584 -3.188363263353851 E 55.94392122483584 -3.188063263353851 809.297701 784.718913
55.94392122483584 -3.188063263353851 ENE 55.94403602986555 -3.1877860994940974 882.667088 860.797750
55.94403602986555 -3.1877860994940974 E 55.94403602986555 -3.1874860994940972 882.667088 859.547750
55.94403602986555 -3.1874860994940972 ENE 55.94415083489526 -3.187208935634344 882.667088 858.297750
55.94415083489526 -3.187208935634344 E 55.94415083489526 -3.1869089356343436 882.667088 857.047750
55.94415083489526 -3.1869089356343436 W 55.94415083489526 -3.187208935634344 993.276057 927.209261
55.94415083489526 -3.187208935634344 W 55.94415083489526 -3.187508935634344 993.276057 925.959261
55.94415083489526 -3.187508935634344 W 55.94415083489526 -3.187808935634344 993.276057 924.709261
55.94415083489526 -3.187808935634344 W 55.94415083489526 -3.1881089356343444 967.333648 913.290779
55.94415083489526 -3.1881089356343444 W 55.94415083489526 -3.1884089356343446 967.333648 912.040779
55.94415083489526 -3.1884089356343446 W 55.94415083489526 -3.1887089356343448 967.333648 910.790779
55.94415083489526 -3.1887089356343448 W 55.94415083489526 -3.189008935634345 943.505926 885.644845
55.94415083489526 -3.189008935634345 W 55.94415083489526 -3.189308935634345 943.505926 884.394845
55.94415083489526 -3.189308935634345 W 55.94415083489526 -3.1896089356343453 943.505926 883.144845
55.94415083489526 -3.1896089356343453 W 55.94415083489526 -3.1899089356343455 943.505926 881.894845
55.94415083489526 -3.1899089356343455 WNW 55.94426563992497 -3.190186099494099 943.505926 880.644845
55.94426563992497 -3.190186099494099 W 55.94426563992497 -3.190486099494099 943.505926 879.394845
55.94426563992497 -3.190486099494099 WNW 55.94438044495468 -3.1907632633538525 943.505926 878.144845
55.94438044495468 -3.1907632633538525 W 55.94438044495468 -3.1910632633538527 943.505926 876.894845
55.94438044495468 -3.1910632633538527 WNW 55.94449524998439 -3.191340427213606 943.505926 875.644845
55.94449524998439 -3.191340427213606 W 55.94449524998439 -3.1916404272136063 1035.600780 879.490009
55.94449524998439 -3.1916404272136063 SSE 55.944218086124636 -3.191525622183897 1124.759526 981.030813
55.944218086124636 -3.191525622183897 SSE 55.94394092226488 -3.1914108171541873 1124.759526 979.780813
55.94394092226488 -3.1914108171541873 SSE 55.94366375840512 -3.1912960121244778 1124.759526 978.530813
55.94366375840512 -3.1912960121244778 SSE 55.943386594545366 -3.1911812070947683 1124.759526 977.280813
55.943386594545366 -3.1911812070947683 S 55.94308659454536 -3.1911812070947683 1056.306549 972.081157
55.94308659454536 -3.1911812070947683 SSE 55.94280943068561 -3.1910664020650588 1056.306549 970.831157
55.94280943068561 -3.1910664020650588 E 55.94280943068561 -3.1907664020650586 1133.961967 1053.073037
55.94280943068561 -3.1907664020650586 E 55.94280943068561 -3.1904664020650584 1133.961967 1051.823037
55.94280943068561 -3.1904664020650584 E 55.94280943068561 -3.190166402065058 1133.961967 1050.573037
55.94280943068561 -3.190166402065058 E 55.94280943068561 -3.189866402065058 1133.961967 1049.323037
55.94280943068561 -3.189866402065058 E 55.94280943068561 -3.189566402065058 1183.400400 1117.905760
55.94280943068561 -3.189566402065058 E 55.94280943068561 -3.1892664020650576 1183.400400 1116.655760
55.94280943068561 -3.1892664020650576 E 55.94280943068561 -3.1889664020650574 1183.400400 1115.405760
55.94280943068561 -3.1889664020650574 E 55.94280943068561 -3.1886664020650572 1183.400400 1114.155760
55.94280943068561 -3.1886664020650572 E 55.94280943068561 -3.188366402065057 1183.400400 1112.905760
55.94280943068561 -3.188366402065057 E 55.94280943068561 -3.188066402065057 1183.400400 1111.655760
55.94280943068561 -3.188066402065057 E 55.94280943068561 -3.1877664020650567 1183.400400 1110.405760
55.94280943068561 -3.1877664020650567 ESE 55.942694625655896 -3.1874892382053033 1183.400400 1109.155760
55.942694625655896 -3.1874892382053033 E 55.942694625655896 -3.187189238205303 1183.400400 1107.905760
55.942694625655896 -3.187189238205303 ENE 55.94280943068561 -3.1869120743455497 1207.427055 1223.752485
55.94280943068561 -3.1869120743455497 ENE 55.94292423571532 -3.1866349104857963 1207.427055 1222.502485
55.94292423571532 -3.1866349104857963 ENE 55.94303904074503 -3.186357746626043 1175.960225 1161.604815
55.94303904074503 -3.186357746626043 ENE 55.94315384577474 -3.1860805827662895 1175.960225 1160.354815
55.94315384577474 -3.1860805827662895 ENE 55.94326865080445 -3.185803418906536 1175.960225 1159.104815
55.94326865080445 -3.185803418906536 ENE 55.94338345583416 -3.1855262550467827 1175.960225 1157.854815
55.94338345583416 -3.1855262550467827 ENE 55.94349826086387 -3.1852490911870293 1175.960225 1156.604815
55.94349826086387 -3.1852490911870293 ENE 55.94361306589358 -3.184971927327276 1175.960225 1155.354815
55.94361306589358 -3.184971927327276 NE 55.943825197927936 -3.18475979529292 1175.960225 1154.104815
55.943825197927936 -3.18475979529292 ENE 55.943940002957646 -3.1844826314331667 1261.836022 1228.869532
55.943940002957646 -3.1844826314331667 WNW 55.94405480798736 -3.18475979529292 1261.836022 1227.619532
55.94405480798736 -3.18475979529292 WNW 55.94416961301707 -3.1850369591526735 1261.836022 1226.369532
55.94416961301707 -3.1850369591526735 WNW 55.94428441804678 -3.185314123012427 1261.836022 1225.119532
55.94428441804678 -3.185314123012427 WNW 55.94439922307649 -3.1855912868721803 1261.836022 1223.869532
55.94439922307649 -3.1855912868721803 WNW 55.9445140281062 -3.1858684507319337 1261.836022 1222.619532
55.9445140281062 -3.1858684507319337 WNW 55.94462883313591 -3.186145614591687 1261.836022 1221.369532
55.94462883313591 -3.186145614591687 WNW 55.94474363816562 -3.1864227784514405 1261.836022 1220.119532
55.94474363816562 -3.1864227784514405 WNW 55.94485844319533 -3.186699942311194 1261.836022 1218.869532
55.94485844319533 -3.186699942311194 WNW 55.94497324822504 -3.1869771061709473 1261.836022 1217.619532
55.94497324822504 -3.1869771061709473 WNW 55.94508805325475 -3.1872542700307007 1261.836022 1216.369532
55.94508805325475 -3.1872542700307007 WNW 55.94520285828446 -3.187531433890454 1261.836022 1215.119532
55.94520285828446 -3.187531433890454 WNW 55.94531766331417 -3.1878085977502075 1261.836022 1213.869532
55.94531766331417 -3.1878085977502075 WNW 55.94543246834388 -3.188085761609961 1261.836022 1212.619532
55.94543246834388 -3.188085761609961 WNW 55.94554727337359 -3.1883629254697143 1261.836022 1211.369532
55.94554727337359 -3.1883629254697143 W 55.94554727337359 -3.1886629254697145 1261.836022 1210.119532
55.94554727337359 -3.1886629254697145 WNW 55.9456620784033 -3.188940089329468 1283.729219 1309.858447
55.9456620784033 -3.188940089329468 E 55.9456620784033 -3.1886400893294677 1283.729219 1308.608447
55.9456620784033 -3.1886400893294677 E 55.9456620784033 -3.1883400893294676 1283.729219 1307.358447
55.9456620784033 -3.1883400893294676 E 55.9456620784033 -3.1880400893294674 1283.729219 1306.108447
55.9456620784033 -3.1880400893294674 ENE 55.94577688343301 -3.187762925469714 1283.729219 1304.858447
55.94577688343301 -3.187762925469714 SE 55.945564751398656 -3.187550793435358 1294.563202 1386.177537
55.945564751398656 -3.187550793435358 SE 55.9453526193643 -3.1873386614010024 1294.563202 1384.927537
55.9453526193643 -3.1873386614010024 SSE 55.94507545550454 -3.187223856371293 1294.563202 1383.677537
55.94507545550454 -3.187223856371293 SE 55.94486332347019 -3.187011724336937 1294.563202 1382.427537
55.94486332347019 -3.187011724336937 SSE 55.94458615961043 -3.1868969193072276 1294.563202 1381.177537
55.94458615961043 -3.1868969193072276 SE 55.944374027576075 -3.186684787272872 1294.563202 1379.927537
55.944374027576075 -3.186684787272872 SSE 55.94409686371632 -3.1865699822431623 1290.116352 1274.428604
55.94409686371632 -3.1865699822431623 SE 55.94388473168196 -3.1863578502088066 1290.116352 1273.178604
55.94388473168196 -3.1863578502088066 W 55.94388473168196 -3.1866578502088068 1321.778056 1351.499970
55.94388473168196 -3.1866578502088068 W 55.94388473168196 -3.186957850208807 1321.778056 1350.249970
55.94388473168196 -3.186957850208807 W 55.94388473168196 -3.187257850208807 1321.778056 1348.999970
55.94388473168196 -3.187257850208807 W 55.94388473168196 -3.1875578502088073 1321.778056 1347.749970
55.94388473168196 -3.1875578502088073 W 55.94388473168196 -3.1878578502088075 1321.778056 1346.499970
55.94388473168196 -3.1878578502088075 W 55.94388473168196 -3.1881578502088077 1321.778056 1345.249970
55.94388473168196 -3.1881578502088077 W 55.94388473168196 -3.188457850208808 1321.778056 1343.999970
55.94388473168196 -3.188457850208808 W 55.94388473168196 -3.188757850208808 1321.778056 1342.749970
55.94388473168196 -3.188757850208808 W 55.94388473168196 -3.1890578502088083 1321.778056 1341.499970
55.94388473168196 -3.1890578502088083 W 55.94388473168196 -3.1893578502088085 1321.778056 1340.249970
55.94388473168196 -3.1893578502088085 W 55.94388473168196 -3.1896578502088087 1321.778056 1338.999970
55.94388473168196 -3.1896578502088087 W 55.94388473168196 -3.189957850208809 1321.778056 1337.749970
55.94388473168196 -3.189957850208809 W 55.94388473168196 -3.190257850208809 1321.778056 1336.499970
55.94388473168196 -3.190257850208809 W 55.94388473168196 -3.190557850208809 1321.778056 1335.249970
55.94388473168196 -3.190557850208809 W 55.94388473168196 -3.1908578502088094 1321.778056 1333.999970
55.94388473168196 -3.1908578502088094 W 55.94388473168196 -3.1911578502088096 1321.778056 1332.749970
55.94388473168196 -3.1911578502088096 WNW 55.94399953671167 -3.191435014068563 1321.778056 1331.499970
55.94399953671167 -3.191435014068563 W 55.94399953671167 -3.191735014068563 1321.778056 1330.249970
55.94399953671167 -3.191735014068563 NNE 55.94427670057143 -3.1916202090388537 1337.433263 1369.763397
55.94427670057143 -3.1916202090388537 SE 55.94406456853707 -3.191408077004498 1337.433263 1368.513397
55.94406456853707 -3.191408077004498 WSW 55.94394976350736 -3.1916852408642513 1337.433263 1367.263397
55.94394976350736 -3.1916852408642513 ENE 55.94406456853707 -3.191408077004498 1337.433263 1366.013397
55.94406456853707 -3.191408077004498 NW 55.94427670057143 -3.1916202090388537 1337.433263 1364.763397
55.94427670057143 -3.1916202090388537 NNE 55.944553864431185 -3.191505404009144 1337.433263 1363.513397
55.944553864431185 -3.191505404009144 ENE 55.944668669460896 -3.1912282401493908 1337.433263 1362.263397
55.944668669460896 -3.1912282401493908 SSE 55.94439150560114 -3.1911134351196813 1337.433263 1361.013397
55.94439150560114 -3.1911134351196813 NNE 55.944668669460896 -3.1909986300899718 1337.433263 1359.763397
55.944668669460896 -3.1909986300899718 E 55.944668669460896 -3.1906986300899716 1337.433263 1358.513397
55.944668669460896 -3.1906986300899716 N 55.9449686694609 -3.1906986300899716 1337.433263 1357.263397
55.9449686694609 -3.1906986300899716 NE 55.945180801495255 -3.190486498055616 1337.433263 1356.013397
55.945180801495255 -3.190486498055616 NNW 55.94545796535501 -3.1906013030853253 1337.433263 1354.763397
55.94545796535501 -3.1906013030853253 SSW 55.945180801495255 -3.190716108115035 1337.433263 1353.513397
55.945180801495255 -3.190716108115035 S 55.94488080149525 -3.190716108115035 1337.433263 1352.263397
55.94488080149525 -3.190716108115035 SW 55.944668669460896 -3.1909282401493906 1337.433263 1351.013397
55.944668669460896 -3.1909282401493906 NNE 55.94494583332065 -3.190813435119681 1337.433263 1349.763397
55.94494583332065 -3.190813435119681 N 55.945245833320655 -3.190813435119681 1337.433263 1348.513397
55.945245833320655 -3.190813435119681 SSW 55.9449686694609 -3.1909282401493906 1337.433263 1347.263397
55.9449686694609 -3.1909282401493906 E 55.9449686694609 -3.1906282401493904 1337.433263 1346.013397
55.9449686694609 -3.1906282401493904 SSE 55.94469150560114 -3.190513435119681 1337.433263 1344.763397
55.94469150560114 -3.190513435119681 WNW 55.94480631063085 -3.1907905989794343 1337.433263 1343.513397
55.94480631063085 -3.1907905989794343 SW 55.944594178596496 -3.19100273101379 1337.433263 1342.263397
55.944594178596496 -3.19100273101379 SE 55.94438204656214 -3.1907905989794343 1337.433263 1341.013397
55.94438204656214 -3.1907905989794343 WSW 55.94426724153243 -3.1910677628391877 1337.433263 1339.763397
55.94426724153243 -3.1910677628391877 W 55.94426724153243 -3.191367762839188 1337.433263 1338.513397
55.94426724153243 -3.191367762839188 NNW 55.944544405392186 -3.1914825678688974 1337.433263 1337.263397
55.944544405392186 -3.1914825678688974 ESE 55.944429600362476 -3.191205404009144 1337.433263 1336.013397
55.944429600362476 -3.191205404009144 NW 55.94464173239683 -3.1914175360434998 1337.433263 1334.763397
55.94464173239683 -3.1914175360434998 SSW 55.944364568537075 -3.1915323410732093 1337.433263 1333.513397
55.944364568537075 -3.1915323410732093 ESE 55.944249763507365 -3.191255177213456 1337.433263 1332.263397
55.944249763507365 -3.191255177213456 W 55.944249763507365 -3.191555177213456 1337.433263 1331.013397
55.944249763507365 -3.191555177213456 NNE 55.94452692736712 -3.1914403721837465 1337.433263 1329.763397
55.94452692736712 -3.1914403721837465 SSW 55.944249763507365 -3.191555177213456 1337.433263 1328.513397
55.944249763507365 -3.191555177213456 W 55.944249763507365 -3.1918551772134562 1337.433263 1327.263397
55.944249763507365 -3.1918551772134562 NNW 55.94452692736712 -3.1919699822431657 1337.433263 1326.013397
55.94452692736712 -3.1919699822431657 SSW 55.944249763507365 -3.1920847872728753 1337.433263 1324.763397
55.944249763507365 -3.1920847872728753 NNE 55.94452692736712 -3.1919699822431657 1337.433263 1323.513397
55.94452692736712 -3.1919699822431657 N 55.944826927367124 -3.1919699822431657 1337.433263 1322.263397
55.944826927367124 -3.1919699822431657 E 55.944826927367124 -3.1916699822431656 1337.433263 1321.013397
55.944826927367124 -3.1916699822431656 NNW 55.94510409122688 -3.191784787272875 1337.433263 1319.763397
55.94510409122688 -3.191784787272875 NE 55.94531622326124 -3.1915726552385193 1337.433263 1318.513397
55.94531622326124 -3.1915726552385193 NW 55.94552835529559 -3.191784787272875 1337.433263 1317.263397
55.94552835529559 -3.191784787272875 ENE 55.945643160325304 -3.1915076234131217 1337.433263 1316.013397
