55.944425 -3.188396 ENE 55.94453980502971 -3.1881188361402466 0.000000 248.750000
55.94453980502971 -3.1881188361402466 ENE 55.94465461005942 -3.187841672280493 0.000000 247.500000
55.94465461005942 -3.187841672280493 ENE 55.944769415089134 -3.18756450842074 0.000000 246.250000
55.944769415089134 -3.18756450842074 ENE 55.944884220118844 -3.1872873445609864 0.000000 245.000000
55.944884220118844 -3.1872873445609864 ENE 55.944999025148554 -3.187010180701233 49.270928 256.824749
55.944999025148554 -3.187010180701233 ENE 55.945113830178265 -3.1867330168414796 0.000000 131.704170
55.945113830178265 -3.1867330168414796 ENE 55.945228635207975 -3.186455852981726 0.000000 130.454170
55.945228635207975 -3.186455852981726 ENE 55.945343440237686 -3.1861786891219728 0.000000 129.204170
55.945343440237686 -3.1861786891219728 ENE 55.945458245267396 -3.1859015252622194 0.000000 127.954170
55.945458245267396 -3.1859015252622194 S 55.94515824526739 -3.1859015252622194 113.887452 161.557950
55.94515824526739 -3.1859015252622194 S 55.94485824526739 -3.1859015252622194 220.206845 177.434411
55.94485824526739 -3.1859015252622194 S 55.94455824526739 -3.1859015252622194 235.925669 269.476424
55.94455824526739 -3.1859015252622194 SSE 55.94428108140763 -3.18578672023251 235.925669 268.226424
55.94428108140763 -3.18578672023251 S 55.94398108140763 -3.18578672023251 235.925669 266.976424
55.94398108140763 -3.18578672023251 SSE 55.94370391754787 -3.1856719152028004 235.925669 265.726424
55.94370391754787 -3.1856719152028004 S 55.94340391754787 -3.1856719152028004 313.140754 273.632146
55.94340391754787 -3.1856719152028004 SSE 55.94312675368811 -3.185557110173091 313.140754 272.382146
55.94312675368811 -3.185557110173091 NW 55.94333888572247 -3.1857692422074466 348.280399 331.473396
55.94333888572247 -3.1857692422074466 NW 55.943551017756825 -3.1859813742418024 348.280399 330.223396
55.943551017756825 -3.1859813742418024 NW 55.94376314979118 -3.186193506276158 348.280399 328.973396
55.94376314979118 -3.186193506276158 WNW 55.94387795482089 -3.1864706701359116 379.942102 407.294762
55.94387795482089 -3.1864706701359116 WNW 55.9439927598506 -3.186747833995665 379.942102 406.044762
55.9439927598506 -3.186747833995665 WNW 55.94410756488031 -3.1870249978554184 490.551071 476.206273
55.94410756488031 -3.1870249978554184 WNW 55.94422236991002 -3.1873021617151718 490.551071 474.956273
55.94422236991002 -3.1873021617151718 W 55.94422236991002 -3.187602161715172 490.551071 473.706273
55.94422236991002 -3.187602161715172 WNW 55.94433717493973 -3.1878793255749254 490.551071 472.456273
55.94433717493973 -3.1878793255749254 W 55.94433717493973 -3.1881793255749256 490.551071 471.206273
55.94433717493973 -3.1881793255749256 WNW 55.94445197996944 -3.188456489434679 490.551071 469.956273
55.94445197996944 -3.188456489434679 W 55.94445197996944 -3.188756489434679 490.551071 468.706273
55.94445197996944 -3.188756489434679 WNW 55.944566784999154 -3.1890336532944326 466.723349 443.560339
55.944566784999154 -3.1890336532944326 W 55.944566784999154 -3.1893336532944327 466.723349 442.310339
55.944566784999154 -3.1893336532944327 WNW 55.944681590028864 -3.189610817154186 466.723349 441.060339
55.944681590028864 -3.189610817154186 E 55.944681590028864 -3.189310817154186 562.805424 474.395424
55.944681590028864 -3.189310817154186 E 55.944681590028864 -3.1890108171541858 562.805424 473.145424
55.944681590028864 -3.1890108171541858 E 55.944681590028864 -3.1887108171541856 562.805424 471.895424
55.944681590028864 -3.1887108171541856 E 55.944681590028864 -3.1884108171541854 529.670275 396.196006
55.944681590028864 -3.1884108171541854 E 55.944681590028864 -3.188110817154185 529.670275 394.946006
55.944681590028864 -3.188110817154185 E 55.944681590028864 -3.187810817154185 529.670275 393.696006
55.944681590028864 -3.187810817154185 E 55.944681590028864 -3.187510817154185 529.670275 392.446006
55.944681590028864 -3.187510817154185 E 55.944681590028864 -3.1872108171541846 529.670275 391.196006
55.944681590028864 -3.1872108171541846 E 55.944681590028864 -3.1869108171541844 529.670275 389.946006
55.944681590028864 -3.1869108171541844 E 55.944681590028864 -3.1866108171541843 529.670275 388.696006
55.944681590028864 -3.1866108171541843 ENE 55.944796395058574 -3.186333653294431 529.670275 387.446006
55.944796395058574 -3.186333653294431 E 55.944796395058574 -3.1860336532944307 529.670275 386.196006
55.944796395058574 -3.1860336532944307 ENE 55.944911200088285 -3.1857564894346773 529.670275 384.946006
55.944911200088285 -3.1857564894346773 E 55.944911200088285 -3.185456489434677 529.670275 383.696006
55.944911200088285 -3.185456489434677 ENE 55.945026005117995 -3.1851793255749237 529.670275 382.446006
55.945026005117995 -3.1851793255749237 E 55.945026005117995 -3.1848793255749235 529.670275 381.196006
55.945026005117995 -3.1848793255749235 W 55.945026005117995 -3.1851793255749237 562.463136 467.056010
55.945026005117995 -3.1851793255749237 W 55.945026005117995 -3.185479325574924 562.463136 465.806010
55.945026005117995 -3.185479325574924 W 55.945026005117995 -3.185779325574924 562.463136 464.556010
55.945026005117995 -3.185779325574924 W 55.945026005117995 -3.1860793255749242 562.463136 463.306010
55.945026005117995 -3.1860793255749242 WNW 55.945140810147706 -3.1863564894346776 562.463136 462.056010
55.945140810147706 -3.1863564894346776 W 55.945140810147706 -3.186656489434678 562.463136 460.806010
55.945140810147706 -3.186656489434678 WNW 55.945255615177416 -3.1869336532944312 562.463136 459.556010
55.945255615177416 -3.1869336532944312 W 55.945255615177416 -3.1872336532944314 507.720778 458.306010
55.945255615177416 -3.1872336532944314 WNW 55.94537042020713 -3.187510817154185 507.720778 457.056010
55.94537042020713 -3.187510817154185 W 55.94537042020713 -3.187810817154185 507.720778 455.806010
55.94537042020713 -3.187810817154185 WNW 55.94548522523684 -3.1880879810139384 507.720778 454.556010
55.94548522523684 -3.1880879810139384 W 55.94548522523684 -3.1883879810139386 507.720778 453.306010
55.94548522523684 -3.1883879810139386 WNW 55.94560003026655 -3.188665144873692 507.720778 452.056010
55.94560003026655 -3.188665144873692 W 55.94560003026655 -3.188965144873692 529.613974 551.794924
55.94560003026655 -3.188965144873692 SW 55.94538789823219 -3.189177276908048 529.613974 550.544924
55.94538789823219 -3.189177276908048 SW 55.945175766197835 -3.1893894089424037 529.613974 549.294924
55.945175766197835 -3.1893894089424037 SW 55.94496363416348 -3.1896015409767595 529.613974 548.044924
55.94496363416348 -3.1896015409767595 SSW 55.94468647030372 -3.189716346006469 529.613974 546.794924
55.94468647030372 -3.189716346006469 SW 55.944474338269366 -3.189928478040825 529.613974 545.544924
55.944474338269366 -3.189928478040825 SSW 55.94419717440961 -3.1900432830705343 540.391476 606.037146
55.94419717440961 -3.1900432830705343 SW 55.94398504237525 -3.19025541510489 540.391476 604.787146
55.94398504237525 -3.19025541510489 SSW 55.9437078785155 -3.1903702201345996 562.685590 614.595710
55.9437078785155 -3.1903702201345996 SW 55.94349574648114 -3.1905823521689554 562.685590 613.345710
55.94349574648114 -3.1905823521689554 SSW 55.943218582621384 -3.190697157198665 562.685590 612.095710
55.943218582621384 -3.190697157198665 SW 55.94300645058703 -3.1909092892330206 562.685590 610.845710
55.94300645058703 -3.1909092892330206 SSW 55.94272928672727 -3.19102409426273 562.685590 609.595710
55.94272928672727 -3.19102409426273 E 55.94272928672727 -3.19072409426273 640.341008 691.837589
55.94272928672727 -3.19072409426273 E 55.94272928672727 -3.1904240942627298 640.341008 690.587589
55.94272928672727 -3.1904240942627298 E 55.94272928672727 -3.1901240942627296 640.341008 689.337589
55.94272928672727 -3.1901240942627296 E 55.94272928672727 -3.1898240942627294 640.341008 688.087589
55.94272928672727 -3.1898240942627294 E 55.94272928672727 -3.189524094262729 689.779441 756.670312
55.94272928672727 -3.189524094262729 E 55.94272928672727 -3.189224094262729 689.779441 755.420312
55.94272928672727 -3.189224094262729 E 55.94272928672727 -3.188924094262729 689.779441 754.170312
55.94272928672727 -3.188924094262729 E 55.94272928672727 -3.1886240942627286 689.779441 752.920312
55.94272928672727 -3.1886240942627286 E 55.94272928672727 -3.1883240942627284 689.779441 751.670312
55.94272928672727 -3.1883240942627284 E 55.94272928672727 -3.1880240942627283 689.779441 750.420312
55.94272928672727 -3.1880240942627283 E 55.94272928672727 -3.187724094262728 689.779441 749.170312
55.94272928672727 -3.187724094262728 E 55.94272928672727 -3.187424094262728 689.779441 747.920312
55.94272928672727 -3.187424094262728 E 55.94272928672727 -3.1871240942627277 689.779441 746.670312
55.94272928672727 -3.1871240942627277 NW 55.94294141876163 -3.1873362262970835 713.806096 862.517038
55.94294141876163 -3.1873362262970835 NW 55.943153550795984 -3.1875483583314392 713.806096 861.267038
55.943153550795984 -3.1875483583314392 NW 55.94336568283034 -3.187760490365795 713.806096 860.017038
55.94336568283034 -3.187760490365795 NW 55.943577814864696 -3.187972622400151 713.806096 858.767038
55.943577814864696 -3.187972622400151 NW 55.94378994689905 -3.1881847544345066 713.806096 857.517038
55.94378994689905 -3.1881847544345066 NW 55.94400207893341 -3.1883968864688623 787.175483 933.595875
55.94400207893341 -3.1883968864688623 WNW 55.94411688396312 -3.1886740503286157 787.175483 932.345875
55.94411688396312 -3.1886740503286157 NW 55.944329015997475 -3.1888861823629715 787.175483 931.095875
55.944329015997475 -3.1888861823629715 WNW 55.944443821027185 -3.189163346222725 787.175483 929.845875
55.944443821027185 -3.189163346222725 NW 55.94465595306154 -3.1893754782570807 787.175483 928.595875
55.94465595306154 -3.1893754782570807 WNW 55.94477075809125 -3.189652642116834 787.175483 927.345875
55.94477075809125 -3.189652642116834 NW 55.94498289012561 -3.18986477415119 787.175483 926.095875
55.94498289012561 -3.18986477415119 WNW 55.94509769515532 -3.1901419380109433 787.175483 924.845875
55.94509769515532 -3.1901419380109433 NW 55.945309827189675 -3.190354070045299 787.175483 923.595875
55.945309827189675 -3.190354070045299 WSW 55.945195022159965 -3.1906312339050524 902.947864 1008.403070
55.945195022159965 -3.1906312339050524 WSW 55.945080217130254 -3.190908397764806 902.947864 1007.153070
55.945080217130254 -3.190908397764806 SW 55.9448680850959 -3.1911205297991616 902.947864 1005.903070
55.9448680850959 -3.1911205297991616 WSW 55.94475328006619 -3.191397693658915 902.947864 1004.653070
55.94475328006619 -3.191397693658915 SW 55.94454114803183 -3.191609825693271 902.947864 1003.403070
55.94454114803183 -3.191609825693271 ESE 55.94442634300212 -3.1913326618335174 992.106610 1104.943874
55.94442634300212 -3.1913326618335174 ESE 55.94431153797241 -3.191055497973764 1084.201463 1108.789038
55.94431153797241 -3.191055497973764 ESE 55.9441967329427 -3.1907783341140106 1084.201463 1107.539038
55.9441967329427 -3.1907783341140106 ESE 55.94408192791299 -3.190501170254257 1084.201463 1106.289038
55.94408192791299 -3.190501170254257 ESE 55.94396712288328 -3.1902240063945038 1084.201463 1105.039038
55.94396712288328 -3.1902240063945038 ESE 55.94385231785357 -3.1899468425347504 1084.201463 1103.789038
55.94385231785357 -3.1899468425347504 ESE 55.94373751282386 -3.189669678674997 1084.201463 1102.539038
55.94373751282386 -3.189669678674997 ESE 55.94362270779415 -3.1893925148152436 1084.201463 1101.289038
55.94362270779415 -3.1893925148152436 ESE 55.94350790276444 -3.18911535095549 1084.201463 1100.039038
55.94350790276444 -3.18911535095549 NW 55.943720034798794 -3.189327482989846 1140.840024 1182.451080
55.943720034798794 -3.189327482989846 NW 55.94393216683315 -3.1895396150242017 1140.840024 1181.201080
55.94393216683315 -3.1895396150242017 NW 55.944144298867506 -3.1897517470585575 1140.840024 1179.951080
55.944144298867506 -3.1897517470585575 NW 55.94435643090186 -3.1899638790929132 1140.840024 1178.701080
55.94435643090186 -3.1899638790929132 NW 55.94456856293622 -3.190176011127269 1140.840024 1177.451080
55.94456856293622 -3.190176011127269 SW 55.94435643090186 -3.190388143161625 1140.840024 1176.201080
55.94435643090186 -3.190388143161625 SW 55.944144298867506 -3.1906002751959806 1140.840024 1174.951080
55.944144298867506 -3.1906002751959806 WSW 55.944029493837796 -3.190877439055734 1140.840024 1173.701080
55.944029493837796 -3.190877439055734 SW 55.94381736180344 -3.1910895710900897 1140.840024 1172.451080
55.94381736180344 -3.1910895710900897 NE 55.944029493837796 -3.190877439055734 1202.537535 1192.565624
55.944029493837796 -3.190877439055734 NE 55.94424162587215 -3.190665307021378 1202.537535 1191.315624
55.94424162587215 -3.190665307021378 NE 55.94445375790651 -3.1904531749870224 1202.537535 1190.065624
55.94445375790651 -3.1904531749870224 NE 55.944665889940865 -3.1902410429526666 1202.537535 1188.815624
55.944665889940865 -3.1902410429526666 NE 55.94487802197522 -3.190028910918311 1263.335260 1224.083733
55.94487802197522 -3.190028910918311 NE 55.94509015400958 -3.189816778883955 1263.335260 1222.833733
55.94509015400958 -3.189816778883955 NE 55.94530228604393 -3.1896046468495993 1263.335260 1221.583733
55.94530228604393 -3.1896046468495993 NE 55.94551441807829 -3.1893925148152436 1263.335260 1220.333733
55.94551441807829 -3.1893925148152436 ENE 55.945629223108 -3.18911535095549 1263.335260 1219.083733
55.945629223108 -3.18911535095549 WSW 55.94551441807829 -3.1893925148152436 1343.965748 1333.680210
55.94551441807829 -3.1893925148152436 WSW 55.94539961304858 -3.189669678674997 1343.965748 1332.430210
55.94539961304858 -3.189669678674997 WSW 55.94528480801887 -3.1899468425347504 1343.965748 1331.180210
55.94528480801887 -3.1899468425347504 SW 55.94507267598451 -3.190158974569106 1343.965748 1329.930210
55.94507267598451 -3.190158974569106 WSW 55.9449578709548 -3.1904361384288595 1343.965748 1328.680210
55.9449578709548 -3.1904361384288595 SW 55.944745738920446 -3.1906482704632153 1343.965748 1327.430210
55.944745738920446 -3.1906482704632153 WSW 55.944630933890735 -3.1909254343229687 1343.965748 1326.180210
55.944630933890735 -3.1909254343229687 SW 55.94441880185638 -3.1911375663573245 1343.965748 1324.930210
55.94441880185638 -3.1911375663573245 WSW 55.94430399682667 -3.191414730217078 1343.965748 1323.680210
55.94430399682667 -3.191414730217078 SW 55.94409186479231 -3.1916268622514337 1343.965748 1322.430210
55.94409186479231 -3.1916268622514337 NNE 55.94436902865207 -3.191512057221724 1359.620955 1361.943637
55.94436902865207 -3.191512057221724 NNE 55.944646192511826 -3.1913972521920146 1359.620955 1360.693637
55.944646192511826 -3.1913972521920146 NNE 55.94492335637158 -3.191282447162305 1359.620955 1359.443637
55.94492335637158 -3.191282447162305 NNE 55.94520052023134 -3.1911676421325956 1359.620955 1358.193637
55.94520052023134 -3.1911676421325956 W 55.94520052023134 -3.191467642132596 1423.550882 1474.823247
55.94520052023134 -3.191467642132596 W 55.94520052023134 -3.191767642132596 1423.550882 1473.573247
55.94520052023134 -3.191767642132596 W 55.94520052023134 -3.192067642132596 1423.550882 1472.323247
55.94520052023134 -3.192067642132596 W 55.94520052023134 -3.1923676421325964 1423.550882 1471.073247
55.94520052023134 -3.1923676421325964 NW 55.945412652265695 -3.192579774166952 1508.977059 1507.837044
55.945412652265695 -3.192579774166952 E 55.945412652265695 -3.192279774166952 1508.977059 1506.587044
55.945412652265695 -3.192279774166952 E 55.945412652265695 -3.1919797741669518 1508.977059 1505.337044
55.945412652265695 -3.1919797741669518 E 55.945412652265695 -3.1916797741669516 1398.025354 1473.061653
55.945412652265695 -3.1916797741669516 E 55.945412652265695 -3.1913797741669514 1398.025354 1471.811653
55.945412652265695 -3.1913797741669514 E 55.945412652265695 -3.191079774166951 1398.025354 1470.561653
55.945412652265695 -3.191079774166951 E 55.945412652265695 -3.190779774166951 1398.025354 1469.311653
55.945412652265695 -3.190779774166951 E 55.945412652265695 -3.190479774166951 1398.025354 1468.061653
55.945412652265695 -3.190479774166951 E 55.945412652265695 -3.1901797741669506 1398.025354 1466.811653
55.945412652265695 -3.1901797741669506 E 55.945412652265695 -3.1898797741669505 1398.025354 1465.561653
55.945412652265695 -3.1898797741669505 E 55.945412652265695 -3.1895797741669503 1398.025354 1464.311653
55.945412652265695 -3.1895797741669503 E 55.945412652265695 -3.18927977416695 1398.025354 1463.061653
55.945412652265695 -3.18927977416695 E 55.945412652265695 -3.18897977416695 1398.025354 1461.811653
55.945412652265695 -3.18897977416695 E 55.945412652265695 -3.1886797741669497 1398.025354 1460.561653
55.945412652265695 -3.1886797741669497 E 55.945412652265695 -3.1883797741669495 1398.025354 1459.311653
55.945412652265695 -3.1883797741669495 E 55.945412652265695 -3.1880797741669493 1398.025354 1458.061653
55.945412652265695 -3.1880797741669493 E 55.945412652265695 -3.187779774166949 1398.025354 1456.811653
55.945412652265695 -3.187779774166949 E 55.945412652265695 -3.187479774166949 1398.025354 1455.561653
55.945412652265695 -3.187479774166949 E 55.945412652265695 -3.1871797741669488 1398.025354 1454.311653
55.945412652265695 -3.1871797741669488 E 55.945412652265695 -3.1868797741669486 1398.025354 1453.061653
55.945412652265695 -3.1868797741669486 E 55.945412652265695 -3.1865797741669484 1398.025354 1451.811653
55.945412652265695 -3.1865797741669484 E 55.945412652265695 -3.186279774166948 1307.367594 1428.525955
55.945412652265695 -3.186279774166948 ENE 55.945527457295405 -3.186002610307195 1307.367594 1427.275955
55.945527457295405 -3.186002610307195 E 55.945527457295405 -3.1857026103071946 1307.367594 1426.025955
55.945527457295405 -3.1857026103071946 ENE 55.945642262325116 -3.185425446447441 1307.367594 1424.775955
55.945642262325116 -3.185425446447441 E 55.945642262325116 -3.185125446447441 1307.367594 1423.525955
55.945642262325116 -3.185125446447441 ENE 55.945757067354826 -3.1848482825876876 1307.367594 1422.275955
55.945757067354826 -3.1848482825876876 E 55.945757067354826 -3.1845482825876874 1307.367594 1421.025955
55.945757067354826 -3.1845482825876874 S 55.94545706735482 -3.1845482825876874 1376.826108 1535.860351
55.94545706735482 -3.1845482825876874 S 55.94515706735482 -3.1845482825876874 1376.826108 1534.610351
55.94515706735482 -3.1845482825876874 S 55.94485706735482 -3.1845482825876874 1376.826108 1533.360351
55.94485706735482 -3.1845482825876874 S 55.944557067354815 -3.1845482825876874 1376.826108 1532.110351
55.944557067354815 -3.1845482825876874 S 55.94425706735481 -3.1845482825876874 1376.826108 1530.860351
55.94425706735481 -3.1845482825876874 S 55.94395706735481 -3.1845482825876874 1376.826108 1529.610351
55.94395706735481 -3.1845482825876874 WNW 55.94407187238452 -3.184825446447441 1462.701905 1604.375067
55.94407187238452 -3.184825446447441 WNW 55.94418667741423 -3.185102610307194 1462.701905 1603.125067
55.94418667741423 -3.185102610307194 WNW 55.94430148244394 -3.1853797741669476 1462.701905 1601.875067
55.94430148244394 -3.1853797741669476 WNW 55.94441628747365 -3.185656938026701 1462.701905 1600.625067
55.94441628747365 -3.185656938026701 NW 55.94462841950801 -3.185869070061057 1462.701905 1599.375067
55.94462841950801 -3.185869070061057 WNW 55.94474322453772 -3.18614623392081 1462.701905 1598.125067
55.94474322453772 -3.18614623392081 NW 55.94495535657207 -3.186358365955166 1462.701905 1596.875067
55.94495535657207 -3.186358365955166 WNW 55.945070161601784 -3.1866355298149194 1462.701905 1595.625067
55.945070161601784 -3.1866355298149194 NW 55.94528229363614 -3.186847661849275 1462.701905 1594.375067
55.94528229363614 -3.186847661849275 WNW 55.94539709866585 -3.1871248257090286 1462.701905 1593.125067
55.94539709866585 -3.1871248257090286 NW 55.94560923070021 -3.1873369577433843 1462.701905 1591.875067
55.94560923070021 -3.1873369577433843 WNW 55.94572403572992 -3.1876141216031377 1462.701905 1590.625067
55.94572403572992 -3.1876141216031377 NNE 55.94600119958967 -3.187499316573428 1473.535888 1671.944158
55.94600119958967 -3.187499316573428 SSW 55.94572403572992 -3.1876141216031377 1473.535888 1670.694158
55.94572403572992 -3.1876141216031377 WSW 55.94560923070021 -3.187891285462891 1473.535888 1669.444158
55.94560923070021 -3.187891285462891 WSW 55.945494425670496 -3.1881684493226445 1473.535888 1668.194158
55.945494425670496 -3.1881684493226445 WSW 55.945379620640786 -3.188445613182398 1473.535888 1666.944158
55.945379620640786 -3.188445613182398 WSW 55.945264815611075 -3.1887227770421513 1473.535888 1665.694158
55.945264815611075 -3.1887227770421513 WSW 55.945150010581365 -3.1889999409019048 1473.535888 1664.444158
55.945150010581365 -3.1889999409019048 WSW 55.945035205551655 -3.189277104761658 1473.535888 1663.194158
55.945035205551655 -3.189277104761658 WSW 55.944920400521944 -3.1895542686214116 1473.535888 1661.944158
55.944920400521944 -3.1895542686214116 WSW 55.944805595492234 -3.189831432481165 1473.535888 1660.694158
55.944805595492234 -3.189831432481165 WSW 55.94469079046252 -3.1901085963409184 1473.535888 1659.444158
55.94469079046252 -3.1901085963409184 WSW 55.94457598543281 -3.1903857602006718 1473.535888 1658.194158
55.94457598543281 -3.1903857602006718 WSW 55.9444611804031 -3.190662924060425 1473.535888 1656.944158
55.9444611804031 -3.190662924060425 SW 55.94424904836875 -3.190875056094781 1473.535888 1655.694158
55.94424904836875 -3.190875056094781 WSW 55.944134243339036 -3.1911522199545344 1473.535888 1654.444158
55.944134243339036 -3.1911522199545344 SW 55.94392211130468 -3.19136435198889 1473.535888 1653.194158
55.94392211130468 -3.19136435198889 WSW 55.94380730627497 -3.1916415158486435 1517.849928 1657.557791
55.94380730627497 -3.1916415158486435 ESE 55.94369250124526 -3.19136435198889 1517.849928 1656.307791
55.94369250124526 -3.19136435198889 SSE 55.9434153373855 -3.1912495469591806 1517.849928 1655.057791
55.9434153373855 -3.1912495469591806 SSE 55.943138173525746 -3.191134741929471 1449.396952 1649.858135
55.943138173525746 -3.191134741929471 E 55.943138173525746 -3.190834741929471 1449.396952 1648.608135
55.943138173525746 -3.190834741929471 N 55.94343817352575 -3.190834741929471 1449.396952 1647.358135
55.94343817352575 -3.190834741929471 SSE 55.94316100966599 -3.1907199368997614 1449.396952 1646.108135
55.94316100966599 -3.1907199368997614 NNE 55.94343817352575 -3.190605131870052 1449.396952 1644.858135
55.94343817352575 -3.190605131870052 WNW 55.94355297855546 -3.1908822957298053 1449.396952 1643.608135
55.94355297855546 -3.1908822957298053 WNW 55.94366778358517 -3.1911594595895587 1449.396952 1642.358135
55.94366778358517 -3.1911594595895587 NE 55.943879915619526 -3.190947327555203 1449.396952 1641.108135
55.943879915619526 -3.190947327555203 NNW 55.94415707947928 -3.1910621325849124 1449.396952 1639.858135
55.94415707947928 -3.1910621325849124 NNW 55.94443424333904 -3.191176937614622 1449.396952 1638.608135
55.94443424333904 -3.191176937614622 N 55.94473424333904 -3.191176937614622 1449.396952 1637.358135
55.94473424333904 -3.191176937614622 SSW 55.944457079479285 -3.1912917426443315 1449.396952 1636.108135
55.944457079479285 -3.1912917426443315 SSE 55.94417991561953 -3.191176937614622 1449.396952 1634.858135
55.94417991561953 -3.191176937614622 W 55.94417991561953 -3.191476937614622 1449.396952 1633.608135
55.94417991561953 -3.191476937614622 E 55.94417991561953 -3.191176937614622 1449.396952 1632.358135
55.94417991561953 -3.191176937614622 NE 55.944392047653885 -3.190964805580266 1449.396952 1631.108135
55.944392047653885 -3.190964805580266 WNW 55.944506852683595 -3.1912419694400196 1449.396952 1629.858135
55.944506852683595 -3.1912419694400196 NNE 55.94478401654335 -3.19112716441031 1449.396952 1628.608135
55.94478401654335 -3.19112716441031 W 55.94478401654335 -3.1914271644103103 1449.396952 1627.358135
55.94478401654335 -3.1914271644103103 NNE 55.94506118040311 -3.1913123593806008 1449.396952 1626.108135
55.94506118040311 -3.1913123593806008 WSW 55.9449463753734 -3.191589523240354 1449.396952 1624.858135
55.9449463753734 -3.191589523240354 WNW 55.94506118040311 -3.1918666871001076 1449.396952 1623.608135
55.94506118040311 -3.1918666871001076 SE 55.94484904836875 -3.191654555065752 1449.396952 1622.358135
55.94484904836875 -3.191654555065752 N 55.945149048368755 -3.191654555065752 1449.396952 1621.108135
55.945149048368755 -3.191654555065752 SSW 55.944871884509 -3.1917693600954613 1449.396952 1619.858135
55.944871884509 -3.1917693600954613 SSW 55.94459472064924 -3.191884165125171 1449.396952 1618.608135
55.94459472064924 -3.191884165125171 SW 55.944382588614886 -3.1920962971595266 1449.396952 1617.358135
55.944382588614886 -3.1920962971595266 ESE 55.944267783585175 -3.191819133299773 1449.396952 1616.108135
55.944267783585175 -3.191819133299773 WNW 55.944382588614886 -3.1920962971595266 1449.396952 1614.858135
55.944382588614886 -3.1920962971595266 NW 55.94459472064924 -3.1923084291938824 1449.396952 1613.608135
55.94459472064924 -3.1923084291938824 W 55.94459472064924 -3.1926084291938825 1449.396952 1612.358135
55.94459472064924 -3.1926084291938825 N 55.944894720649245 -3.1926084291938825 1449.396952 1611.108135
55.944894720649245 -3.1926084291938825 SSW 55.94461755678949 -3.192723234223592 1449.396952 1609.858135
55.94461755678949 -3.192723234223592 ENE 55.9447323618192 -3.1924460703638387 1449.396952 1608.608135
