55.944425 -3.188396 ENE 55.94453980502971 -3.1881188361402466 0.000000 248.750000
55.94453980502971 -3.1881188361402466 ENE 55.94465461005942 -3.187841672280493 0.000000 247.500000
55.94465461005942 -3.187841672280493 ENE 55.944769415089134 -3.18756450842074 0.000000 246.250000
55.944769415089134 -3.18756450842074 ENE 55.944884220118844 -3.1872873445609864 0.000000 245.000000
55.944884220118844 -3.1872873445609864 ENE 55.944999025148554 -3.187010180701233 49.270928 256.824749
55.944999025148554 -3.187010180701233 ENE 55.945113830178265 -3.1867330168414796 0.000000 131.704170
55.945113830178265 -3.1867330168414796 ENE 55.945228635207975 -3.186455852981726 0.000000 130.454170
55.945228635207975 -3.186455852981726 ENE 55.945343440237686 -3.1861786891219728 0.000000 129.204170
55.945343440237686 -3.1861786891219728 ENE 55.945458245267396 -3.1859015252622194 0.000000 127.954170
55.945458245267396 -3.1859015252622194 S 55.94515824526739 -3.1859015252622194 113.887452 161.557950
55.94515824526739 -3.1859015252622194 S 55.94485824526739 -3.1859015252622194 220.206845 177.434411
55.94485824526739 -3.1859015252622194 S 55.94455824526739 -3.1859015252622194 235.925669 269.476424
55.94455824526739 -3.1859015252622194 SSE 55.94428108140763 -3.18578672023251 235.925669 268.226424
55.94428108140763 -3.18578672023251 S 55.94398108140763 -3.18578672023251 235.925669 266.976424
55.94398108140763 -3.18578672023251 SSE 55.94370391754787 -3.1856719152028004 235.925669 265.726424
55.94370391754787 -3.1856719152028004 S 55.94340391754787 -3.1856719152028004 313.140754 273.632146
55.94340391754787 -3.1856719152028004 SSE 55.94312675368811 -3.185557110173091 313.140754 272.382146
55.94312675368811 -3.185557110173091 WNW 55.94324155871782 -3.1858342740328442 348.280399 331.473396
55.94324155871782 -3.1858342740328442 WNW 55.94335636374753 -3.1861114378925977 348.280399 330.223396
55.94335636374753 -3.1861114378925977 WNW 55.94347116877724 -3.186388601752351 348.280399 328.973396
55.94347116877724 -3.186388601752351 WNW 55.943585973806954 -3.1866657656121045 348.280399 327.723396
55.943585973806954 -3.1866657656121045 WNW 55.943700778836664 -3.186942929471858 348.280399 326.473396
55.943700778836664 -3.186942929471858 WNW 55.943815583866375 -3.1872200933316113 343.453795 266.180123
55.943815583866375 -3.1872200933316113 WNW 55.943930388896085 -3.1874972571913647 343.453795 264.930123
55.943930388896085 -3.1874972571913647 WNW 55.944045193925795 -3.187774421051118 343.453795 263.680123
55.944045193925795 -3.187774421051118 WNW 55.944159998955506 -3.1880515849108715 343.453795 262.430123
55.944159998955506 -3.1880515849108715 WNW 55.944274803985216 -3.188328748770625 317.511386 251.011641
55.944274803985216 -3.188328748770625 WNW 55.94438960901493 -3.1886059126303783 317.511386 249.761641
55.94438960901493 -3.1886059126303783 WNW 55.94450441404464 -3.1888830764901317 293.683664 224.615706
55.94450441404464 -3.1888830764901317 WNW 55.94461921907435 -3.189160240349885 293.683664 223.365706
55.94461921907435 -3.189160240349885 W 55.94461921907435 -3.1894602403498853 293.683664 222.115706
55.94461921907435 -3.1894602403498853 NNE 55.944896382934104 -3.189345435320176 389.765739 255.450792
55.944896382934104 -3.189345435320176 NE 55.94510851496846 -3.18913330328582 389.765739 254.200792
55.94510851496846 -3.18913330328582 NNE 55.94538567882822 -3.1890184982561105 389.765739 252.950792
55.94538567882822 -3.1890184982561105 NE 55.94559781086257 -3.1888063662217547 389.765739 251.700792
55.94559781086257 -3.1888063662217547 WSW 55.94548300583286 -3.189083530081508 411.658935 351.439707
55.94548300583286 -3.189083530081508 WSW 55.94536820080315 -3.1893606939412615 492.289423 466.036184
55.94536820080315 -3.1893606939412615 WSW 55.94525339577344 -3.189637857801015 492.289423 464.786184
55.94525339577344 -3.189637857801015 WSW 55.94513859074373 -3.1899150216607683 492.289423 463.536184
55.94513859074373 -3.1899150216607683 WSW 55.94502378571402 -3.1901921855205218 492.289423 462.286184
55.94502378571402 -3.1901921855205218 WSW 55.94490898068431 -3.190469349380275 492.289423 461.036184
55.94490898068431 -3.190469349380275 WSW 55.9447941756546 -3.1907465132400286 492.289423 459.786184
55.9447941756546 -3.1907465132400286 WSW 55.94467937062489 -3.191023677099782 492.289423 458.536184
55.94467937062489 -3.191023677099782 WSW 55.94456456559518 -3.1913008409595354 492.289423 457.286184
55.94456456559518 -3.1913008409595354 W 55.94456456559518 -3.1916008409595356 492.289423 456.036184
55.94456456559518 -3.1916008409595356 E 55.94456456559518 -3.1913008409595354 581.448169 557.576989
55.94456456559518 -3.1913008409595354 E 55.94456456559518 -3.191000840959535 581.448169 556.326989
55.94456456559518 -3.191000840959535 E 55.94456456559518 -3.190700840959535 581.448169 555.076989
55.94456456559518 -3.190700840959535 E 55.94456456559518 -3.190400840959535 581.448169 553.826989
55.94456456559518 -3.190400840959535 E 55.94456456559518 -3.1901008409595346 642.245895 589.095098
55.94456456559518 -3.1901008409595346 E 55.94456456559518 -3.1898008409595344 653.023396 649.587319
55.94456456559518 -3.1898008409595344 ESE 55.94444976056547 -3.189523677099781 653.023396 648.337319
55.94444976056547 -3.189523677099781 E 55.94444976056547 -3.189223677099781 653.023396 647.087319
55.94444976056547 -3.189223677099781 ESE 55.94433495553576 -3.1889465132400274 653.023396 645.837319
55.94433495553576 -3.1889465132400274 E 55.94433495553576 -3.1886465132400272 653.023396 644.587319
55.94433495553576 -3.1886465132400272 ESE 55.94422015050605 -3.188369349380274 653.023396 643.337319
55.94422015050605 -3.188369349380274 E 55.94422015050605 -3.1880693493802736 653.023396 642.087319
55.94422015050605 -3.1880693493802736 ESE 55.94410534547634 -3.1877921855205202 653.023396 640.837319
55.94410534547634 -3.1877921855205202 E 55.94410534547634 -3.18749218552052 653.023396 639.587319
55.94410534547634 -3.18749218552052 ESE 55.94399054044663 -3.1872150216607666 653.023396 638.337319
55.94399054044663 -3.1872150216607666 E 55.94399054044663 -3.1869150216607665 653.023396 637.087319
55.94399054044663 -3.1869150216607665 ESE 55.94387573541692 -3.186637857801013 653.023396 635.837319
55.94387573541692 -3.186637857801013 W 55.94387573541692 -3.1869378578010132 684.685100 714.158685
55.94387573541692 -3.1869378578010132 W 55.94387573541692 -3.1872378578010134 684.685100 712.908685
55.94387573541692 -3.1872378578010134 W 55.94387573541692 -3.1875378578010136 684.685100 711.658685
55.94387573541692 -3.1875378578010136 W 55.94387573541692 -3.187837857801014 684.685100 710.408685
55.94387573541692 -3.187837857801014 W 55.94387573541692 -3.188137857801014 684.685100 709.158685
55.94387573541692 -3.188137857801014 W 55.94387573541692 -3.188437857801014 758.054487 785.237522
55.94387573541692 -3.188437857801014 W 55.94387573541692 -3.1887378578010144 758.054487 783.987522
55.94387573541692 -3.1887378578010144 W 55.94387573541692 -3.1890378578010146 758.054487 782.737522
55.94387573541692 -3.1890378578010146 W 55.94387573541692 -3.1893378578010148 758.054487 781.487522
55.94387573541692 -3.1893378578010148 W 55.94387573541692 -3.189637857801015 758.054487 780.237522
55.94387573541692 -3.189637857801015 W 55.94387573541692 -3.189937857801015 758.054487 778.987522
55.94387573541692 -3.189937857801015 WNW 55.94399054044663 -3.1902150216607685 758.054487 777.737522
55.94399054044663 -3.1902150216607685 NW 55.94420267248098 -3.1904271536951243 780.348601 787.546086
55.94420267248098 -3.1904271536951243 NW 55.94441480451534 -3.19063928572948 780.348601 786.296086
55.94441480451534 -3.19063928572948 NNW 55.944691968375096 -3.1907540907591896 780.348601 785.046086
55.944691968375096 -3.1907540907591896 NW 55.94490410040945 -3.1909662227935454 780.348601 783.796086
55.94490410040945 -3.1909662227935454 NNW 55.94518126426921 -3.191081027823255 780.348601 782.546086
55.94518126426921 -3.191081027823255 ESE 55.9450664592395 -3.1908038639635015 844.278528 899.175695
55.9450664592395 -3.1908038639635015 ESE 55.94495165420979 -3.190526700103748 844.278528 897.925695
55.94495165420979 -3.190526700103748 E 55.94495165420979 -3.190226700103748 844.278528 896.675695
55.94495165420979 -3.190226700103748 ESE 55.94483684918008 -3.1899495362439945 844.278528 895.425695
55.94483684918008 -3.1899495362439945 E 55.94483684918008 -3.1896495362439943 844.278528 894.175695
55.94483684918008 -3.1896495362439943 ESE 55.94472204415037 -3.189372372384241 844.278528 892.925695
55.94472204415037 -3.189372372384241 E 55.94472204415037 -3.1890723723842407 844.278528 891.675695
55.94472204415037 -3.1890723723842407 ESE 55.94460723912066 -3.1887952085244873 844.278528 890.425695
55.94460723912066 -3.1887952085244873 E 55.94460723912066 -3.188495208524487 844.278528 889.175695
55.94460723912066 -3.188495208524487 ESE 55.94449243409095 -3.1882180446647337 844.278528 887.925695
55.94449243409095 -3.1882180446647337 E 55.94449243409095 -3.1879180446647335 844.278528 886.675695
55.94449243409095 -3.1879180446647335 ESE 55.944377629061236 -3.18764088080498 844.278528 885.425695
55.944377629061236 -3.18764088080498 E 55.944377629061236 -3.18734088080498 844.278528 884.175695
55.944377629061236 -3.18734088080498 ESE 55.944262824031526 -3.1870637169452265 844.278528 882.925695
55.944262824031526 -3.1870637169452265 E 55.944262824031526 -3.1867637169452263 844.278528 881.675695
55.944262824031526 -3.1867637169452263 ENE 55.944377629061236 -3.186486553085473 954.887497 951.837207
55.944377629061236 -3.186486553085473 ENE 55.94449243409095 -3.1862093892257195 950.440648 846.338274
55.94449243409095 -3.1862093892257195 ENE 55.94460723912066 -3.185932225365966 950.440648 845.088274
55.94460723912066 -3.185932225365966 ENE 55.94472204415037 -3.1856550615062127 950.440648 843.838274
55.94472204415037 -3.1856550615062127 ENE 55.94483684918008 -3.1853778976464593 950.440648 842.588274
55.94483684918008 -3.1853778976464593 ENE 55.94495165420979 -3.185100733786706 950.440648 841.338274
55.94495165420979 -3.185100733786706 ENE 55.9450664592395 -3.1848235699269525 950.440648 840.088274
55.9450664592395 -3.1848235699269525 W 55.9450664592395 -3.1851235699269527 983.233509 925.948277
55.9450664592395 -3.1851235699269527 W 55.9450664592395 -3.185423569926953 933.125908 806.168624
55.9450664592395 -3.185423569926953 W 55.9450664592395 -3.185723569926953 933.125908 804.918624
55.9450664592395 -3.185723569926953 W 55.9450664592395 -3.1860235699269532 933.125908 803.668624
55.9450664592395 -3.1860235699269532 W 55.9450664592395 -3.1863235699269534 933.125908 802.418624
55.9450664592395 -3.1863235699269534 W 55.9450664592395 -3.1866235699269536 933.125908 801.168624
55.9450664592395 -3.1866235699269536 W 55.9450664592395 -3.186923569926954 933.125908 799.918624
55.9450664592395 -3.186923569926954 W 55.9450664592395 -3.187223569926954 878.383549 798.668624
55.9450664592395 -3.187223569926954 W 55.9450664592395 -3.187523569926954 878.383549 797.418624
55.9450664592395 -3.187523569926954 W 55.9450664592395 -3.1878235699269544 878.383549 796.168624
55.9450664592395 -3.1878235699269544 W 55.9450664592395 -3.1881235699269546 878.383549 794.918624
55.9450664592395 -3.1881235699269546 W 55.9450664592395 -3.1884235699269547 878.383549 793.668624
55.9450664592395 -3.1884235699269547 W 55.9450664592395 -3.188723569926955 878.383549 792.418624
55.9450664592395 -3.188723569926955 W 55.9450664592395 -3.189023569926955 845.248400 716.719206
55.9450664592395 -3.189023569926955 W 55.9450664592395 -3.1893235699269553 845.248400 715.469206
55.9450664592395 -3.1893235699269553 W 55.9450664592395 -3.1896235699269555 845.248400 714.219206
55.9450664592395 -3.1896235699269555 W 55.9450664592395 -3.1899235699269557 845.248400 712.969206
55.9450664592395 -3.1899235699269557 W 55.9450664592395 -3.190223569926956 845.248400 711.719206
55.9450664592395 -3.190223569926956 W 55.9450664592395 -3.190523569926956 961.020781 796.526401
55.9450664592395 -3.190523569926956 W 55.9450664592395 -3.1908235699269563 961.020781 795.276401
55.9450664592395 -3.1908235699269563 W 55.9450664592395 -3.1911235699269564 961.020781 794.026401
55.9450664592395 -3.1911235699269564 W 55.9450664592395 -3.1914235699269566 961.020781 792.776401
55.9450664592395 -3.1914235699269566 WNW 55.94518126426921 -3.19170073378671 961.020781 791.526401
55.94518126426921 -3.19170073378671 W 55.94518126426921 -3.1920007337867102 961.020781 790.276401
55.94518126426921 -3.1920007337867102 WNW 55.94529606929892 -3.1922778976464636 961.020781 789.026401
55.94529606929892 -3.1922778976464636 SSE 55.94501890543916 -3.192163092616754 1046.446958 825.790198
55.94501890543916 -3.192163092616754 SE 55.94480677340481 -3.1919509605823984 1046.446958 824.540198
55.94480677340481 -3.1919509605823984 SSE 55.94452960954505 -3.191836155552689 1046.446958 823.290198
55.94452960954505 -3.191836155552689 SE 55.944317477510694 -3.191624023518333 1046.446958 822.040198
55.944317477510694 -3.191624023518333 SSE 55.94404031365094 -3.1915092184886236 1138.541811 825.885362
55.94404031365094 -3.1915092184886236 SE 55.94382818161658 -3.191297086454268 1182.855851 830.248996
55.94382818161658 -3.191297086454268 E 55.94382818161658 -3.1909970864542676 1244.553363 850.363540
55.94382818161658 -3.1909970864542676 ESE 55.94371337658687 -3.190719922594514 1244.553363 849.113540
55.94371337658687 -3.190719922594514 E 55.94371337658687 -3.190419922594514 1244.553363 847.863540
55.94371337658687 -3.190419922594514 ESE 55.94359857155716 -3.1901427587347606 1244.553363 846.613540
55.94359857155716 -3.1901427587347606 E 55.94359857155716 -3.1898427587347604 1244.553363 845.363540
55.94359857155716 -3.1898427587347604 ESE 55.94348376652745 -3.189565594875007 1244.553363 844.113540
55.94348376652745 -3.189565594875007 E 55.94348376652745 -3.189265594875007 1244.553363 842.863540
55.94348376652745 -3.189265594875007 NE 55.943695898561806 -3.189053462840651 1301.191923 925.275581
55.943695898561806 -3.189053462840651 NE 55.94390803059616 -3.1888413308062953 1301.191923 924.025581
55.94390803059616 -3.1888413308062953 NE 55.94412016263052 -3.1886291987719395 1301.191923 922.775581
55.94412016263052 -3.1886291987719395 NNE 55.944397326490275 -3.18851439374223 1301.191923 921.525581
55.944397326490275 -3.18851439374223 NE 55.94460945852463 -3.1883022617078742 1301.191923 920.275581
55.94460945852463 -3.1883022617078742 NNE 55.94488662238439 -3.1881874566781647 1301.191923 919.025581
55.94488662238439 -3.1881874566781647 NE 55.945098754418744 -3.187975324643809 1301.191923 917.775581
55.945098754418744 -3.187975324643809 NNE 55.9453759182785 -3.1878605196140994 1301.191923 916.525581
55.9453759182785 -3.1878605196140994 NE 55.94558805031286 -3.1876483875797437 1301.191923 915.275581
55.94558805031286 -3.1876483875797437 WSW 55.94547324528315 -3.187925551439497 1312.025906 996.594672
55.94547324528315 -3.187925551439497 WSW 55.945358440253436 -3.1882027152992505 1312.025906 995.344672
55.945358440253436 -3.1882027152992505 WSW 55.945243635223726 -3.188479879159004 1312.025906 994.094672
55.945243635223726 -3.188479879159004 WSW 55.945128830194015 -3.1887570430187573 1312.025906 992.844672
55.945128830194015 -3.1887570430187573 WSW 55.945014025164305 -3.1890342068785107 1312.025906 991.594672
55.945014025164305 -3.1890342068785107 WSW 55.944899220134594 -3.189311370738264 1312.025906 990.344672
55.944899220134594 -3.189311370738264 WSW 55.944784415104884 -3.1895885345980175 1312.025906 989.094672
55.944784415104884 -3.1895885345980175 WSW 55.944669610075174 -3.189865698457771 1312.025906 987.844672
55.944669610075174 -3.189865698457771 WSW 55.94455480504546 -3.1901428623175243 1312.025906 986.594672
55.94455480504546 -3.1901428623175243 WSW 55.94444000001575 -3.1904200261772777 1312.025906 985.344672
55.94444000001575 -3.1904200261772777 WSW 55.94432519498604 -3.190697190037031 1312.025906 984.094672
55.94432519498604 -3.190697190037031 WSW 55.94421038995633 -3.1909743538967845 1312.025906 982.844672
55.94421038995633 -3.1909743538967845 WSW 55.94409558492662 -3.191251517756538 1312.025906 981.594672
55.94409558492662 -3.191251517756538 W 55.94409558492662 -3.191551517756538 1312.025906 980.344672
55.94409558492662 -3.191551517756538 ESE 55.94398077989691 -3.1912743538967847 1327.681113 1019.858099
55.94398077989691 -3.1912743538967847 ESE 55.9438659748672 -3.1909971900370313 1327.681113 1018.608099
55.9438659748672 -3.1909971900370313 ESE 55.94375116983749 -3.190720026177278 1327.681113 1017.358099
55.94375116983749 -3.190720026177278 ESE 55.94363636480778 -3.1904428623175245 1327.681113 1016.108099
55.94363636480778 -3.1904428623175245 ESE 55.94352155977807 -3.190165698457771 1327.681113 1014.858099
55.94352155977807 -3.190165698457771 ESE 55.94340675474836 -3.1898885345980177 1327.681113 1013.608099
55.94340675474836 -3.1898885345980177 ESE 55.94329194971865 -3.1896113707382643 1327.681113 1012.358099
55.94329194971865 -3.1896113707382643 ESE 55.94317714468894 -3.189334206878511 1327.681113 1011.108099
55.94317714468894 -3.189334206878511 ESE 55.94306233965923 -3.1890570430187575 1327.681113 1009.858099
55.94306233965923 -3.1890570430187575 ESE 55.94294753462952 -3.188779879159004 1327.681113 1008.608099
55.94294753462952 -3.188779879159004 E 55.94294753462952 -3.188479879159004 1327.681113 1007.358099
55.94294753462952 -3.188479879159004 ESE 55.94283272959981 -3.1882027152992505 1327.681113 1006.108099
55.94283272959981 -3.1882027152992505 E 55.94283272959981 -3.1879027152992503 1327.681113 1004.858099
55.94283272959981 -3.1879027152992503 ESE 55.9427179245701 -3.187625551439497 1327.681113 1003.608099
55.9427179245701 -3.187625551439497 E 55.9427179245701 -3.1873255514394967 1327.681113 1002.358099
55.9427179245701 -3.1873255514394967 ESE 55.94260311954039 -3.1870483875797433 1327.681113 1001.108099
55.94260311954039 -3.1870483875797433 NE 55.94281525157474 -3.1868362555453875 1351.707768 1116.954825
55.94281525157474 -3.1868362555453875 W 55.94281525157474 -3.1871362555453877 1351.707768 1115.704825
55.94281525157474 -3.1871362555453877 W 55.94281525157474 -3.187436255545388 1351.707768 1114.454825
55.94281525157474 -3.187436255545388 W 55.94281525157474 -3.187736255545388 1351.707768 1113.204825
55.94281525157474 -3.187736255545388 W 55.94281525157474 -3.1880362555453883 1351.707768 1111.954825
55.94281525157474 -3.1880362555453883 W 55.94281525157474 -3.1883362555453885 1351.707768 1110.704825
55.94281525157474 -3.1883362555453885 W 55.94281525157474 -3.1886362555453887 1351.707768 1109.454825
55.94281525157474 -3.1886362555453887 W 55.94281525157474 -3.188936255545389 1351.707768 1108.204825
55.94281525157474 -3.188936255545389 W 55.94281525157474 -3.189236255545389 1351.707768 1106.954825
55.94281525157474 -3.189236255545389 WSW 55.94270044654503 -3.1895134194051424 1351.707768 1105.704825
55.94270044654503 -3.1895134194051424 W 55.94270044654503 -3.1898134194051426 1351.707768 1104.454825
55.94270044654503 -3.1898134194051426 SW 55.942488314510676 -3.1900255514394984 1401.146201 1173.037548
55.942488314510676 -3.1900255514394984 ENE 55.94260311954039 -3.189748387579745 1401.146201 1171.787548
55.94260311954039 -3.189748387579745 ENE 55.9427179245701 -3.1894712237199916 1401.146201 1170.537548
55.9427179245701 -3.1894712237199916 ENE 55.94283272959981 -3.189194059860238 1401.146201 1169.287548
55.94283272959981 -3.189194059860238 ENE 55.94294753462952 -3.188916896000485 1401.146201 1168.037548
55.94294753462952 -3.188916896000485 ENE 55.94306233965923 -3.1886397321407314 1401.146201 1166.787548
55.94306233965923 -3.1886397321407314 ENE 55.94317714468894 -3.188362568280978 1401.146201 1165.537548
55.94317714468894 -3.188362568280978 ENE 55.94329194971865 -3.1880854044212246 1401.146201 1164.287548
55.94329194971865 -3.1880854044212246 E 55.94329194971865 -3.1877854044212244 1401.146201 1163.037548
55.94329194971865 -3.1877854044212244 ENE 55.94340675474836 -3.187508240561471 1401.146201 1161.787548
55.94340675474836 -3.187508240561471 E 55.94340675474836 -3.187208240561471 1401.146201 1160.537548
55.94340675474836 -3.187208240561471 ENE 55.94352155977807 -3.1869310767017174 1401.146201 1159.287548
55.94352155977807 -3.1869310767017174 E 55.94352155977807 -3.186631076701717 1401.146201 1158.037548
55.94352155977807 -3.186631076701717 ENE 55.94363636480778 -3.186353912841964 1401.146201 1156.787548
55.94363636480778 -3.186353912841964 E 55.94363636480778 -3.1860539128419636 1401.146201 1155.537548
55.94363636480778 -3.1860539128419636 ENE 55.94375116983749 -3.18577674898221 1401.146201 1154.287548
55.94375116983749 -3.18577674898221 E 55.94375116983749 -3.18547674898221 1401.146201 1153.037548
55.94375116983749 -3.18547674898221 ENE 55.9438659748672 -3.1851995851224566 1401.146201 1151.787548
55.9438659748672 -3.1851995851224566 E 55.9438659748672 -3.1848995851224564 1401.146201 1150.537548
55.9438659748672 -3.1848995851224564 ENE 55.94398077989691 -3.184622421262703 1401.146201 1149.287548
55.94398077989691 -3.184622421262703 N 55.944280779896914 -3.184622421262703 1487.021998 1224.052264
55.944280779896914 -3.184622421262703 N 55.94458077989692 -3.184622421262703 1487.021998 1222.802264
55.94458077989692 -3.184622421262703 N 55.94488077989692 -3.184622421262703 1487.021998 1221.552264
55.94488077989692 -3.184622421262703 NNE 55.945157943756676 -3.1845076162329935 1487.021998 1220.302264
55.945157943756676 -3.1845076162329935 N 55.94545794375668 -3.1845076162329935 1487.021998 1219.052264
55.94545794375668 -3.1845076162329935 NNE 55.945735107616436 -3.184392811203284 1487.021998 1217.802264
55.945735107616436 -3.184392811203284 N 55.94603510761644 -3.184392811203284 1556.480512 1332.636660
55.94603510761644 -3.184392811203284 WSW 55.94592030258673 -3.1846699750630374 1556.480512 1331.386660
55.94592030258673 -3.1846699750630374 WSW 55.94580549755702 -3.184947138922791 1556.480512 1330.136660
55.94580549755702 -3.184947138922791 WSW 55.94569069252731 -3.185224302782544 1556.480512 1328.886660
55.94569069252731 -3.185224302782544 WSW 55.9455758874976 -3.1855014666422976 1556.480512 1327.636660
55.9455758874976 -3.1855014666422976 WSW 55.94546108246789 -3.185778630502051 1556.480512 1326.386660
55.94546108246789 -3.185778630502051 WSW 55.945346277438176 -3.1860557943618044 1556.480512 1325.136660
55.945346277438176 -3.1860557943618044 WSW 55.945231472408466 -3.186332958221558 1556.480512 1323.886660
55.945231472408466 -3.186332958221558 WSW 55.945116667378755 -3.1866101220813112 1556.480512 1322.636660
55.945116667378755 -3.1866101220813112 WSW 55.945001862349045 -3.1868872859410646 1556.480512 1321.386660
55.945001862349045 -3.1868872859410646 WSW 55.944887057319335 -3.187164449800818 1556.480512 1320.136660
55.944887057319335 -3.187164449800818 WSW 55.944772252289624 -3.1874416136605714 1556.480512 1318.886660
55.944772252289624 -3.1874416136605714 WSW 55.944657447259914 -3.187718777520325 1556.480512 1317.636660
55.944657447259914 -3.187718777520325 WSW 55.9445426422302 -3.1879959413800782 1556.480512 1316.386660
55.9445426422302 -3.1879959413800782 WSW 55.94442783720049 -3.1882731052398317 1556.480512 1315.136660
55.94442783720049 -3.1882731052398317 WSW 55.94431303217078 -3.188550269099585 1556.480512 1313.886660
55.94431303217078 -3.188550269099585 WSW 55.94419822714107 -3.1888274329593385 1556.480512 1312.636660
55.94419822714107 -3.1888274329593385 WSW 55.94408342211136 -3.189104596819092 1556.480512 1311.386660
55.94408342211136 -3.189104596819092 SW 55.943871290077006 -3.1893167288534476 1556.480512 1310.136660
55.943871290077006 -3.1893167288534476 WSW 55.943756485047295 -3.189593892713201 1556.480512 1308.886660
55.943756485047295 -3.189593892713201 SW 55.94354435301294 -3.189806024747557 1556.480512 1307.636660
55.94354435301294 -3.189806024747557 WSW 55.94342954798323 -3.19008318860731 1556.480512 1306.386660
55.94342954798323 -3.19008318860731 SW 55.94321741594887 -3.190295320641666 1556.480512 1305.136660
55.94321741594887 -3.190295320641666 WSW 55.94310261091916 -3.1905724845014194 1556.480512 1303.886660
55.94310261091916 -3.1905724845014194 SW 55.942890478884806 -3.190784616535775 1556.480512 1302.636660
55.942890478884806 -3.190784616535775 WSW 55.942775673855095 -3.1910617803955286 1556.480512 1301.386660
55.942775673855095 -3.1910617803955286 SSW 55.94249850999534 -3.191176585425238 1634.135930 1383.628540
55.94249850999534 -3.191176585425238 NNE 55.942775673855095 -3.1910617803955286 1634.135930 1382.378540
55.942775673855095 -3.1910617803955286 SE 55.94256354182074 -3.190849648361173 1634.135930 1381.128540
55.94256354182074 -3.190849648361173 NW 55.942775673855095 -3.1910617803955286 1634.135930 1379.878540
55.942775673855095 -3.1910617803955286 WSW 55.942660868825385 -3.191338944255282 1634.135930 1378.628540
55.942660868825385 -3.191338944255282 NNE 55.94293803268514 -3.1912241392255725 1634.135930 1377.378540
55.94293803268514 -3.1912241392255725 SW 55.942725900650785 -3.1914362712599282 1634.135930 1376.128540
55.942725900650785 -3.1914362712599282 N 55.94302590065079 -3.1914362712599282 1634.135930 1374.878540
55.94302590065079 -3.1914362712599282 WSW 55.94291109562108 -3.1917134351196816 1634.135930 1373.628540
