55.944425 -3.188396 ENE 55.94453980502971 -3.1881188361402466 0.000000 248.750000
55.94453980502971 -3.1881188361402466 ENE 55.94465461005942 -3.187841672280493 0.000000 247.500000
55.94465461005942 -3.187841672280493 ENE 55.944769415089134 -3.18756450842074 0.000000 246.250000
55.944769415089134 -3.18756450842074 ENE 55.944884220118844 -3.1872873445609864 0.000000 245.000000
55.944884220118844 -3.1872873445609864 ENE 55.944999025148554 -3.187010180701233 49.270928 256.824749
55.944999025148554 -3.187010180701233 ENE 55.945113830178265 -3.1867330168414796 0.000000 131.704170
55.945113830178265 -3.1867330168414796 ENE 55.945228635207975 -3.186455852981726 0.000000 130.454170
55.945228635207975 -3.186455852981726 ENE 55.945343440237686 -3.1861786891219728 0.000000 129.204170
55.945343440237686 -3.1861786891219728 ENE 55.945458245267396 -3.1859015252622194 0.000000 127.954170
55.945458245267396 -3.1859015252622194 S 55.94515824526739 -3.1859015252622194 113.887452 161.557950
55.94515824526739 -3.1859015252622194 S 55.94485824526739 -3.1859015252622194 220.206845 177.434411
55.94485824526739 -3.1859015252622194 S 55.94455824526739 -3.1859015252622194 235.925669 269.476424
55.94455824526739 -3.1859015252622194 SSE 55.94428108140763 -3.18578672023251 235.925669 268.226424
55.94428108140763 -3.18578672023251 S 55.94398108140763 -3.18578672023251 235.925669 266.976424
55.94398108140763 -3.18578672023251 SSE 55.94370391754787 -3.1856719152028004 235.925669 265.726424
55.94370391754787 -3.1856719152028004 S 55.94340391754787 -3.1856719152028004 313.140754 273.632146
55.94340391754787 -3.1856719152028004 SSE 55.94312675368811 -3.185557110173091 313.140754 272.382146
55.94312675368811 -3.185557110173091 NNE 55.94340391754787 -3.1854423051433813 348.280399 331.473396
55.94340391754787 -3.1854423051433813 NNE 55.943681081407625 -3.185327500113672 348.280399 330.223396
55.943681081407625 -3.185327500113672 NNE 55.94395824526738 -3.1852126950839623 348.280399 328.973396
55.94395824526738 -3.1852126950839623 NNE 55.94423540912714 -3.185097890054253 348.280399 327.723396
55.94423540912714 -3.185097890054253 NNE 55.944512572986895 -3.1849830850245433 348.280399 326.473396
55.944512572986895 -3.1849830850245433 NNE 55.94478973684665 -3.184868279994834 348.280399 325.223396
55.94478973684665 -3.184868279994834 NNE 55.94506690070641 -3.1847534749651243 348.280399 323.973396
55.94506690070641 -3.1847534749651243 NNE 55.945344064566164 -3.184638669935415 381.073260 409.833400
55.945344064566164 -3.184638669935415 NNE 55.94562122842592 -3.1845238649057053 381.073260 408.583400
55.94562122842592 -3.1845238649057053 WSW 55.94550642339621 -3.1848010287654587 450.531774 523.417796
55.94550642339621 -3.1848010287654587 WSW 55.9453916183665 -3.185078192625212 450.531774 522.167796
55.9453916183665 -3.185078192625212 WSW 55.94527681333679 -3.1853553564849655 400.424173 402.388142
55.94527681333679 -3.1853553564849655 WSW 55.94516200830708 -3.185632520344719 400.424173 401.138142
55.94516200830708 -3.185632520344719 WSW 55.94504720327737 -3.1859096842044723 400.424173 399.888142
55.94504720327737 -3.1859096842044723 WSW 55.94493239824766 -3.1861868480642257 400.424173 398.638142
55.94493239824766 -3.1861868480642257 WSW 55.94481759321795 -3.186464011923979 400.424173 397.388142
55.94481759321795 -3.186464011923979 WSW 55.94470278818824 -3.1867411757837325 400.424173 396.138142
55.94470278818824 -3.1867411757837325 WSW 55.94458798315853 -3.187018339643486 400.424173 394.888142
55.94458798315853 -3.187018339643486 WSW 55.94447317812882 -3.1872955035032393 400.424173 393.638142
55.94447317812882 -3.1872955035032393 WSW 55.94435837309911 -3.1875726673629927 400.424173 392.388142
55.94435837309911 -3.1875726673629927 WSW 55.944243568069396 -3.187849831222746 400.424173 391.138142
55.944243568069396 -3.187849831222746 SW 55.94403143603504 -3.188061963257102 374.481764 379.719660
55.94403143603504 -3.188061963257102 WSW 55.94391663100533 -3.1883391271168553 447.851151 455.798497
55.94391663100533 -3.1883391271168553 SW 55.94370449897097 -3.188551259151211 447.851151 454.548497
55.94370449897097 -3.188551259151211 WSW 55.94358969394126 -3.1888284230109645 447.851151 453.298497
55.94358969394126 -3.1888284230109645 SW 55.94337756190691 -3.1890405550453202 447.851151 452.048497
55.94337756190691 -3.1890405550453202 NW 55.94358969394126 -3.189252687079676 504.489711 534.460539
55.94358969394126 -3.189252687079676 NW 55.94380182597562 -3.189464819114032 504.489711 533.210539
55.94380182597562 -3.189464819114032 NW 55.944013958009975 -3.1896769511483876 504.489711 531.960539
55.944013958009975 -3.1896769511483876 NW 55.94422609004433 -3.1898890831827433 504.489711 530.710539
55.94422609004433 -3.1898890831827433 NW 55.94443822207869 -3.190101215217099 504.489711 529.460539
55.94443822207869 -3.190101215217099 NW 55.944650354113044 -3.190313347251455 515.267213 589.952760
55.944650354113044 -3.190313347251455 NW 55.9448624861474 -3.1905254792858107 576.064939 625.220869
55.9448624861474 -3.1905254792858107 WNW 55.94497729117711 -3.190802643145564 576.064939 623.970869
55.94497729117711 -3.190802643145564 NW 55.94518942321147 -3.19101477517992 576.064939 622.720869
55.94518942321147 -3.19101477517992 E 55.94518942321147 -3.1907147751799196 639.994865 739.350478
55.94518942321147 -3.1907147751799196 E 55.94518942321147 -3.1904147751799194 639.994865 738.100478
55.94518942321147 -3.1904147751799194 ESE 55.945074618181756 -3.190137611320166 755.767247 822.907673
55.945074618181756 -3.190137611320166 ESE 55.944959813152046 -3.1898604474604126 755.767247 821.657673
55.944959813152046 -3.1898604474604126 E 55.944959813152046 -3.1895604474604125 755.767247 820.407673
55.944959813152046 -3.1895604474604125 ESE 55.944845008122336 -3.189283283600659 755.767247 819.157673
55.944845008122336 -3.189283283600659 E 55.944845008122336 -3.188983283600659 755.767247 817.907673
55.944845008122336 -3.188983283600659 ESE 55.944730203092625 -3.1887061197409055 755.767247 816.657673
55.944730203092625 -3.1887061197409055 E 55.944730203092625 -3.1884061197409053 722.632098 740.958255
55.944730203092625 -3.1884061197409053 ESE 55.944615398062915 -3.188128955881152 722.632098 739.708255
55.944615398062915 -3.188128955881152 E 55.944615398062915 -3.1878289558811517 722.632098 738.458255
55.944615398062915 -3.1878289558811517 ESE 55.944500593033204 -3.1875517920213983 722.632098 737.208255
55.944500593033204 -3.1875517920213983 E 55.944500593033204 -3.187251792021398 722.632098 735.958255
55.944500593033204 -3.187251792021398 ESE 55.944385788003494 -3.1869746281616447 722.632098 734.708255
55.944385788003494 -3.1869746281616447 E 55.944385788003494 -3.1866746281616445 722.632098 733.458255
55.944385788003494 -3.1866746281616445 ESE 55.944270982973784 -3.186397464301891 718.185248 627.959323
55.944270982973784 -3.186397464301891 E 55.944270982973784 -3.186097464301891 718.185248 626.709323
55.944270982973784 -3.186097464301891 ESE 55.94415617794407 -3.1858203004421375 718.185248 625.459323
55.94415617794407 -3.1858203004421375 E 55.94415617794407 -3.1855203004421373 718.185248 624.209323
55.94415617794407 -3.1855203004421373 ESE 55.94404137291436 -3.185243136582384 718.185248 622.959323
55.94404137291436 -3.185243136582384 E 55.94404137291436 -3.1849431365823837 718.185248 621.709323
55.94404137291436 -3.1849431365823837 ESE 55.94392656788465 -3.1846659727226303 718.185248 620.459323
55.94392656788465 -3.1846659727226303 W 55.94392656788465 -3.1849659727226305 804.061045 695.224039
55.94392656788465 -3.1849659727226305 W 55.94392656788465 -3.1852659727226307 804.061045 693.974039
55.94392656788465 -3.1852659727226307 WNW 55.94404137291436 -3.185543136582384 804.061045 692.724039
55.94404137291436 -3.185543136582384 W 55.94404137291436 -3.1858431365823843 804.061045 691.474039
55.94404137291436 -3.1858431365823843 WNW 55.94415617794407 -3.1861203004421377 804.061045 690.224039
55.94415617794407 -3.1861203004421377 W 55.94415617794407 -3.186420300442138 804.061045 688.974039
55.94415617794407 -3.186420300442138 WNW 55.944270982973784 -3.1866974643018913 804.061045 687.724039
55.944270982973784 -3.1866974643018913 W 55.944270982973784 -3.1869974643018915 914.670015 757.885551
55.944270982973784 -3.1869974643018915 W 55.944270982973784 -3.1872974643018916 914.670015 756.635551
55.944270982973784 -3.1872974643018916 W 55.944270982973784 -3.187597464301892 914.670015 755.385551
55.944270982973784 -3.187597464301892 W 55.944270982973784 -3.187897464301892 914.670015 754.135551
55.944270982973784 -3.187897464301892 W 55.944270982973784 -3.188197464301892 914.670015 752.885551
55.944270982973784 -3.188197464301892 W 55.944270982973784 -3.1884974643018924 914.670015 751.635551
55.944270982973784 -3.1884974643018924 W 55.944270982973784 -3.1887974643018926 914.670015 750.385551
55.944270982973784 -3.1887974643018926 W 55.944270982973784 -3.189097464301893 890.842292 725.239616
55.944270982973784 -3.189097464301893 W 55.944270982973784 -3.189397464301893 890.842292 723.989616
55.944270982973784 -3.189397464301893 W 55.944270982973784 -3.189697464301893 890.842292 722.739616
55.944270982973784 -3.189697464301893 W 55.944270982973784 -3.1899974643018933 890.842292 721.489616
55.944270982973784 -3.1899974643018933 W 55.944270982973784 -3.1902974643018935 890.842292 720.239616
55.944270982973784 -3.1902974643018935 W 55.944270982973784 -3.1905974643018937 890.842292 718.989616
55.944270982973784 -3.1905974643018937 WNW 55.944385788003494 -3.190874628161647 890.842292 717.739616
55.944385788003494 -3.190874628161647 W 55.944385788003494 -3.1911746281616473 890.842292 716.489616
55.944385788003494 -3.1911746281616473 WNW 55.944500593033204 -3.1914517920214007 890.842292 715.239616
55.944500593033204 -3.1914517920214007 E 55.944500593033204 -3.1911517920214005 982.937146 719.084780
55.944500593033204 -3.1911517920214005 E 55.944500593033204 -3.1908517920214003 982.937146 717.834780
55.944500593033204 -3.1908517920214003 E 55.944500593033204 -3.1905517920214 982.937146 716.584780
55.944500593033204 -3.1905517920214 E 55.944500593033204 -3.1902517920214 982.937146 715.334780
55.944500593033204 -3.1902517920214 E 55.944500593033204 -3.1899517920214 982.937146 714.084780
55.944500593033204 -3.1899517920214 E 55.944500593033204 -3.1896517920213996 982.937146 712.834780
55.944500593033204 -3.1896517920213996 E 55.944500593033204 -3.1893517920213994 1079.019220 746.169865
55.944500593033204 -3.1893517920213994 ESE 55.944385788003494 -3.189074628161646 1079.019220 744.919865
55.944385788003494 -3.189074628161646 E 55.944385788003494 -3.188774628161646 1079.019220 743.669865
55.944385788003494 -3.188774628161646 ESE 55.944270982973784 -3.1884974643018924 1079.019220 742.419865
55.944270982973784 -3.1884974643018924 E 55.944270982973784 -3.188197464301892 1079.019220 741.169865
55.944270982973784 -3.188197464301892 ESE 55.94415617794407 -3.187920300442139 1079.019220 739.919865
55.94415617794407 -3.187920300442139 E 55.94415617794407 -3.1876203004421386 1079.019220 738.669865
55.94415617794407 -3.1876203004421386 ESE 55.94404137291436 -3.187343136582385 1079.019220 737.419865
55.94404137291436 -3.187343136582385 E 55.94404137291436 -3.187043136582385 1079.019220 736.169865
55.94404137291436 -3.187043136582385 ESE 55.94392656788465 -3.1867659727226316 1079.019220 734.919865
55.94392656788465 -3.1867659727226316 E 55.94392656788465 -3.1864659727226314 1079.019220 733.669865
55.94392656788465 -3.1864659727226314 WSW 55.94381176285494 -3.186743136582385 1110.680924 811.991231
55.94381176285494 -3.186743136582385 WSW 55.94369695782523 -3.1870203004421382 1110.680924 810.741231
55.94369695782523 -3.1870203004421382 WSW 55.94358215279552 -3.1872974643018916 1105.854320 750.447958
55.94358215279552 -3.1872974643018916 WSW 55.94346734776581 -3.187574628161645 1105.854320 749.197958
55.94346734776581 -3.187574628161645 WSW 55.9433525427361 -3.1878517920213985 1105.854320 747.947958
55.9433525427361 -3.1878517920213985 W 55.9433525427361 -3.1881517920213986 1105.854320 746.697958
55.9433525427361 -3.1881517920213986 WSW 55.94323773770639 -3.188428955881152 1105.854320 745.447958
55.94323773770639 -3.188428955881152 W 55.94323773770639 -3.1887289558811522 1105.854320 744.197958
55.94323773770639 -3.1887289558811522 WSW 55.94312293267668 -3.1890061197409056 1105.854320 742.947958
55.94312293267668 -3.1890061197409056 W 55.94312293267668 -3.189306119740906 1105.854320 741.697958
55.94312293267668 -3.189306119740906 WSW 55.94300812764697 -3.1895832836006592 1105.854320 740.447958
55.94300812764697 -3.1895832836006592 W 55.94300812764697 -3.1898832836006594 1105.854320 739.197958
55.94300812764697 -3.1898832836006594 WSW 55.94289332261726 -3.190160447460413 1060.458859 723.251336
55.94289332261726 -3.190160447460413 W 55.94289332261726 -3.190460447460413 1060.458859 722.001336
55.94289332261726 -3.190460447460413 WSW 55.94277851758755 -3.1907376113201664 1060.458859 720.751336
55.94277851758755 -3.1907376113201664 W 55.94277851758755 -3.1910376113201666 1060.458859 719.501336
55.94277851758755 -3.1910376113201666 NNE 55.943055681447305 -3.190922806290457 1138.114277 801.743216
55.943055681447305 -3.190922806290457 NE 55.94326781348166 -3.1907106742561013 1138.114277 800.493216
55.94326781348166 -3.1907106742561013 NNE 55.94354497734142 -3.190595869226392 1138.114277 799.243216
55.94354497734142 -3.190595869226392 NE 55.943757109375774 -3.190383737192036 1138.114277 797.993216
55.943757109375774 -3.190383737192036 NNE 55.94403427323553 -3.1902689321623265 1138.114277 796.743216
55.94403427323553 -3.1902689321623265 NE 55.94424640526989 -3.1900568001279708 1160.408391 806.551779
55.94424640526989 -3.1900568001279708 NNE 55.94452356912964 -3.1899419950982613 1160.408391 805.301779
55.94452356912964 -3.1899419950982613 NE 55.944735701164 -3.1897298630639055 1160.408391 804.051779
55.944735701164 -3.1897298630639055 NNE 55.945012865023756 -3.189615058034196 1160.408391 802.801779
55.945012865023756 -3.189615058034196 NE 55.94522499705811 -3.18940292599984 1160.408391 801.551779
55.94522499705811 -3.18940292599984 NNE 55.94550216091787 -3.1892881209701307 1160.408391 800.301779
55.94550216091787 -3.1892881209701307 NE 55.945714292952225 -3.189075988935775 1160.408391 799.051779
55.945714292952225 -3.189075988935775 SW 55.94550216091787 -3.1892881209701307 1241.038879 913.648257
55.94550216091787 -3.1892881209701307 SW 55.94529002888351 -3.1895002530044865 1241.038879 912.398257
55.94529002888351 -3.1895002530044865 SW 55.945077896849156 -3.1897123850388422 1241.038879 911.148257
55.945077896849156 -3.1897123850388422 SW 55.9448657648148 -3.189924517073198 1241.038879 909.898257
55.9448657648148 -3.189924517073198 SW 55.944653632780444 -3.190136649107554 1241.038879 908.648257
55.944653632780444 -3.190136649107554 SW 55.94444150074609 -3.1903487811419096 1241.038879 907.398257
55.94444150074609 -3.1903487811419096 SW 55.94422936871173 -3.1905609131762653 1241.038879 906.148257
55.94422936871173 -3.1905609131762653 SW 55.944017236677375 -3.190773045210621 1241.038879 904.898257
55.944017236677375 -3.190773045210621 WSW 55.943902431647665 -3.1910502090703745 1241.038879 903.648257
55.943902431647665 -3.1910502090703745 SW 55.94369029961331 -3.1912623411047303 1302.736390 923.762802
55.94369029961331 -3.1912623411047303 NNW 55.943967463473065 -3.19137714613444 1302.736390 922.512802
55.943967463473065 -3.19137714613444 NNW 55.94424462733282 -3.1914919511641493 1347.050430 926.876435
55.94424462733282 -3.1914919511641493 NNW 55.94452179119258 -3.191606756193859 1347.050430 925.626435
55.94452179119258 -3.191606756193859 SSW 55.94424462733282 -3.1917215612235683 1436.209176 1027.167240
55.94424462733282 -3.1917215612235683 NW 55.94445675936718 -3.191933693257924 1451.864383 1066.680667
55.94445675936718 -3.191933693257924 NNW 55.944733923226934 -3.1920484982876336 1451.864383 1065.430667
55.944733923226934 -3.1920484982876336 NW 55.94494605526129 -3.1922606303219894 1451.864383 1064.180667
55.94494605526129 -3.1922606303219894 NNW 55.94522321912105 -3.192375435351699 1451.864383 1062.930667
55.94522321912105 -3.192375435351699 SE 55.94501108708669 -3.192163303317343 1537.290560 1099.694464
55.94501108708669 -3.192163303317343 SE 55.944798955052335 -3.1919511712829873 1537.290560 1098.444464
55.944798955052335 -3.1919511712829873 SE 55.94458682301798 -3.1917390392486316 1537.290560 1097.194464
55.94458682301798 -3.1917390392486316 SE 55.94437469098362 -3.191526907214276 1537.290560 1095.944464
55.94437469098362 -3.191526907214276 SE 55.944162558949266 -3.19131477517992 1537.290560 1094.694464
55.944162558949266 -3.19131477517992 SE 55.94395042691491 -3.1911026431455642 1537.290560 1093.444464
55.94395042691491 -3.1911026431455642 SE 55.94373829488055 -3.1908905111112085 1537.290560 1092.194464
55.94373829488055 -3.1908905111112085 SE 55.9435261628462 -3.1906783790768527 1537.290560 1090.944464
55.9435261628462 -3.1906783790768527 SE 55.94331403081184 -3.190466247042497 1537.290560 1089.694464
55.94331403081184 -3.190466247042497 SE 55.943101898777485 -3.190254115008141 1537.290560 1088.444464
55.943101898777485 -3.190254115008141 SE 55.94288976674313 -3.1900419829737854 1537.290560 1087.194464
55.94288976674313 -3.1900419829737854 SE 55.94267763470877 -3.1898298509394296 1537.290560 1085.944464
55.94267763470877 -3.1898298509394296 NNE 55.94295479856853 -3.18971504590972 1586.728993 1154.527187
55.94295479856853 -3.18971504590972 NNE 55.943231962428285 -3.1896002408800106 1586.728993 1153.277187
55.943231962428285 -3.1896002408800106 NNE 55.94350912628804 -3.189485435850301 1586.728993 1152.027187
55.94350912628804 -3.189485435850301 NNE 55.9437862901478 -3.1893706308205916 1586.728993 1150.777187
55.9437862901478 -3.1893706308205916 NNE 55.944063454007555 -3.189255825790882 1586.728993 1149.527187
55.944063454007555 -3.189255825790882 NNE 55.94434061786731 -3.1891410207611726 1586.728993 1148.277187
55.94434061786731 -3.1891410207611726 NNE 55.94461778172707 -3.189026215731463 1586.728993 1147.027187
55.94461778172707 -3.189026215731463 N 55.94491778172707 -3.189026215731463 1586.728993 1145.777187
55.94491778172707 -3.189026215731463 NNE 55.94519494558683 -3.1889114107017535 1586.728993 1144.527187
55.94519494558683 -3.1889114107017535 N 55.94549494558683 -3.1889114107017535 1586.728993 1143.277187
55.94549494558683 -3.1889114107017535 E 55.94549494558683 -3.1886114107017534 1608.622189 1243.016102
55.94549494558683 -3.1886114107017534 ENE 55.94560975061654 -3.188334246842 1608.622189 1241.766102
55.94560975061654 -3.188334246842 E 55.94560975061654 -3.1880342468419998 1608.622189 1240.516102
55.94560975061654 -3.1880342468419998 ENE 55.94572455564625 -3.1877570829822464 1608.622189 1239.266102
55.94572455564625 -3.1877570829822464 E 55.94572455564625 -3.187457082982246 1619.456172 1320.585193
55.94572455564625 -3.187457082982246 S 55.94542455564625 -3.187457082982246 1619.456172 1319.335193
55.94542455564625 -3.187457082982246 S 55.945124555646245 -3.187457082982246 1619.456172 1318.085193
55.945124555646245 -3.187457082982246 S 55.94482455564624 -3.187457082982246 1619.456172 1316.835193
55.94482455564624 -3.187457082982246 SSE 55.944547391786486 -3.1873422779525367 1619.456172 1315.585193
55.944547391786486 -3.1873422779525367 S 55.94424739178648 -3.1873422779525367 1619.456172 1314.335193
55.94424739178648 -3.1873422779525367 SSE 55.94397022792673 -3.187227472922827 1619.456172 1313.085193
55.94397022792673 -3.187227472922827 S 55.943670227926724 -3.187227472922827 1619.456172 1311.835193
55.943670227926724 -3.187227472922827 SSE 55.94339306406697 -3.1871126678931176 1619.456172 1310.585193
55.94339306406697 -3.1871126678931176 S 55.943093064066964 -3.1871126678931176 1619.456172 1309.335193
55.943093064066964 -3.1871126678931176 SSE 55.94281590020721 -3.186997862863408 1619.456172 1308.085193
55.94281590020721 -3.186997862863408 S 55.942515900207205 -3.186997862863408 1643.482827 1423.931918
55.942515900207205 -3.186997862863408 NNW 55.94279306406696 -3.1871126678931176 1643.482827 1422.681918
55.94279306406696 -3.1871126678931176 SSW 55.942515900207205 -3.187227472922827 1643.482827 1421.431918
55.942515900207205 -3.187227472922827 S 55.9422159002072 -3.187227472922827 1643.482827 1420.181918
55.9422159002072 -3.187227472922827 WNW 55.94233070523691 -3.1875046367825806 1643.482827 1418.931918
55.94233070523691 -3.1875046367825806 WNW 55.94244551026662 -3.187781800642334 1643.482827 1417.681918
55.94244551026662 -3.187781800642334 E 55.94244551026662 -3.1874818006423338 1643.482827 1416.431918
55.94244551026662 -3.1874818006423338 S 55.94214551026662 -3.1874818006423338 1643.482827 1415.181918
55.94214551026662 -3.1874818006423338 N 55.94244551026662 -3.1874818006423338 1643.482827 1413.931918
55.94244551026662 -3.1874818006423338 ENE 55.94256031529633 -3.1872046367825804 1643.482827 1412.681918
55.94256031529633 -3.1872046367825804 W 55.94256031529633 -3.1875046367825806 1643.482827 1411.431918
55.94256031529633 -3.1875046367825806 SSW 55.94228315143658 -3.18761944181229 1643.482827 1410.181918
55.94228315143658 -3.18761944181229 SSW 55.94200598757682 -3.1877342468419996 1643.482827 1408.931918
55.94200598757682 -3.1877342468419996 NE 55.94221811961118 -3.187522114807644 1643.482827 1407.681918
55.94221811961118 -3.187522114807644 SSE 55.94194095575142 -3.1874073097779343 1643.482827 1406.431918
55.94194095575142 -3.1874073097779343 S 55.94164095575142 -3.1874073097779343 1643.482827 1405.181918
55.94164095575142 -3.1874073097779343 ESE 55.94152615072171 -3.187130145918181 1643.482827 1403.931918
55.94152615072171 -3.187130145918181 SE 55.94131401868735 -3.186918013883825 1643.482827 1402.681918
55.94131401868735 -3.186918013883825 N 55.94161401868735 -3.186918013883825 1643.482827 1401.431918
55.94161401868735 -3.186918013883825 ENE 55.941728823717064 -3.1866408500240717 1643.482827 1400.181918
55.941728823717064 -3.1866408500240717 NNW 55.94200598757682 -3.1867556550537812 1643.482827 1398.931918
55.94200598757682 -3.1867556550537812 WNW 55.94212079260653 -3.1870328189135346 1643.482827 1397.681918
55.94212079260653 -3.1870328189135346 S 55.94182079260653 -3.1870328189135346 1643.482827 1396.431918
55.94182079260653 -3.1870328189135346 ENE 55.94193559763624 -3.1867556550537812 1643.482827 1395.181918
55.94193559763624 -3.1867556550537812 SW 55.94172346560188 -3.186967787088137 1643.482827 1393.931918
55.94172346560188 -3.186967787088137 SE 55.941511333567526 -3.1867556550537812 1643.482827 1392.681918
55.941511333567526 -3.1867556550537812 S 55.94121133356752 -3.1867556550537812 1643.482827 1391.431918
55.94121133356752 -3.1867556550537812 ESE 55.94109652853781 -3.186478491194028 1643.482827 1390.181918
55.94109652853781 -3.186478491194028 NNE 55.94137369239757 -3.1863636861643183 1643.482827 1388.931918
55.94137369239757 -3.1863636861643183 SSE 55.94109652853781 -3.186248881134609 1643.482827 1387.681918
55.94109652853781 -3.186248881134609 N 55.941396528537815 -3.186248881134609 1643.482827 1386.431918
55.941396528537815 -3.186248881134609 WNW 55.941511333567526 -3.186526044994362 1643.482827 1385.181918
55.941511333567526 -3.186526044994362 SSE 55.94123416970777 -3.1864112399646527 1643.482827 1383.931918
55.94123416970777 -3.1864112399646527 SSE 55.94095700584801 -3.186296434934943 1643.482827 1382.681918
55.94095700584801 -3.186296434934943 ESE 55.9408422008183 -3.18601927107519 1643.482827 1381.431918
55.9408422008183 -3.18601927107519 N 55.941142200818305 -3.18601927107519 1643.482827 1380.181918
55.941142200818305 -3.18601927107519 E 55.941142200818305 -3.1857192710751896 1643.482827 1378.931918
55.941142200818305 -3.1857192710751896 NNE 55.94141936467806 -3.18560446604548 1643.482827 1377.681918
55.94141936467806 -3.18560446604548 S 55.94111936467806 -3.18560446604548 1643.482827 1376.431918
55.94111936467806 -3.18560446604548 W 55.94111936467806 -3.1859044660454803 1643.482827 1375.181918
55.94111936467806 -3.1859044660454803 E 55.94111936467806 -3.18560446604548 1643.482827 1373.931918
55.94111936467806 -3.18560446604548 N 55.94141936467806 -3.18560446604548 1643.482827 1372.681918
55.94141936467806 -3.18560446604548 NE 55.94163149671242 -3.1853923340111243 1643.482827 1371.431918
55.94163149671242 -3.1853923340111243 SE 55.94141936467806 -3.1851802019767685 1643.482827 1370.181918
55.94141936467806 -3.1851802019767685 NW 55.94163149671242 -3.1853923340111243 1643.482827 1368.931918
55.94163149671242 -3.1853923340111243 NW 55.941843628746774 -3.18560446604548 1643.482827 1367.681918
55.941843628746774 -3.18560446604548 NW 55.94205576078113 -3.185816598079836 1643.482827 1366.431918
55.94205576078113 -3.185816598079836 NNW 55.94233292464089 -3.1859314031095454 1643.482827 1365.181918
55.94233292464089 -3.1859314031095454 E 55.94233292464089 -3.185631403109545 1643.482827 1363.931918
55.94233292464089 -3.185631403109545 NE 55.94254505667524 -3.1854192710751894 1643.482827 1362.681918
55.94254505667524 -3.1854192710751894 SSW 55.94226789281549 -3.185534076104899 1643.482827 1361.431918
55.94226789281549 -3.185534076104899 E 55.94226789281549 -3.1852340761048987 1643.482827 1360.181918
55.94226789281549 -3.1852340761048987 NW 55.94248002484984 -3.1854462081392545 1643.482827 1358.931918
