55.944425 -3.188396 WSW 55.94431019497029 -3.1886731638597534 0.000000 248.750000
55.94431019497029 -3.1886731638597534 WSW 55.94419538994058 -3.188950327719507 0.000000 223.604065
55.94419538994058 -3.188950327719507 SW 55.943983257906226 -3.1891624597538626 0.000000 222.354065
55.943983257906226 -3.1891624597538626 WSW 55.943868452876515 -3.189439623613616 0.000000 221.104065
55.943868452876515 -3.189439623613616 SW 55.94365632084216 -3.1896517556479718 0.000000 219.854065
55.94365632084216 -3.1896517556479718 WSW 55.94354151581245 -3.189928919507725 0.000000 218.604065
55.94354151581245 -3.189928919507725 SW 55.94332938377809 -3.190141051542081 0.000000 217.354065
55.94332938377809 -3.190141051542081 WSW 55.94321457874838 -3.1904182154018343 0.000000 216.104065
55.94321457874838 -3.1904182154018343 SW 55.943002446714026 -3.19063034743619 0.000000 214.854065
55.943002446714026 -3.19063034743619 WSW 55.942887641684315 -3.1909075112959435 0.000000 213.604065
55.942887641684315 -3.1909075112959435 NW 55.94309977371867 -3.1911196433302993 77.655418 295.845944
55.94309977371867 -3.1911196433302993 NNW 55.94337693757843 -3.191234448360009 9.202441 290.646289
55.94337693757843 -3.191234448360009 NW 55.943589069612784 -3.1914465803943646 9.202441 289.396289
55.943589069612784 -3.1914465803943646 NNW 55.94386623347254 -3.191561385424074 9.202441 288.146289
55.94386623347254 -3.191561385424074 ENE 55.94398103850225 -3.1912842215643207 53.516481 292.509922
55.94398103850225 -3.1912842215643207 ENE 55.94409584353196 -3.1910070577045673 53.516481 291.259922
55.94409584353196 -3.1910070577045673 ENE 55.94421064856167 -3.190729893844814 53.516481 290.009922
55.94421064856167 -3.190729893844814 ENE 55.94432545359138 -3.1904527299850605 53.516481 288.759922
55.94432545359138 -3.1904527299850605 E 55.94432545359138 -3.1901527299850603 53.516481 287.509922
55.94432545359138 -3.1901527299850603 ENE 55.94444025862109 -3.189875566125307 64.293983 348.002144
55.94444025862109 -3.189875566125307 E 55.94444025862109 -3.1895755661253067 64.293983 346.752144
55.94444025862109 -3.1895755661253067 ENE 55.9445550636508 -3.1892984022655533 64.293983 345.502144
55.9445550636508 -3.1892984022655533 E 55.9445550636508 -3.188998402265553 64.293983 344.252144
55.9445550636508 -3.188998402265553 ENE 55.94466986868051 -3.1887212384057997 64.293983 343.002144
55.94466986868051 -3.1887212384057997 E 55.94466986868051 -3.1884212384057995 31.158834 267.302726
55.94466986868051 -3.1884212384057995 ENE 55.944784673710224 -3.188144074546046 31.158834 266.052726
55.944784673710224 -3.188144074546046 E 55.944784673710224 -3.187844074546046 31.158834 264.802726
55.944784673710224 -3.187844074546046 ENE 55.944899478739934 -3.1875669106862925 31.158834 263.552726
55.944899478739934 -3.1875669106862925 E 55.944899478739934 -3.1872669106862923 31.158834 262.302726
55.944899478739934 -3.1872669106862923 ENE 55.945014283769645 -3.186989746826539 80.429763 274.127475
55.945014283769645 -3.186989746826539 E 55.945014283769645 -3.1866897468265387 0.000000 149.006896
55.945014283769645 -3.1866897468265387 ENE 55.945129088799355 -3.1864125829667853 0.000000 147.756896
55.945129088799355 -3.1864125829667853 E 55.945129088799355 -3.186112582966785 0.000000 146.506896
55.945129088799355 -3.186112582966785 SSE 55.9448519249396 -3.1859977779370756 106.319393 162.383357
55.9448519249396 -3.1859977779370756 SSE 55.94457476107984 -3.185882972907366 122.038217 254.425370
55.94457476107984 -3.185882972907366 SSE 55.944297597220086 -3.1857681678776566 122.038217 253.175370
55.944297597220086 -3.1857681678776566 SSE 55.94402043336033 -3.185653362847947 122.038217 251.925370
55.94402043336033 -3.185653362847947 W 55.94402043336033 -3.1859533628479473 199.253302 259.831092
55.94402043336033 -3.1859533628479473 W 55.94402043336033 -3.1862533628479475 199.253302 258.581092
55.94402043336033 -3.1862533628479475 W 55.94402043336033 -3.1865533628479477 230.915006 336.902458
55.94402043336033 -3.1865533628479477 WNW 55.94413523839004 -3.186830526707701 230.915006 335.652458
55.94413523839004 -3.186830526707701 W 55.94413523839004 -3.1871305267077013 341.523975 405.813969
55.94413523839004 -3.1871305267077013 WNW 55.94425004341975 -3.1874076905674547 341.523975 404.563969
55.94425004341975 -3.1874076905674547 W 55.94425004341975 -3.187707690567455 341.523975 403.313969
55.94425004341975 -3.187707690567455 WNW 55.94436484844946 -3.1879848544272082 341.523975 402.063969
55.94436484844946 -3.1879848544272082 W 55.94436484844946 -3.1882848544272084 341.523975 400.813969
55.94436484844946 -3.1882848544272084 WNW 55.94447965347917 -3.188562018286962 341.523975 399.563969
55.94447965347917 -3.188562018286962 W 55.94447965347917 -3.188862018286962 341.523975 398.313969
55.94447965347917 -3.188862018286962 WNW 55.94459445850888 -3.1891391821467154 317.696252 397.063969
55.94459445850888 -3.1891391821467154 W 55.94459445850888 -3.1894391821467156 317.696252 395.813969
55.94459445850888 -3.1894391821467156 WNW 55.94470926353859 -3.189716346006469 317.696252 394.563969
55.94470926353859 -3.189716346006469 SE 55.944497131504235 -3.1895042139721133 413.778327 427.899055
55.944497131504235 -3.1895042139721133 NW 55.94470926353859 -3.189716346006469 413.778327 426.649055
55.94470926353859 -3.189716346006469 NW 55.94492139557295 -3.189928478040825 413.778327 425.399055
55.94492139557295 -3.189928478040825 NW 55.945133527607304 -3.1901406100751806 413.778327 424.149055
55.945133527607304 -3.1901406100751806 SSW 55.94485636374755 -3.19025541510489 529.550708 508.956250
55.94485636374755 -3.19025541510489 WSW 55.94474155871784 -3.1905325789646435 590.348434 544.224359
55.94474155871784 -3.1905325789646435 WSW 55.94462675368813 -3.190809742824397 590.348434 542.974359
55.94462675368813 -3.190809742824397 W 55.94462675368813 -3.191109742824397 590.348434 541.724359
55.94462675368813 -3.191109742824397 WSW 55.944511948658416 -3.1913869066841505 590.348434 540.474359
55.944511948658416 -3.1913869066841505 W 55.944511948658416 -3.1916869066841507 682.443287 544.319522
55.944511948658416 -3.1916869066841507 E 55.944511948658416 -3.1913869066841505 771.602033 645.860327
55.944511948658416 -3.1913869066841505 E 55.944511948658416 -3.1910869066841503 771.602033 644.610327
55.944511948658416 -3.1910869066841503 E 55.944511948658416 -3.19078690668415 771.602033 643.360327
55.944511948658416 -3.19078690668415 E 55.944511948658416 -3.19048690668415 771.602033 642.110327
55.944511948658416 -3.19048690668415 ENE 55.94462675368813 -3.1902097428243965 771.602033 640.860327
55.94462675368813 -3.1902097428243965 E 55.94462675368813 -3.1899097428243963 771.602033 639.610327
55.94462675368813 -3.1899097428243963 ENE 55.94474155871784 -3.189632578964643 771.602033 638.360327
55.94474155871784 -3.189632578964643 E 55.94474155871784 -3.1893325789646427 771.602033 637.110327
55.94474155871784 -3.1893325789646427 ENE 55.94485636374755 -3.1890554151048893 771.602033 635.860327
55.94485636374755 -3.1890554151048893 E 55.94485636374755 -3.188755415104889 771.602033 634.610327
55.94485636374755 -3.188755415104889 ENE 55.94497116877726 -3.1884782512451357 771.602033 633.360327
55.94497116877726 -3.1884782512451357 E 55.94497116877726 -3.1881782512451355 771.602033 632.110327
55.94497116877726 -3.1881782512451355 ENE 55.94508597380697 -3.187901087385382 771.602033 630.860327
55.94508597380697 -3.187901087385382 E 55.94508597380697 -3.187601087385382 771.602033 629.610327
55.94508597380697 -3.187601087385382 ENE 55.94520077883668 -3.1873239235256285 771.602033 628.360327
55.94520077883668 -3.1873239235256285 E 55.94520077883668 -3.1870239235256284 771.602033 627.110327
55.94520077883668 -3.1870239235256284 ENE 55.94531558386639 -3.186746759665875 748.018509 625.860327
55.94531558386639 -3.186746759665875 E 55.94531558386639 -3.1864467596658748 748.018509 624.610327
55.94531558386639 -3.1864467596658748 ENE 55.9454303888961 -3.1861695958061214 748.018509 623.360327
55.9454303888961 -3.1861695958061214 E 55.9454303888961 -3.185869595806121 748.018509 622.110327
55.9454303888961 -3.185869595806121 WSW 55.94531558386639 -3.1861467596658746 861.905961 655.714107
55.94531558386639 -3.1861467596658746 WSW 55.94520077883668 -3.186423923525628 861.905961 654.464107
55.94520077883668 -3.186423923525628 SW 55.94498864680232 -3.1866360555599837 861.905961 653.214107
55.94498864680232 -3.1866360555599837 WSW 55.94487384177261 -3.186913219419737 861.905961 651.964107
55.94487384177261 -3.186913219419737 SW 55.944661709738256 -3.187125351454093 861.905961 650.714107
55.944661709738256 -3.187125351454093 WSW 55.944546904708545 -3.1874025153138463 861.905961 649.464107
55.944546904708545 -3.1874025153138463 SW 55.94433477267419 -3.187614647348202 861.905961 648.214107
55.94433477267419 -3.187614647348202 WSW 55.94421996764448 -3.1878918112079555 861.905961 646.964107
55.94421996764448 -3.1878918112079555 SW 55.94400783561012 -3.1881039432423113 835.963553 635.545625
55.94400783561012 -3.1881039432423113 NNW 55.94428499946988 -3.188218748272021 909.332940 711.624462
55.94428499946988 -3.188218748272021 NNW 55.944562163329635 -3.1883335533017303 909.332940 710.374462
55.944562163329635 -3.1883335533017303 NW 55.94477429536399 -3.188545685336086 909.332940 709.124462
55.94477429536399 -3.188545685336086 NNW 55.94505145922375 -3.1886604903657956 909.332940 707.874462
55.94505145922375 -3.1886604903657956 NW 55.945263591258104 -3.1888726224001513 909.332940 706.624462
55.945263591258104 -3.1888726224001513 NNW 55.94554075511786 -3.188987427429861 909.332940 705.374462
55.94554075511786 -3.188987427429861 NW 55.94575288715222 -3.1891995594642166 931.226136 805.113377
55.94575288715222 -3.1891995594642166 SE 55.94554075511786 -3.188987427429861 1011.856624 919.709854
55.94554075511786 -3.188987427429861 SE 55.945328623083505 -3.188775295395505 1011.856624 918.459854
55.945328623083505 -3.188775295395505 SSE 55.94505145922375 -3.1886604903657956 1011.856624 917.209854
55.94505145922375 -3.1886604903657956 SE 55.94483932718939 -3.18844835833144 1011.856624 915.959854
55.94483932718939 -3.18844835833144 SSE 55.944562163329635 -3.1883335533017303 1011.856624 914.709854
55.944562163329635 -3.1883335533017303 SE 55.94435003129528 -3.1881214212673745 1011.856624 913.459854
55.94435003129528 -3.1881214212673745 SSE 55.94407286743552 -3.188006616237665 1011.856624 912.209854
55.94407286743552 -3.188006616237665 SE 55.94386073540117 -3.1877944842033092 1011.856624 910.959854
55.94386073540117 -3.1877944842033092 SSE 55.94358357154141 -3.1876796791735997 1011.856624 909.709854
55.94358357154141 -3.1876796791735997 SE 55.943371439507054 -3.187467547139244 1011.856624 908.459854
55.943371439507054 -3.187467547139244 SSE 55.9430942756473 -3.1873527421095345 1011.856624 907.209854
55.9430942756473 -3.1873527421095345 SE 55.94288214361294 -3.1871406100751787 1011.856624 905.959854
55.94288214361294 -3.1871406100751787 SSE 55.942604979753185 -3.187025805045469 1011.856624 904.709854
55.942604979753185 -3.187025805045469 WNW 55.942719784782895 -3.1873029689052226 1035.883279 1020.556580
55.942719784782895 -3.1873029689052226 WNW 55.942834589812605 -3.187580132764976 1035.883279 1019.306580
55.942834589812605 -3.187580132764976 NW 55.94304672184696 -3.1877922647993318 1035.883279 1018.056580
55.94304672184696 -3.1877922647993318 WNW 55.94316152687667 -3.188069428659085 1035.883279 1016.806580
55.94316152687667 -3.188069428659085 NW 55.94337365891103 -3.188281560693441 1035.883279 1015.556580
55.94337365891103 -3.188281560693441 WNW 55.94348846394074 -3.1885587245531943 1035.883279 1014.306580
55.94348846394074 -3.1885587245531943 NW 55.943700595975095 -3.18877085658755 1035.883279 1013.056580
55.943700595975095 -3.18877085658755 WNW 55.943815401004805 -3.1890480204473035 1035.883279 1011.806580
55.943815401004805 -3.1890480204473035 NW 55.94402753303916 -3.1892601524816593 1035.883279 1010.556580
55.94402753303916 -3.1892601524816593 WNW 55.94414233806887 -3.1895373163414127 1035.883279 1009.306580
55.94414233806887 -3.1895373163414127 NW 55.94435447010323 -3.1897494483757685 1035.883279 1008.056580
55.94435447010323 -3.1897494483757685 WNW 55.94446927513294 -3.190026612235522 1035.883279 1006.806580
55.94446927513294 -3.190026612235522 NW 55.944681407167295 -3.1902387442698776 1035.883279 1005.556580
55.944681407167295 -3.1902387442698776 WNW 55.944796212197005 -3.190515908129631 1035.883279 1004.306580
55.944796212197005 -3.190515908129631 NW 55.94500834423136 -3.190728040163987 1035.883279 1003.056580
55.94500834423136 -3.190728040163987 WNW 55.94512314926107 -3.19100520402374 1035.883279 1001.806580
55.94512314926107 -3.19100520402374 E 55.94512314926107 -3.19070520402374 1099.813206 1118.436189
55.94512314926107 -3.19070520402374 E 55.94512314926107 -3.19040520402374 1099.813206 1117.186189
55.94512314926107 -3.19040520402374 E 55.94512314926107 -3.1901052040237396 1099.813206 1115.936189
55.94512314926107 -3.1901052040237396 E 55.94512314926107 -3.1898052040237395 1099.813206 1114.686189
55.94512314926107 -3.1898052040237395 E 55.94512314926107 -3.1895052040237393 1099.813206 1113.436189
55.94512314926107 -3.1895052040237393 E 55.94512314926107 -3.189205204023739 1099.813206 1112.186189
55.94512314926107 -3.189205204023739 E 55.94512314926107 -3.188905204023739 1099.813206 1110.936189
55.94512314926107 -3.188905204023739 E 55.94512314926107 -3.1886052040237387 1099.813206 1109.686189
55.94512314926107 -3.1886052040237387 E 55.94512314926107 -3.1883052040237385 1099.813206 1108.436189
55.94512314926107 -3.1883052040237385 E 55.94512314926107 -3.1880052040237383 1099.813206 1107.186189
55.94512314926107 -3.1880052040237383 E 55.94512314926107 -3.187705204023738 1099.813206 1105.936189
55.94512314926107 -3.187705204023738 ENE 55.94523795429078 -3.1874280401639847 1099.813206 1104.686189
55.94523795429078 -3.1874280401639847 E 55.94523795429078 -3.1871280401639845 1099.813206 1103.436189
55.94523795429078 -3.1871280401639845 ENE 55.94535275932049 -3.186850876304231 1099.813206 1102.186189
55.94535275932049 -3.186850876304231 E 55.94535275932049 -3.186550876304231 1099.813206 1100.936189
55.94535275932049 -3.186550876304231 ENE 55.9454675643502 -3.1862737124444775 1009.155446 1077.650491
55.9454675643502 -3.1862737124444775 E 55.9454675643502 -3.1859737124444774 1009.155446 1076.400491
55.9454675643502 -3.1859737124444774 ENE 55.94558236937991 -3.185696548584724 1009.155446 1075.150491
55.94558236937991 -3.185696548584724 E 55.94558236937991 -3.1853965485847238 1009.155446 1073.900491
55.94558236937991 -3.1853965485847238 ENE 55.945697174409624 -3.1851193847249704 1009.155446 1072.650491
55.945697174409624 -3.1851193847249704 E 55.945697174409624 -3.18481938472497 1009.155446 1071.400491
55.945697174409624 -3.18481938472497 ENE 55.945811979439334 -3.1845422208652168 1009.155446 1070.150491
55.945811979439334 -3.1845422208652168 SSW 55.94553481557958 -3.1846570258949263 1078.613960 1184.984887
55.94553481557958 -3.1846570258949263 SSW 55.94525765171982 -3.184771830924636 1078.613960 1183.734887
55.94525765171982 -3.184771830924636 SSW 55.944980487860064 -3.1848866359543453 1111.406821 1269.594890
55.944980487860064 -3.1848866359543453 SSW 55.94470332400031 -3.185001440984055 1111.406821 1268.344890
55.94470332400031 -3.185001440984055 SSW 55.94442616014055 -3.1851162460137643 1111.406821 1267.094890
55.94442616014055 -3.1851162460137643 SSW 55.944148996280795 -3.185231051043474 1111.406821 1265.844890
55.944148996280795 -3.185231051043474 SSW 55.94387183242104 -3.1853458560731833 1111.406821 1264.594890
55.94387183242104 -3.1853458560731833 SSW 55.94359466856128 -3.185460661102893 1111.406821 1263.344890
55.94359466856128 -3.185460661102893 S 55.94329466856128 -3.185460661102893 1111.406821 1262.094890
55.94329466856128 -3.185460661102893 SSW 55.94301750470152 -3.1855754661326023 1111.406821 1260.844890
55.94301750470152 -3.1855754661326023 NE 55.94322963673588 -3.1853633340982466 1146.546466 1319.936140
55.94322963673588 -3.1853633340982466 NE 55.943441768770235 -3.185151202063891 1146.546466 1318.686140
55.943441768770235 -3.185151202063891 NE 55.94365390080459 -3.184939070029535 1146.546466 1317.436140
55.94365390080459 -3.184939070029535 NE 55.94386603283895 -3.1847269379951793 1146.546466 1316.186140
55.94386603283895 -3.1847269379951793 ENE 55.94398083786866 -3.184449774135426 1232.422263 1390.950857
55.94398083786866 -3.184449774135426 WSW 55.94386603283895 -3.1847269379951793 1232.422263 1389.700857
55.94386603283895 -3.1847269379951793 WSW 55.94375122780924 -3.1850041018549327 1232.422263 1388.450857
55.94375122780924 -3.1850041018549327 WSW 55.94363642277953 -3.185281265714686 1232.422263 1387.200857
55.94363642277953 -3.185281265714686 WSW 55.943521617749816 -3.1855584295744395 1232.422263 1385.950857
55.943521617749816 -3.1855584295744395 WSW 55.943406812720106 -3.185835593434193 1232.422263 1384.700857
55.943406812720106 -3.185835593434193 W 55.943406812720106 -3.186135593434193 1232.422263 1383.450857
55.943406812720106 -3.186135593434193 WSW 55.943292007690395 -3.1864127572939465 1232.422263 1382.200857
55.943292007690395 -3.1864127572939465 W 55.943292007690395 -3.1867127572939467 1232.422263 1380.950857
55.943292007690395 -3.1867127572939467 WSW 55.943177202660685 -3.1869899211537 1232.422263 1379.700857
55.943177202660685 -3.1869899211537 W 55.943177202660685 -3.1872899211537002 1232.422263 1378.450857
55.943177202660685 -3.1872899211537002 WSW 55.943062397630975 -3.1875670850134536 1232.422263 1377.200857
55.943062397630975 -3.1875670850134536 W 55.943062397630975 -3.187867085013454 1232.422263 1375.950857
55.943062397630975 -3.187867085013454 WSW 55.942947592601264 -3.1881442488732072 1232.422263 1374.700857
55.942947592601264 -3.1881442488732072 W 55.942947592601264 -3.1884442488732074 1232.422263 1373.450857
55.942947592601264 -3.1884442488732074 WSW 55.942832787571554 -3.188721412732961 1232.422263 1372.200857
55.942832787571554 -3.188721412732961 W 55.942832787571554 -3.189021412732961 1232.422263 1370.950857
55.942832787571554 -3.189021412732961 WSW 55.94271798254184 -3.1892985765927144 1232.422263 1369.700857
55.94271798254184 -3.1892985765927144 W 55.94271798254184 -3.1895985765927146 1232.422263 1368.450857
55.94271798254184 -3.1895985765927146 WSW 55.94260317751213 -3.189875740452468 1232.422263 1367.200857
55.94260317751213 -3.189875740452468 NW 55.94281530954649 -3.190087872486824 1281.860696 1435.783580
55.94281530954649 -3.190087872486824 NW 55.943027441580846 -3.1903000045211796 1281.860696 1434.533580
55.943027441580846 -3.1903000045211796 NW 55.9432395736152 -3.1905121365555353 1281.860696 1433.283580
55.9432395736152 -3.1905121365555353 NW 55.94345170564956 -3.190724268589891 1281.860696 1432.033580
55.94345170564956 -3.190724268589891 NW 55.943663837683914 -3.190936400624247 1281.860696 1430.783580
55.943663837683914 -3.190936400624247 NW 55.94387596971827 -3.1911485326586027 1281.860696 1429.533580
55.94387596971827 -3.1911485326586027 NW 55.94408810175263 -3.1913606646929584 1343.558207 1449.648124
55.94408810175263 -3.1913606646929584 NW 55.94430023378698 -3.191572796727314 1343.558207 1448.398124
55.94430023378698 -3.191572796727314 NW 55.94451236582134 -3.19178492876167 1343.558207 1447.148124
55.94451236582134 -3.19178492876167 NW 55.944724497855695 -3.1919970607960257 1343.558207 1445.898124
55.944724497855695 -3.1919970607960257 NW 55.94493662989005 -3.1922091928303815 1343.558207 1444.648124
55.94493662989005 -3.1922091928303815 NW 55.94514876192441 -3.1924213248647373 1343.558207 1443.398124
55.94514876192441 -3.1924213248647373 NNW 55.945425925784164 -3.192536129894447 1428.984383 1480.161921
55.945425925784164 -3.192536129894447 ESE 55.945311120754454 -3.1922589660346934 1428.984383 1478.911921
55.945311120754454 -3.1922589660346934 ESE 55.94519631572474 -3.19198180217494 1428.984383 1477.661921
55.94519631572474 -3.19198180217494 ESE 55.94508151069503 -3.1917046383151866 1428.984383 1476.411921
55.94508151069503 -3.1917046383151866 ESE 55.94496670566532 -3.191427474455433 1428.984383 1475.161921
55.94496670566532 -3.191427474455433 ESE 55.94485190063561 -3.1911503105956798 1428.984383 1473.911921
55.94485190063561 -3.1911503105956798 SE 55.944639768601256 -3.190938178561324 1428.984383 1472.661921
55.944639768601256 -3.190938178561324 ESE 55.944524963571546 -3.1906610147015706 1428.984383 1471.411921
55.944524963571546 -3.1906610147015706 SE 55.94431283153719 -3.190448882667215 1428.984383 1470.161921
55.94431283153719 -3.190448882667215 ESE 55.94419802650748 -3.1901717188074614 1428.984383 1468.911921
55.94419802650748 -3.1901717188074614 SE 55.94398589447312 -3.1899595867731056 1428.984383 1467.661921
55.94398589447312 -3.1899595867731056 ESE 55.94387108944341 -3.1896824229133522 1428.984383 1466.411921
55.94387108944341 -3.1896824229133522 SE 55.943658957409056 -3.1894702908789965 1428.984383 1465.161921
55.943658957409056 -3.1894702908789965 ESE 55.943544152379346 -3.189193127019243 1428.984383 1463.911921
55.943544152379346 -3.189193127019243 NE 55.9437562844137 -3.1889809949848873 1485.622944 1546.323963
55.9437562844137 -3.1889809949848873 NE 55.94396841644806 -3.1887688629505315 1485.622944 1545.073963
55.94396841644806 -3.1887688629505315 NNE 55.944245580307815 -3.188654057920822 1485.622944 1543.823963
55.944245580307815 -3.188654057920822 NE 55.94445771234217 -3.1884419258864662 1485.622944 1542.573963
55.94445771234217 -3.1884419258864662 NNE 55.94473487620193 -3.1883271208567567 1485.622944 1541.323963
55.94473487620193 -3.1883271208567567 NE 55.944947008236284 -3.188114988822401 1485.622944 1540.073963
55.944947008236284 -3.188114988822401 NNE 55.94522417209604 -3.1880001837926915 1485.622944 1538.823963
55.94522417209604 -3.1880001837926915 NE 55.945436304130396 -3.1877880517583357 1485.622944 1537.573963
55.945436304130396 -3.1877880517583357 NNE 55.94571346799015 -3.187673246728626 1485.622944 1536.323963
55.94571346799015 -3.187673246728626 WSW 55.94559866296044 -3.1879504105883796 1496.456927 1617.643053
55.94559866296044 -3.1879504105883796 WSW 55.94548385793073 -3.188227574448133 1496.456927 1616.393053
55.94548385793073 -3.188227574448133 WSW 55.94536905290102 -3.1885047383078864 1496.456927 1615.143053
55.94536905290102 -3.1885047383078864 WSW 55.94525424787131 -3.18878190216764 1496.456927 1613.893053
55.94525424787131 -3.18878190216764 WSW 55.9451394428416 -3.189059066027393 1496.456927 1612.643053
55.9451394428416 -3.189059066027393 WSW 55.94502463781189 -3.1893362298871466 1496.456927 1611.393053
55.94502463781189 -3.1893362298871466 WSW 55.94490983278218 -3.1896133937469 1496.456927 1610.143053
55.94490983278218 -3.1896133937469 WSW 55.94479502775247 -3.1898905576066534 1496.456927 1608.893053
55.94479502775247 -3.1898905576066534 WSW 55.94468022272276 -3.190167721466407 1496.456927 1607.643053
55.94468022272276 -3.190167721466407 WSW 55.94456541769305 -3.19044488532616 1496.456927 1606.393053
55.94456541769305 -3.19044488532616 WSW 55.94445061266334 -3.1907220491859136 1496.456927 1605.143053
55.94445061266334 -3.1907220491859136 WSW 55.94433580763363 -3.190999213045667 1496.456927 1603.893053
55.94433580763363 -3.190999213045667 WSW 55.94422100260392 -3.1912763769054204 1496.456927 1602.643053
55.94422100260392 -3.1912763769054204 WSW 55.94410619757421 -3.191553540765174 1496.456927 1601.393053
55.94410619757421 -3.191553540765174 WSW 55.9439913925445 -3.1918307046249272 1512.112134 1640.906481
55.9439913925445 -3.1918307046249272 E 55.9439913925445 -3.191530704624927 1512.112134 1639.656481
55.9439913925445 -3.191530704624927 E 55.9439913925445 -3.191230704624927 1512.112134 1638.406481
55.9439913925445 -3.191230704624927 E 55.9439913925445 -3.1909307046249267 1512.112134 1637.156481
55.9439913925445 -3.1909307046249267 E 55.9439913925445 -3.1906307046249265 1512.112134 1635.906481
55.9439913925445 -3.1906307046249265 E 55.9439913925445 -3.1903307046249263 1534.406248 1645.715044
55.9439913925445 -3.1903307046249263 NW 55.94420352457885 -3.190542836659282 1534.406248 1644.465044
55.94420352457885 -3.190542836659282 SSW 55.9439263607191 -3.1906576416889916 1534.406248 1643.215044
55.9439263607191 -3.1906576416889916 NW 55.94413849275345 -3.1908697737233473 1534.406248 1641.965044
55.94413849275345 -3.1908697737233473 SE 55.9439263607191 -3.1906576416889916 1534.406248 1640.715044
55.9439263607191 -3.1906576416889916 SW 55.94371422868474 -3.1908697737233473 1534.406248 1639.465044
55.94371422868474 -3.1908697737233473 SSW 55.943437064824984 -3.190984578753057 1534.406248 1638.215044
55.943437064824984 -3.190984578753057 SE 55.94322493279063 -3.190772446718701 1534.406248 1636.965044
55.94322493279063 -3.190772446718701 WNW 55.94333973782034 -3.1910496105784545 1534.406248 1635.715044
55.94333973782034 -3.1910496105784545 W 55.94333973782034 -3.1913496105784547 1534.406248 1634.465044
55.94333973782034 -3.1913496105784547 NNE 55.943616901680095 -3.191234805548745 1534.406248 1633.215044
55.943616901680095 -3.191234805548745 WNW 55.943731706709805 -3.1915119694084986 1534.406248 1631.965044
55.943731706709805 -3.1915119694084986 SSW 55.94345454285005 -3.191626774438208 1534.406248 1630.715044
55.94345454285005 -3.191626774438208 S 55.943154542850046 -3.191626774438208 1534.406248 1629.465044
