55.944425 -3.188396 ENE 55.94453980502971 -3.1881188361402466 0.000000 248.750000
55.94453980502971 -3.1881188361402466 ENE 55.94465461005942 -3.187841672280493 0.000000 247.500000
55.94465461005942 -3.187841672280493 ENE 55.944769415089134 -3.18756450842074 0.000000 246.250000
55.944769415089134 -3.18756450842074 ENE 55.944884220118844 -3.1872873445609864 0.000000 245.000000
55.944884220118844 -3.1872873445609864 ENE 55.944999025148554 -3.187010180701233 49.270928 256.824749
55.944999025148554 -3.187010180701233 ENE 55.945113830178265 -3.1867330168414796 0.000000 131.704170
55.945113830178265 -3.1867330168414796 ENE 55.945228635207975 -3.186455852981726 0.000000 130.454170
55.945228635207975 -3.186455852981726 ENE 55.945343440237686 -3.1861786891219728 0.000000 129.204170
55.945343440237686 -3.1861786891219728 ENE 55.945458245267396 -3.1859015252622194 0.000000 127.954170
55.945458245267396 -3.1859015252622194 S 55.94515824526739 -3.1859015252622194 113.887452 161.557950
55.94515824526739 -3.1859015252622194 S 55.94485824526739 -3.1859015252622194 220.206845 177.434411
55.94485824526739 -3.1859015252622194 S 55.94455824526739 -3.1859015252622194 235.925669 269.476424
55.94455824526739 -3.1859015252622194 SSE 55.94428108140763 -3.18578672023251 235.925669 268.226424
55.94428108140763 -3.18578672023251 S 55.94398108140763 -3.18578672023251 235.925669 266.976424
55.94398108140763 -3.18578672023251 SSE 55.94370391754787 -3.1856719152028004 235.925669 265.726424
55.94370391754787 -3.1856719152028004 S 55.94340391754787 -3.1856719152028004 313.140754 273.632146
55.94340391754787 -3.1856719152028004 SSE 55.94312675368811 -3.185557110173091 313.140754 272.382146
55.94312675368811 -3.185557110173091 NNE 55.94340391754787 -3.1854423051433813 348.280399 331.473396
55.94340391754787 -3.1854423051433813 NNE 55.943681081407625 -3.185327500113672 348.280399 330.223396
55.943681081407625 -3.185327500113672 NNE 55.94395824526738 -3.1852126950839623 348.280399 328.973396
55.94395824526738 -3.1852126950839623 NNE 55.94423540912714 -3.185097890054253 348.280399 327.723396
55.94423540912714 -3.185097890054253 NNE 55.944512572986895 -3.1849830850245433 348.280399 326.473396
55.944512572986895 -3.1849830850245433 NNE 55.94478973684665 -3.184868279994834 348.280399 325.223396
55.94478973684665 -3.184868279994834 NNE 55.94506690070641 -3.1847534749651243 348.280399 323.973396
55.94506690070641 -3.1847534749651243 NNE 55.945344064566164 -3.184638669935415 381.073260 409.833400
55.945344064566164 -3.184638669935415 NNE 55.94562122842592 -3.1845238649057053 381.073260 408.583400
55.94562122842592 -3.1845238649057053 W 55.94562122842592 -3.1848238649057055 450.531774 523.417796
55.94562122842592 -3.1848238649057055 W 55.94562122842592 -3.1851238649057056 450.531774 522.167796
55.94562122842592 -3.1851238649057056 W 55.94562122842592 -3.185423864905706 450.531774 520.917796
55.94562122842592 -3.185423864905706 W 55.94562122842592 -3.185723864905706 450.531774 519.667796
55.94562122842592 -3.185723864905706 W 55.94562122842592 -3.186023864905706 450.531774 518.417796
55.94562122842592 -3.186023864905706 W 55.94562122842592 -3.1863238649057064 450.531774 517.167796
55.94562122842592 -3.1863238649057064 WSW 55.94550642339621 -3.18660102876546 450.296046 414.092262
55.94550642339621 -3.18660102876546 W 55.94550642339621 -3.18690102876546 359.638285 390.806564
55.94550642339621 -3.18690102876546 WSW 55.9453916183665 -3.1871781926252134 359.638285 389.556564
55.9453916183665 -3.1871781926252134 W 55.9453916183665 -3.1874781926252136 359.638285 388.306564
55.9453916183665 -3.1874781926252136 WSW 55.94527681333679 -3.187755356484967 359.638285 387.056564
55.94527681333679 -3.187755356484967 W 55.94527681333679 -3.188055356484967 359.638285 385.806564
55.94527681333679 -3.188055356484967 WSW 55.94516200830708 -3.1883325203447206 359.638285 384.556564
55.94516200830708 -3.1883325203447206 W 55.94516200830708 -3.1886325203447208 359.638285 383.306564
55.94516200830708 -3.1886325203447208 WSW 55.94504720327737 -3.188909684204474 359.638285 382.056564
55.94504720327737 -3.188909684204474 W 55.94504720327737 -3.1892096842044744 326.503136 306.357146
55.94504720327737 -3.1892096842044744 WSW 55.94493239824766 -3.1894868480642278 326.503136 305.107146
55.94493239824766 -3.1894868480642278 W 55.94493239824766 -3.189786848064228 326.503136 303.857146
55.94493239824766 -3.189786848064228 WSW 55.94481759321795 -3.1900640119239814 326.503136 302.607146
55.94481759321795 -3.1900640119239814 W 55.94481759321795 -3.1903640119239816 326.503136 301.357146
55.94481759321795 -3.1903640119239816 WSW 55.94470278818824 -3.190641175783735 387.300861 336.625254
55.94470278818824 -3.190641175783735 W 55.94470278818824 -3.190941175783735 387.300861 335.375254
55.94470278818824 -3.190941175783735 WSW 55.94458798315853 -3.1912183396434886 387.300861 334.125254
55.94458798315853 -3.1912183396434886 W 55.94458798315853 -3.1915183396434887 387.300861 332.875254
55.94458798315853 -3.1915183396434887 ENE 55.94470278818824 -3.1912411757837353 479.395715 336.720418
55.94470278818824 -3.1912411757837353 ENE 55.94481759321795 -3.190964011923982 479.395715 335.470418
55.94481759321795 -3.190964011923982 NE 55.945029725252304 -3.190751879889626 479.395715 334.220418
55.945029725252304 -3.190751879889626 ENE 55.945144530282015 -3.1904747160298728 479.395715 332.970418
55.945144530282015 -3.1904747160298728 ENE 55.945259335311725 -3.1901975521701194 595.168096 417.777613
55.945259335311725 -3.1901975521701194 ENE 55.945374140341436 -3.189920388310366 595.168096 416.527613
55.945374140341436 -3.189920388310366 ENE 55.945488945371146 -3.1896432244506125 595.168096 415.277613
55.945488945371146 -3.1896432244506125 ENE 55.945603750400856 -3.189366060590859 595.168096 414.027613
55.945603750400856 -3.189366060590859 ENE 55.94571855543057 -3.1890888967311057 595.168096 412.777613
55.94571855543057 -3.1890888967311057 WSW 55.945603750400856 -3.189366060590859 675.798584 527.374091
55.945603750400856 -3.189366060590859 W 55.945603750400856 -3.1896660605908593 675.798584 526.124091
55.945603750400856 -3.1896660605908593 WSW 55.945488945371146 -3.1899432244506127 675.798584 524.874091
55.945488945371146 -3.1899432244506127 W 55.945488945371146 -3.190243224450613 675.798584 523.624091
55.945488945371146 -3.190243224450613 WSW 55.945374140341436 -3.1905203883103663 675.798584 522.374091
55.945374140341436 -3.1905203883103663 W 55.945374140341436 -3.1908203883103665 675.798584 521.124091
55.945374140341436 -3.1908203883103665 WSW 55.945259335311725 -3.19109755217012 675.798584 519.874091
55.945259335311725 -3.19109755217012 ESE 55.945144530282015 -3.1908203883103665 739.728511 636.503700
55.945144530282015 -3.1908203883103665 E 55.945144530282015 -3.1905203883103663 739.728511 635.253700
55.945144530282015 -3.1905203883103663 ESE 55.945029725252304 -3.190243224450613 739.728511 634.003700
55.945029725252304 -3.190243224450613 E 55.945029725252304 -3.1899432244506127 739.728511 632.753700
55.945029725252304 -3.1899432244506127 ESE 55.944914920222594 -3.1896660605908593 739.728511 631.503700
55.944914920222594 -3.1896660605908593 E 55.944914920222594 -3.189366060590859 835.810586 664.838786
55.944914920222594 -3.189366060590859 ESE 55.94480011519288 -3.1890888967311057 835.810586 663.588786
55.94480011519288 -3.1890888967311057 E 55.94480011519288 -3.1887888967311055 835.810586 662.338786
55.94480011519288 -3.1887888967311055 ESE 55.94468531016317 -3.188511732871352 835.810586 661.088786
55.94468531016317 -3.188511732871352 E 55.94468531016317 -3.188211732871352 835.810586 659.838786
55.94468531016317 -3.188211732871352 ESE 55.94457050513346 -3.1879345690115986 835.810586 658.588786
55.94457050513346 -3.1879345690115986 E 55.94457050513346 -3.1876345690115984 835.810586 657.338786
55.94457050513346 -3.1876345690115984 ESE 55.94445570010375 -3.187357405151845 835.810586 656.088786
55.94445570010375 -3.187357405151845 E 55.94445570010375 -3.1870574051518448 835.810586 654.838786
55.94445570010375 -3.1870574051518448 ESE 55.94434089507404 -3.1867802412920914 835.810586 653.588786
55.94434089507404 -3.1867802412920914 E 55.94434089507404 -3.186480241292091 946.419555 723.750297
55.94434089507404 -3.186480241292091 ESE 55.94422609004433 -3.1862030774323378 941.972706 618.251365
55.94422609004433 -3.1862030774323378 E 55.94422609004433 -3.1859030774323376 941.972706 617.001365
55.94422609004433 -3.1859030774323376 ESE 55.94411128501462 -3.185625913572584 941.972706 615.751365
55.94411128501462 -3.185625913572584 E 55.94411128501462 -3.185325913572584 941.972706 614.501365
55.94411128501462 -3.185325913572584 ESE 55.94399647998491 -3.1850487497128306 941.972706 613.251365
55.94399647998491 -3.1850487497128306 E 55.94399647998491 -3.1847487497128304 941.972706 612.001365
55.94399647998491 -3.1847487497128304 WSW 55.9438816749552 -3.185025913572584 1027.848503 686.766081
55.9438816749552 -3.185025913572584 WSW 55.94376686992549 -3.185303077432337 1027.848503 685.516081
55.94376686992549 -3.185303077432337 WSW 55.94365206489578 -3.1855802412920906 1027.848503 684.266081
55.94365206489578 -3.1855802412920906 SW 55.94343993286142 -3.1857923733264464 1027.848503 683.016081
55.94343993286142 -3.1857923733264464 WSW 55.94332512783171 -3.1860695371862 1027.848503 681.766081
55.94332512783171 -3.1860695371862 SW 55.94311299579736 -3.1862816692205556 1027.848503 680.516081
55.94311299579736 -3.1862816692205556 WSW 55.942998190767646 -3.186558833080309 1027.848503 679.266081
55.942998190767646 -3.186558833080309 SW 55.94278605873329 -3.1867709651146647 1027.848503 678.016081
55.94278605873329 -3.1867709651146647 WSW 55.94267125370358 -3.187048128974418 996.381673 617.118411
55.94267125370358 -3.187048128974418 NNW 55.942948417563336 -3.1871629340041276 1020.408328 732.965137
55.942948417563336 -3.1871629340041276 NNW 55.94322558142309 -3.187277739033837 1020.408328 731.715137
55.94322558142309 -3.187277739033837 NNW 55.94350274528285 -3.1873925440635467 1020.408328 730.465137
55.94350274528285 -3.1873925440635467 NW 55.943714877317205 -3.1876046760979024 1020.408328 729.215137
55.943714877317205 -3.1876046760979024 NNW 55.94399204117696 -3.187719481127612 1020.408328 727.965137
55.94399204117696 -3.187719481127612 NW 55.94420417321132 -3.1879316131619677 1020.408328 726.715137
55.94420417321132 -3.1879316131619677 NNW 55.944481337071075 -3.1880464181916772 994.465919 715.296655
55.944481337071075 -3.1880464181916772 NW 55.94469346910543 -3.188258550226033 994.465919 714.046655
55.94469346910543 -3.188258550226033 NNW 55.94497063296519 -3.1883733552557425 994.465919 712.796655
55.94497063296519 -3.1883733552557425 NW 55.945182764999544 -3.1885854872900983 994.465919 711.546655
55.945182764999544 -3.1885854872900983 NNW 55.9454599288593 -3.188700292319808 994.465919 710.296655
55.9454599288593 -3.188700292319808 SW 55.945247796824944 -3.1889124243541636 1016.359116 810.035570
55.945247796824944 -3.1889124243541636 SW 55.94503566479059 -3.1891245563885193 1016.359116 808.785570
55.94503566479059 -3.1891245563885193 SW 55.94482353275623 -3.189336688422875 1016.359116 807.535570
55.94482353275623 -3.189336688422875 SW 55.944611400721875 -3.189548820457231 1016.359116 806.285570
55.944611400721875 -3.189548820457231 SW 55.94439926868752 -3.1897609524915866 1016.359116 805.035570
55.94439926868752 -3.1897609524915866 SW 55.94418713665316 -3.1899730845259424 1016.359116 803.785570
55.94418713665316 -3.1899730845259424 SW 55.94397500461881 -3.190185216560298 1016.359116 802.535570
55.94397500461881 -3.190185216560298 SW 55.94376287258445 -3.190397348594654 1016.359116 801.285570
55.94376287258445 -3.190397348594654 SSW 55.943485708724694 -3.1905121536243635 1016.359116 800.035570
55.943485708724694 -3.1905121536243635 SW 55.94327357669034 -3.1907242856587192 1016.359116 798.785570
55.94327357669034 -3.1907242856587192 SSW 55.94299641283058 -3.1908390906884287 1016.359116 797.535570
55.94299641283058 -3.1908390906884287 SW 55.942784280796225 -3.1910512227227845 1016.359116 796.285570
55.942784280796225 -3.1910512227227845 NNE 55.94306144465598 -3.190936417693075 1094.014534 878.527449
55.94306144465598 -3.190936417693075 NNE 55.94333860851574 -3.1908216126633655 1094.014534 877.277449
55.94333860851574 -3.1908216126633655 NNE 55.943615772375495 -3.190706807633656 1094.014534 876.027449
55.943615772375495 -3.190706807633656 NE 55.94382790440985 -3.1904946755993002 1094.014534 874.777449
55.94382790440985 -3.1904946755993002 NNE 55.94410506826961 -3.1903798705695907 1116.308648 884.586013
55.94410506826961 -3.1903798705695907 NE 55.94431720030396 -3.190167738535235 1116.308648 883.336013
55.94431720030396 -3.190167738535235 NNE 55.94459436416372 -3.1900529335055254 1116.308648 882.086013
55.94459436416372 -3.1900529335055254 SW 55.944382232129364 -3.190265065539881 1127.086150 942.578235
55.944382232129364 -3.190265065539881 WSW 55.94426742709965 -3.1905422293996346 1127.086150 941.328235
55.94426742709965 -3.1905422293996346 SW 55.9440552950653 -3.1907543614339904 1127.086150 940.078235
55.9440552950653 -3.1907543614339904 WSW 55.94394049003559 -3.191031525293744 1127.086150 938.828235
55.94394049003559 -3.191031525293744 SW 55.94372835800123 -3.1912436573280996 1127.086150 937.578235
55.94372835800123 -3.1912436573280996 SE 55.943516225966874 -3.191031525293744 1188.783661 957.692779
55.943516225966874 -3.191031525293744 SE 55.94330409393252 -3.190819393259388 1188.783661 956.442779
55.94330409393252 -3.190819393259388 SE 55.94309196189816 -3.1906072612250322 1188.783661 955.192779
55.94309196189816 -3.1906072612250322 ESE 55.94297715686845 -3.190330097365279 1188.783661 953.942779
55.94297715686845 -3.190330097365279 SE 55.942765024834095 -3.190117965330923 1188.783661 952.692779
55.942765024834095 -3.190117965330923 ESE 55.942650219804385 -3.1898408014711697 1188.783661 951.442779
55.942650219804385 -3.1898408014711697 ENE 55.942765024834095 -3.1895636376114163 1238.222094 1020.025502
55.942765024834095 -3.1895636376114163 ENE 55.942879829863806 -3.189286473751663 1238.222094 1018.775502
55.942879829863806 -3.189286473751663 ENE 55.942994634893516 -3.1890093098919094 1238.222094 1017.525502
55.942994634893516 -3.1890093098919094 ENE 55.94310943992323 -3.188732146032156 1238.222094 1016.275502
55.94310943992323 -3.188732146032156 ENE 55.94322424495294 -3.1884549821724026 1238.222094 1015.025502
55.94322424495294 -3.1884549821724026 ENE 55.94333904998265 -3.1881778183126492 1238.222094 1013.775502
55.94333904998265 -3.1881778183126492 ENE 55.94345385501236 -3.187900654452896 1238.222094 1012.525502
55.94345385501236 -3.187900654452896 ENE 55.94356866004207 -3.1876234905931424 1238.222094 1011.275502
55.94356866004207 -3.1876234905931424 ENE 55.94368346507178 -3.187346326733389 1238.222094 1010.025502
55.94368346507178 -3.187346326733389 E 55.94368346507178 -3.187046326733389 1233.395490 949.732229
55.94368346507178 -3.187046326733389 ENE 55.94379827010149 -3.1867691628736354 1233.395490 948.482229
55.94379827010149 -3.1867691628736354 E 55.94379827010149 -3.1864691628736352 1233.395490 947.232229
55.94379827010149 -3.1864691628736352 W 55.94379827010149 -3.1867691628736354 1265.057193 1025.553594
55.94379827010149 -3.1867691628736354 W 55.94379827010149 -3.1870691628736356 1265.057193 1024.303594
55.94379827010149 -3.1870691628736356 WNW 55.9439130751312 -3.187346326733389 1265.057193 1023.053594
55.9439130751312 -3.187346326733389 W 55.9439130751312 -3.187646326733389 1265.057193 1021.803594
55.9439130751312 -3.187646326733389 WNW 55.94402788016091 -3.1879234905931426 1265.057193 1020.553594
55.94402788016091 -3.1879234905931426 W 55.94402788016091 -3.188223490593143 1265.057193 1019.303594
55.94402788016091 -3.188223490593143 W 55.94402788016091 -3.188523490593143 1338.426580 1095.382431
55.94402788016091 -3.188523490593143 W 55.94402788016091 -3.188823490593143 1338.426580 1094.132431
55.94402788016091 -3.188823490593143 W 55.94402788016091 -3.1891234905931434 1338.426580 1092.882431
55.94402788016091 -3.1891234905931434 WNW 55.94414268519062 -3.1894006544528968 1338.426580 1091.632431
55.94414268519062 -3.1894006544528968 W 55.94414268519062 -3.189700654452897 1338.426580 1090.382431
55.94414268519062 -3.189700654452897 WNW 55.94425749022033 -3.1899778183126504 1338.426580 1089.132431
55.94425749022033 -3.1899778183126504 W 55.94425749022033 -3.1902778183126506 1338.426580 1087.882431
55.94425749022033 -3.1902778183126506 WNW 55.94437229525004 -3.190554982172404 1338.426580 1086.632431
55.94437229525004 -3.190554982172404 W 55.94437229525004 -3.190854982172404 1338.426580 1085.382431
55.94437229525004 -3.190854982172404 WNW 55.94448710027975 -3.1911321460321576 1338.426580 1084.132431
55.94448710027975 -3.1911321460321576 W 55.94448710027975 -3.1914321460321577 1338.426580 1082.882431
55.94448710027975 -3.1914321460321577 ESE 55.94437229525004 -3.1911549821724043 1338.426580 1081.632431
55.94437229525004 -3.1911549821724043 ESE 55.94425749022033 -3.190877818312651 1338.426580 1080.382431
55.94425749022033 -3.190877818312651 ESE 55.94414268519062 -3.1906006544528975 1338.426580 1079.132431
55.94414268519062 -3.1906006544528975 ESE 55.94402788016091 -3.190323490593144 1338.426580 1077.882431
55.94402788016091 -3.190323490593144 ESE 55.9439130751312 -3.1900463267333907 1338.426580 1076.632431
55.9439130751312 -3.1900463267333907 ESE 55.94379827010149 -3.1897691628736373 1338.426580 1075.382431
55.94379827010149 -3.1897691628736373 ESE 55.94368346507178 -3.189491999013884 1338.426580 1074.132431
55.94368346507178 -3.189491999013884 ESE 55.94356866004207 -3.1892148351541305 1338.426580 1072.882431
55.94356866004207 -3.1892148351541305 WNW 55.94368346507178 -3.189491999013884 1395.065140 1155.294473
55.94368346507178 -3.189491999013884 WNW 55.94379827010149 -3.1897691628736373 1395.065140 1154.044473
55.94379827010149 -3.1897691628736373 WNW 55.9439130751312 -3.1900463267333907 1395.065140 1152.794473
55.9439130751312 -3.1900463267333907 WNW 55.94402788016091 -3.190323490593144 1395.065140 1151.544473
55.94402788016091 -3.190323490593144 WNW 55.94414268519062 -3.1906006544528975 1395.065140 1150.294473
55.94414268519062 -3.1906006544528975 WNW 55.94425749022033 -3.190877818312651 1395.065140 1149.044473
55.94425749022033 -3.190877818312651 WNW 55.94437229525004 -3.1911549821724043 1395.065140 1147.794473
55.94437229525004 -3.1911549821724043 NW 55.9445844272844 -3.19136711420676 1395.065140 1146.544473
55.9445844272844 -3.19136711420676 WNW 55.94469923231411 -3.1916442780665135 1395.065140 1145.294473
55.94469923231411 -3.1916442780665135 NW 55.944911364348464 -3.1918564101008693 1484.223886 1246.835277
55.944911364348464 -3.1918564101008693 WNW 55.945026169378174 -3.1921335739606227 1484.223886 1245.585277
55.945026169378174 -3.1921335739606227 NW 55.94523830141253 -3.1923457059949785 1484.223886 1244.335277
55.94523830141253 -3.1923457059949785 E 55.94523830141253 -3.1920457059949783 1569.650063 1281.099075
55.94523830141253 -3.1920457059949783 E 55.94523830141253 -3.191745705994978 1569.650063 1279.849075
55.94523830141253 -3.191745705994978 E 55.94523830141253 -3.191445705994978 1569.650063 1278.599075
55.94523830141253 -3.191445705994978 E 55.94523830141253 -3.1911457059949777 1569.650063 1277.349075
55.94523830141253 -3.1911457059949777 E 55.94523830141253 -3.1908457059949775 1569.650063 1276.099075
55.94523830141253 -3.1908457059949775 E 55.94523830141253 -3.1905457059949773 1569.650063 1274.849075
55.94523830141253 -3.1905457059949773 E 55.94523830141253 -3.190245705994977 1569.650063 1273.599075
55.94523830141253 -3.190245705994977 E 55.94523830141253 -3.189945705994977 1569.650063 1272.349075
55.94523830141253 -3.189945705994977 ENE 55.94535310644224 -3.1896685421352236 1569.650063 1271.099075
55.94535310644224 -3.1896685421352236 E 55.94535310644224 -3.1893685421352234 1569.650063 1269.849075
55.94535310644224 -3.1893685421352234 ENE 55.94546791147195 -3.18909137827547 1569.650063 1268.599075
55.94546791147195 -3.18909137827547 E 55.94546791147195 -3.1887913782754698 1569.650063 1267.349075
55.94546791147195 -3.1887913782754698 ENE 55.94558271650166 -3.1885142144157164 1569.650063 1266.099075
55.94558271650166 -3.1885142144157164 E 55.94558271650166 -3.188214214415716 1569.650063 1264.849075
55.94558271650166 -3.188214214415716 ENE 55.94569752153137 -3.1879370505559628 1569.650063 1263.599075
55.94569752153137 -3.1879370505559628 E 55.94569752153137 -3.1876370505559626 1569.650063 1262.349075
55.94569752153137 -3.1876370505559626 NNE 55.94597468539113 -3.187522245526253 1580.484046 1343.668165
55.94597468539113 -3.187522245526253 WSW 55.94585988036142 -3.1877994093860065 1580.484046 1342.418165
55.94585988036142 -3.1877994093860065 WSW 55.94574507533171 -3.18807657324576 1580.484046 1341.168165
55.94574507533171 -3.18807657324576 WSW 55.945630270302 -3.1883537371055133 1580.484046 1339.918165
55.945630270302 -3.1883537371055133 WSW 55.94551546527229 -3.1886309009652667 1580.484046 1338.668165
55.94551546527229 -3.1886309009652667 WSW 55.945400660242576 -3.18890806482502 1580.484046 1337.418165
55.945400660242576 -3.18890806482502 WSW 55.945285855212866 -3.1891852286847735 1580.484046 1336.168165
55.945285855212866 -3.1891852286847735 WSW 55.945171050183156 -3.189462392544527 1580.484046 1334.918165
55.945171050183156 -3.189462392544527 WSW 55.945056245153445 -3.1897395564042803 1580.484046 1333.668165
55.945056245153445 -3.1897395564042803 WSW 55.944941440123735 -3.1900167202640337 1580.484046 1332.418165
55.944941440123735 -3.1900167202640337 WSW 55.944826635094024 -3.190293884123787 1580.484046 1331.168165
55.944826635094024 -3.190293884123787 WSW 55.944711830064314 -3.1905710479835405 1580.484046 1329.918165
55.944711830064314 -3.1905710479835405 WSW 55.944597025034604 -3.190848211843294 1580.484046 1328.668165
55.944597025034604 -3.190848211843294 WSW 55.94448222000489 -3.1911253757030473 1580.484046 1327.418165
55.94448222000489 -3.1911253757030473 SW 55.94427008797054 -3.191337507737403 1580.484046 1326.168165
55.94427008797054 -3.191337507737403 WSW 55.94415528294083 -3.1916146715971565 1580.484046 1324.918165
55.94415528294083 -3.1916146715971565 SW 55.94394315090647 -3.1918268036315123 1596.139253 1364.431592
55.94394315090647 -3.1918268036315123 E 55.94394315090647 -3.191526803631512 1596.139253 1363.181592
55.94394315090647 -3.191526803631512 ESE 55.94382834587676 -3.1912496397717587 1640.453293 1367.545226
55.94382834587676 -3.1912496397717587 NE 55.944040477911116 -3.191037507737403 1640.453293 1366.295226
55.944040477911116 -3.191037507737403 N 55.94434047791112 -3.191037507737403 1640.453293 1365.045226
55.94434047791112 -3.191037507737403 NW 55.944552609945475 -3.1912496397717587 1640.453293 1363.795226
55.944552609945475 -3.1912496397717587 NNW 55.94482977380523 -3.191364444801468 1640.453293 1362.545226
55.94482977380523 -3.191364444801468 SSW 55.944552609945475 -3.1914792498311777 1640.453293 1361.295226
55.944552609945475 -3.1914792498311777 NE 55.94476474197983 -3.191267117796822 1640.453293 1360.045226
55.94476474197983 -3.191267117796822 N 55.945064741979834 -3.191267117796822 1640.453293 1358.795226
55.945064741979834 -3.191267117796822 NE 55.94527687401419 -3.191054985762466 1640.453293 1357.545226
55.94527687401419 -3.191054985762466 SW 55.945064741979834 -3.191267117796822 1640.453293 1356.295226
55.945064741979834 -3.191267117796822 N 55.94536474197984 -3.191267117796822 1640.453293 1355.045226
55.94536474197984 -3.191267117796822 NE 55.94557687401419 -3.191054985762466 1640.453293 1353.795226
55.94557687401419 -3.191054985762466 SSW 55.94529971015444 -3.1911697907921757 1640.453293 1352.545226
55.94529971015444 -3.1911697907921757 SSE 55.94502254629468 -3.191054985762466 1640.453293 1351.295226
55.94502254629468 -3.191054985762466 ENE 55.94513735132439 -3.1907778219027128 1640.453293 1350.045226
55.94513735132439 -3.1907778219027128 N 55.945437351324394 -3.1907778219027128 1640.453293 1348.795226
55.945437351324394 -3.1907778219027128 N 55.9457373513244 -3.1907778219027128 1640.453293 1347.545226
55.9457373513244 -3.1907778219027128 NNE 55.94601451518415 -3.1906630168730032 1640.453293 1346.295226
55.94601451518415 -3.1906630168730032 NNW 55.94629167904391 -3.1907778219027128 1640.453293 1345.045226
55.94629167904391 -3.1907778219027128 NNE 55.946568842903666 -3.1906630168730032 1640.453293 1343.795226
55.946568842903666 -3.1906630168730032 WSW 55.946454037873956 -3.1909401807327566 1640.453293 1342.545226
55.946454037873956 -3.1909401807327566 N 55.94675403787396 -3.1909401807327566 1640.453293 1341.295226
55.94675403787396 -3.1909401807327566 WSW 55.94663923284425 -3.19121734459251 1640.453293 1340.045226
55.94663923284425 -3.19121734459251 NNE 55.946916396704005 -3.1911025395628005 1640.453293 1338.795226
55.946916396704005 -3.1911025395628005 W 55.946916396704005 -3.1914025395628007 1640.453293 1337.545226
55.946916396704005 -3.1914025395628007 SE 55.94670426466965 -3.191190407528445 1640.453293 1336.295226
55.94670426466965 -3.191190407528445 NE 55.946916396704005 -3.190978275494089 1640.453293 1335.045226
55.946916396704005 -3.190978275494089 SE 55.94670426466965 -3.1907661434597334 1640.453293 1333.795226
55.94670426466965 -3.1907661434597334 ESE 55.94658945963994 -3.19048897959998 1640.453293 1332.545226
