55.944425 -3.188396 ENE 55.94453980502971 -3.1881188361402466 0.000000 248.750000
55.94453980502971 -3.1881188361402466 ENE 55.94465461005942 -3.187841672280493 0.000000 247.500000
55.94465461005942 -3.187841672280493 ENE 55.944769415089134 -3.18756450842074 0.000000 246.250000
55.944769415089134 -3.18756450842074 ENE 55.944884220118844 -3.1872873445609864 0.000000 245.000000
55.944884220118844 -3.1872873445609864 ENE 55.944999025148554 -3.187010180701233 49.270928 256.824749
55.944999025148554 -3.187010180701233 ENE 55.945113830178265 -3.1867330168414796 0.000000 131.704170
55.945113830178265 -3.1867330168414796 ENE 55.945228635207975 -3.186455852981726 0.000000 130.454170
55.945228635207975 -3.186455852981726 ENE 55.945343440237686 -3.1861786891219728 0.000000 129.204170
55.945343440237686 -3.1861786891219728 ENE 55.945458245267396 -3.1859015252622194 0.000000 127.954170
55.945458245267396 -3.1859015252622194 S 55.94515824526739 -3.1859015252622194 113.887452 161.557950
55.94515824526739 -3.1859015252622194 S 55.94485824526739 -3.1859015252622194 220.206845 177.434411
55.94485824526739 -3.1859015252622194 S 55.94455824526739 -3.1859015252622194 235.925669 269.476424
55.94455824526739 -3.1859015252622194 SSE 55.94428108140763 -3.18578672023251 235.925669 268.226424
55.94428108140763 -3.18578672023251 S 55.94398108140763 -3.18578672023251 235.925669 266.976424
55.94398108140763 -3.18578672023251 SSE 55.94370391754787 -3.1856719152028004 235.925669 265.726424
55.94370391754787 -3.1856719152028004 S 55.94340391754787 -3.1856719152028004 313.140754 273.632146
55.94340391754787 -3.1856719152028004 SSE 55.94312675368811 -3.185557110173091 313.140754 272.382146
55.94312675368811 -3.185557110173091 WSW 55.9430119486584 -3.1858342740328442 348.280399 331.473396
55.9430119486584 -3.1858342740328442 WSW 55.94289714362869 -3.1861114378925977 348.280399 330.223396
55.94289714362869 -3.1861114378925977 WSW 55.94278233859898 -3.186388601752351 348.280399 328.973396
55.94278233859898 -3.186388601752351 WSW 55.94266753356927 -3.1866657656121045 316.813569 268.075726
55.94266753356927 -3.1866657656121045 W 55.94266753356927 -3.1869657656121047 316.813569 266.825726
55.94266753356927 -3.1869657656121047 NNW 55.94294469742903 -3.187080570641814 340.840224 382.672452
55.94294469742903 -3.187080570641814 NNW 55.943221861288784 -3.1871953756715237 340.840224 381.422452
55.943221861288784 -3.1871953756715237 NW 55.94343399332314 -3.1874075077058794 340.840224 380.172452
55.94343399332314 -3.1874075077058794 NNW 55.943711157182896 -3.187522312735589 340.840224 378.922452
55.943711157182896 -3.187522312735589 NW 55.94392328921725 -3.1877344447699447 340.840224 377.672452
55.94392328921725 -3.1877344447699447 NNW 55.94420045307701 -3.1878492497996542 340.840224 376.422452
55.94420045307701 -3.1878492497996542 NW 55.944412585111365 -3.18806138183401 314.897816 365.003970
55.944412585111365 -3.18806138183401 NNW 55.94468974897112 -3.1881761868637195 314.897816 363.753970
55.94468974897112 -3.1881761868637195 NW 55.94490188100548 -3.1883883188980753 314.897816 362.503970
55.94490188100548 -3.1883883188980753 NNW 55.945179044865235 -3.188503123927785 314.897816 361.253970
55.945179044865235 -3.188503123927785 NW 55.94539117689959 -3.1887152559621406 314.897816 360.003970
55.94539117689959 -3.1887152559621406 NNW 55.94566834075935 -3.18883006099185 314.897816 358.753970
55.94566834075935 -3.18883006099185 SW 55.94545620872499 -3.189042193026206 336.791012 458.492885
55.94545620872499 -3.189042193026206 SW 55.945244076690635 -3.1892543250605616 417.421500 573.089363
55.945244076690635 -3.1892543250605616 SW 55.94503194465628 -3.1894664570949174 417.421500 571.839363
55.94503194465628 -3.1894664570949174 SW 55.94481981262192 -3.189678589129273 417.421500 570.589363
55.94481981262192 -3.189678589129273 SW 55.944607680587566 -3.189890721163629 513.503575 603.924448
55.944607680587566 -3.189890721163629 SW 55.94439554855321 -3.1901028531979847 524.281077 664.416670
55.94439554855321 -3.1901028531979847 SW 55.944183416518854 -3.1903149852323405 524.281077 663.166670
55.944183416518854 -3.1903149852323405 SSW 55.9439062526591 -3.19042979026205 546.575191 672.975234
55.9439062526591 -3.19042979026205 SSW 55.94362908879934 -3.1905445952917595 546.575191 671.725234
55.94362908879934 -3.1905445952917595 SSW 55.943351924939584 -3.190659400321469 546.575191 670.475234
55.943351924939584 -3.190659400321469 SSW 55.94307476107983 -3.1907742053511785 546.575191 669.225234
55.94307476107983 -3.1907742053511785 SW 55.94286262904547 -3.1909863373855343 546.575191 667.975234
55.94286262904547 -3.1909863373855343 ENE 55.94297743407518 -3.190709173525781 624.230608 750.217113
55.94297743407518 -3.190709173525781 ENE 55.94309223910489 -3.1904320096660275 624.230608 748.967113
55.94309223910489 -3.1904320096660275 ENE 55.9432070441346 -3.190154845806274 624.230608 747.717113
55.9432070441346 -3.190154845806274 ENE 55.94332184916431 -3.1898776819465207 578.835148 731.770492
55.94332184916431 -3.1898776819465207 ENE 55.943436654194024 -3.1896005180867673 578.835148 730.520492
55.943436654194024 -3.1896005180867673 ENE 55.943551459223734 -3.189323354227014 578.835148 729.270492
55.943551459223734 -3.189323354227014 ENE 55.943666264253444 -3.1890461903672604 578.835148 728.020492
55.943666264253444 -3.1890461903672604 ENE 55.943781069283155 -3.188769026507507 578.835148 726.770492
55.943781069283155 -3.188769026507507 ENE 55.943895874312865 -3.1884918626477536 578.835148 725.520492
55.943895874312865 -3.1884918626477536 ENE 55.944010679342576 -3.1882146987880002 578.835148 724.270492
55.944010679342576 -3.1882146987880002 ENE 55.944125484372286 -3.187937534928247 652.204535 800.349329
55.944125484372286 -3.187937534928247 ENE 55.944240289401996 -3.1876603710684934 652.204535 799.099329
55.944240289401996 -3.1876603710684934 ENE 55.94435509443171 -3.18738320720874 652.204535 797.849329
55.94435509443171 -3.18738320720874 ENE 55.94446989946142 -3.1871060433489866 652.204535 796.599329
55.94446989946142 -3.1871060433489866 ENE 55.94458470449113 -3.186828879489233 652.204535 795.349329
55.94458470449113 -3.186828879489233 ENE 55.94469950952084 -3.18655171562948 652.204535 794.099329
55.94469950952084 -3.18655171562948 ENE 55.94481431455055 -3.1862745517697264 652.204535 792.849329
55.94481431455055 -3.1862745517697264 ENE 55.94492911958026 -3.185997387909973 652.204535 791.599329
55.94492911958026 -3.185997387909973 ENE 55.94504392460997 -3.1857202240502196 652.204535 790.349329
55.94504392460997 -3.1857202240502196 ENE 55.94515872963968 -3.185443060190466 652.204535 789.099329
55.94515872963968 -3.185443060190466 ENE 55.94527353466939 -3.185165896330713 652.204535 787.849329
55.94527353466939 -3.185165896330713 NE 55.945485666703746 -3.184953764296357 602.096933 668.069675
55.945485666703746 -3.184953764296357 ENE 55.94560047173346 -3.1846766004366036 602.096933 666.819675
55.94560047173346 -3.1846766004366036 NE 55.94581260376781 -3.184464468402248 602.096933 665.569675
55.94581260376781 -3.184464468402248 E 55.94581260376781 -3.1841644684022476 671.555447 780.404071
55.94581260376781 -3.1841644684022476 SW 55.94560047173346 -3.1843766004366034 671.555447 779.154071
55.94560047173346 -3.1843766004366034 SW 55.9453883396991 -3.184588732470959 671.555447 777.904071
55.9453883396991 -3.184588732470959 SSW 55.945111175839344 -3.1847035375006687 671.555447 776.654071
55.945111175839344 -3.1847035375006687 WSW 55.94499637080963 -3.184980701360422 704.348309 862.514075
55.94499637080963 -3.184980701360422 W 55.94499637080963 -3.1852807013604223 704.348309 861.264075
55.94499637080963 -3.1852807013604223 WSW 55.94488156577992 -3.1855578652201757 704.348309 860.014075
55.94488156577992 -3.1855578652201757 W 55.94488156577992 -3.185857865220176 704.348309 858.764075
55.94488156577992 -3.185857865220176 WSW 55.94476676075021 -3.1861350290799293 704.348309 857.514075
55.94476676075021 -3.1861350290799293 W 55.94476676075021 -3.1864350290799295 704.348309 856.264075
55.94476676075021 -3.1864350290799295 WSW 55.9446519557205 -3.186712192939683 704.348309 855.014075
55.9446519557205 -3.186712192939683 W 55.9446519557205 -3.187012192939683 704.348309 853.764075
55.9446519557205 -3.187012192939683 WSW 55.94453715069079 -3.1872893567994365 704.348309 852.514075
55.94453715069079 -3.1872893567994365 W 55.94453715069079 -3.1875893567994367 704.348309 851.264075
55.94453715069079 -3.1875893567994367 WSW 55.94442234566108 -3.18786652065919 704.348309 850.014075
55.94442234566108 -3.18786652065919 W 55.94442234566108 -3.1881665206591903 704.348309 848.764075
55.94442234566108 -3.1881665206591903 WSW 55.94430754063137 -3.1884436845189437 704.348309 847.514075
55.94430754063137 -3.1884436845189437 W 55.94430754063137 -3.188743684518944 704.348309 846.264075
55.94430754063137 -3.188743684518944 WSW 55.94419273560166 -3.1890208483786973 680.520587 821.118140
55.94419273560166 -3.1890208483786973 W 55.94419273560166 -3.1893208483786974 680.520587 819.868140
55.94419273560166 -3.1893208483786974 WSW 55.94407793057195 -3.189598012238451 680.520587 818.618140
55.94407793057195 -3.189598012238451 W 55.94407793057195 -3.189898012238451 680.520587 817.368140
55.94407793057195 -3.189898012238451 WSW 55.94396312554224 -3.1901751760982044 680.520587 816.118140
55.94396312554224 -3.1901751760982044 W 55.94396312554224 -3.1904751760982046 680.520587 814.868140
55.94396312554224 -3.1904751760982046 WSW 55.94384832051253 -3.190752339957958 680.520587 813.618140
55.94384832051253 -3.190752339957958 W 55.94384832051253 -3.1910523399579582 680.520587 812.368140
55.94384832051253 -3.1910523399579582 NNE 55.944125484372286 -3.1909375349282487 742.218098 832.482684
55.944125484372286 -3.1909375349282487 NNE 55.94440264823204 -3.190822729898539 742.218098 831.232684
55.94440264823204 -3.190822729898539 NNE 55.9446798120918 -3.1907079248688297 742.218098 829.982684
55.9446798120918 -3.1907079248688297 NNE 55.944956975951555 -3.19059311983912 742.218098 828.732684
55.944956975951555 -3.19059311983912 NE 55.94516910798591 -3.1903809878047644 742.218098 827.482684
55.94516910798591 -3.1903809878047644 S 55.94486910798591 -3.1903809878047644 857.990479 912.289879
55.94486910798591 -3.1903809878047644 WSW 55.9447543029562 -3.190658151664518 918.788205 947.557988
55.9447543029562 -3.190658151664518 WSW 55.94463949792649 -3.1909353155242712 918.788205 946.307988
55.94463949792649 -3.1909353155242712 WSW 55.94452469289678 -3.1912124793840246 918.788205 945.057988
55.94452469289678 -3.1912124793840246 W 55.94452469289678 -3.191512479384025 918.788205 943.807988
55.94452469289678 -3.191512479384025 E 55.94452469289678 -3.1912124793840246 1010.883058 947.653152
55.94452469289678 -3.1912124793840246 E 55.94452469289678 -3.1909124793840244 1010.883058 946.403152
55.94452469289678 -3.1909124793840244 E 55.94452469289678 -3.1906124793840243 1010.883058 945.153152
55.94452469289678 -3.1906124793840243 E 55.94452469289678 -3.190312479384024 1010.883058 943.903152
55.94452469289678 -3.190312479384024 E 55.94452469289678 -3.190012479384024 1010.883058 942.653152
55.94452469289678 -3.190012479384024 E 55.94452469289678 -3.1897124793840237 1010.883058 941.403152
55.94452469289678 -3.1897124793840237 E 55.94452469289678 -3.1894124793840235 1010.883058 940.153152
55.94452469289678 -3.1894124793840235 ESE 55.94440988786707 -3.18913531552427 1010.883058 938.903152
55.94440988786707 -3.18913531552427 E 55.94440988786707 -3.18883531552427 1010.883058 937.653152
55.94440988786707 -3.18883531552427 ESE 55.94429508283736 -3.1885581516645165 1010.883058 936.403152
55.94429508283736 -3.1885581516645165 E 55.94429508283736 -3.1882581516645163 1010.883058 935.153152
55.94429508283736 -3.1882581516645163 ESE 55.94418027780765 -3.187980987804763 1010.883058 933.903152
55.94418027780765 -3.187980987804763 E 55.94418027780765 -3.1876809878047627 1010.883058 932.653152
55.94418027780765 -3.1876809878047627 ESE 55.944065472777936 -3.1874038239450093 1010.883058 931.403152
55.944065472777936 -3.1874038239450093 E 55.944065472777936 -3.187103823945009 1010.883058 930.153152
55.944065472777936 -3.187103823945009 ESE 55.943950667748226 -3.1868266600852557 1010.883058 928.903152
55.943950667748226 -3.1868266600852557 E 55.943950667748226 -3.1865266600852555 1010.883058 927.653152
55.943950667748226 -3.1865266600852555 WSW 55.943835862718515 -3.186803823945009 1042.544761 1005.974517
55.943835862718515 -3.186803823945009 W 55.943835862718515 -3.187103823945009 1042.544761 1004.724517
55.943835862718515 -3.187103823945009 WSW 55.943721057688805 -3.1873809878047625 1042.544761 1003.474517
55.943721057688805 -3.1873809878047625 W 55.943721057688805 -3.1876809878047627 1042.544761 1002.224517
55.943721057688805 -3.1876809878047627 WSW 55.943606252659094 -3.187958151664516 1042.544761 1000.974517
55.943606252659094 -3.187958151664516 W 55.943606252659094 -3.1882581516645163 1042.544761 999.724517
55.943606252659094 -3.1882581516645163 WSW 55.943491447629384 -3.1885353155242697 1042.544761 998.474517
55.943491447629384 -3.1885353155242697 W 55.943491447629384 -3.18883531552427 1042.544761 997.224517
55.943491447629384 -3.18883531552427 WNW 55.943606252659094 -3.1891124793840233 1099.183322 1079.636559
55.943606252659094 -3.1891124793840233 WNW 55.943721057688805 -3.1893896432437767 1099.183322 1078.386559
55.943721057688805 -3.1893896432437767 WNW 55.943835862718515 -3.18966680710353 1099.183322 1077.136559
55.943835862718515 -3.18966680710353 WNW 55.943950667748226 -3.1899439709632835 1099.183322 1075.886559
55.943950667748226 -3.1899439709632835 WNW 55.944065472777936 -3.190221134823037 1099.183322 1074.636559
55.944065472777936 -3.190221134823037 WNW 55.94418027780765 -3.1904982986827903 1099.183322 1073.386559
55.94418027780765 -3.1904982986827903 WNW 55.94429508283736 -3.1907754625425437 1099.183322 1072.136559
55.94429508283736 -3.1907754625425437 WNW 55.94440988786707 -3.191052626402297 1099.183322 1070.886559
55.94440988786707 -3.191052626402297 WNW 55.94452469289678 -3.1913297902620505 1099.183322 1069.636559
55.94452469289678 -3.1913297902620505 WNW 55.94463949792649 -3.191606954121804 1099.183322 1068.386559
55.94463949792649 -3.191606954121804 NW 55.944851629960844 -3.1918190861561597 1188.342068 1169.927363
55.944851629960844 -3.1918190861561597 WNW 55.944966434990555 -3.192096250015913 1188.342068 1168.677363
55.944966434990555 -3.192096250015913 NW 55.94517856702491 -3.192308382050269 1188.342068 1167.427363
55.94517856702491 -3.192308382050269 SE 55.944966434990555 -3.192096250015913 1273.768244 1204.191161
55.944966434990555 -3.192096250015913 SSE 55.9446892711308 -3.1919814449862036 1273.768244 1202.941161
55.9446892711308 -3.1919814449862036 SE 55.94447713909644 -3.191769312951848 1273.768244 1201.691161
55.94447713909644 -3.191769312951848 SSE 55.944199975236685 -3.1916545079221383 1273.768244 1200.441161
55.944199975236685 -3.1916545079221383 SE 55.94398784320233 -3.1914423758877826 1289.423451 1239.954588
55.94398784320233 -3.1914423758877826 E 55.94398784320233 -3.1911423758877824 1333.737491 1244.318221
55.94398784320233 -3.1911423758877824 E 55.94398784320233 -3.190842375887782 1333.737491 1243.068221
55.94398784320233 -3.190842375887782 E 55.94398784320233 -3.190542375887782 1333.737491 1241.818221
55.94398784320233 -3.190542375887782 E 55.94398784320233 -3.190242375887782 1333.737491 1240.568221
55.94398784320233 -3.190242375887782 E 55.94398784320233 -3.1899423758877816 1333.737491 1239.318221
55.94398784320233 -3.1899423758877816 E 55.94398784320233 -3.1896423758877814 1333.737491 1238.068221
55.94398784320233 -3.1896423758877814 E 55.94398784320233 -3.1893423758877812 1333.737491 1236.818221
55.94398784320233 -3.1893423758877812 E 55.94398784320233 -3.189042375887781 1333.737491 1235.568221
55.94398784320233 -3.189042375887781 E 55.94398784320233 -3.188742375887781 1333.737491 1234.318221
55.94398784320233 -3.188742375887781 E 55.94398784320233 -3.1884423758877807 1333.737491 1233.068221
55.94398784320233 -3.1884423758877807 E 55.94398784320233 -3.1881423758877805 1333.737491 1231.818221
55.94398784320233 -3.1881423758877805 E 55.94398784320233 -3.1878423758877803 1333.737491 1230.568221
55.94398784320233 -3.1878423758877803 E 55.94398784320233 -3.18754237588778 1333.737491 1229.318221
55.94398784320233 -3.18754237588778 ENE 55.94410264823204 -3.1872652120280267 1333.737491 1228.068221
55.94410264823204 -3.1872652120280267 E 55.94410264823204 -3.1869652120280265 1333.737491 1226.818221
55.94410264823204 -3.1869652120280265 ENE 55.94421745326175 -3.186688048168273 1333.737491 1225.568221
55.94421745326175 -3.186688048168273 WNW 55.94433225829146 -3.1869652120280265 1444.346460 1295.729733
55.94433225829146 -3.1869652120280265 WNW 55.94444706332117 -3.18724237588778 1444.346460 1294.479733
55.94444706332117 -3.18724237588778 WNW 55.94456186835088 -3.1875195397475333 1444.346460 1293.229733
55.94456186835088 -3.1875195397475333 WNW 55.94467667338059 -3.1877967036072867 1444.346460 1291.979733
55.94467667338059 -3.1877967036072867 W 55.94467667338059 -3.188096703607287 1444.346460 1290.729733
55.94467667338059 -3.188096703607287 WNW 55.9447914784103 -3.1883738674670403 1444.346460 1289.479733
55.9447914784103 -3.1883738674670403 W 55.9447914784103 -3.1886738674670405 1444.346460 1288.229733
55.9447914784103 -3.1886738674670405 WNW 55.94490628344001 -3.188951031326794 1411.211311 1212.530315
55.94490628344001 -3.188951031326794 W 55.94490628344001 -3.189251031326794 1411.211311 1211.280315
55.94490628344001 -3.189251031326794 WNW 55.94502108846972 -3.1895281951865475 1411.211311 1210.030315
55.94502108846972 -3.1895281951865475 W 55.94502108846972 -3.1898281951865477 1411.211311 1208.780315
55.94502108846972 -3.1898281951865477 WNW 55.94513589349943 -3.190105359046301 1411.211311 1207.530315
55.94513589349943 -3.190105359046301 W 55.94513589349943 -3.1904053590463013 1411.211311 1206.280315
55.94513589349943 -3.1904053590463013 WNW 55.945250698529144 -3.1906825229060547 1411.211311 1205.030315
55.945250698529144 -3.1906825229060547 W 55.945250698529144 -3.190982522906055 1411.211311 1203.780315
55.945250698529144 -3.190982522906055 E 55.945250698529144 -3.1906825229060547 1475.141238 1320.409925
55.945250698529144 -3.1906825229060547 E 55.945250698529144 -3.1903825229060545 1475.141238 1319.159925
55.945250698529144 -3.1903825229060545 E 55.945250698529144 -3.1900825229060543 1475.141238 1317.909925
55.945250698529144 -3.1900825229060543 ENE 55.945365503558854 -3.189805359046301 1475.141238 1316.659925
55.945365503558854 -3.189805359046301 E 55.945365503558854 -3.1895053590463007 1475.141238 1315.409925
55.945365503558854 -3.1895053590463007 ENE 55.945480308588564 -3.1892281951865473 1475.141238 1314.159925
55.945480308588564 -3.1892281951865473 E 55.945480308588564 -3.188928195186547 1475.141238 1312.909925
55.945480308588564 -3.188928195186547 ENE 55.945595113618275 -3.1886510313267937 1475.141238 1311.659925
55.945595113618275 -3.1886510313267937 E 55.945595113618275 -3.1883510313267935 1475.141238 1310.409925
55.945595113618275 -3.1883510313267935 ENE 55.945709918647985 -3.18807386746704 1475.141238 1309.159925
55.945709918647985 -3.18807386746704 E 55.945709918647985 -3.18777386746704 1475.141238 1307.909925
55.945709918647985 -3.18777386746704 ENE 55.945824723677696 -3.1874967036072865 1485.975221 1389.229015
55.945824723677696 -3.1874967036072865 SW 55.94561259164334 -3.1877088356416423 1485.975221 1387.979015
55.94561259164334 -3.1877088356416423 SW 55.94540045960898 -3.187920967675998 1485.975221 1386.729015
55.94540045960898 -3.187920967675998 SW 55.94518832757463 -3.188133099710354 1485.975221 1385.479015
55.94518832757463 -3.188133099710354 SW 55.94497619554027 -3.1883452317447096 1485.975221 1384.229015
55.94497619554027 -3.1883452317447096 SSW 55.944699031680514 -3.188460036774419 1485.975221 1382.979015
55.944699031680514 -3.188460036774419 SW 55.94448689964616 -3.188672168808775 1485.975221 1381.729015
55.94448689964616 -3.188672168808775 SSW 55.9442097357864 -3.1887869738384844 1485.975221 1380.479015
55.9442097357864 -3.1887869738384844 SW 55.943997603752045 -3.18899910587284 1485.975221 1379.229015
55.943997603752045 -3.18899910587284 SSW 55.94372043989229 -3.1891139109025497 1485.975221 1377.979015
55.94372043989229 -3.1891139109025497 SW 55.94350830785793 -3.1893260429369055 1485.975221 1376.729015
55.94350830785793 -3.1893260429369055 SSW 55.943231143998176 -3.189440847966615 1485.975221 1375.479015
55.943231143998176 -3.189440847966615 SW 55.94301901196382 -3.1896529800009708 1485.975221 1374.229015
55.94301901196382 -3.1896529800009708 SSW 55.94274184810406 -3.1897677850306803 1485.975221 1372.979015
55.94274184810406 -3.1897677850306803 SW 55.94252971606971 -3.189979917065036 1535.413654 1441.561738
55.94252971606971 -3.189979917065036 ENE 55.94264452109942 -3.1897027532052826 1535.413654 1440.311738
55.94264452109942 -3.1897027532052826 ENE 55.94275932612913 -3.189425589345529 1535.413654 1439.061738
55.94275932612913 -3.189425589345529 ENE 55.94287413115884 -3.189148425485776 1535.413654 1437.811738
55.94287413115884 -3.189148425485776 ENE 55.94298893618855 -3.1888712616260224 1535.413654 1436.561738
55.94298893618855 -3.1888712616260224 ENE 55.94310374121826 -3.188594097766269 1535.413654 1435.311738
55.94310374121826 -3.188594097766269 ENE 55.94321854624797 -3.1883169339065156 1535.413654 1434.061738
55.94321854624797 -3.1883169339065156 E 55.94321854624797 -3.1880169339065154 1535.413654 1432.811738
55.94321854624797 -3.1880169339065154 ENE 55.94333335127768 -3.187739770046762 1535.413654 1431.561738
55.94333335127768 -3.187739770046762 E 55.94333335127768 -3.187439770046762 1535.413654 1430.311738
55.94333335127768 -3.187439770046762 ENE 55.94344815630739 -3.1871626061870084 1535.413654 1429.061738
55.94344815630739 -3.1871626061870084 E 55.94344815630739 -3.1868626061870082 1530.587050 1368.768465
55.94344815630739 -3.1868626061870082 ENE 55.9435629613371 -3.186585442327255 1530.587050 1367.518465
55.9435629613371 -3.186585442327255 E 55.9435629613371 -3.1862854423272546 1530.587050 1366.268465
55.9435629613371 -3.1862854423272546 ENE 55.94367776636681 -3.1860082784675012 1530.587050 1365.018465
55.94367776636681 -3.1860082784675012 E 55.94367776636681 -3.185708278467501 1530.587050 1363.768465
55.94367776636681 -3.185708278467501 ENE 55.94379257139652 -3.1854311146077476 1530.587050 1362.518465
55.94379257139652 -3.1854311146077476 E 55.94379257139652 -3.1851311146077474 1530.587050 1361.268465
55.94379257139652 -3.1851311146077474 ENE 55.94390737642623 -3.184853950747994 1530.587050 1360.018465
55.94390737642623 -3.184853950747994 E 55.94390737642623 -3.184553950747994 1616.462847 1434.783181
55.94390737642623 -3.184553950747994 SSE 55.943630212566475 -3.1844391457182843 1616.462847 1433.533181
55.943630212566475 -3.1844391457182843 SE 55.94341808053212 -3.1842270136839286 1616.462847 1432.283181
55.94341808053212 -3.1842270136839286 SSE 55.94314091667236 -3.184112208654219 1616.462847 1431.033181
55.94314091667236 -3.184112208654219 NNE 55.94341808053212 -3.1839974036245096 1616.462847 1429.783181
55.94341808053212 -3.1839974036245096 SSE 55.94314091667236 -3.1838825985948 1616.462847 1428.533181
55.94314091667236 -3.1838825985948 NNW 55.94341808053212 -3.1839974036245096 1616.462847 1427.283181
55.94341808053212 -3.1839974036245096 SSE 55.94314091667236 -3.1838825985948 1616.462847 1426.033181
55.94314091667236 -3.1838825985948 W 55.94314091667236 -3.1841825985948002 1616.462847 1424.783181
55.94314091667236 -3.1841825985948002 WSW 55.94302611164265 -3.1844597624545536 1616.462847 1423.533181
55.94302611164265 -3.1844597624545536 W 55.94302611164265 -3.184759762454554 1616.462847 1422.283181
55.94302611164265 -3.184759762454554 SE 55.942813979608296 -3.184547630420198 1616.462847 1421.033181
55.942813979608296 -3.184547630420198 WNW 55.942928784638006 -3.1848247942799515 1616.462847 1419.783181
55.942928784638006 -3.1848247942799515 SSW 55.94265162077825 -3.184939599309661 1616.462847 1418.533181
55.94265162077825 -3.184939599309661 ESE 55.94253681574854 -3.1846624354499076 1616.462847 1417.283181
55.94253681574854 -3.1846624354499076 E 55.94253681574854 -3.1843624354499074 1616.462847 1416.033181
55.94253681574854 -3.1843624354499074 NNW 55.942813979608296 -3.184477240479617 1616.462847 1414.783181
55.942813979608296 -3.184477240479617 WNW 55.942928784638006 -3.1847544043393703 1616.462847 1413.533181
55.942928784638006 -3.1847544043393703 N 55.94322878463801 -3.1847544043393703 1616.462847 1412.283181
55.94322878463801 -3.1847544043393703 S 55.942928784638006 -3.1847544043393703 1616.462847 1411.033181
55.942928784638006 -3.1847544043393703 N 55.94322878463801 -3.1847544043393703 1616.462847 1409.783181
55.94322878463801 -3.1847544043393703 SSE 55.94295162077825 -3.184639599309661 1616.462847 1408.533181
55.94295162077825 -3.184639599309661 NW 55.94316375281261 -3.1848517313440166 1616.462847 1407.283181
55.94316375281261 -3.1848517313440166 SSE 55.94288658895285 -3.184736926314307 1616.462847 1406.033181
55.94288658895285 -3.184736926314307 WSW 55.94277178392314 -3.1850140901740605 1616.462847 1404.783181
55.94277178392314 -3.1850140901740605 ENE 55.94288658895285 -3.184736926314307 1616.462847 1403.533181
