55.944425 -3.188396 ENE 55.94453980502971 -3.1881188361402466 0.000000 248.750000
55.94453980502971 -3.1881188361402466 ENE 55.94465461005942 -3.187841672280493 0.000000 247.500000
55.94465461005942 -3.187841672280493 ENE 55.944769415089134 -3.18756450842074 0.000000 246.250000
55.944769415089134 -3.18756450842074 ENE 55.944884220118844 -3.1872873445609864 0.000000 245.000000
55.944884220118844 -3.1872873445609864 ENE 55.944999025148554 -3.187010180701233 49.270928 256.824749
55.944999025148554 -3.187010180701233 E 55.944999025148554 -3.186710180701233 0.000000 131.704170
55.944999025148554 -3.186710180701233 ENE 55.945113830178265 -3.1864330168414794 0.000000 130.454170
55.945113830178265 -3.1864330168414794 E 55.945113830178265 -3.186133016841479 0.000000 129.204170
55.945113830178265 -3.186133016841479 W 55.945113830178265 -3.1864330168414794 106.319393 145.080631
55.945113830178265 -3.1864330168414794 W 55.945113830178265 -3.1867330168414796 106.319393 143.830631
55.945113830178265 -3.1867330168414796 W 55.945113830178265 -3.1870330168414798 106.319393 142.580631
55.945113830178265 -3.1870330168414798 W 55.945113830178265 -3.18733301684148 51.577034 141.330631
55.945113830178265 -3.18733301684148 W 55.945113830178265 -3.18763301684148 51.577034 140.080631
55.945113830178265 -3.18763301684148 W 55.945113830178265 -3.1879330168414803 51.577034 138.830631
55.945113830178265 -3.1879330168414803 W 55.945113830178265 -3.1882330168414805 51.577034 137.580631
55.945113830178265 -3.1882330168414805 WSW 55.944999025148554 -3.188510180701234 51.577034 136.330631
55.944999025148554 -3.188510180701234 W 55.944999025148554 -3.188810180701234 18.441885 60.631213
55.944999025148554 -3.188810180701234 WSW 55.944884220118844 -3.1890873445609875 18.441885 59.381213
55.944884220118844 -3.1890873445609875 W 55.944884220118844 -3.1893873445609877 18.441885 58.131213
55.944884220118844 -3.1893873445609877 WSW 55.944769415089134 -3.189664508420741 18.441885 56.881213
55.944769415089134 -3.189664508420741 W 55.944769415089134 -3.1899645084207413 114.523960 90.216299
55.944769415089134 -3.1899645084207413 WSW 55.94465461005942 -3.1902416722804947 125.301462 150.708520
55.94465461005942 -3.1902416722804947 ESE 55.94453980502971 -3.1899645084207413 186.099187 185.976629
55.94453980502971 -3.1899645084207413 ESE 55.944425 -3.189687344560988 186.099187 184.726629
55.944425 -3.189687344560988 ESE 55.94431019497029 -3.1894101807012345 186.099187 183.476629
55.94431019497029 -3.1894101807012345 ESE 55.94419538994058 -3.189133016841481 186.099187 182.226629
55.94419538994058 -3.189133016841481 ESE 55.94408058491087 -3.1888558529817277 186.099187 180.976629
55.94408058491087 -3.1888558529817277 ESE 55.94396577988116 -3.1885786891219743 162.271465 155.830694
55.94396577988116 -3.1885786891219743 ESE 55.94385097485145 -3.188301525262221 162.271465 154.580694
55.94385097485145 -3.188301525262221 ESE 55.94373616982174 -3.1880243614024675 235.640852 230.659531
55.94373616982174 -3.1880243614024675 ESE 55.94362136479203 -3.187747197542714 235.640852 229.409531
55.94362136479203 -3.187747197542714 ESE 55.94350655976232 -3.1874700336829607 235.640852 228.159531
55.94350655976232 -3.1874700336829607 ESE 55.94339175473261 -3.1871928698232073 235.640852 226.909531
55.94339175473261 -3.1871928698232073 ESE 55.9432769497029 -3.186915705963454 230.814248 166.616257
55.9432769497029 -3.186915705963454 ESE 55.94316214467319 -3.1866385421037005 230.814248 165.366257
55.94316214467319 -3.1866385421037005 ESE 55.94304733964348 -3.186361378243947 230.814248 164.116257
55.94304733964348 -3.186361378243947 E 55.94304733964348 -3.186061378243947 230.814248 162.866257
55.94304733964348 -3.186061378243947 ESE 55.94293253461377 -3.1857842143841935 230.814248 161.616257
55.94293253461377 -3.1857842143841935 W 55.94293253461377 -3.1860842143841936 265.953892 220.707508
55.94293253461377 -3.1860842143841936 W 55.94293253461377 -3.186384214384194 265.953892 219.457508
55.94293253461377 -3.186384214384194 W 55.94293253461377 -3.186684214384194 265.953892 218.207508
55.94293253461377 -3.186684214384194 WNW 55.94304733964348 -3.1869613782439474 234.487063 157.309838
55.94304733964348 -3.1869613782439474 W 55.94304733964348 -3.1872613782439476 234.487063 156.059838
55.94304733964348 -3.1872613782439476 WNW 55.94316214467319 -3.187538542103701 234.487063 154.809838
55.94316214467319 -3.187538542103701 W 55.94316214467319 -3.187838542103701 234.487063 153.559838
55.94316214467319 -3.187838542103701 WNW 55.9432769497029 -3.1881157059634546 234.487063 152.309838
55.9432769497029 -3.1881157059634546 W 55.9432769497029 -3.188415705963455 234.487063 151.059838
55.9432769497029 -3.188415705963455 WNW 55.94339175473261 -3.188692869823208 234.487063 149.809838
55.94339175473261 -3.188692869823208 W 55.94339175473261 -3.1889928698232084 234.487063 148.559838
55.94339175473261 -3.1889928698232084 NE 55.943603886766965 -3.1887807377888526 291.125623 230.971879
55.943603886766965 -3.1887807377888526 ENE 55.943718691796676 -3.188503573929099 291.125623 229.721879
55.943718691796676 -3.188503573929099 NE 55.94393082383103 -3.1882914418947434 291.125623 228.471879
55.94393082383103 -3.1882914418947434 ENE 55.94404562886074 -3.18801427803499 291.125623 227.221879
55.94404562886074 -3.18801427803499 NE 55.9442577608951 -3.1878021460006343 265.183214 215.803397
55.9442577608951 -3.1878021460006343 ENE 55.94437256592481 -3.187524982140881 265.183214 214.553397
55.94437256592481 -3.187524982140881 NE 55.944584697959165 -3.187312850106525 265.183214 213.303397
55.944584697959165 -3.187312850106525 ENE 55.944699502988875 -3.1870356862467717 265.183214 212.053397
55.944699502988875 -3.1870356862467717 NE 55.94491163502323 -3.186823554212416 265.183214 210.803397
55.94491163502323 -3.186823554212416 ENE 55.94502644005294 -3.1865463903526625 265.183214 209.553397
55.94502644005294 -3.1865463903526625 NE 55.9452385720873 -3.1863342583183067 265.183214 208.303397
55.9452385720873 -3.1863342583183067 ENE 55.94535337711701 -3.1860570944585533 265.183214 207.053397
55.94535337711701 -3.1860570944585533 W 55.94535337711701 -3.1863570944585535 265.183214 205.803397
55.94535337711701 -3.1863570944585535 W 55.94535337711701 -3.1866570944585537 265.183214 204.553397
55.94535337711701 -3.1866570944585537 W 55.94535337711701 -3.186957094458554 174.525454 181.267698
55.94535337711701 -3.186957094458554 W 55.94535337711701 -3.187257094458554 174.525454 180.017698
55.94535337711701 -3.187257094458554 W 55.94535337711701 -3.1875570944585543 174.525454 178.767698
55.94535337711701 -3.1875570944585543 W 55.94535337711701 -3.1878570944585545 174.525454 177.517698
55.94535337711701 -3.1878570944585545 W 55.94535337711701 -3.1881570944585547 174.525454 176.267698
55.94535337711701 -3.1881570944585547 W 55.94535337711701 -3.188457094458555 174.525454 175.017698
55.94535337711701 -3.188457094458555 W 55.94535337711701 -3.188757094458555 174.525454 173.767698
55.94535337711701 -3.188757094458555 W 55.94535337711701 -3.1890570944585552 174.525454 172.517698
55.94535337711701 -3.1890570944585552 W 55.94535337711701 -3.1893570944585554 174.525454 171.267698
55.94535337711701 -3.1893570944585554 W 55.94535337711701 -3.1896570944585556 174.525454 170.017698
55.94535337711701 -3.1896570944585556 W 55.94535337711701 -3.189957094458556 174.525454 168.767698
55.94535337711701 -3.189957094458556 W 55.94535337711701 -3.190257094458556 174.525454 167.517698
55.94535337711701 -3.190257094458556 W 55.94535337711701 -3.190557094458556 290.297835 252.324893
55.94535337711701 -3.190557094458556 W 55.94535337711701 -3.1908570944585564 290.297835 251.074893
55.94535337711701 -3.1908570944585564 W 55.94535337711701 -3.1911570944585566 290.297835 249.824893
55.94535337711701 -3.1911570944585566 S 55.945053377117006 -3.1911570944585566 354.227762 366.454503
55.945053377117006 -3.1911570944585566 S 55.944753377117 -3.1911570944585566 354.227762 365.204503
55.944753377117 -3.1911570944585566 S 55.944453377117 -3.1911570944585566 354.227762 363.954503
55.944453377117 -3.1911570944585566 S 55.944153377117 -3.1911570944585566 354.227762 362.704503
55.944153377117 -3.1911570944585566 SSW 55.94387621325724 -3.191271899488266 354.227762 361.454503
55.94387621325724 -3.191271899488266 SE 55.943664081222884 -3.1910597674539103 415.925273 381.569048
55.943664081222884 -3.1910597674539103 SE 55.94345194918853 -3.1908476354195545 415.925273 380.319048
55.94345194918853 -3.1908476354195545 SE 55.94323981715417 -3.1906355033851987 415.925273 379.069048
55.94323981715417 -3.1906355033851987 SE 55.943027685119816 -3.190423371350843 415.925273 377.819048
55.943027685119816 -3.190423371350843 ESE 55.942912880090105 -3.1901462074910896 415.925273 376.569048
55.942912880090105 -3.1901462074910896 SE 55.94270074805575 -3.189934075456734 415.925273 375.319048
55.94270074805575 -3.189934075456734 ENE 55.94281555308546 -3.1896569115969804 465.363706 443.901771
55.94281555308546 -3.1896569115969804 ENE 55.94293035811517 -3.189379747737227 465.363706 442.651771
55.94293035811517 -3.189379747737227 ENE 55.94304516314488 -3.1891025838774736 465.363706 441.401771
55.94304516314488 -3.1891025838774736 E 55.94304516314488 -3.1888025838774734 465.363706 440.151771
55.94304516314488 -3.1888025838774734 ENE 55.94315996817459 -3.18852542001772 465.363706 438.901771
55.94315996817459 -3.18852542001772 E 55.94315996817459 -3.18822542001772 465.363706 437.651771
55.94315996817459 -3.18822542001772 ENE 55.9432747732043 -3.1879482561579664 465.363706 436.401771
55.9432747732043 -3.1879482561579664 E 55.9432747732043 -3.187648256157966 465.363706 435.151771
55.9432747732043 -3.187648256157966 ENE 55.94338957823401 -3.187371092298213 465.363706 433.901771
55.94338957823401 -3.187371092298213 E 55.94338957823401 -3.1870710922982126 465.363706 432.651771
55.94338957823401 -3.1870710922982126 ENE 55.94350438326372 -3.186793928438459 465.363706 431.401771
55.94350438326372 -3.186793928438459 E 55.94350438326372 -3.186493928438459 465.363706 430.151771
55.94350438326372 -3.186493928438459 ENE 55.94361918829343 -3.1862167645787056 465.363706 428.901771
55.94361918829343 -3.1862167645787056 E 55.94361918829343 -3.1859167645787054 465.363706 427.651771
55.94361918829343 -3.1859167645787054 ENE 55.94373399332314 -3.185639600718952 465.363706 426.401771
55.94373399332314 -3.185639600718952 E 55.94373399332314 -3.185339600718952 542.578791 434.307493
55.94373399332314 -3.185339600718952 ENE 55.94384879835285 -3.1850624368591984 542.578791 433.057493
55.94384879835285 -3.1850624368591984 E 55.94384879835285 -3.1847624368591982 542.578791 431.807493
55.94384879835285 -3.1847624368591982 W 55.94384879835285 -3.1850624368591984 628.454588 506.572209
55.94384879835285 -3.1850624368591984 WNW 55.943963603382564 -3.185339600718952 628.454588 505.322209
55.943963603382564 -3.185339600718952 W 55.943963603382564 -3.185639600718952 628.454588 504.072209
55.943963603382564 -3.185639600718952 WNW 55.944078408412274 -3.1859167645787054 628.454588 502.822209
55.944078408412274 -3.1859167645787054 W 55.944078408412274 -3.1862167645787056 628.454588 501.572209
55.944078408412274 -3.1862167645787056 WNW 55.944193213441984 -3.186493928438459 628.454588 500.322209
55.944193213441984 -3.186493928438459 W 55.944193213441984 -3.186793928438459 624.007739 394.823276
55.944193213441984 -3.186793928438459 W 55.944193213441984 -3.1870939284384594 734.616708 464.984788
55.944193213441984 -3.1870939284384594 W 55.944193213441984 -3.1873939284384596 734.616708 463.734788
55.944193213441984 -3.1873939284384596 W 55.944193213441984 -3.18769392843846 734.616708 462.484788
55.944193213441984 -3.18769392843846 W 55.944193213441984 -3.18799392843846 734.616708 461.234788
55.944193213441984 -3.18799392843846 W 55.944193213441984 -3.18829392843846 734.616708 459.984788
55.944193213441984 -3.18829392843846 W 55.944193213441984 -3.1885939284384603 734.616708 458.734788
55.944193213441984 -3.1885939284384603 W 55.944193213441984 -3.1888939284384605 734.616708 457.484788
55.944193213441984 -3.1888939284384605 W 55.944193213441984 -3.1891939284384607 734.616708 456.234788
55.944193213441984 -3.1891939284384607 W 55.944193213441984 -3.189493928438461 734.616708 454.984788
55.944193213441984 -3.189493928438461 W 55.944193213441984 -3.189793928438461 734.616708 453.734788
55.944193213441984 -3.189793928438461 W 55.944193213441984 -3.1900939284384613 734.616708 452.484788
55.944193213441984 -3.1900939284384613 WNW 55.944308018471695 -3.1903710922982147 734.616708 451.234788
55.944308018471695 -3.1903710922982147 W 55.944308018471695 -3.190671092298215 734.616708 449.984788
55.944308018471695 -3.190671092298215 WNW 55.944422823501405 -3.1909482561579683 734.616708 448.734788
55.944422823501405 -3.1909482561579683 W 55.944422823501405 -3.1912482561579685 734.616708 447.484788
55.944422823501405 -3.1912482561579685 WNW 55.944537628531116 -3.191525420017722 734.616708 446.234788
55.944537628531116 -3.191525420017722 E 55.944537628531116 -3.1912254200177217 826.711561 450.079952
55.944537628531116 -3.1912254200177217 E 55.944537628531116 -3.1909254200177215 826.711561 448.829952
55.944537628531116 -3.1909254200177215 E 55.944537628531116 -3.1906254200177213 826.711561 447.579952
55.944537628531116 -3.1906254200177213 ENE 55.944652433560826 -3.190348256157968 826.711561 446.329952
55.944652433560826 -3.190348256157968 E 55.944652433560826 -3.1900482561579677 826.711561 445.079952
55.944652433560826 -3.1900482561579677 ENE 55.944767238590536 -3.1897710922982143 826.711561 443.829952
55.944767238590536 -3.1897710922982143 E 55.944767238590536 -3.189471092298214 826.711561 442.579952
55.944767238590536 -3.189471092298214 ENE 55.94488204362025 -3.1891939284384607 826.711561 441.329952
55.94488204362025 -3.1891939284384607 E 55.94488204362025 -3.1888939284384605 826.711561 440.079952
55.94488204362025 -3.1888939284384605 ENE 55.94499684864996 -3.188616764578707 826.711561 438.829952
55.94499684864996 -3.188616764578707 E 55.94499684864996 -3.188316764578707 826.711561 437.579952
55.94499684864996 -3.188316764578707 ENE 55.94511165367967 -3.1880396007189535 826.711561 436.329952
55.94511165367967 -3.1880396007189535 E 55.94511165367967 -3.1877396007189533 826.711561 435.079952
55.94511165367967 -3.1877396007189533 ENE 55.94522645870938 -3.1874624368592 826.711561 433.829952
55.94522645870938 -3.1874624368592 E 55.94522645870938 -3.1871624368591998 826.711561 432.579952
55.94522645870938 -3.1871624368591998 ENE 55.94534126373909 -3.1868852729994464 826.711561 431.329952
55.94534126373909 -3.1868852729994464 E 55.94534126373909 -3.186585272999446 826.711561 430.079952
55.94534126373909 -3.186585272999446 ENE 55.9454560687688 -3.1863081091396928 826.711561 428.829952
55.9454560687688 -3.1863081091396928 E 55.9454560687688 -3.1860081091396926 826.711561 427.579952
55.9454560687688 -3.1860081091396926 ENE 55.94557087379851 -3.185730945279939 940.599014 461.183731
55.94557087379851 -3.185730945279939 E 55.94557087379851 -3.185430945279939 940.599014 459.933731
55.94557087379851 -3.185430945279939 ENE 55.94568567882822 -3.1851537814201856 940.599014 458.683731
55.94568567882822 -3.1851537814201856 E 55.94568567882822 -3.1848537814201854 940.599014 457.433731
55.94568567882822 -3.1848537814201854 ENE 55.94580048385793 -3.184576617560432 940.599014 456.183731
55.94580048385793 -3.184576617560432 SSW 55.94552331999817 -3.1846914225901415 1010.057528 571.018128
55.94552331999817 -3.1846914225901415 SSW 55.94524615613842 -3.184806227619851 1010.057528 569.768128
55.94524615613842 -3.184806227619851 W 55.94524615613842 -3.185106227619851 959.949926 449.988474
55.94524615613842 -3.185106227619851 WNW 55.94536096116813 -3.1853833914796046 959.949926 448.738474
55.94536096116813 -3.1853833914796046 W 55.94536096116813 -3.1856833914796048 959.949926 447.488474
55.94536096116813 -3.1856833914796048 WNW 55.94547576619784 -3.185960555339358 959.949926 446.238474
55.94547576619784 -3.185960555339358 W 55.94547576619784 -3.1862605553393584 959.949926 444.988474
55.94547576619784 -3.1862605553393584 WNW 55.94559057122755 -3.1865377191991118 959.949926 443.738474
55.94559057122755 -3.1865377191991118 W 55.94559057122755 -3.186837719199112 959.949926 442.488474
55.94559057122755 -3.186837719199112 WNW 55.94570537625726 -3.1871148830588654 959.949926 441.238474
55.94570537625726 -3.1871148830588654 W 55.94570537625726 -3.1874148830588656 959.949926 439.988474
55.94570537625726 -3.1874148830588656 W 55.94570537625726 -3.1877148830588657 970.783909 521.307565
55.94570537625726 -3.1877148830588657 W 55.94570537625726 -3.188014883058866 970.783909 520.057565
55.94570537625726 -3.188014883058866 W 55.94570537625726 -3.188314883058866 970.783909 518.807565
55.94570537625726 -3.188314883058866 W 55.94570537625726 -3.1886148830588663 970.783909 517.557565
55.94570537625726 -3.1886148830588663 W 55.94570537625726 -3.1889148830588665 992.677106 617.296479
55.94570537625726 -3.1889148830588665 SE 55.9454932442229 -3.1887027510245107 992.677106 616.046479
55.9454932442229 -3.1887027510245107 SE 55.945281112188546 -3.188490618990155 992.677106 614.796479
55.945281112188546 -3.188490618990155 SE 55.94506898015419 -3.188278486955799 992.677106 613.546479
55.94506898015419 -3.188278486955799 ESE 55.94495417512448 -3.188001323096046 992.677106 612.296479
55.94495417512448 -3.188001323096046 SE 55.94474204309012 -3.18778919106169 992.677106 611.046479
55.94474204309012 -3.18778919106169 ESE 55.94462723806041 -3.1875120272019366 992.677106 609.796479
55.94462723806041 -3.1875120272019366 SE 55.94441510602606 -3.187299895167581 992.677106 608.546479
55.94441510602606 -3.187299895167581 ESE 55.944300300996346 -3.1870227313078274 992.677106 607.296479
55.944300300996346 -3.1870227313078274 SE 55.94408816896199 -3.1868105992734717 992.677106 606.046479
55.94408816896199 -3.1868105992734717 ESE 55.94397336393228 -3.1865334354137183 992.677106 604.796479
55.94397336393228 -3.1865334354137183 WNW 55.94408816896199 -3.1868105992734717 1024.338809 683.117845
55.94408816896199 -3.1868105992734717 WNW 55.9442029739917 -3.187087763133225 1024.338809 681.867845
55.9442029739917 -3.187087763133225 WNW 55.94431777902141 -3.1873649269929785 1024.338809 680.617845
55.94431777902141 -3.1873649269929785 W 55.94431777902141 -3.1876649269929787 1024.338809 679.367845
55.94431777902141 -3.1876649269929787 WNW 55.94443258405112 -3.187942090852732 1024.338809 678.117845
55.94443258405112 -3.187942090852732 W 55.94443258405112 -3.1882420908527322 1024.338809 676.867845
55.94443258405112 -3.1882420908527322 WNW 55.94454738908083 -3.1885192547124857 1024.338809 675.617845
55.94454738908083 -3.1885192547124857 W 55.94454738908083 -3.188819254712486 1024.338809 674.367845
55.94454738908083 -3.188819254712486 WNW 55.94466219411054 -3.1890964185722392 1024.338809 673.117845
55.94466219411054 -3.1890964185722392 W 55.94466219411054 -3.1893964185722394 1024.338809 671.867845
55.94466219411054 -3.1893964185722394 WNW 55.94477699914025 -3.189673582431993 1024.338809 670.617845
55.94477699914025 -3.189673582431993 W 55.94477699914025 -3.189973582431993 1024.338809 669.367845
55.94477699914025 -3.189973582431993 WNW 55.94489180416996 -3.1902507462917464 1024.338809 668.117845
55.94489180416996 -3.1902507462917464 W 55.94489180416996 -3.1905507462917466 1024.338809 666.867845
55.94489180416996 -3.1905507462917466 WNW 55.94500660919967 -3.1908279101515 1024.338809 665.617845
55.94500660919967 -3.1908279101515 W 55.94500660919967 -3.1911279101515 1024.338809 664.367845
55.94500660919967 -3.1911279101515 WNW 55.945121414229384 -3.1914050740112536 1024.338809 663.117845
55.945121414229384 -3.1914050740112536 W 55.945121414229384 -3.191705074011254 1024.338809 661.867845
55.945121414229384 -3.191705074011254 WNW 55.945236219259094 -3.191982237871007 1024.338809 660.617845
55.945236219259094 -3.191982237871007 W 55.945236219259094 -3.1922822378710074 1024.338809 659.367845
55.945236219259094 -3.1922822378710074 WNW 55.945351024288804 -3.192559401730761 1109.764986 696.131643
55.945351024288804 -3.192559401730761 SSE 55.94507386042905 -3.1924445967010513 1109.764986 694.881643
55.94507386042905 -3.1924445967010513 SSE 55.94479669656929 -3.192329791671342 1109.764986 693.631643
55.94479669656929 -3.192329791671342 SSE 55.944519532709535 -3.1922149866416323 1109.764986 692.381643
55.944519532709535 -3.1922149866416323 SSE 55.94424236884978 -3.1921001816119228 1109.764986 691.131643
55.94424236884978 -3.1921001816119228 SE 55.94403023681542 -3.191888049577567 1109.764986 689.881643
55.94403023681542 -3.191888049577567 SSE 55.943753072955666 -3.1917732445478575 1125.420193 729.395070
55.943753072955666 -3.1917732445478575 SE 55.94354094092131 -3.1915611125135017 1125.420193 728.145070
55.94354094092131 -3.1915611125135017 SSE 55.94326377706155 -3.191446307483792 1125.420193 726.895070
55.94326377706155 -3.191446307483792 SE 55.9430516450272 -3.1912341754494364 1125.420193 725.645070
55.9430516450272 -3.1912341754494364 SSE 55.94277448116744 -3.191119370419727 1125.420193 724.395070
55.94277448116744 -3.191119370419727 NNW 55.9430516450272 -3.1912341754494364 1203.075610 806.636949
55.9430516450272 -3.1912341754494364 NNW 55.94332880888695 -3.191348980479146 1203.075610 805.386949
55.94332880888695 -3.191348980479146 NNW 55.94360597274671 -3.1914637855088555 1134.622634 800.187293
55.94360597274671 -3.1914637855088555 N 55.94390597274671 -3.1914637855088555 1134.622634 798.937293
55.94390597274671 -3.1914637855088555 NNW 55.94418313660647 -3.191578590538565 1178.936674 803.300926
55.94418313660647 -3.191578590538565 N 55.94448313660647 -3.191578590538565 1178.936674 802.050926
55.94448313660647 -3.191578590538565 ENE 55.94459794163618 -3.1913014266788116 1178.936674 800.800926
55.94459794163618 -3.1913014266788116 ENE 55.94471274666589 -3.191024262819058 1178.936674 799.550926
55.94471274666589 -3.191024262819058 ENE 55.9448275516956 -3.1907470989593048 1178.936674 798.300926
55.9448275516956 -3.1907470989593048 ENE 55.94494235672531 -3.1904699350995513 1178.936674 797.050926
55.94494235672531 -3.1904699350995513 ENE 55.945057161755024 -3.190192771239798 1178.936674 795.800926
55.945057161755024 -3.190192771239798 ENE 55.945171966784734 -3.1899156073800445 1178.936674 794.550926
55.945171966784734 -3.1899156073800445 ENE 55.945286771814445 -3.189638443520291 1178.936674 793.300926
55.945286771814445 -3.189638443520291 NE 55.9454989038488 -3.1894263114859354 1178.936674 792.050926
55.9454989038488 -3.1894263114859354 ENE 55.94561370887851 -3.189149147626182 1178.936674 790.800926
55.94561370887851 -3.189149147626182 SW 55.945401576844155 -3.1893612796605377 1259.567162 905.397404
55.945401576844155 -3.1893612796605377 SW 55.9451894448098 -3.1895734116948935 1259.567162 904.147404
55.9451894448098 -3.1895734116948935 SW 55.94497731277544 -3.1897855437292493 1259.567162 902.897404
55.94497731277544 -3.1897855437292493 SW 55.944765180741086 -3.189997675763605 1259.567162 901.647404
55.944765180741086 -3.189997675763605 SSW 55.94448801688133 -3.1901124807933146 1259.567162 900.397404
55.94448801688133 -3.1901124807933146 SW 55.944275884846974 -3.1903246128276703 1259.567162 899.147404
55.944275884846974 -3.1903246128276703 SSW 55.94399872098722 -3.19043941785738 1259.567162 897.897404
55.94399872098722 -3.19043941785738 WNW 55.94411352601693 -3.1907165817171332 1281.861276 907.705968
55.94411352601693 -3.1907165817171332 WNW 55.94422833104664 -3.1909937455768866 1281.861276 906.455968
55.94422833104664 -3.1909937455768866 WNW 55.94434313607635 -3.19127090943664 1281.861276 905.205968
55.94434313607635 -3.19127090943664 WNW 55.94445794110606 -3.1915480732963935 1281.861276 903.955968
55.94445794110606 -3.1915480732963935 NW 55.944670073140415 -3.1917602053307492 1281.861276 902.705968
55.944670073140415 -3.1917602053307492 SE 55.94445794110606 -3.1915480732963935 1371.020022 1004.246773
55.94445794110606 -3.1915480732963935 N 55.94475794110606 -3.1915480732963935 1371.020022 1002.996773
55.94475794110606 -3.1915480732963935 NE 55.94497007314042 -3.1913359412620377 1371.020022 1001.746773
55.94497007314042 -3.1913359412620377 SSW 55.94469290928066 -3.191450746291747 1371.020022 1000.496773
55.94469290928066 -3.191450746291747 WSW 55.94457810425095 -3.1917279101515006 1371.020022 999.246773
55.94457810425095 -3.1917279101515006 SSW 55.944300940391194 -3.19184271518121 1371.020022 997.996773
55.944300940391194 -3.19184271518121 W 55.944300940391194 -3.1921427151812103 1371.020022 996.746773
55.944300940391194 -3.1921427151812103 SSW 55.94402377653144 -3.19225752021092 1371.020022 995.496773
55.94402377653144 -3.19225752021092 SW 55.94381164449708 -3.1924696522452756 1371.020022 994.246773
55.94381164449708 -3.1924696522452756 ESE 55.94369683946737 -3.192192488385522 1290.399223 901.625564
55.94369683946737 -3.192192488385522 SW 55.943484707433015 -3.192404620419878 1290.399223 900.375564
55.943484707433015 -3.192404620419878 ESE 55.943369902403305 -3.1921274565601245 1290.399223 899.125564
