55.944425 -3.188396 ENE 55.94453980502971 -3.1881188361402466 0.000000 248.750000
55.94453980502971 -3.1881188361402466 ENE 55.94465461005942 -3.187841672280493 0.000000 247.500000
55.94465461005942 -3.187841672280493 ENE 55.944769415089134 -3.18756450842074 0.000000 246.250000
55.944769415089134 -3.18756450842074 ENE 55.944884220118844 -3.1872873445609864 0.000000 245.000000
55.944884220118844 -3.1872873445609864 ENE 55.944999025148554 -3.187010180701233 49.270928 256.824749
55.944999025148554 -3.187010180701233 ENE 55.945113830178265 -3.1867330168414796 0.000000 131.704170
55.945113830178265 -3.1867330168414796 ENE 55.945228635207975 -3.186455852981726 0.000000 130.454170
55.945228635207975 -3.186455852981726 ENE 55.945343440237686 -3.1861786891219728 0.000000 129.204170
55.945343440237686 -3.1861786891219728 ENE 55.945458245267396 -3.1859015252622194 0.000000 127.954170
55.945458245267396 -3.1859015252622194 S 55.94515824526739 -3.1859015252622194 113.887452 161.557950
55.94515824526739 -3.1859015252622194 S 55.94485824526739 -3.1859015252622194 220.206845 177.434411
55.94485824526739 -3.1859015252622194 S 55.94455824526739 -3.1859015252622194 235.925669 269.476424
55.94455824526739 -3.1859015252622194 SSE 55.94428108140763 -3.18578672023251 235.925669 268.226424
55.94428108140763 -3.18578672023251 S 55.94398108140763 -3.18578672023251 235.925669 266.976424
55.94398108140763 -3.18578672023251 SSE 55.94370391754787 -3.1856719152028004 235.925669 265.726424
55.94370391754787 -3.1856719152028004 S 55.94340391754787 -3.1856719152028004 313.140754 273.632146
55.94340391754787 -3.1856719152028004 SSE 55.94312675368811 -3.185557110173091 313.140754 272.382146
55.94312675368811 -3.185557110173091 W 55.94312675368811 -3.185857110173091 348.280399 331.473396
55.94312675368811 -3.185857110173091 W 55.94312675368811 -3.1861571101730912 348.280399 330.223396
55.94312675368811 -3.1861571101730912 W 55.94312675368811 -3.1864571101730914 348.280399 328.973396
55.94312675368811 -3.1864571101730914 W 55.94312675368811 -3.1867571101730916 348.280399 327.723396
55.94312675368811 -3.1867571101730916 W 55.94312675368811 -3.187057110173092 348.280399 326.473396
55.94312675368811 -3.187057110173092 W 55.94312675368811 -3.187357110173092 348.280399 325.223396
55.94312675368811 -3.187357110173092 W 55.94312675368811 -3.187657110173092 348.280399 323.973396
55.94312675368811 -3.187657110173092 WSW 55.9430119486584 -3.1879342740328456 348.280399 322.723396
55.9430119486584 -3.1879342740328456 W 55.9430119486584 -3.1882342740328458 348.280399 321.473396
55.9430119486584 -3.1882342740328458 WSW 55.94289714362869 -3.188511437892599 348.280399 320.223396
55.94289714362869 -3.188511437892599 W 55.94289714362869 -3.1888114378925994 348.280399 318.973396
55.94289714362869 -3.1888114378925994 WSW 55.94278233859898 -3.1890886017523528 348.280399 317.723396
55.94278233859898 -3.1890886017523528 W 55.94278233859898 -3.189388601752353 348.280399 316.473396
55.94278233859898 -3.189388601752353 WSW 55.94266753356927 -3.1896657656121064 348.280399 315.223396
55.94266753356927 -3.1896657656121064 NW 55.94287966560363 -3.189877897646462 397.718831 383.806119
55.94287966560363 -3.189877897646462 WNW 55.94299447063334 -3.1901550615062155 352.323371 367.859498
55.94299447063334 -3.1901550615062155 NW 55.94320660266769 -3.1903671935405713 352.323371 366.609498
55.94320660266769 -3.1903671935405713 WNW 55.943321407697404 -3.1906443574003247 352.323371 365.359498
55.943321407697404 -3.1906443574003247 NW 55.94353353973176 -3.1908564894346805 352.323371 364.109498
55.94353353973176 -3.1908564894346805 WNW 55.94364834476147 -3.191133653294434 352.323371 362.859498
55.94364834476147 -3.191133653294434 NW 55.94386047679583 -3.1913457853287897 414.020882 382.974043
55.94386047679583 -3.1913457853287897 ESE 55.943745671766116 -3.1910686214690362 458.334922 387.337676
55.943745671766116 -3.1910686214690362 ESE 55.943630866736406 -3.190791457609283 458.334922 386.087676
55.943630866736406 -3.190791457609283 ESE 55.943516061706696 -3.1905142937495294 458.334922 384.837676
55.943516061706696 -3.1905142937495294 ESE 55.943401256676985 -3.190237129889776 458.334922 383.587676
55.943401256676985 -3.190237129889776 ESE 55.943286451647275 -3.1899599660300226 458.334922 382.337676
55.943286451647275 -3.1899599660300226 ESE 55.943171646617564 -3.1896828021702692 458.334922 381.087676
55.943171646617564 -3.1896828021702692 E 55.943171646617564 -3.189382802170269 458.334922 379.837676
55.943171646617564 -3.189382802170269 ESE 55.943056841587854 -3.1891056383105156 458.334922 378.587676
55.943056841587854 -3.1891056383105156 E 55.943056841587854 -3.1888056383105154 458.334922 377.337676
55.943056841587854 -3.1888056383105154 ESE 55.942942036558144 -3.188528474450762 458.334922 376.087676
55.942942036558144 -3.188528474450762 E 55.942942036558144 -3.188228474450762 458.334922 374.837676
55.942942036558144 -3.188228474450762 ESE 55.94282723152843 -3.1879513105910084 458.334922 373.587676
55.94282723152843 -3.1879513105910084 E 55.94282723152843 -3.1876513105910083 458.334922 372.337676
55.94282723152843 -3.1876513105910083 ESE 55.94271242649872 -3.187374146731255 458.334922 371.087676
55.94271242649872 -3.187374146731255 E 55.94271242649872 -3.1870741467312547 458.334922 369.837676
55.94271242649872 -3.1870741467312547 NW 55.94292455853308 -3.1872862787656104 482.361578 485.684402
55.94292455853308 -3.1872862787656104 NNW 55.943201722392836 -3.18740108379532 482.361578 484.434402
55.943201722392836 -3.18740108379532 NW 55.94341385442719 -3.1876132158296757 482.361578 483.184402
55.94341385442719 -3.1876132158296757 NNW 55.94369101828695 -3.1877280208593852 482.361578 481.934402
55.94369101828695 -3.1877280208593852 NW 55.943903150321304 -3.187940152893741 482.361578 480.684402
55.943903150321304 -3.187940152893741 NNW 55.94418031418106 -3.1880549579234505 555.730965 556.763238
55.94418031418106 -3.1880549579234505 NW 55.94439244621542 -3.1882670899578063 529.788556 545.344757
55.94439244621542 -3.1882670899578063 NNW 55.944669610075174 -3.188381894987516 529.788556 544.094757
55.944669610075174 -3.188381894987516 NW 55.94488174210953 -3.1885940270218716 529.788556 542.844757
55.94488174210953 -3.1885940270218716 NNW 55.945158905969286 -3.188708832051581 496.653407 467.145338
55.945158905969286 -3.188708832051581 NW 55.94537103800364 -3.188920964085937 496.653407 465.895338
55.94537103800364 -3.188920964085937 NNW 55.9456482018634 -3.1890357691156463 496.653407 464.645338
55.9456482018634 -3.1890357691156463 WSW 55.94553339683369 -3.1893129329753998 577.283895 579.241816
55.94553339683369 -3.1893129329753998 WSW 55.94541859180398 -3.189590096835153 577.283895 577.991816
55.94541859180398 -3.189590096835153 WSW 55.94530378677427 -3.1898672606949066 577.283895 576.741816
55.94530378677427 -3.1898672606949066 W 55.94530378677427 -3.1901672606949067 577.283895 575.491816
55.94530378677427 -3.1901672606949067 W 55.94530378677427 -3.190467260694907 693.056276 660.299011
55.94530378677427 -3.190467260694907 W 55.94530378677427 -3.190767260694907 693.056276 659.049011
55.94530378677427 -3.190767260694907 W 55.94530378677427 -3.1910672606949073 693.056276 657.799011
55.94530378677427 -3.1910672606949073 W 55.94530378677427 -3.1913672606949075 756.986203 774.428621
55.94530378677427 -3.1913672606949075 W 55.94530378677427 -3.1916672606949077 756.986203 773.178621
55.94530378677427 -3.1916672606949077 W 55.94530378677427 -3.191967260694908 756.986203 771.928621
55.94530378677427 -3.191967260694908 W 55.94530378677427 -3.192267260694908 756.986203 770.678621
55.94530378677427 -3.192267260694908 ESE 55.94518898174456 -3.1919900968351547 842.412379 807.442418
55.94518898174456 -3.1919900968351547 ESE 55.94507417671485 -3.1917129329754013 842.412379 806.192418
55.94507417671485 -3.1917129329754013 ESE 55.94495937168514 -3.191435769115648 842.412379 804.942418
55.94495937168514 -3.191435769115648 ESE 55.944844566655426 -3.1911586052558945 842.412379 803.692418
55.944844566655426 -3.1911586052558945 ESE 55.944729761625716 -3.190881441396141 842.412379 802.442418
55.944729761625716 -3.190881441396141 E 55.944729761625716 -3.190581441396141 842.412379 801.192418
55.944729761625716 -3.190581441396141 ESE 55.944614956596006 -3.1903042775363875 842.412379 799.942418
55.944614956596006 -3.1903042775363875 E 55.944614956596006 -3.1900042775363873 903.210105 835.210527
55.944614956596006 -3.1900042775363873 ESE 55.944500151566295 -3.189727113676634 913.987607 895.702748
55.944500151566295 -3.189727113676634 E 55.944500151566295 -3.1894271136766337 1010.069681 929.037834
55.944500151566295 -3.1894271136766337 ESE 55.944385346536585 -3.1891499498168803 1010.069681 927.787834
55.944385346536585 -3.1891499498168803 E 55.944385346536585 -3.18884994981688 1010.069681 926.537834
55.944385346536585 -3.18884994981688 ESE 55.944270541506874 -3.1885727859571267 986.241959 901.391899
55.944270541506874 -3.1885727859571267 E 55.944270541506874 -3.1882727859571265 986.241959 900.141899
55.944270541506874 -3.1882727859571265 ESE 55.944155736477164 -3.187995622097373 986.241959 898.891899
55.944155736477164 -3.187995622097373 E 55.944155736477164 -3.187695622097373 986.241959 897.641899
55.944155736477164 -3.187695622097373 ESE 55.944040931447454 -3.1874184582376195 986.241959 896.391899
55.944040931447454 -3.1874184582376195 E 55.944040931447454 -3.1871184582376193 986.241959 895.141899
55.944040931447454 -3.1871184582376193 ESE 55.94392612641774 -3.186841294377866 986.241959 893.891899
55.94392612641774 -3.186841294377866 E 55.94392612641774 -3.1865412943778657 986.241959 892.641899
55.94392612641774 -3.1865412943778657 W 55.94392612641774 -3.186841294377866 1017.903662 970.963265
55.94392612641774 -3.186841294377866 W 55.94392612641774 -3.187141294377866 1017.903662 969.713265
55.94392612641774 -3.187141294377866 W 55.94392612641774 -3.1874412943778663 1017.903662 968.463265
55.94392612641774 -3.1874412943778663 W 55.94392612641774 -3.1877412943778665 1017.903662 967.213265
55.94392612641774 -3.1877412943778665 W 55.94392612641774 -3.1880412943778667 1017.903662 965.963265
55.94392612641774 -3.1880412943778667 W 55.94392612641774 -3.188341294377867 1017.903662 964.713265
55.94392612641774 -3.188341294377867 W 55.94392612641774 -3.188641294377867 1017.903662 963.463265
55.94392612641774 -3.188641294377867 W 55.94392612641774 -3.188941294377867 1017.903662 962.213265
55.94392612641774 -3.188941294377867 WNW 55.944040931447454 -3.1892184582376206 1017.903662 960.963265
55.944040931447454 -3.1892184582376206 W 55.944040931447454 -3.189518458237621 1017.903662 959.713265
55.944040931447454 -3.189518458237621 WNW 55.944155736477164 -3.189795622097374 1017.903662 958.463265
55.944155736477164 -3.189795622097374 W 55.944155736477164 -3.1900956220973744 1017.903662 957.213265
55.944155736477164 -3.1900956220973744 WNW 55.944270541506874 -3.190372785957128 1017.903662 955.963265
55.944270541506874 -3.190372785957128 W 55.944270541506874 -3.190672785957128 1017.903662 954.713265
55.944270541506874 -3.190672785957128 WNW 55.944385346536585 -3.1909499498168814 1017.903662 953.463265
55.944385346536585 -3.1909499498168814 W 55.944385346536585 -3.1912499498168816 1017.903662 952.213265
55.944385346536585 -3.1912499498168816 WNW 55.944500151566295 -3.191527113676635 1017.903662 950.963265
55.944500151566295 -3.191527113676635 SSE 55.94422298770654 -3.1914123086469255 1109.998516 954.808429
55.94422298770654 -3.1914123086469255 SSE 55.94394582384678 -3.191297503617216 1109.998516 953.558429
55.94394582384678 -3.191297503617216 S 55.94364582384678 -3.191297503617216 1109.998516 952.308429
55.94364582384678 -3.191297503617216 SSE 55.94336865998702 -3.1911826985875065 1109.998516 951.058429
55.94336865998702 -3.1911826985875065 S 55.94306865998702 -3.1911826985875065 1041.545539 945.858773
55.94306865998702 -3.1911826985875065 SSE 55.94279149612726 -3.191067893557797 1041.545539 944.608773
55.94279149612726 -3.191067893557797 ENE 55.942906301156974 -3.1907907296980436 1119.200957 1026.850652
55.942906301156974 -3.1907907296980436 ENE 55.943021106186684 -3.19051356583829 1119.200957 1025.600652
55.943021106186684 -3.19051356583829 ENE 55.943135911216395 -3.1902364019785368 1119.200957 1024.350652
55.943135911216395 -3.1902364019785368 ENE 55.943250716246105 -3.1899592381187833 1119.200957 1023.100652
55.943250716246105 -3.1899592381187833 ENE 55.943365521275815 -3.18968207425903 1119.200957 1021.850652
55.943365521275815 -3.18968207425903 ENE 55.943480326305526 -3.1894049103992765 1119.200957 1020.600652
55.943480326305526 -3.1894049103992765 ENE 55.943595131335236 -3.189127746539523 1119.200957 1019.350652
55.943595131335236 -3.189127746539523 ENE 55.94370993636495 -3.1888505826797697 1175.839517 1101.762693
55.94370993636495 -3.1888505826797697 ENE 55.94382474139466 -3.1885734188200163 1175.839517 1100.512693
55.94382474139466 -3.1885734188200163 ENE 55.94393954642437 -3.188296254960263 1175.839517 1099.262693
55.94393954642437 -3.188296254960263 E 55.94393954642437 -3.1879962549602627 1175.839517 1098.012693
55.94393954642437 -3.1879962549602627 ENE 55.94405435145408 -3.1877190911005093 1175.839517 1096.762693
55.94405435145408 -3.1877190911005093 E 55.94405435145408 -3.187419091100509 1175.839517 1095.512693
55.94405435145408 -3.187419091100509 ENE 55.94416915648379 -3.1871419272407557 1175.839517 1094.262693
55.94416915648379 -3.1871419272407557 E 55.94416915648379 -3.1868419272407555 1175.839517 1093.012693
55.94416915648379 -3.1868419272407555 E 55.94416915648379 -3.1865419272407554 1286.448486 1163.174205
55.94416915648379 -3.1865419272407554 E 55.94416915648379 -3.186241927240755 1286.448486 1161.924205
55.94416915648379 -3.186241927240755 E 55.94416915648379 -3.185941927240755 1286.448486 1160.674205
55.94416915648379 -3.185941927240755 E 55.94416915648379 -3.185641927240755 1286.448486 1159.424205
55.94416915648379 -3.185641927240755 ESE 55.94405435145408 -3.1853647633810014 1286.448486 1158.174205
55.94405435145408 -3.1853647633810014 E 55.94405435145408 -3.185064763381001 1286.448486 1156.924205
55.94405435145408 -3.185064763381001 ESE 55.94393954642437 -3.184787599521248 1286.448486 1155.674205
55.94393954642437 -3.184787599521248 NNE 55.944216710284124 -3.1846727944915383 1372.324284 1230.438921
55.944216710284124 -3.1846727944915383 N 55.94451671028413 -3.1846727944915383 1372.324284 1229.188921
55.94451671028413 -3.1846727944915383 NNE 55.94479387414388 -3.1845579894618288 1372.324284 1227.938921
55.94479387414388 -3.1845579894618288 N 55.945093874143886 -3.1845579894618288 1372.324284 1226.688921
55.945093874143886 -3.1845579894618288 NNE 55.94537103800364 -3.1844431844321193 1405.117145 1312.548925
55.94537103800364 -3.1844431844321193 N 55.945671038003645 -3.1844431844321193 1405.117145 1311.298925
55.945671038003645 -3.1844431844321193 WSW 55.945556232973935 -3.1847203482918727 1474.575659 1426.133321
55.945556232973935 -3.1847203482918727 WSW 55.945441427944225 -3.184997512151626 1474.575659 1424.883321
55.945441427944225 -3.184997512151626 WSW 55.945326622914514 -3.1852746760113795 1424.468058 1305.103667
55.945326622914514 -3.1852746760113795 WSW 55.945211817884804 -3.185551839871133 1424.468058 1303.853667
55.945211817884804 -3.185551839871133 WSW 55.94509701285509 -3.1858290037308863 1424.468058 1302.603667
55.94509701285509 -3.1858290037308863 WSW 55.94498220782538 -3.1861061675906397 1424.468058 1301.353667
55.94498220782538 -3.1861061675906397 WSW 55.94486740279567 -3.186383331450393 1424.468058 1300.103667
55.94486740279567 -3.186383331450393 WSW 55.94475259776596 -3.1866604953101465 1424.468058 1298.853667
55.94475259776596 -3.1866604953101465 W 55.94475259776596 -3.1869604953101467 1424.468058 1297.603667
55.94475259776596 -3.1869604953101467 WSW 55.94463779273625 -3.1872376591699 1424.468058 1296.353667
55.94463779273625 -3.1872376591699 W 55.94463779273625 -3.1875376591699003 1424.468058 1295.103667
55.94463779273625 -3.1875376591699003 WSW 55.94452298770654 -3.1878148230296537 1424.468058 1293.853667
55.94452298770654 -3.1878148230296537 W 55.94452298770654 -3.188114823029654 1424.468058 1292.603667
55.94452298770654 -3.188114823029654 WSW 55.94440818267683 -3.1883919868894073 1424.468058 1291.353667
55.94440818267683 -3.1883919868894073 W 55.94440818267683 -3.1886919868894075 1424.468058 1290.103667
55.94440818267683 -3.1886919868894075 WSW 55.94429337764712 -3.188969150749161 1424.468058 1288.853667
55.94429337764712 -3.188969150749161 W 55.94429337764712 -3.189269150749161 1424.468058 1287.603667
55.94429337764712 -3.189269150749161 WSW 55.94417857261741 -3.1895463146089145 1424.468058 1286.353667
55.94417857261741 -3.1895463146089145 W 55.94417857261741 -3.1898463146089147 1424.468058 1285.103667
55.94417857261741 -3.1898463146089147 WSW 55.9440637675877 -3.190123478468668 1424.468058 1283.853667
55.9440637675877 -3.190123478468668 W 55.9440637675877 -3.1904234784686683 1424.468058 1282.603667
55.9440637675877 -3.1904234784686683 SW 55.943851635553344 -3.190635610503024 1446.762171 1292.412231
55.943851635553344 -3.190635610503024 W 55.943851635553344 -3.190935610503024 1446.762171 1291.162231
55.943851635553344 -3.190935610503024 WNW 55.943966440583054 -3.1912127743627776 1446.762171 1289.912231
55.943966440583054 -3.1912127743627776 W 55.943966440583054 -3.191512774362778 1446.762171 1288.662231
55.943966440583054 -3.191512774362778 ENE 55.944081245612765 -3.1912356105030244 1446.762171 1287.412231
55.944081245612765 -3.1912356105030244 ENE 55.944196050642475 -3.190958446643271 1446.762171 1286.162231
55.944196050642475 -3.190958446643271 ENE 55.944310855672185 -3.1906812827835176 1446.762171 1284.912231
55.944310855672185 -3.1906812827835176 ENE 55.944425660701896 -3.190404118923764 1446.762171 1283.662231
55.944425660701896 -3.190404118923764 ENE 55.944540465731606 -3.190126955064011 1446.762171 1282.412231
55.944540465731606 -3.190126955064011 ENE 55.94465527076132 -3.1898497912042574 1446.762171 1281.162231
55.94465527076132 -3.1898497912042574 ENE 55.94477007579103 -3.189572627344504 1446.762171 1279.912231
55.94477007579103 -3.189572627344504 ENE 55.94488488082074 -3.1892954634847506 1446.762171 1278.662231
55.94488488082074 -3.1892954634847506 ENE 55.94499968585045 -3.189018299624997 1446.762171 1277.412231
55.94499968585045 -3.189018299624997 ENE 55.94511449088016 -3.1887411357652438 1446.762171 1276.162231
55.94511449088016 -3.1887411357652438 ENE 55.94522929590987 -3.1884639719054904 1446.762171 1274.912231
55.94522929590987 -3.1884639719054904 ENE 55.94534410093958 -3.188186808045737 1446.762171 1273.662231
55.94534410093958 -3.188186808045737 NE 55.945556232973935 -3.187974676011381 1446.762171 1272.412231
55.945556232973935 -3.187974676011381 ENE 55.945671038003645 -3.1876975121516278 1446.762171 1271.162231
55.945671038003645 -3.1876975121516278 WSW 55.945556232973935 -3.187974676011381 1457.596154 1352.481322
55.945556232973935 -3.187974676011381 WSW 55.945441427944225 -3.1882518398711346 1457.596154 1351.231322
55.945441427944225 -3.1882518398711346 WSW 55.945326622914514 -3.188529003730888 1457.596154 1349.981322
55.945326622914514 -3.188529003730888 WSW 55.945211817884804 -3.1888061675906414 1457.596154 1348.731322
55.945211817884804 -3.1888061675906414 WSW 55.94509701285509 -3.189083331450395 1457.596154 1347.481322
55.94509701285509 -3.189083331450395 WSW 55.94498220782538 -3.189360495310148 1457.596154 1346.231322
55.94498220782538 -3.189360495310148 W 55.94498220782538 -3.1896604953101484 1457.596154 1344.981322
55.94498220782538 -3.1896604953101484 WSW 55.94486740279567 -3.189937659169902 1457.596154 1343.731322
55.94486740279567 -3.189937659169902 W 55.94486740279567 -3.190237659169902 1457.596154 1342.481322
55.94486740279567 -3.190237659169902 WSW 55.94475259776596 -3.1905148230296554 1457.596154 1341.231322
55.94475259776596 -3.1905148230296554 W 55.94475259776596 -3.1908148230296556 1457.596154 1339.981322
55.94475259776596 -3.1908148230296556 WSW 55.94463779273625 -3.191091986889409 1457.596154 1338.731322
55.94463779273625 -3.191091986889409 W 55.94463779273625 -3.191391986889409 1457.596154 1337.481322
55.94463779273625 -3.191391986889409 WSW 55.94452298770654 -3.1916691507491626 1457.596154 1336.231322
55.94452298770654 -3.1916691507491626 S 55.94422298770654 -3.1916691507491626 1546.754901 1437.772126
55.94422298770654 -3.1916691507491626 SSW 55.94394582384678 -3.191783955778872 1562.410107 1477.285554
55.94394582384678 -3.191783955778872 ENE 55.94406062887649 -3.1915067919191187 1562.410107 1476.035554
55.94406062887649 -3.1915067919191187 ENE 55.9441754339062 -3.1912296280593653 1562.410107 1474.785554
55.9441754339062 -3.1912296280593653 ENE 55.94429023893591 -3.190952464199612 1562.410107 1473.535554
55.94429023893591 -3.190952464199612 ENE 55.944405043965624 -3.1906753003398585 1562.410107 1472.285554
55.944405043965624 -3.1906753003398585 ENE 55.944519848995334 -3.190398136480105 1562.410107 1471.035554
55.944519848995334 -3.190398136480105 NE 55.94473198102969 -3.1901860044457493 1562.410107 1469.785554
55.94473198102969 -3.1901860044457493 ENE 55.9448467860594 -3.189908840585996 1562.410107 1468.535554
55.9448467860594 -3.189908840585996 NE 55.94505891809376 -3.18969670855164 1562.410107 1467.285554
55.94505891809376 -3.18969670855164 ENE 55.94517372312347 -3.1894195446918867 1562.410107 1466.035554
55.94517372312347 -3.1894195446918867 NE 55.945385855157824 -3.189207412657531 1562.410107 1464.785554
55.945385855157824 -3.189207412657531 ENE 55.945500660187534 -3.1889302487977775 1562.410107 1463.535554
55.945500660187534 -3.1889302487977775 NE 55.94571279222189 -3.1887181167634218 1584.303304 1563.274469
55.94571279222189 -3.1887181167634218 ESE 55.94559798719218 -3.1884409529036684 1584.303304 1562.024469
55.94559798719218 -3.1884409529036684 W 55.94559798719218 -3.1887409529036685 1584.303304 1560.774469
55.94559798719218 -3.1887409529036685 WSW 55.94548318216247 -3.189018116763422 1584.303304 1559.524469
55.94548318216247 -3.189018116763422 SSE 55.94520601830271 -3.1889033117337124 1584.303304 1558.274469
55.94520601830271 -3.1889033117337124 ENE 55.94532082333242 -3.188626147873959 1584.303304 1557.024469
55.94532082333242 -3.188626147873959 SW 55.94510869129807 -3.188838279908315 1584.303304 1555.774469
55.94510869129807 -3.188838279908315 SW 55.94489655926371 -3.1890504119426706 1584.303304 1554.524469
55.94489655926371 -3.1890504119426706 NNW 55.94517372312347 -3.18916521697238 1584.303304 1553.274469
55.94517372312347 -3.18916521697238 NNW 55.945450886983224 -3.1892800220020896 1584.303304 1552.024469
55.945450886983224 -3.1892800220020896 NNE 55.94572805084298 -3.18916521697238 1584.303304 1550.774469
55.94572805084298 -3.18916521697238 NNE 55.94600521470274 -3.1890504119426706 1584.303304 1549.524469
55.94600521470274 -3.1890504119426706 NW 55.94621734673709 -3.1892625439770264 1584.303304 1548.274469
55.94621734673709 -3.1892625439770264 NNE 55.94649451059685 -3.189147738947317 1584.303304 1547.024469
55.94649451059685 -3.189147738947317 ENE 55.94660931562656 -3.1888705750875634 1584.303304 1545.774469
55.94660931562656 -3.1888705750875634 E 55.94660931562656 -3.1885705750875633 1584.303304 1544.524469
55.94660931562656 -3.1885705750875633 SE 55.946397183592204 -3.1883584430532075 1584.303304 1543.274469
55.946397183592204 -3.1883584430532075 WNW 55.946511988621914 -3.188635606912961 1584.303304 1542.024469
55.946511988621914 -3.188635606912961 WNW 55.946626793651625 -3.1889127707727143 1584.303304 1540.774469
55.946626793651625 -3.1889127707727143 SE 55.94641466161727 -3.1887006387383585 1584.303304 1539.524469
55.94641466161727 -3.1887006387383585 SSE 55.94613749775751 -3.188585833708649 1584.303304 1538.274469
55.94613749775751 -3.188585833708649 E 55.94613749775751 -3.188285833708649 1584.303304 1537.024469
55.94613749775751 -3.188285833708649 SW 55.945925365723156 -3.1884979657430046 1584.303304 1535.774469
55.945925365723156 -3.1884979657430046 E 55.945925365723156 -3.1881979657430044 1584.303304 1534.524469
55.945925365723156 -3.1881979657430044 N 55.94622536572316 -3.1881979657430044 1584.303304 1533.274469
55.94622536572316 -3.1881979657430044 ENE 55.94634017075287 -3.187920801883251 1584.303304 1532.024469
55.94634017075287 -3.187920801883251 SSE 55.94606300689311 -3.1878059968535415 1584.303304 1530.774469
55.94606300689311 -3.1878059968535415 ESE 55.9459482018634 -3.187528832993788 1584.303304 1529.524469
55.9459482018634 -3.187528832993788 NNE 55.94622536572316 -3.1874140279640786 1584.303304 1528.274469
55.94622536572316 -3.1874140279640786 NNW 55.946502529582915 -3.187528832993788 1584.303304 1527.024469
55.946502529582915 -3.187528832993788 NNE 55.94677969344267 -3.1874140279640786 1584.303304 1525.774469
55.94677969344267 -3.1874140279640786 NNE 55.94705685730243 -3.187299222934369 1584.303304 1524.524469
55.94705685730243 -3.187299222934369 SW 55.94684472526807 -3.187511354968725 1584.303304 1523.274469
55.94684472526807 -3.187511354968725 ESE 55.94672992023836 -3.1872341911089714 1584.303304 1522.024469
55.94672992023836 -3.1872341911089714 NNW 55.94700708409812 -3.187348996138681 1584.303304 1520.774469
55.94700708409812 -3.187348996138681 ESE 55.94689227906841 -3.1870718322789275 1584.303304 1519.524469
55.94689227906841 -3.1870718322789275 WSW 55.9467774740387 -3.187348996138681 1584.303304 1518.274469
