55.944425 -3.188396 ENE 55.94453980502971 -3.1881188361402466 0.000000 248.750000
55.94453980502971 -3.1881188361402466 ENE 55.94465461005942 -3.187841672280493 0.000000 247.500000
55.94465461005942 -3.187841672280493 ENE 55.944769415089134 -3.18756450842074 0.000000 246.250000
55.944769415089134 -3.18756450842074 ENE 55.944884220118844 -3.1872873445609864 0.000000 245.000000
55.944884220118844 -3.1872873445609864 ENE 55.944999025148554 -3.187010180701233 49.270928 256.824749
55.944999025148554 -3.187010180701233 ENE 55.945113830178265 -3.1867330168414796 0.000000 131.704170
55.945113830178265 -3.1867330168414796 ENE 55.945228635207975 -3.186455852981726 0.000000 130.454170
55.945228635207975 -3.186455852981726 ENE 55.945343440237686 -3.1861786891219728 0.000000 129.204170
55.945343440237686 -3.1861786891219728 ENE 55.945458245267396 -3.1859015252622194 0.000000 127.954170
55.945458245267396 -3.1859015252622194 S 55.94515824526739 -3.1859015252622194 113.887452 161.557950
55.94515824526739 -3.1859015252622194 S 55.94485824526739 -3.1859015252622194 220.206845 177.434411
55.94485824526739 -3.1859015252622194 S 55.94455824526739 -3.1859015252622194 235.925669 269.476424
55.94455824526739 -3.1859015252622194 SSE 55.94428108140763 -3.18578672023251 235.925669 268.226424
55.94428108140763 -3.18578672023251 S 55.94398108140763 -3.18578672023251 235.925669 266.976424
55.94398108140763 -3.18578672023251 SSE 55.94370391754787 -3.1856719152028004 235.925669 265.726424
55.94370391754787 -3.1856719152028004 S 55.94340391754787 -3.1856719152028004 313.140754 273.632146
55.94340391754787 -3.1856719152028004 SSE 55.94312675368811 -3.185557110173091 313.140754 272.382146
55.94312675368811 -3.185557110173091 NW 55.94333888572247 -3.1857692422074466 348.280399 331.473396
55.94333888572247 -3.1857692422074466 NW 55.943551017756825 -3.1859813742418024 348.280399 330.223396
55.943551017756825 -3.1859813742418024 NW 55.94376314979118 -3.186193506276158 348.280399 328.973396
55.94376314979118 -3.186193506276158 NW 55.94397528182554 -3.186405638310514 379.942102 407.294762
55.94397528182554 -3.186405638310514 NW 55.94418741385989 -3.1866177703448697 379.942102 406.044762
55.94418741385989 -3.1866177703448697 WNW 55.944302218889604 -3.186894934204623 490.551071 476.206273
55.944302218889604 -3.186894934204623 NW 55.94451435092396 -3.187107066238979 490.551071 474.956273
55.94451435092396 -3.187107066238979 WNW 55.94462915595367 -3.1873842300987323 490.551071 473.706273
55.94462915595367 -3.1873842300987323 NW 55.94484128798803 -3.187596362133088 490.551071 472.456273
55.94484128798803 -3.187596362133088 WNW 55.94495609301774 -3.1878735259928415 490.551071 471.206273
55.94495609301774 -3.1878735259928415 NW 55.94516822505209 -3.1880856580271972 490.551071 469.956273
55.94516822505209 -3.1880856580271972 WNW 55.945283030081804 -3.1883628218869506 490.551071 468.706273
55.945283030081804 -3.1883628218869506 NW 55.94549516211616 -3.1885749539213064 490.551071 467.456273
55.94549516211616 -3.1885749539213064 WNW 55.94560996714587 -3.18885211778106 490.551071 466.206273
55.94560996714587 -3.18885211778106 WSW 55.94549516211616 -3.189129281640813 512.444268 565.945188
55.94549516211616 -3.189129281640813 WSW 55.94538035708645 -3.1894064455005666 593.074756 680.541666
55.94538035708645 -3.1894064455005666 WSW 55.94526555205674 -3.18968360936032 593.074756 679.291666
55.94526555205674 -3.18968360936032 WSW 55.94515074702703 -3.1899607732200734 593.074756 678.041666
55.94515074702703 -3.1899607732200734 WSW 55.94503594199732 -3.190237937079827 593.074756 676.791666
55.94503594199732 -3.190237937079827 WSW 55.94492113696761 -3.1905151009395802 708.847137 761.598861
55.94492113696761 -3.1905151009395802 WSW 55.9448063319379 -3.1907922647993336 708.847137 760.348861
55.9448063319379 -3.1907922647993336 WSW 55.94469152690819 -3.191069428659087 708.847137 759.098861
55.94469152690819 -3.191069428659087 WSW 55.94457672187848 -3.1913465925188405 708.847137 757.848861
55.94457672187848 -3.1913465925188405 E 55.94457672187848 -3.1910465925188403 800.941991 761.694025
55.94457672187848 -3.1910465925188403 E 55.94457672187848 -3.19074659251884 800.941991 760.444025
55.94457672187848 -3.19074659251884 E 55.94457672187848 -3.19044659251884 800.941991 759.194025
55.94457672187848 -3.19044659251884 E 55.94457672187848 -3.1901465925188397 861.739716 794.462133
55.94457672187848 -3.1901465925188397 SSW 55.94429955801872 -3.190261397548549 872.517218 854.954355
55.94429955801872 -3.190261397548549 SSW 55.944022394158964 -3.1903762025782587 872.517218 853.704355
55.944022394158964 -3.1903762025782587 SSW 55.94374523029921 -3.190491007607968 894.811332 863.512919
55.94374523029921 -3.190491007607968 SSW 55.94346806643945 -3.1906058126376777 894.811332 862.262919
55.94346806643945 -3.1906058126376777 SSW 55.943190902579694 -3.1907206176673872 894.811332 861.012919
55.943190902579694 -3.1907206176673872 SW 55.94297877054534 -3.190932749701743 894.811332 859.762919
55.94297877054534 -3.190932749701743 SSW 55.94270160668558 -3.1910475547314525 894.811332 858.512919
55.94270160668558 -3.1910475547314525 NNW 55.94297877054534 -3.191162359761162 972.466749 940.754798
55.94297877054534 -3.191162359761162 NNW 55.943255934405094 -3.1912771647908715 972.466749 939.504798
55.943255934405094 -3.1912771647908715 NNW 55.94353309826485 -3.191391969820581 904.013773 934.305142
55.94353309826485 -3.191391969820581 NNW 55.94381026212461 -3.1915067748502906 904.013773 933.055142
55.94381026212461 -3.1915067748502906 N 55.94411026212461 -3.1915067748502906 948.327813 937.418776
55.94411026212461 -3.1915067748502906 NNW 55.94438742598437 -3.19162157988 948.327813 936.168776
55.94438742598437 -3.19162157988 ESE 55.944272620954656 -3.1913444160202467 948.327813 934.918776
55.944272620954656 -3.1913444160202467 ESE 55.944157815924946 -3.1910672521604933 948.327813 933.668776
55.944157815924946 -3.1910672521604933 ESE 55.944043010895236 -3.19079008830074 948.327813 932.418776
55.944043010895236 -3.19079008830074 ESE 55.943928205865525 -3.1905129244409864 948.327813 931.168776
55.943928205865525 -3.1905129244409864 ESE 55.943813400835815 -3.190235760581233 948.327813 929.918776
55.943813400835815 -3.190235760581233 ESE 55.943698595806104 -3.1899585967214796 948.327813 928.668776
55.943698595806104 -3.1899585967214796 ESE 55.943583790776394 -3.1896814328617262 948.327813 927.418776
55.943583790776394 -3.1896814328617262 ESE 55.943468985746684 -3.189404269001973 948.327813 926.168776
55.943468985746684 -3.189404269001973 ESE 55.94335418071697 -3.1891271051422194 948.327813 924.918776
55.94335418071697 -3.1891271051422194 ESE 55.94323937568726 -3.188849941282466 1004.966373 1007.330817
55.94323937568726 -3.188849941282466 ESE 55.94312457065755 -3.1885727774227126 1004.966373 1006.080817
55.94312457065755 -3.1885727774227126 ESE 55.94300976562784 -3.188295613562959 1004.966373 1004.830817
55.94300976562784 -3.188295613562959 ESE 55.94289496059813 -3.188018449703206 1004.966373 1003.580817
55.94289496059813 -3.188018449703206 ESE 55.94278015556842 -3.1877412858434524 1004.966373 1002.330817
55.94278015556842 -3.1877412858434524 E 55.94278015556842 -3.187441285843452 1004.966373 1001.080817
55.94278015556842 -3.187441285843452 ESE 55.94266535053871 -3.187164121983699 1004.966373 999.830817
55.94266535053871 -3.187164121983699 NE 55.94287748257307 -3.186951989949343 1028.993029 1115.677543
55.94287748257307 -3.186951989949343 NE 55.94308961460742 -3.1867398579149873 1028.993029 1114.427543
55.94308961460742 -3.1867398579149873 NE 55.94330174664178 -3.1865277258806315 1028.993029 1113.177543
55.94330174664178 -3.1865277258806315 NE 55.943513878676136 -3.1863155938462757 1028.993029 1111.927543
55.943513878676136 -3.1863155938462757 NE 55.94372601071049 -3.18610346181192 1028.993029 1110.677543
55.94372601071049 -3.18610346181192 NE 55.94393814274485 -3.185891329777564 1028.993029 1109.427543
55.94393814274485 -3.185891329777564 NE 55.944150274779204 -3.1856791977432084 1028.993029 1108.177543
55.944150274779204 -3.1856791977432084 NE 55.94436240681356 -3.1854670657088526 1028.993029 1106.927543
55.94436240681356 -3.1854670657088526 NE 55.94457453884792 -3.185254933674497 1028.993029 1105.677543
55.94457453884792 -3.185254933674497 NE 55.94478667088227 -3.185042801640141 1028.993029 1104.427543
55.94478667088227 -3.185042801640141 NNE 55.94506383474203 -3.1849279966104316 1028.993029 1103.177543
55.94506383474203 -3.1849279966104316 NE 55.945275966776386 -3.184715864576076 1061.785890 1189.037546
55.945275966776386 -3.184715864576076 NNE 55.94555313063614 -3.1846010595463663 1061.785890 1187.787546
55.94555313063614 -3.1846010595463663 NE 55.9457652626705 -3.1843889275120105 1061.785890 1186.537546
55.9457652626705 -3.1843889275120105 W 55.9457652626705 -3.1846889275120107 1131.244404 1301.371942
55.9457652626705 -3.1846889275120107 W 55.9457652626705 -3.184988927512011 1131.244404 1300.121942
55.9457652626705 -3.184988927512011 W 55.9457652626705 -3.185288927512011 1131.244404 1298.871942
55.9457652626705 -3.185288927512011 W 55.9457652626705 -3.1855889275120113 1131.244404 1297.621942
55.9457652626705 -3.1855889275120113 W 55.9457652626705 -3.1858889275120115 1131.244404 1296.371942
55.9457652626705 -3.1858889275120115 W 55.9457652626705 -3.1861889275120117 1131.244404 1295.121942
55.9457652626705 -3.1861889275120117 W 55.9457652626705 -3.186488927512012 1131.008676 1192.046409
55.9457652626705 -3.186488927512012 W 55.9457652626705 -3.186788927512012 1131.008676 1190.796409
55.9457652626705 -3.186788927512012 W 55.9457652626705 -3.1870889275120122 1131.008676 1189.546409
55.9457652626705 -3.1870889275120122 W 55.9457652626705 -3.1873889275120124 1131.008676 1188.296409
55.9457652626705 -3.1873889275120124 W 55.9457652626705 -3.1876889275120126 1141.842659 1269.615499
55.9457652626705 -3.1876889275120126 W 55.9457652626705 -3.187988927512013 1141.842659 1268.365499
55.9457652626705 -3.187988927512013 W 55.9457652626705 -3.188288927512013 1141.842659 1267.115499
55.9457652626705 -3.188288927512013 W 55.9457652626705 -3.188588927512013 1141.842659 1265.865499
55.9457652626705 -3.188588927512013 W 55.9457652626705 -3.1888889275120134 1141.842659 1264.615499
55.9457652626705 -3.1888889275120134 WSW 55.94565045764079 -3.1891660913717668 1141.842659 1263.365499
55.94565045764079 -3.1891660913717668 W 55.94565045764079 -3.189466091371767 1141.842659 1262.115499
55.94565045764079 -3.189466091371767 WSW 55.94553565261108 -3.1897432552315204 1141.842659 1260.865499
55.94553565261108 -3.1897432552315204 W 55.94553565261108 -3.1900432552315205 1141.842659 1259.615499
55.94553565261108 -3.1900432552315205 WSW 55.94542084758137 -3.190320419091274 1141.842659 1258.365499
55.94542084758137 -3.190320419091274 W 55.94542084758137 -3.190620419091274 1141.842659 1257.115499
55.94542084758137 -3.190620419091274 WSW 55.94530604255166 -3.1908975829510275 1141.842659 1255.865499
55.94530604255166 -3.1908975829510275 W 55.94530604255166 -3.1911975829510277 1141.842659 1254.615499
55.94530604255166 -3.1911975829510277 S 55.945006042551654 -3.1911975829510277 1205.772585 1371.245109
55.945006042551654 -3.1911975829510277 S 55.94470604255165 -3.1911975829510277 1205.772585 1369.995109
55.94470604255165 -3.1911975829510277 S 55.94440604255165 -3.1911975829510277 1205.772585 1368.745109
55.94440604255165 -3.1911975829510277 S 55.944106042551645 -3.1911975829510277 1205.772585 1367.495109
55.944106042551645 -3.1911975829510277 S 55.94380604255164 -3.1911975829510277 1205.772585 1366.245109
55.94380604255164 -3.1911975829510277 NW 55.944018174586 -3.1914097149853835 1267.470097 1386.359653
55.944018174586 -3.1914097149853835 NW 55.944230306620355 -3.1916218470197393 1267.470097 1385.109653
55.944230306620355 -3.1916218470197393 NW 55.94444243865471 -3.191833979054095 1283.125304 1424.623081
55.94444243865471 -3.191833979054095 NW 55.94465457068907 -3.192046111088451 1372.284050 1526.163885
55.94465457068907 -3.192046111088451 NW 55.944866702723424 -3.1922582431228066 1372.284050 1524.913885
55.944866702723424 -3.1922582431228066 NNW 55.94514386658318 -3.192373048152516 1372.284050 1523.663885
55.94514386658318 -3.192373048152516 E 55.94514386658318 -3.192073048152516 1457.710226 1560.427683
55.94514386658318 -3.192073048152516 E 55.94514386658318 -3.1917730481525157 1457.710226 1559.177683
55.94514386658318 -3.1917730481525157 ESE 55.94502906155347 -3.1914958842927623 1457.710226 1557.927683
55.94502906155347 -3.1914958842927623 E 55.94502906155347 -3.191195884292762 1457.710226 1556.677683
55.94502906155347 -3.191195884292762 ESE 55.94491425652376 -3.1909187204330087 1457.710226 1555.427683
55.94491425652376 -3.1909187204330087 E 55.94491425652376 -3.1906187204330085 1457.710226 1554.177683
55.94491425652376 -3.1906187204330085 ESE 55.94479945149405 -3.190341556573255 1457.710226 1552.927683
55.94479945149405 -3.190341556573255 E 55.94479945149405 -3.190041556573255 1457.710226 1551.677683
55.94479945149405 -3.190041556573255 ESE 55.94468464646434 -3.1897643927135015 1457.710226 1550.427683
55.94468464646434 -3.1897643927135015 ESE 55.94456984143463 -3.189487228853748 1553.792301 1583.762768
55.94456984143463 -3.189487228853748 ESE 55.94445503640492 -3.1892100649939947 1553.792301 1582.512768
55.94445503640492 -3.1892100649939947 ESE 55.94434023137521 -3.1889329011342413 1553.792301 1581.262768
55.94434023137521 -3.1889329011342413 ESE 55.9442254263455 -3.188655737274488 1529.964579 1556.116834
55.9442254263455 -3.188655737274488 ESE 55.94411062131579 -3.1883785734147345 1529.964579 1554.866834
55.94411062131579 -3.1883785734147345 ESE 55.943995816286076 -3.188101409554981 1529.964579 1553.616834
55.943995816286076 -3.188101409554981 NW 55.94420794832043 -3.188313541589337 1603.333966 1629.695670
55.94420794832043 -3.188313541589337 SE 55.943995816286076 -3.188101409554981 1603.333966 1628.445670
55.943995816286076 -3.188101409554981 SW 55.94378368425172 -3.188313541589337 1603.333966 1627.195670
55.94378368425172 -3.188313541589337 SW 55.943571552217364 -3.1885256736236927 1603.333966 1625.945670
55.943571552217364 -3.1885256736236927 SW 55.94335942018301 -3.1887378056580484 1603.333966 1624.695670
55.94335942018301 -3.1887378056580484 WSW 55.9432446151533 -3.189014969517802 1603.333966 1623.445670
55.9432446151533 -3.189014969517802 SW 55.94303248311894 -3.1892271015521576 1603.333966 1622.195670
55.94303248311894 -3.1892271015521576 WSW 55.94291767808923 -3.189504265411911 1603.333966 1620.945670
55.94291767808923 -3.189504265411911 SW 55.942705546054874 -3.189716397446267 1603.333966 1619.695670
55.942705546054874 -3.189716397446267 WSW 55.942590741025164 -3.18999356130602 1652.772398 1688.278393
55.942590741025164 -3.18999356130602 ENE 55.942705546054874 -3.189716397446267 1652.772398 1687.028393
55.942705546054874 -3.189716397446267 ENE 55.942820351084585 -3.1894392335865134 1652.772398 1685.778393
55.942820351084585 -3.1894392335865134 ENE 55.942935156114295 -3.18916206972676 1652.772398 1684.528393
55.942935156114295 -3.18916206972676 ENE 55.943049961144006 -3.1888849058670066 1652.772398 1683.278393
55.943049961144006 -3.1888849058670066 ENE 55.943164766173716 -3.188607742007253 1652.772398 1682.028393
55.943164766173716 -3.188607742007253 E 55.943164766173716 -3.188307742007253 1652.772398 1680.778393
55.943164766173716 -3.188307742007253 ENE 55.943279571203426 -3.1880305781474996 1652.772398 1679.528393
55.943279571203426 -3.1880305781474996 E 55.943279571203426 -3.1877305781474994 1652.772398 1678.278393
55.943279571203426 -3.1877305781474994 ENE 55.94339437623314 -3.187453414287746 1652.772398 1677.028393
55.94339437623314 -3.187453414287746 E 55.94339437623314 -3.187153414287746 1652.772398 1675.778393
55.94339437623314 -3.187153414287746 ENE 55.94350918126285 -3.1868762504279924 1647.945794 1615.485120
55.94350918126285 -3.1868762504279924 E 55.94350918126285 -3.186576250427992 1647.945794 1614.235120
55.94350918126285 -3.186576250427992 ENE 55.94362398629256 -3.186299086568239 1647.945794 1612.985120
55.94362398629256 -3.186299086568239 E 55.94362398629256 -3.1859990865682386 1647.945794 1611.735120
55.94362398629256 -3.1859990865682386 ENE 55.94373879132227 -3.185721922708485 1647.945794 1610.485120
55.94373879132227 -3.185721922708485 E 55.94373879132227 -3.185421922708485 1647.945794 1609.235120
55.94373879132227 -3.185421922708485 ENE 55.94385359635198 -3.1851447588487316 1647.945794 1607.985120
55.94385359635198 -3.1851447588487316 E 55.94385359635198 -3.1848447588487314 1647.945794 1606.735120
55.94385359635198 -3.1848447588487314 ENE 55.94396840138169 -3.184567594988978 1733.821592 1681.499836
55.94396840138169 -3.184567594988978 ESE 55.94385359635198 -3.1842904311292246 1733.821592 1680.249836
55.94385359635198 -3.1842904311292246 SE 55.94364146431762 -3.184078299094869 1733.821592 1678.999836
55.94364146431762 -3.184078299094869 SW 55.943429332283266 -3.1842904311292246 1733.821592 1677.749836
55.943429332283266 -3.1842904311292246 WSW 55.943314527253555 -3.184567594988978 1733.821592 1676.499836
55.943314527253555 -3.184567594988978 NE 55.94352665928791 -3.1843554629546222 1733.821592 1675.249836
55.94352665928791 -3.1843554629546222 NNE 55.94380382314767 -3.1842406579249127 1733.821592 1673.999836
55.94380382314767 -3.1842406579249127 SSW 55.94352665928791 -3.1843554629546222 1733.821592 1672.749836
55.94352665928791 -3.1843554629546222 NW 55.94373879132227 -3.184567594988978 1733.821592 1671.499836
55.94373879132227 -3.184567594988978 NNW 55.944015955182024 -3.1846824000186875 1733.821592 1670.249836
55.944015955182024 -3.1846824000186875 WSW 55.943901150152314 -3.184959563878441 1733.821592 1668.999836
55.943901150152314 -3.184959563878441 NNW 55.94417831401207 -3.1850743689081504 1733.821592 1667.749836
55.94417831401207 -3.1850743689081504 NE 55.94439044604643 -3.1848622368737947 1733.821592 1666.499836
55.94439044604643 -3.1848622368737947 SSW 55.94411328218667 -3.184977041903504 1733.821592 1665.249836
55.94411328218667 -3.184977041903504 NNE 55.94439044604643 -3.1848622368737947 1733.821592 1663.999836
55.94439044604643 -3.1848622368737947 SW 55.94417831401207 -3.1850743689081504 1733.821592 1662.749836
55.94417831401207 -3.1850743689081504 ESE 55.94406350898236 -3.184797205048397 1733.821592 1661.499836
55.94406350898236 -3.184797205048397 E 55.94406350898236 -3.184497205048397 1733.821592 1660.249836
55.94406350898236 -3.184497205048397 WSW 55.94394870395265 -3.1847743689081502 1733.821592 1658.999836
55.94394870395265 -3.1847743689081502 N 55.94424870395265 -3.1847743689081502 1733.821592 1657.749836
55.94424870395265 -3.1847743689081502 NNE 55.94452586781241 -3.1846595638784407 1733.821592 1656.499836
55.94452586781241 -3.1846595638784407 NNW 55.944803031672166 -3.1847743689081502 1733.821592 1655.249836
55.944803031672166 -3.1847743689081502 ESE 55.944688226642455 -3.184497205048397 1733.821592 1653.999836
55.944688226642455 -3.184497205048397 SE 55.9444760946081 -3.184285073014041 1733.821592 1652.749836
55.9444760946081 -3.184285073014041 NNW 55.944753258467856 -3.1843998780437506 1733.821592 1651.499836
55.944753258467856 -3.1843998780437506 NNW 55.94503042232761 -3.18451468307346 1733.821592 1650.249836
55.94503042232761 -3.18451468307346 S 55.94473042232761 -3.18451468307346 1733.821592 1648.999836
55.94473042232761 -3.18451468307346 N 55.94503042232761 -3.18451468307346 1733.821592 1647.749836
55.94503042232761 -3.18451468307346 NW 55.94524255436197 -3.184726815107816 1733.821592 1646.499836
55.94524255436197 -3.184726815107816 E 55.94524255436197 -3.1844268151078157 1733.821592 1645.249836
55.94524255436197 -3.1844268151078157 NNW 55.945519718221725 -3.184541620137525 1733.821592 1643.999836
55.945519718221725 -3.184541620137525 NNE 55.94579688208148 -3.1844268151078157 1733.821592 1642.749836
55.94579688208148 -3.1844268151078157 ENE 55.94591168711119 -3.1841496512480623 1733.821592 1641.499836
55.94591168711119 -3.1841496512480623 W 55.94591168711119 -3.1844496512480625 1733.821592 1640.249836
55.94591168711119 -3.1844496512480625 ENE 55.9460264921409 -3.184172487388309 1733.821592 1638.999836
55.9460264921409 -3.184172487388309 NW 55.94623862417526 -3.184384619422665 1733.821592 1637.749836
55.94623862417526 -3.184384619422665 NNE 55.946515788035015 -3.1842698143929553 1733.821592 1636.499836
55.946515788035015 -3.1842698143929553 NNW 55.94679295189477 -3.184384619422665 1733.821592 1635.249836
55.94679295189477 -3.184384619422665 SE 55.946580819860415 -3.184172487388309 1733.821592 1633.999836
55.946580819860415 -3.184172487388309 NW 55.94679295189477 -3.184384619422665 1733.821592 1632.749836
55.94679295189477 -3.184384619422665 NNW 55.94707011575453 -3.1844994244523743 1733.821592 1631.499836
55.94707011575453 -3.1844994244523743 NNW 55.947347279614284 -3.184614229482084 1733.821592 1630.249836
55.947347279614284 -3.184614229482084 SSW 55.94707011575453 -3.1847290345117933 1733.821592 1628.999836
55.94707011575453 -3.1847290345117933 SSW 55.94679295189477 -3.184843839541503 1733.821592 1627.749836
55.94679295189477 -3.184843839541503 SSE 55.946515788035015 -3.1847290345117933 1733.821592 1626.499836
55.946515788035015 -3.1847290345117933 NW 55.94672792006937 -3.184941166546149 1733.821592 1625.249836
55.94672792006937 -3.184941166546149 NE 55.94694005210373 -3.1847290345117933 1733.821592 1623.999836
55.94694005210373 -3.1847290345117933 NNW 55.947217215963484 -3.184843839541503 1733.821592 1622.749836
55.947217215963484 -3.184843839541503 NNE 55.94749437982324 -3.1847290345117933 1733.821592 1621.499836
55.94749437982324 -3.1847290345117933 SSW 55.947217215963484 -3.184843839541503 1733.821592 1620.249836
55.947217215963484 -3.184843839541503 N 55.94751721596349 -3.184843839541503 1733.821592 1618.999836
55.94751721596349 -3.184843839541503 ENE 55.9476320209932 -3.1845666756817494 1733.821592 1617.749836
55.9476320209932 -3.1845666756817494 ENE 55.94774682602291 -3.184289511821996 1733.821592 1616.499836
55.94774682602291 -3.184289511821996 NE 55.947958958057264 -3.1840773797876403 1733.821592 1615.249836
55.947958958057264 -3.1840773797876403 SW 55.94774682602291 -3.184289511821996 1733.821592 1613.999836
55.94774682602291 -3.184289511821996 ENE 55.94786163105262 -3.1840123479622426 1733.821592 1612.749836
55.94786163105262 -3.1840123479622426 SW 55.94764949901826 -3.1842244799965984 1733.821592 1611.499836
55.94764949901826 -3.1842244799965984 WNW 55.94776430404797 -3.184501643856352 1733.821592 1610.249836
55.94776430404797 -3.184501643856352 WSW 55.94764949901826 -3.184778807716105 1733.821592 1608.999836
55.94764949901826 -3.184778807716105 SSE 55.947372335158505 -3.1846640026863957 1733.821592 1607.749836
55.947372335158505 -3.1846640026863957 S 55.9470723351585 -3.1846640026863957 1733.821592 1606.499836
55.9470723351585 -3.1846640026863957 SW 55.946860203124146 -3.1848761347207515 1733.821592 1605.249836
55.946860203124146 -3.1848761347207515 NNW 55.9471373669839 -3.184990939750461 1733.821592 1603.999836
55.9471373669839 -3.184990939750461 N 55.947437366983905 -3.184990939750461 1733.821592 1602.749836
55.947437366983905 -3.184990939750461 S 55.9471373669839 -3.184990939750461 1733.821592 1601.499836
55.9471373669839 -3.184990939750461 SE 55.946925234949546 -3.184778807716105 1733.821592 1600.249836
55.946925234949546 -3.184778807716105 E 55.946925234949546 -3.184478807716105 1733.821592 1598.999836
55.946925234949546 -3.184478807716105 ESE 55.946810429919836 -3.1842016438563516 1733.821592 1597.749836
55.946810429919836 -3.1842016438563516 WNW 55.946925234949546 -3.184478807716105 1733.821592 1596.499836
55.946925234949546 -3.184478807716105 SW 55.94671310291519 -3.184690939750461 1733.821592 1595.249836
55.94671310291519 -3.184690939750461 SSE 55.94643593905543 -3.1845761347207513 1733.821592 1593.999836
55.94643593905543 -3.1845761347207513 WSW 55.94632113402572 -3.1848532985805047 1733.821592 1592.749836
55.94632113402572 -3.1848532985805047 W 55.94632113402572 -3.185153298580505 1733.821592 1591.499836
55.94632113402572 -3.185153298580505 SE 55.94610900199137 -3.184941166546149 1733.821592 1590.249836
55.94610900199137 -3.184941166546149 NNE 55.94638616585112 -3.1848263615164396 1733.821592 1588.999836
55.94638616585112 -3.1848263615164396 W 55.94638616585112 -3.18512636151644 1733.821592 1587.749836
55.94638616585112 -3.18512636151644 SE 55.94617403381677 -3.184914229482084 1733.821592 1586.499836
55.94617403381677 -3.184914229482084 NE 55.94638616585112 -3.1847020974477283 1733.821592 1585.249836
55.94638616585112 -3.1847020974477283 SW 55.94617403381677 -3.184914229482084 1733.821592 1583.999836
55.94617403381677 -3.184914229482084 NNW 55.946451197676524 -3.1850290345117935 1733.821592 1582.749836
55.946451197676524 -3.1850290345117935 W 55.946451197676524 -3.1853290345117937 1733.821592 1581.499836
55.946451197676524 -3.1853290345117937 N 55.94675119767653 -3.1853290345117937 1733.821592 1580.249836
55.94675119767653 -3.1853290345117937 W 55.94675119767653 -3.185629034511794 1733.821592 1578.999836
55.94675119767653 -3.185629034511794 SSE 55.94647403381677 -3.1855142294820844 1733.821592 1577.749836
55.94647403381677 -3.1855142294820844 S 55.94617403381677 -3.1855142294820844 1733.821592 1576.499836
55.94617403381677 -3.1855142294820844 NE 55.94638616585112 -3.1853020974477286 1710.125046 1490.470077
