55.944425 -3.188396 ENE 55.94453980502971 -3.1881188361402466 0.000000 248.750000
55.94453980502971 -3.1881188361402466 ENE 55.94465461005942 -3.187841672280493 0.000000 247.500000
55.94465461005942 -3.187841672280493 ENE 55.944769415089134 -3.18756450842074 0.000000 246.250000
55.944769415089134 -3.18756450842074 ENE 55.944884220118844 -3.1872873445609864 0.000000 245.000000
55.944884220118844 -3.1872873445609864 ENE 55.944999025148554 -3.187010180701233 49.270928 256.824749
55.944999025148554 -3.187010180701233 ENE 55.945113830178265 -3.1867330168414796 0.000000 131.704170
55.945113830178265 -3.1867330168414796 ENE 55.945228635207975 -3.186455852981726 0.000000 130.454170
55.945228635207975 -3.186455852981726 ENE 55.945343440237686 -3.1861786891219728 0.000000 129.204170
55.945343440237686 -3.1861786891219728 ENE 55.945458245267396 -3.1859015252622194 0.000000 127.954170
55.945458245267396 -3.1859015252622194 S 55.94515824526739 -3.1859015252622194 113.887452 161.557950
55.94515824526739 -3.1859015252622194 S 55.94485824526739 -3.1859015252622194 220.206845 177.434411
55.94485824526739 -3.1859015252622194 S 55.94455824526739 -3.1859015252622194 235.925669 269.476424
55.94455824526739 -3.1859015252622194 SSE 55.94428108140763 -3.18578672023251 235.925669 268.226424
55.94428108140763 -3.18578672023251 S 55.94398108140763 -3.18578672023251 235.925669 266.976424
55.94398108140763 -3.18578672023251 SSE 55.94370391754787 -3.1856719152028004 235.925669 265.726424
55.94370391754787 -3.1856719152028004 S 55.94340391754787 -3.1856719152028004 313.140754 273.632146
55.94340391754787 -3.1856719152028004 SSE 55.94312675368811 -3.185557110173091 313.140754 272.382146
55.94312675368811 -3.185557110173091 W 55.94312675368811 -3.185857110173091 348.280399 331.473396
55.94312675368811 -3.185857110173091 W 55.94312675368811 -3.1861571101730912 348.280399 330.223396
55.94312675368811 -3.1861571101730912 W 55.94312675368811 -3.1864571101730914 348.280399 328.973396
55.94312675368811 -3.1864571101730914 W 55.94312675368811 -3.1867571101730916 348.280399 327.723396
55.94312675368811 -3.1867571101730916 W 55.94312675368811 -3.187057110173092 348.280399 326.473396
55.94312675368811 -3.187057110173092 W 55.94312675368811 -3.187357110173092 348.280399 325.223396
55.94312675368811 -3.187357110173092 W 55.94312675368811 -3.187657110173092 348.280399 323.973396
55.94312675368811 -3.187657110173092 WSW 55.9430119486584 -3.1879342740328456 348.280399 322.723396
55.9430119486584 -3.1879342740328456 W 55.9430119486584 -3.1882342740328458 348.280399 321.473396
55.9430119486584 -3.1882342740328458 WSW 55.94289714362869 -3.188511437892599 348.280399 320.223396
55.94289714362869 -3.188511437892599 W 55.94289714362869 -3.1888114378925994 348.280399 318.973396
55.94289714362869 -3.1888114378925994 WSW 55.94278233859898 -3.1890886017523528 348.280399 317.723396
55.94278233859898 -3.1890886017523528 W 55.94278233859898 -3.189388601752353 348.280399 316.473396
55.94278233859898 -3.189388601752353 WSW 55.94266753356927 -3.1896657656121064 348.280399 315.223396
55.94266753356927 -3.1896657656121064 NNW 55.94294469742903 -3.189780570641816 397.718831 383.806119
55.94294469742903 -3.189780570641816 NNW 55.943221861288784 -3.1898953756715254 352.323371 367.859498
55.943221861288784 -3.1898953756715254 NNW 55.94349902514854 -3.190010180701235 352.323371 366.609498
55.94349902514854 -3.190010180701235 NNW 55.9437761890083 -3.1901249857309444 352.323371 365.359498
55.9437761890083 -3.1901249857309444 NNW 55.94405335286805 -3.190239790760654 352.323371 364.109498
55.94405335286805 -3.190239790760654 N 55.944353352868056 -3.190239790760654 374.617485 373.918062
55.944353352868056 -3.190239790760654 NNW 55.94463051672781 -3.1903545957903634 374.617485 372.668062
55.94463051672781 -3.1903545957903634 SE 55.944418384693456 -3.1901424637560076 435.415210 407.936170
55.944418384693456 -3.1901424637560076 SE 55.9442062526591 -3.189930331721652 446.192712 468.428392
55.9442062526591 -3.189930331721652 SE 55.943994120624744 -3.189718199687296 446.192712 467.178392
55.943994120624744 -3.189718199687296 SE 55.94378198859039 -3.1895060676529403 446.192712 465.928392
55.94378198859039 -3.1895060676529403 SE 55.94356985655603 -3.1892939356185845 446.192712 464.678392
55.94356985655603 -3.1892939356185845 SE 55.943357724521675 -3.1890818035842288 446.192712 463.428392
55.943357724521675 -3.1890818035842288 E 55.943357724521675 -3.1887818035842286 502.831272 545.840434
55.943357724521675 -3.1887818035842286 E 55.943357724521675 -3.1884818035842284 502.831272 544.590434
55.943357724521675 -3.1884818035842284 E 55.943357724521675 -3.188181803584228 502.831272 543.340434
55.943357724521675 -3.188181803584228 E 55.943357724521675 -3.187881803584228 502.831272 542.090434
55.943357724521675 -3.187881803584228 E 55.943357724521675 -3.187581803584228 502.831272 540.840434
55.943357724521675 -3.187581803584228 E 55.943357724521675 -3.1872818035842276 502.831272 539.590434
55.943357724521675 -3.1872818035842276 ENE 55.943472529551386 -3.1870046397244742 502.831272 538.340434
55.943472529551386 -3.1870046397244742 E 55.943472529551386 -3.186704639724474 498.004668 478.047160
55.943472529551386 -3.186704639724474 ENE 55.943587334581096 -3.1864274758647206 498.004668 476.797160
55.943587334581096 -3.1864274758647206 E 55.943587334581096 -3.1861274758647204 498.004668 475.547160
55.943587334581096 -3.1861274758647204 ENE 55.94370213961081 -3.185850312004967 498.004668 474.297160
55.94370213961081 -3.185850312004967 E 55.94370213961081 -3.185550312004967 498.004668 473.047160
55.94370213961081 -3.185550312004967 ENE 55.94381694464052 -3.1852731481452135 498.004668 471.797160
55.94381694464052 -3.1852731481452135 E 55.94381694464052 -3.1849731481452133 498.004668 470.547160
55.94381694464052 -3.1849731481452133 ENE 55.94393174967023 -3.18469598428546 498.004668 469.297160
55.94393174967023 -3.18469598428546 N 55.94423174967023 -3.18469598428546 583.880465 544.061877
55.94423174967023 -3.18469598428546 N 55.94453174967023 -3.18469598428546 583.880465 542.811877
55.94453174967023 -3.18469598428546 N 55.944831749670236 -3.18469598428546 583.880465 541.561877
55.944831749670236 -3.18469598428546 NNW 55.94510891352999 -3.1848107893151694 583.880465 540.311877
55.94510891352999 -3.1848107893151694 WSW 55.94499410850028 -3.1850879531749228 616.673327 626.171880
55.94499410850028 -3.1850879531749228 WSW 55.94487930347057 -3.185365117034676 616.673327 624.921880
55.94487930347057 -3.185365117034676 W 55.94487930347057 -3.1856651170346764 616.673327 623.671880
55.94487930347057 -3.1856651170346764 WSW 55.94476449844086 -3.1859422808944298 616.673327 622.421880
55.94476449844086 -3.1859422808944298 W 55.94476449844086 -3.18624228089443 616.673327 621.171880
55.94476449844086 -3.18624228089443 WSW 55.94464969341115 -3.1865194447541834 616.673327 619.921880
55.94464969341115 -3.1865194447541834 W 55.94464969341115 -3.1868194447541836 616.673327 618.671880
55.94464969341115 -3.1868194447541836 WSW 55.94453488838144 -3.187096608613937 616.673327 617.421880
55.94453488838144 -3.187096608613937 W 55.94453488838144 -3.187396608613937 616.673327 616.171880
55.94453488838144 -3.187396608613937 WSW 55.94442008335173 -3.1876737724736905 616.673327 614.921880
55.94442008335173 -3.1876737724736905 W 55.94442008335173 -3.1879737724736907 616.673327 613.671880
55.94442008335173 -3.1879737724736907 WSW 55.94430527832202 -3.188250936333444 616.673327 612.421880
55.94430527832202 -3.188250936333444 W 55.94430527832202 -3.1885509363334443 616.673327 611.171880
55.94430527832202 -3.1885509363334443 WSW 55.94419047329231 -3.1888281001931977 616.673327 609.921880
55.94419047329231 -3.1888281001931977 W 55.94419047329231 -3.189128100193198 592.845605 584.775945
55.94419047329231 -3.189128100193198 WSW 55.9440756682626 -3.1894052640529513 592.845605 583.525945
55.9440756682626 -3.1894052640529513 W 55.9440756682626 -3.1897052640529515 592.845605 582.275945
55.9440756682626 -3.1897052640529515 WSW 55.94396086323289 -3.189982427912705 592.845605 581.025945
55.94396086323289 -3.189982427912705 W 55.94396086323289 -3.190282427912705 592.845605 579.775945
55.94396086323289 -3.190282427912705 WSW 55.94384605820318 -3.1905595917724585 592.845605 578.525945
55.94384605820318 -3.1905595917724585 W 55.94384605820318 -3.1908595917724587 592.845605 577.275945
55.94384605820318 -3.1908595917724587 WSW 55.94373125317347 -3.191136755632212 592.845605 576.025945
55.94373125317347 -3.191136755632212 NNW 55.944008417033224 -3.1912515606619216 654.543116 596.140490
55.944008417033224 -3.1912515606619216 NW 55.94422054906758 -3.1914636926962774 698.857156 600.504123
55.94422054906758 -3.1914636926962774 NNW 55.94449771292734 -3.191578497725987 698.857156 599.254123
55.94449771292734 -3.191578497725987 E 55.94449771292734 -3.1912784977259867 790.952009 603.099287
55.94449771292734 -3.1912784977259867 E 55.94449771292734 -3.1909784977259865 790.952009 601.849287
55.94449771292734 -3.1909784977259865 ENE 55.94461251795705 -3.190701333866233 790.952009 600.599287
55.94461251795705 -3.190701333866233 E 55.94461251795705 -3.190401333866233 790.952009 599.349287
55.94461251795705 -3.190401333866233 ENE 55.94472732298676 -3.1901241700064795 790.952009 598.099287
55.94472732298676 -3.1901241700064795 E 55.94472732298676 -3.1898241700064793 790.952009 596.849287
55.94472732298676 -3.1898241700064793 ENE 55.94484212801647 -3.189547006146726 887.034084 630.184373
55.94484212801647 -3.189547006146726 E 55.94484212801647 -3.1892470061467257 887.034084 628.934373
55.94484212801647 -3.1892470061467257 ENE 55.94495693304618 -3.1889698422869723 887.034084 627.684373
55.94495693304618 -3.1889698422869723 E 55.94495693304618 -3.188669842286972 887.034084 626.434373
55.94495693304618 -3.188669842286972 ENE 55.94507173807589 -3.1883926784272187 853.898935 550.734955
55.94507173807589 -3.1883926784272187 E 55.94507173807589 -3.1880926784272186 853.898935 549.484955
55.94507173807589 -3.1880926784272186 ENE 55.9451865431056 -3.187815514567465 853.898935 548.234955
55.9451865431056 -3.187815514567465 E 55.9451865431056 -3.187515514567465 853.898935 546.984955
55.9451865431056 -3.187515514567465 ENE 55.94530134813531 -3.1872383507077116 853.898935 545.734955
55.94530134813531 -3.1872383507077116 E 55.94530134813531 -3.1869383507077114 853.898935 544.484955
55.94530134813531 -3.1869383507077114 ENE 55.94541615316502 -3.186661186847958 853.898935 543.234955
55.94541615316502 -3.186661186847958 E 55.94541615316502 -3.1863611868479578 763.241175 519.949256
55.94541615316502 -3.1863611868479578 ENE 55.94553095819473 -3.1860840229882044 763.241175 518.699256
55.94553095819473 -3.1860840229882044 E 55.94553095819473 -3.185784022988204 763.241175 517.449256
55.94553095819473 -3.185784022988204 ENE 55.94564576322444 -3.1855068591284508 763.241175 516.199256
55.94564576322444 -3.1855068591284508 E 55.94564576322444 -3.1852068591284506 763.241175 514.949256
55.94564576322444 -3.1852068591284506 ENE 55.94576056825415 -3.184929695268697 763.241175 513.699256
55.94576056825415 -3.184929695268697 E 55.94576056825415 -3.184629695268697 763.241175 512.449256
55.94576056825415 -3.184629695268697 ENE 55.94587537328386 -3.1843525314089436 763.241175 511.199256
55.94587537328386 -3.1843525314089436 W 55.94587537328386 -3.1846525314089438 832.699689 626.033652
55.94587537328386 -3.1846525314089438 W 55.94587537328386 -3.184952531408944 832.699689 624.783652
55.94587537328386 -3.184952531408944 W 55.94587537328386 -3.185252531408944 832.699689 623.533652
55.94587537328386 -3.185252531408944 W 55.94587537328386 -3.1855525314089443 832.699689 622.283652
55.94587537328386 -3.1855525314089443 W 55.94587537328386 -3.1858525314089445 809.003143 536.253892
55.94587537328386 -3.1858525314089445 W 55.94587537328386 -3.1861525314089447 809.003143 535.003892
55.94587537328386 -3.1861525314089447 W 55.94587537328386 -3.186452531408945 728.695945 448.023295
55.94587537328386 -3.186452531408945 W 55.94587537328386 -3.186752531408945 728.460216 344.947762
55.94587537328386 -3.186752531408945 W 55.94587537328386 -3.1870525314089453 728.460216 343.697762
55.94587537328386 -3.1870525314089453 W 55.94587537328386 -3.1873525314089455 728.460216 342.447762
55.94587537328386 -3.1873525314089455 W 55.94587537328386 -3.1876525314089457 728.460216 341.197762
55.94587537328386 -3.1876525314089457 W 55.94587537328386 -3.187952531408946 739.294199 422.516852
55.94587537328386 -3.187952531408946 W 55.94587537328386 -3.188252531408946 739.294199 421.266852
55.94587537328386 -3.188252531408946 WSW 55.94576056825415 -3.1885296952686994 739.294199 420.016852
55.94576056825415 -3.1885296952686994 W 55.94576056825415 -3.1888296952686996 739.294199 418.766852
55.94576056825415 -3.1888296952686996 WSW 55.94564576322444 -3.189106859128453 761.187396 518.505767
55.94564576322444 -3.189106859128453 ESE 55.94553095819473 -3.1888296952686996 841.817884 633.102244
55.94553095819473 -3.1888296952686996 ESE 55.94541615316502 -3.1885525314089462 841.817884 631.852244
55.94541615316502 -3.1885525314089462 ESE 55.94530134813531 -3.188275367549193 841.817884 630.602244
55.94530134813531 -3.188275367549193 SE 55.94508921610095 -3.188063235514837 841.817884 629.352244
55.94508921610095 -3.188063235514837 ESE 55.94497441107124 -3.1877860716550837 841.817884 628.102244
55.94497441107124 -3.1877860716550837 SE 55.94476227903689 -3.187573939620728 841.817884 626.852244
55.94476227903689 -3.187573939620728 ESE 55.944647474007176 -3.1872967757609745 841.817884 625.602244
55.944647474007176 -3.1872967757609745 SE 55.94443534197282 -3.1870846437266187 841.817884 624.352244
55.94443534197282 -3.1870846437266187 ESE 55.94432053694311 -3.1868074798668653 841.817884 623.102244
55.94432053694311 -3.1868074798668653 SE 55.944108404908754 -3.1865953478325095 952.426853 693.263756
55.944108404908754 -3.1865953478325095 SE 55.9438962728744 -3.1863832157981538 952.426853 692.013756
55.9438962728744 -3.1863832157981538 WNW 55.94401107790411 -3.186660379657907 984.088556 770.335122
55.94401107790411 -3.186660379657907 WNW 55.94412588293382 -3.1869375435176606 984.088556 769.085122
55.94412588293382 -3.1869375435176606 WNW 55.94424068796353 -3.187214707377414 984.088556 767.835122
55.94424068796353 -3.187214707377414 WNW 55.94435549299324 -3.1874918712371674 984.088556 766.585122
55.94435549299324 -3.1874918712371674 WNW 55.94447029802295 -3.1877690350969208 984.088556 765.335122
55.94447029802295 -3.1877690350969208 WNW 55.94458510305266 -3.188046198956674 984.088556 764.085122
55.94458510305266 -3.188046198956674 WNW 55.94469990808237 -3.1883233628164276 984.088556 762.835122
55.94469990808237 -3.1883233628164276 WNW 55.94481471311208 -3.188600526676181 984.088556 761.585122
55.94481471311208 -3.188600526676181 WNW 55.94492951814179 -3.1888776905359344 984.088556 760.335122
55.94492951814179 -3.1888776905359344 WNW 55.9450443231715 -3.189154854395688 984.088556 759.085122
55.9450443231715 -3.189154854395688 W 55.9450443231715 -3.189454854395688 984.088556 757.835122
55.9450443231715 -3.189454854395688 WNW 55.94515912820121 -3.1897320182554414 984.088556 756.585122
55.94515912820121 -3.1897320182554414 W 55.94515912820121 -3.1900320182554416 984.088556 755.335122
55.94515912820121 -3.1900320182554416 WNW 55.94527393323092 -3.190309182115195 984.088556 754.085122
55.94527393323092 -3.190309182115195 W 55.94527393323092 -3.190609182115195 1099.860938 838.892317
55.94527393323092 -3.190609182115195 W 55.94527393323092 -3.1909091821151954 1099.860938 837.642317
55.94527393323092 -3.1909091821151954 W 55.94527393323092 -3.1912091821151956 1099.860938 836.392317
55.94527393323092 -3.1912091821151956 W 55.94527393323092 -3.1915091821151957 1163.790865 953.021926
55.94527393323092 -3.1915091821151957 W 55.94527393323092 -3.191809182115196 1163.790865 951.771926
55.94527393323092 -3.191809182115196 W 55.94527393323092 -3.192109182115196 1163.790865 950.521926
55.94527393323092 -3.192109182115196 W 55.94527393323092 -3.1924091821151963 1163.790865 949.271926
55.94527393323092 -3.1924091821151963 ESE 55.94515912820121 -3.192132018255443 1249.217041 986.035724
55.94515912820121 -3.192132018255443 ESE 55.9450443231715 -3.1918548543956895 1249.217041 984.785724
55.9450443231715 -3.1918548543956895 ESE 55.94492951814179 -3.191577690535936 1249.217041 983.535724
55.94492951814179 -3.191577690535936 ESE 55.94481471311208 -3.1913005266761827 1249.217041 982.285724
55.94481471311208 -3.1913005266761827 ESE 55.94469990808237 -3.1910233628164293 1249.217041 981.035724
55.94469990808237 -3.1910233628164293 ESE 55.94458510305266 -3.190746198956676 1249.217041 979.785724
55.94458510305266 -3.190746198956676 ESE 55.94447029802295 -3.1904690350969225 1249.217041 978.535724
55.94447029802295 -3.1904690350969225 ESE 55.94435549299324 -3.190191871237169 1249.217041 977.285724
55.94435549299324 -3.190191871237169 ESE 55.94424068796353 -3.1899147073774157 1249.217041 976.035724
55.94424068796353 -3.1899147073774157 ESE 55.94412588293382 -3.1896375435176623 1249.217041 974.785724
55.94412588293382 -3.1896375435176623 ESE 55.94401107790411 -3.189360379657909 1249.217041 973.535724
55.94401107790411 -3.189360379657909 ESE 55.9438962728744 -3.1890832157981555 1249.217041 972.285724
55.9438962728744 -3.1890832157981555 ESE 55.94378146784469 -3.188806051938402 1249.217041 971.035724
55.94378146784469 -3.188806051938402 ESE 55.94366666281498 -3.1885288880786486 1249.217041 969.785724
55.94366666281498 -3.1885288880786486 ESE 55.943551857785266 -3.1882517242188952 1249.217041 968.535724
55.943551857785266 -3.1882517242188952 SE 55.94333972575091 -3.1880395921845395 1249.217041 967.285724
55.94333972575091 -3.1880395921845395 ESE 55.9432249207212 -3.187762428324786 1249.217041 966.035724
55.9432249207212 -3.187762428324786 SE 55.94301278868684 -3.1875502962904303 1249.217041 964.785724
55.94301278868684 -3.1875502962904303 ESE 55.94289798365713 -3.187273132430677 1249.217041 963.535724
55.94289798365713 -3.187273132430677 SE 55.94268585162278 -3.187061000396321 1249.217041 962.285724
55.94268585162278 -3.187061000396321 ESE 55.942571046593066 -3.1867838365365677 1273.243696 1078.132449
55.942571046593066 -3.1867838365365677 WNW 55.94268585162278 -3.187061000396321 1273.243696 1076.882449
55.94268585162278 -3.187061000396321 WNW 55.94280065665249 -3.1873381642560745 1273.243696 1075.632449
55.94280065665249 -3.1873381642560745 WNW 55.9429154616822 -3.187615328115828 1273.243696 1074.382449
55.9429154616822 -3.187615328115828 WNW 55.94303026671191 -3.1878924919755813 1273.243696 1073.132449
55.94303026671191 -3.1878924919755813 WNW 55.94314507174162 -3.1881696558353347 1273.243696 1071.882449
55.94314507174162 -3.1881696558353347 WNW 55.94325987677133 -3.188446819695088 1273.243696 1070.632449
55.94325987677133 -3.188446819695088 WNW 55.94337468180104 -3.1887239835548415 1273.243696 1069.382449
55.94337468180104 -3.1887239835548415 WNW 55.94348948683075 -3.189001147414595 1273.243696 1068.132449
55.94348948683075 -3.189001147414595 WNW 55.94360429186046 -3.1892783112743484 1273.243696 1066.882449
55.94360429186046 -3.1892783112743484 WNW 55.94371909689017 -3.1895554751341018 1273.243696 1065.632449
55.94371909689017 -3.1895554751341018 WNW 55.94383390191988 -3.189832638993855 1273.243696 1064.382449
55.94383390191988 -3.189832638993855 WNW 55.94394870694959 -3.1901098028536086 1273.243696 1063.132449
55.94394870694959 -3.1901098028536086 WNW 55.9440635119793 -3.190386966713362 1273.243696 1061.882449
55.9440635119793 -3.190386966713362 WNW 55.94417831700901 -3.1906641305731154 1273.243696 1060.632449
55.94417831700901 -3.1906641305731154 WNW 55.94429312203872 -3.190941294432869 1273.243696 1059.382449
55.94429312203872 -3.190941294432869 WNW 55.94440792706843 -3.191218458292622 1273.243696 1058.132449
55.94440792706843 -3.191218458292622 WNW 55.94452273209814 -3.1914956221523756 1273.243696 1056.882449
55.94452273209814 -3.1914956221523756 SSE 55.94424556823839 -3.191380817122666 1273.243696 1055.632449
55.94424556823839 -3.191380817122666 SSE 55.94396840437863 -3.1912660120929566 1273.243696 1054.382449
55.94396840437863 -3.1912660120929566 S 55.94366840437863 -3.1912660120929566 1273.243696 1053.132449
55.94366840437863 -3.1912660120929566 SSE 55.94339124051887 -3.191151207063247 1273.243696 1051.882449
55.94339124051887 -3.191151207063247 S 55.94309124051887 -3.191151207063247 1204.790720 1046.682793
55.94309124051887 -3.191151207063247 SSE 55.94281407665911 -3.1910364020335376 1204.790720 1045.432793
55.94281407665911 -3.1910364020335376 ENE 55.94292888168882 -3.190759238173784 1282.446138 1127.674673
55.94292888168882 -3.190759238173784 ENE 55.94304368671853 -3.1904820743140307 1282.446138 1126.424673
55.94304368671853 -3.1904820743140307 ENE 55.94315849174824 -3.1902049104542773 1282.446138 1125.174673
55.94315849174824 -3.1902049104542773 ENE 55.94327329677795 -3.189927746594524 1282.446138 1123.924673
55.94327329677795 -3.189927746594524 ENE 55.94338810180766 -3.1896505827347705 1282.446138 1122.674673
55.94338810180766 -3.1896505827347705 ENE 55.943502906837374 -3.189373418875017 1282.446138 1121.424673
55.943502906837374 -3.189373418875017 ENE 55.943617711867084 -3.1890962550152637 1282.446138 1120.174673
55.943617711867084 -3.1890962550152637 ENE 55.943732516896794 -3.1888190911555103 1282.446138 1118.924673
55.943732516896794 -3.1888190911555103 ENE 55.943847321926505 -3.188541927295757 1282.446138 1117.674673
55.943847321926505 -3.188541927295757 ENE 55.943962126956215 -3.1882647634360035 1282.446138 1116.424673
55.943962126956215 -3.1882647634360035 ENE 55.944076931985926 -3.18798759957625 1355.815525 1192.503509
55.944076931985926 -3.18798759957625 W 55.944076931985926 -3.1882875995762503 1329.873116 1181.085027
55.944076931985926 -3.1882875995762503 W 55.944076931985926 -3.1885875995762505 1329.873116 1179.835027
55.944076931985926 -3.1885875995762505 W 55.944076931985926 -3.1888875995762507 1329.873116 1178.585027
55.944076931985926 -3.1888875995762507 W 55.944076931985926 -3.189187599576251 1329.873116 1177.335027
55.944076931985926 -3.189187599576251 W 55.944076931985926 -3.189487599576251 1329.873116 1176.085027
55.944076931985926 -3.189487599576251 W 55.944076931985926 -3.1897875995762512 1329.873116 1174.835027
55.944076931985926 -3.1897875995762512 W 55.944076931985926 -3.1900875995762514 1329.873116 1173.585027
55.944076931985926 -3.1900875995762514 W 55.944076931985926 -3.1903875995762516 1329.873116 1172.335027
55.944076931985926 -3.1903875995762516 W 55.944076931985926 -3.190687599576252 1329.873116 1171.085027
55.944076931985926 -3.190687599576252 W 55.944076931985926 -3.190987599576252 1329.873116 1169.835027
55.944076931985926 -3.190987599576252 W 55.944076931985926 -3.191287599576252 1329.873116 1168.585027
55.944076931985926 -3.191287599576252 W 55.944076931985926 -3.1915875995762524 1329.873116 1167.335027
55.944076931985926 -3.1915875995762524 WSW 55.943962126956215 -3.191864763436006 1345.528323 1206.848455
55.943962126956215 -3.191864763436006 NNE 55.94423929081597 -3.1917499584062963 1345.528323 1205.598455
55.94423929081597 -3.1917499584062963 NNE 55.94451645467573 -3.1916351533765868 1345.528323 1204.348455
55.94451645467573 -3.1916351533765868 N 55.94481645467573 -3.1916351533765868 1434.687069 1305.889259
55.94481645467573 -3.1916351533765868 S 55.94451645467573 -3.1916351533765868 1434.687069 1304.639259
55.94451645467573 -3.1916351533765868 ENE 55.94463125970544 -3.1913579895168334 1434.687069 1303.389259
55.94463125970544 -3.1913579895168334 NW 55.944843391739795 -3.191570121551189 1434.687069 1302.139259
55.944843391739795 -3.191570121551189 SSW 55.94456622788004 -3.1916849265808986 1434.687069 1300.889259
55.94456622788004 -3.1916849265808986 NW 55.944778359914395 -3.1918970586152544 1434.687069 1299.639259
55.944778359914395 -3.1918970586152544 WNW 55.944893164944105 -3.192174222475008 1434.687069 1298.389259
55.944893164944105 -3.192174222475008 NE 55.94510529697846 -3.191962090440652 1434.687069 1297.139259
55.94510529697846 -3.191962090440652 W 55.94510529697846 -3.1922620904406522 1434.687069 1295.889259
55.94510529697846 -3.1922620904406522 ESE 55.94499049194875 -3.191984926580899 1434.687069 1294.639259
55.94499049194875 -3.191984926580899 S 55.94469049194875 -3.191984926580899 1434.687069 1293.389259
55.94469049194875 -3.191984926580899 W 55.94469049194875 -3.192284926580899 1434.687069 1292.139259
55.94469049194875 -3.192284926580899 SW 55.94447835991439 -3.192497058615255 1434.687069 1290.889259
55.94447835991439 -3.192497058615255 N 55.944778359914395 -3.192497058615255 1434.687069 1289.639259
55.944778359914395 -3.192497058615255 NNE 55.94505552377415 -3.1923822535855453 1434.687069 1288.389259
55.94505552377415 -3.1923822535855453 NE 55.94526765580851 -3.1921701215511895 1434.687069 1287.139259
55.94526765580851 -3.1921701215511895 SW 55.94505552377415 -3.1923822535855453 1434.687069 1285.889259
55.94505552377415 -3.1923822535855453 E 55.94505552377415 -3.192082253585545 1434.687069 1284.639259
55.94505552377415 -3.192082253585545 SSE 55.944778359914395 -3.1919674485558356 1434.687069 1283.389259
