55.944425 -3.188396 ENE 55.94453980502971 -3.1881188361402466 0.000000 248.750000
55.94453980502971 -3.1881188361402466 ENE 55.94465461005942 -3.187841672280493 0.000000 247.500000
55.94465461005942 -3.187841672280493 ENE 55.944769415089134 -3.18756450842074 0.000000 246.250000
55.944769415089134 -3.18756450842074 ENE 55.944884220118844 -3.1872873445609864 0.000000 245.000000
55.944884220118844 -3.1872873445609864 ENE 55.944999025148554 -3.187010180701233 49.270928 256.824749
55.944999025148554 -3.187010180701233 ENE 55.945113830178265 -3.1867330168414796 0.000000 131.704170
55.945113830178265 -3.1867330168414796 ENE 55.945228635207975 -3.186455852981726 0.000000 130.454170
55.945228635207975 -3.186455852981726 ENE 55.945343440237686 -3.1861786891219728 0.000000 129.204170
55.945343440237686 -3.1861786891219728 ENE 55.945458245267396 -3.1859015252622194 0.000000 127.954170
55.945458245267396 -3.1859015252622194 S 55.94515824526739 -3.1859015252622194 113.887452 161.557950
55.94515824526739 -3.1859015252622194 S 55.94485824526739 -3.1859015252622194 220.206845 177.434411
55.94485824526739 -3.1859015252622194 S 55.94455824526739 -3.1859015252622194 235.925669 269.476424
55.94455824526739 -3.1859015252622194 SSE 55.94428108140763 -3.18578672023251 235.925669 268.226424
55.94428108140763 -3.18578672023251 S 55.94398108140763 -3.18578672023251 235.925669 266.976424
55.94398108140763 -3.18578672023251 SSE 55.94370391754787 -3.1856719152028004 235.925669 265.726424
55.94370391754787 -3.1856719152028004 S 55.94340391754787 -3.1856719152028004 313.140754 273.632146
55.94340391754787 -3.1856719152028004 SSE 55.94312675368811 -3.185557110173091 313.140754 272.382146
55.94312675368811 -3.185557110173091 WSW 55.9430119486584 -3.1858342740328442 348.280399 331.473396
55.9430119486584 -3.1858342740328442 WSW 55.94289714362869 -3.1861114378925977 348.280399 330.223396
55.94289714362869 -3.1861114378925977 WSW 55.94278233859898 -3.186388601752351 348.280399 328.973396
55.94278233859898 -3.186388601752351 WSW 55.94266753356927 -3.1866657656121045 316.813569 268.075726
55.94266753356927 -3.1866657656121045 W 55.94266753356927 -3.1869657656121047 316.813569 266.825726
55.94266753356927 -3.1869657656121047 W 55.94266753356927 -3.187265765612105 340.840224 382.672452
55.94266753356927 -3.187265765612105 W 55.94266753356927 -3.187565765612105 340.840224 381.422452
55.94266753356927 -3.187565765612105 W 55.94266753356927 -3.187865765612105 340.840224 380.172452
55.94266753356927 -3.187865765612105 W 55.94266753356927 -3.1881657656121054 340.840224 378.922452
55.94266753356927 -3.1881657656121054 W 55.94266753356927 -3.1884657656121056 340.840224 377.672452
55.94266753356927 -3.1884657656121056 W 55.94266753356927 -3.188765765612106 340.840224 376.422452
55.94266753356927 -3.188765765612106 W 55.94266753356927 -3.189065765612106 340.840224 375.172452
55.94266753356927 -3.189065765612106 W 55.94266753356927 -3.189365765612106 340.840224 373.922452
55.94266753356927 -3.189365765612106 W 55.94266753356927 -3.1896657656121064 340.840224 372.672452
55.94266753356927 -3.1896657656121064 W 55.94266753356927 -3.1899657656121065 390.278657 441.255175
55.94266753356927 -3.1899657656121065 W 55.94266753356927 -3.1902657656121067 390.278657 440.005175
55.94266753356927 -3.1902657656121067 W 55.94266753356927 -3.190565765612107 390.278657 438.755175
55.94266753356927 -3.190565765612107 W 55.94266753356927 -3.190865765612107 390.278657 437.505175
55.94266753356927 -3.190865765612107 ENE 55.94278233859898 -3.1905886017523537 467.934074 519.747054
55.94278233859898 -3.1905886017523537 ENE 55.94289714362869 -3.1903114378926003 467.934074 518.497054
55.94289714362869 -3.1903114378926003 ENE 55.9430119486584 -3.190034274032847 467.934074 517.247054
55.9430119486584 -3.190034274032847 ENE 55.94312675368811 -3.1897571101730935 422.538614 501.300433
55.94312675368811 -3.1897571101730935 ENE 55.94324155871782 -3.18947994631334 422.538614 500.050433
55.94324155871782 -3.18947994631334 ENE 55.94335636374753 -3.1892027824535867 422.538614 498.800433
55.94335636374753 -3.1892027824535867 ENE 55.94347116877724 -3.1889256185938333 479.177174 581.212474
55.94347116877724 -3.1889256185938333 ENE 55.943585973806954 -3.18864845473408 479.177174 579.962474
55.943585973806954 -3.18864845473408 ENE 55.943700778836664 -3.1883712908743265 479.177174 578.712474
55.943700778836664 -3.1883712908743265 ENE 55.943815583866375 -3.188094127014573 479.177174 577.462474
55.943815583866375 -3.188094127014573 ENE 55.943930388896085 -3.1878169631548197 552.546561 653.541311
55.943930388896085 -3.1878169631548197 ENE 55.944045193925795 -3.1875397992950663 552.546561 652.291311
55.944045193925795 -3.1875397992950663 E 55.944045193925795 -3.187239799295066 552.546561 651.041311
55.944045193925795 -3.187239799295066 ENE 55.944159998955506 -3.1869626354353127 552.546561 649.791311
55.944159998955506 -3.1869626354353127 E 55.944159998955506 -3.1866626354353125 552.546561 648.541311
55.944159998955506 -3.1866626354353125 W 55.944159998955506 -3.1869626354353127 663.155530 718.702823
55.944159998955506 -3.1869626354353127 W 55.944159998955506 -3.187262635435313 663.155530 717.452823
55.944159998955506 -3.187262635435313 W 55.944159998955506 -3.187562635435313 663.155530 716.202823
55.944159998955506 -3.187562635435313 W 55.944159998955506 -3.1878626354353132 663.155530 714.952823
55.944159998955506 -3.1878626354353132 W 55.944159998955506 -3.1881626354353134 637.213122 703.534341
55.944159998955506 -3.1881626354353134 W 55.944159998955506 -3.1884626354353136 637.213122 702.284341
55.944159998955506 -3.1884626354353136 W 55.944159998955506 -3.188762635435314 637.213122 701.034341
55.944159998955506 -3.188762635435314 W 55.944159998955506 -3.189062635435314 613.385399 675.888406
55.944159998955506 -3.189062635435314 W 55.944159998955506 -3.189362635435314 613.385399 674.638406
55.944159998955506 -3.189362635435314 W 55.944159998955506 -3.1896626354353144 613.385399 673.388406
55.944159998955506 -3.1896626354353144 W 55.944159998955506 -3.1899626354353146 613.385399 672.138406
55.944159998955506 -3.1899626354353146 WNW 55.944274803985216 -3.190239799295068 613.385399 670.888406
55.944274803985216 -3.190239799295068 W 55.944274803985216 -3.190539799295068 613.385399 669.638406
55.944274803985216 -3.190539799295068 WNW 55.94438960901493 -3.1908169631548216 613.385399 668.388406
55.94438960901493 -3.1908169631548216 W 55.94438960901493 -3.1911169631548217 613.385399 667.138406
55.94438960901493 -3.1911169631548217 WNW 55.94450441404464 -3.191394127014575 613.385399 665.888406
55.94450441404464 -3.191394127014575 NE 55.94471654607899 -3.1911819949802194 705.480253 669.733570
55.94471654607899 -3.1911819949802194 ENE 55.944831351108704 -3.190904831120466 705.480253 668.483570
55.944831351108704 -3.190904831120466 NE 55.94504348314306 -3.19069269908611 705.480253 667.233570
55.94504348314306 -3.19069269908611 ENE 55.94515828817277 -3.190415535226357 705.480253 665.983570
55.94515828817277 -3.190415535226357 NE 55.94537042020713 -3.190203403192001 821.252634 750.790765
55.94537042020713 -3.190203403192001 WSW 55.945255615177416 -3.1904805670517544 821.252634 749.540765
55.945255615177416 -3.1904805670517544 WSW 55.945140810147706 -3.190757730911508 821.252634 748.290765
55.945140810147706 -3.190757730911508 SW 55.94492867811335 -3.1909698629458636 821.252634 747.040765
55.94492867811335 -3.1909698629458636 WSW 55.94481387308364 -3.191247026805617 821.252634 745.790765
55.94481387308364 -3.191247026805617 SW 55.94460174104928 -3.1914591588399728 821.252634 744.540765
55.94460174104928 -3.1914591588399728 NW 55.94481387308364 -3.1916712908743285 821.252634 743.290765
55.94481387308364 -3.1916712908743285 WNW 55.94492867811335 -3.191948454734082 821.252634 742.040765
55.94492867811335 -3.191948454734082 NW 55.945140810147706 -3.1921605867684377 821.252634 740.790765
55.945140810147706 -3.1921605867684377 WNW 55.945255615177416 -3.192437750628191 821.252634 739.540765
55.945255615177416 -3.192437750628191 E 55.945255615177416 -3.192137750628191 906.678811 776.304562
55.945255615177416 -3.192137750628191 E 55.945255615177416 -3.1918377506281908 906.678811 775.054562
55.945255615177416 -3.1918377506281908 E 55.945255615177416 -3.1915377506281906 906.678811 773.804562
55.945255615177416 -3.1915377506281906 E 55.945255615177416 -3.1912377506281904 906.678811 772.554562
55.945255615177416 -3.1912377506281904 E 55.945255615177416 -3.19093775062819 970.608738 889.184172
55.945255615177416 -3.19093775062819 E 55.945255615177416 -3.19063775062819 970.608738 887.934172
55.945255615177416 -3.19063775062819 E 55.945255615177416 -3.19033775062819 970.608738 886.684172
55.945255615177416 -3.19033775062819 E 55.945255615177416 -3.1900377506281896 970.608738 885.434172
55.945255615177416 -3.1900377506281896 E 55.945255615177416 -3.1897377506281894 970.608738 884.184172
55.945255615177416 -3.1897377506281894 E 55.945255615177416 -3.1894377506281892 970.608738 882.934172
55.945255615177416 -3.1894377506281892 E 55.945255615177416 -3.189137750628189 970.608738 881.684172
55.945255615177416 -3.189137750628189 E 55.945255615177416 -3.188837750628189 970.608738 880.434172
55.945255615177416 -3.188837750628189 E 55.945255615177416 -3.1885377506281887 970.608738 879.184172
55.945255615177416 -3.1885377506281887 E 55.945255615177416 -3.1882377506281885 970.608738 877.934172
55.945255615177416 -3.1882377506281885 E 55.945255615177416 -3.1879377506281883 970.608738 876.684172
55.945255615177416 -3.1879377506281883 E 55.945255615177416 -3.187637750628188 970.608738 875.434172
55.945255615177416 -3.187637750628188 E 55.945255615177416 -3.187337750628188 970.608738 874.184172
55.945255615177416 -3.187337750628188 E 55.945255615177416 -3.1870377506281877 970.608738 872.934172
55.945255615177416 -3.1870377506281877 ENE 55.94537042020713 -3.1867605867684343 915.866379 871.684172
55.94537042020713 -3.1867605867684343 E 55.94537042020713 -3.186460586768434 915.866379 870.434172
55.94537042020713 -3.186460586768434 ENE 55.94548522523684 -3.1861834229086807 825.208619 847.148473
55.94548522523684 -3.1861834229086807 E 55.94548522523684 -3.1858834229086805 825.208619 845.898473
55.94548522523684 -3.1858834229086805 ENE 55.94560003026655 -3.185606259048927 825.208619 844.648473
55.94560003026655 -3.185606259048927 E 55.94560003026655 -3.185306259048927 825.208619 843.398473
55.94560003026655 -3.185306259048927 ENE 55.94571483529626 -3.1850290951891735 825.208619 842.148473
55.94571483529626 -3.1850290951891735 E 55.94571483529626 -3.1847290951891734 825.208619 840.898473
55.94571483529626 -3.1847290951891734 ENE 55.94582964032597 -3.18445193132942 825.208619 839.648473
55.94582964032597 -3.18445193132942 WSW 55.94571483529626 -3.1847290951891734 894.667133 954.482869
55.94571483529626 -3.1847290951891734 WSW 55.94560003026655 -3.1850062590489268 894.667133 953.232869
55.94560003026655 -3.1850062590489268 WSW 55.94548522523684 -3.18528342290868 894.667133 951.982869
55.94548522523684 -3.18528342290868 WSW 55.94537042020713 -3.1855605867684336 894.667133 950.732869
55.94537042020713 -3.1855605867684336 WSW 55.945255615177416 -3.185837750628187 894.667133 949.482869
55.945255615177416 -3.185837750628187 WSW 55.945140810147706 -3.1861149144879404 894.667133 948.232869
55.945140810147706 -3.1861149144879404 WSW 55.945026005117995 -3.186392078347694 894.667133 946.982869
55.945026005117995 -3.186392078347694 WSW 55.944911200088285 -3.186669242207447 894.667133 945.732869
55.944911200088285 -3.186669242207447 WSW 55.944796395058574 -3.1869464060672006 894.667133 944.482869
55.944796395058574 -3.1869464060672006 W 55.944796395058574 -3.1872464060672008 894.667133 943.232869
55.944796395058574 -3.1872464060672008 WSW 55.944681590028864 -3.187523569926954 894.667133 941.982869
55.944681590028864 -3.187523569926954 W 55.944681590028864 -3.1878235699269544 894.667133 940.732869
55.944681590028864 -3.1878235699269544 WSW 55.944566784999154 -3.1881007337867078 894.667133 939.482869
55.944566784999154 -3.1881007337867078 W 55.944566784999154 -3.188400733786708 894.667133 938.232869
55.944566784999154 -3.188400733786708 WSW 55.94445197996944 -3.1886778976464614 894.667133 936.982869
55.94445197996944 -3.1886778976464614 W 55.94445197996944 -3.1889778976464616 894.667133 935.732869
55.94445197996944 -3.1889778976464616 WSW 55.94433717493973 -3.189255061506215 894.667133 934.482869
55.94433717493973 -3.189255061506215 W 55.94433717493973 -3.189555061506215 894.667133 933.232869
55.94433717493973 -3.189555061506215 WSW 55.94422236991002 -3.1898322253659686 894.667133 931.982869
55.94422236991002 -3.1898322253659686 W 55.94422236991002 -3.1901322253659687 894.667133 930.732869
55.94422236991002 -3.1901322253659687 WSW 55.94410756488031 -3.190409389225722 894.667133 929.482869
55.94410756488031 -3.190409389225722 W 55.94410756488031 -3.1907093892257223 916.961247 939.291433
55.94410756488031 -3.1907093892257223 WSW 55.9439927598506 -3.1909865530854757 916.961247 938.041433
55.9439927598506 -3.1909865530854757 W 55.9439927598506 -3.191286553085476 916.961247 936.791433
55.9439927598506 -3.191286553085476 E 55.9439927598506 -3.1909865530854757 961.275287 941.155066
55.9439927598506 -3.1909865530854757 E 55.9439927598506 -3.1906865530854756 961.275287 939.905066
55.9439927598506 -3.1906865530854756 E 55.9439927598506 -3.1903865530854754 961.275287 938.655066
55.9439927598506 -3.1903865530854754 E 55.9439927598506 -3.190086553085475 961.275287 937.405066
55.9439927598506 -3.190086553085475 ENE 55.94410756488031 -3.1898093892257218 961.275287 936.155066
55.94410756488031 -3.1898093892257218 E 55.94410756488031 -3.1895093892257216 961.275287 934.905066
55.94410756488031 -3.1895093892257216 ENE 55.94422236991002 -3.189232225365968 961.275287 933.655066
55.94422236991002 -3.189232225365968 E 55.94422236991002 -3.188932225365968 961.275287 932.405066
55.94422236991002 -3.188932225365968 ENE 55.94433717493973 -3.1886550615062146 961.275287 931.155066
55.94433717493973 -3.1886550615062146 E 55.94433717493973 -3.1883550615062144 961.275287 929.905066
55.94433717493973 -3.1883550615062144 ENE 55.94445197996944 -3.188077897646461 961.275287 928.655066
55.94445197996944 -3.188077897646461 E 55.94445197996944 -3.187777897646461 961.275287 927.405066
55.94445197996944 -3.187777897646461 ENE 55.944566784999154 -3.1875007337867074 961.275287 926.155066
55.944566784999154 -3.1875007337867074 E 55.944566784999154 -3.187200733786707 961.275287 924.905066
55.944566784999154 -3.187200733786707 ENE 55.944681590028864 -3.186923569926954 961.275287 923.655066
55.944681590028864 -3.186923569926954 E 55.944681590028864 -3.1866235699269536 961.275287 922.405066
55.944681590028864 -3.1866235699269536 ENE 55.944796395058574 -3.1863464060672 961.275287 921.155066
55.944796395058574 -3.1863464060672 E 55.944796395058574 -3.1860464060672 961.275287 919.905066
55.944796395058574 -3.1860464060672 ENE 55.944911200088285 -3.1857692422074466 961.275287 918.655066
55.944911200088285 -3.1857692422074466 E 55.944911200088285 -3.1854692422074464 961.275287 917.405066
55.944911200088285 -3.1854692422074464 ENE 55.945026005117995 -3.185192078347693 961.275287 916.155066
55.945026005117995 -3.185192078347693 E 55.945026005117995 -3.184892078347693 961.275287 914.905066
55.945026005117995 -3.184892078347693 SSE 55.94474884125824 -3.1847772733179833 994.068148 1000.765070
55.94474884125824 -3.1847772733179833 SSE 55.94447167739848 -3.184662468288274 994.068148 999.515070
55.94447167739848 -3.184662468288274 S 55.94417167739848 -3.184662468288274 994.068148 998.265070
55.94417167739848 -3.184662468288274 SSE 55.94389451353872 -3.1845476632585643 994.068148 997.015070
55.94389451353872 -3.1845476632585643 W 55.94389451353872 -3.1848476632585645 1079.943946 1071.779786
55.94389451353872 -3.1848476632585645 W 55.94389451353872 -3.1851476632585647 1079.943946 1070.529786
55.94389451353872 -3.1851476632585647 W 55.94389451353872 -3.185447663258565 1079.943946 1069.279786
55.94389451353872 -3.185447663258565 W 55.94389451353872 -3.185747663258565 1079.943946 1068.029786
55.94389451353872 -3.185747663258565 W 55.94389451353872 -3.1860476632585653 1079.943946 1066.779786
55.94389451353872 -3.1860476632585653 W 55.94389451353872 -3.1863476632585654 1079.943946 1065.529786
55.94389451353872 -3.1863476632585654 W 55.94389451353872 -3.1866476632585656 1111.605649 1143.851152
55.94389451353872 -3.1866476632585656 W 55.94389451353872 -3.186947663258566 1111.605649 1142.601152
55.94389451353872 -3.186947663258566 W 55.94389451353872 -3.187247663258566 1111.605649 1141.351152
55.94389451353872 -3.187247663258566 W 55.94389451353872 -3.187547663258566 1111.605649 1140.101152
55.94389451353872 -3.187547663258566 W 55.94389451353872 -3.1878476632585664 1111.605649 1138.851152
55.94389451353872 -3.1878476632585664 W 55.94389451353872 -3.1881476632585666 1111.605649 1137.601152
55.94389451353872 -3.1881476632585666 W 55.94389451353872 -3.1884476632585668 1111.605649 1136.351152
55.94389451353872 -3.1884476632585668 WNW 55.94400931856843 -3.18872482711832 1111.605649 1135.101152
55.94400931856843 -3.18872482711832 W 55.94400931856843 -3.1890248271183204 1111.605649 1133.851152
55.94400931856843 -3.1890248271183204 WNW 55.944124123598144 -3.1893019909780738 1111.605649 1132.601152
55.944124123598144 -3.1893019909780738 W 55.944124123598144 -3.189601990978074 1111.605649 1131.351152
55.944124123598144 -3.189601990978074 WNW 55.944238928627854 -3.1898791548378274 1111.605649 1130.101152
55.944238928627854 -3.1898791548378274 W 55.944238928627854 -3.1901791548378275 1111.605649 1128.851152
55.944238928627854 -3.1901791548378275 WNW 55.944353733657564 -3.190456318697581 1111.605649 1127.601152
55.944353733657564 -3.190456318697581 W 55.944353733657564 -3.190756318697581 1111.605649 1126.351152
55.944353733657564 -3.190756318697581 WNW 55.944468538687275 -3.1910334825573345 1111.605649 1125.101152
55.944468538687275 -3.1910334825573345 W 55.944468538687275 -3.1913334825573347 1111.605649 1123.851152
55.944468538687275 -3.1913334825573347 WNW 55.944583343716985 -3.191610646417088 1111.605649 1122.601152
55.944583343716985 -3.191610646417088 E 55.944583343716985 -3.191310646417088 1200.764395 1224.141957
55.944583343716985 -3.191310646417088 E 55.944583343716985 -3.1910106464170878 1200.764395 1222.891957
55.944583343716985 -3.1910106464170878 E 55.944583343716985 -3.1907106464170876 1200.764395 1221.641957
55.944583343716985 -3.1907106464170876 E 55.944583343716985 -3.1904106464170874 1200.764395 1220.391957
55.944583343716985 -3.1904106464170874 E 55.944583343716985 -3.190110646417087 1261.562120 1255.660065
55.944583343716985 -3.190110646417087 WSW 55.944468538687275 -3.1903878102768406 1272.339622 1316.152287
55.944468538687275 -3.1903878102768406 WSW 55.944353733657564 -3.190664974136594 1272.339622 1314.902287
55.944353733657564 -3.190664974136594 WSW 55.944238928627854 -3.1909421379963474 1272.339622 1313.652287
55.944238928627854 -3.1909421379963474 WSW 55.944124123598144 -3.191219301856101 1272.339622 1312.402287
55.944124123598144 -3.191219301856101 W 55.944124123598144 -3.191519301856101 1272.339622 1311.152287
55.944124123598144 -3.191519301856101 ENE 55.944238928627854 -3.1912421379963476 1287.994829 1350.665714
55.944238928627854 -3.1912421379963476 ENE 55.944353733657564 -3.190964974136594 1287.994829 1349.415714
55.944353733657564 -3.190964974136594 ENE 55.944468538687275 -3.190687810276841 1287.994829 1348.165714
55.944468538687275 -3.190687810276841 ENE 55.944583343716985 -3.1904106464170874 1287.994829 1346.915714
55.944583343716985 -3.1904106464170874 E 55.944583343716985 -3.190110646417087 1287.994829 1345.665714
55.944583343716985 -3.190110646417087 ENE 55.944698148746696 -3.189833482557334 1287.994829 1344.415714
55.944698148746696 -3.189833482557334 SW 55.94448601671234 -3.1900456145916896 1384.076904 1377.750800
55.94448601671234 -3.1900456145916896 WSW 55.94437121168263 -3.190322778451443 1384.076904 1376.500800
55.94437121168263 -3.190322778451443 SW 55.94415907964827 -3.1905349104857987 1384.076904 1375.250800
55.94415907964827 -3.1905349104857987 WSW 55.94404427461856 -3.190812074345552 1384.076904 1374.000800
55.94404427461856 -3.190812074345552 SW 55.943832142584206 -3.191024206379908 1384.076904 1372.750800
55.943832142584206 -3.191024206379908 NE 55.94404427461856 -3.190812074345552 1445.774415 1392.865344
55.94404427461856 -3.190812074345552 NE 55.94425640665292 -3.1905999423111964 1445.774415 1391.615344
55.94425640665292 -3.1905999423111964 NE 55.944468538687275 -3.1903878102768406 1445.774415 1390.365344
55.944468538687275 -3.1903878102768406 NE 55.94468067072163 -3.190175678242485 1445.774415 1389.115344
55.94468067072163 -3.190175678242485 NE 55.94489280275599 -3.189963546208129 1445.774415 1387.865344
55.94489280275599 -3.189963546208129 ENE 55.9450076077857 -3.1896863823483756 1445.774415 1386.615344
55.9450076077857 -3.1896863823483756 NE 55.945219739820054 -3.18947425031402 1445.774415 1385.365344
55.945219739820054 -3.18947425031402 ENE 55.945334544849764 -3.1891970864542665 1445.774415 1384.115344
55.945334544849764 -3.1891970864542665 NE 55.94554667688412 -3.1889849544199107 1445.774415 1382.865344
55.94554667688412 -3.1889849544199107 NW 55.94575880891848 -3.1891970864542665 1467.667612 1482.604259
55.94575880891848 -3.1891970864542665 E 55.94575880891848 -3.1888970864542663 1548.298100 1597.200737
55.94575880891848 -3.1888970864542663 E 55.94575880891848 -3.188597086454266 1548.298100 1595.950737
55.94575880891848 -3.188597086454266 E 55.94575880891848 -3.188297086454266 1548.298100 1594.700737
55.94575880891848 -3.188297086454266 E 55.94575880891848 -3.1879970864542657 1548.298100 1593.450737
55.94575880891848 -3.1879970864542657 E 55.94575880891848 -3.1876970864542655 1548.298100 1592.200737
55.94575880891848 -3.1876970864542655 E 55.94575880891848 -3.1873970864542653 1559.132083 1673.519827
55.94575880891848 -3.1873970864542653 E 55.94575880891848 -3.187097086454265 1559.132083 1672.269827
55.94575880891848 -3.187097086454265 E 55.94575880891848 -3.186797086454265 1559.132083 1671.019827
55.94575880891848 -3.186797086454265 E 55.94575880891848 -3.1864970864542648 1559.132083 1669.769827
55.94575880891848 -3.1864970864542648 N 55.94605880891848 -3.1864970864542648 1559.132083 1668.519827
55.94605880891848 -3.1864970864542648 NNE 55.946335972778236 -3.1863822814245553 1559.132083 1667.269827
55.946335972778236 -3.1863822814245553 SW 55.94612384074388 -3.186594413458911 1559.132083 1666.019827
55.94612384074388 -3.186594413458911 WNW 55.94623864577359 -3.1868715773186644 1559.132083 1664.769827
55.94623864577359 -3.1868715773186644 NE 55.94645077780795 -3.1866594452843087 1559.132083 1663.519827
55.94645077780795 -3.1866594452843087 S 55.946150777807944 -3.1866594452843087 1559.132083 1662.269827
55.946150777807944 -3.1866594452843087 WNW 55.946265582837654 -3.186936609144062 1559.132083 1661.019827
55.946265582837654 -3.186936609144062 SSE 55.9459884189779 -3.1868218041143526 1559.132083 1659.769827
55.9459884189779 -3.1868218041143526 NNE 55.946265582837654 -3.186706999084643 1559.132083 1658.519827
55.946265582837654 -3.186706999084643 NE 55.94647771487201 -3.1864948670502873 1559.132083 1657.269827
55.94647771487201 -3.1864948670502873 SSE 55.946200551012254 -3.1863800620205778 1559.132083 1656.019827
55.946200551012254 -3.1863800620205778 WSW 55.94608574598254 -3.186657225880331 1559.132083 1654.769827
55.94608574598254 -3.186657225880331 ENE 55.946200551012254 -3.1863800620205778 1559.132083 1653.519827
55.946200551012254 -3.1863800620205778 W 55.946200551012254 -3.186680062020578 1559.132083 1652.269827
55.946200551012254 -3.186680062020578 S 55.94590055101225 -3.186680062020578 1559.132083 1651.019827
55.94590055101225 -3.186680062020578 SSW 55.945623387152494 -3.1867948670502875 1559.132083 1649.769827
55.945623387152494 -3.1867948670502875 WSW 55.945508582122784 -3.187072030910041 1559.132083 1648.519827
55.945508582122784 -3.187072030910041 SSW 55.94523141826303 -3.1871868359397504 1559.132083 1647.269827
55.94523141826303 -3.1871868359397504 SSE 55.94495425440327 -3.187072030910041 1559.132083 1646.019827
55.94495425440327 -3.187072030910041 NW 55.94516638643763 -3.1872841629443966 1559.132083 1644.769827
55.94516638643763 -3.1872841629443966 NNW 55.945443550297384 -3.187398967974106 1559.132083 1643.519827
55.945443550297384 -3.187398967974106 ENE 55.945558355327094 -3.1871218041143528 1559.132083 1642.269827
55.945558355327094 -3.1871218041143528 NE 55.94577048736145 -3.186909672079997 1559.132083 1641.019827
55.94577048736145 -3.186909672079997 E 55.94577048736145 -3.186609672079997 1559.132083 1639.769827
55.94577048736145 -3.186609672079997 NNE 55.94604765122121 -3.1864948670502873 1559.132083 1638.519827
55.94604765122121 -3.1864948670502873 NNW 55.94632481508096 -3.186609672079997 1559.132083 1637.269827
55.94632481508096 -3.186609672079997 NW 55.94653694711532 -3.1868218041143526 1559.132083 1636.019827
55.94653694711532 -3.1868218041143526 WNW 55.94665175214503 -3.187098967974106 1559.132083 1634.769827
55.94665175214503 -3.187098967974106 NE 55.946863884179386 -3.18688683593975 1559.132083 1633.519827
