55.944425 -3.188396 E 55.944425 -3.188096 0.000000 248.750000
55.944425 -3.188096 E 55.944425 -3.1877959999999996 0.000000 247.500000
55.944425 -3.1877959999999996 E 55.944425 -3.1874959999999994 0.000000 246.250000
55.944425 -3.1874959999999994 E 55.944425 -3.1871959999999993 0.000000 245.000000
55.944425 -3.1871959999999993 E 55.944425 -3.186895999999999 0.000000 243.750000
55.944425 -3.186895999999999 ESE 55.94431019497029 -3.1866188361402457 0.000000 242.500000
55.94431019497029 -3.1866188361402457 E 55.94431019497029 -3.1863188361402455 0.000000 137.001067
55.94431019497029 -3.1863188361402455 ESE 55.94419538994058 -3.186041672280492 0.000000 135.751067
55.94419538994058 -3.186041672280492 E 55.94419538994058 -3.185741672280492 0.000000 134.501067
55.94419538994058 -3.185741672280492 ESE 55.94408058491087 -3.1854645084207385 0.000000 133.251067
55.94408058491087 -3.1854645084207385 E 55.94408058491087 -3.1851645084207383 0.000000 132.001067
55.94408058491087 -3.1851645084207383 ESE 55.94396577988116 -3.184887344560985 0.000000 130.751067
55.94396577988116 -3.184887344560985 E 55.94396577988116 -3.1845873445609847 0.000000 129.501067
55.94396577988116 -3.1845873445609847 W 55.94396577988116 -3.184887344560985 85.875797 204.265784
55.94396577988116 -3.184887344560985 W 55.94396577988116 -3.185187344560985 85.875797 203.015784
55.94396577988116 -3.185187344560985 W 55.94396577988116 -3.1854873445609853 85.875797 201.765784
55.94396577988116 -3.1854873445609853 W 55.94396577988116 -3.1857873445609854 163.090882 209.671506
55.94396577988116 -3.1857873445609854 W 55.94396577988116 -3.1860873445609856 163.090882 208.421506
55.94396577988116 -3.1860873445609856 W 55.94396577988116 -3.186387344560986 163.090882 207.171506
55.94396577988116 -3.186387344560986 W 55.94396577988116 -3.186687344560986 194.752586 285.492872
55.94396577988116 -3.186687344560986 W 55.94396577988116 -3.186987344560986 194.752586 284.242872
55.94396577988116 -3.186987344560986 W 55.94396577988116 -3.1872873445609864 194.752586 282.992872
55.94396577988116 -3.1872873445609864 W 55.94396577988116 -3.1875873445609866 194.752586 281.742872
55.94396577988116 -3.1875873445609866 W 55.94396577988116 -3.1878873445609868 194.752586 280.492872
55.94396577988116 -3.1878873445609868 W 55.94396577988116 -3.188187344560987 168.810177 269.074390
55.94396577988116 -3.188187344560987 W 55.94396577988116 -3.188487344560987 242.179564 345.153226
55.94396577988116 -3.188487344560987 W 55.94396577988116 -3.1887873445609873 242.179564 343.903226
55.94396577988116 -3.1887873445609873 W 55.94396577988116 -3.1890873445609875 242.179564 342.653226
55.94396577988116 -3.1890873445609875 WNW 55.94408058491087 -3.189364508420741 242.179564 341.403226
55.94408058491087 -3.189364508420741 W 55.94408058491087 -3.189664508420741 242.179564 340.153226
55.94408058491087 -3.189664508420741 WNW 55.94419538994058 -3.1899416722804945 242.179564 338.903226
55.94419538994058 -3.1899416722804945 W 55.94419538994058 -3.1902416722804947 242.179564 337.653226
55.94419538994058 -3.1902416722804947 WNW 55.94431019497029 -3.190518836140248 242.179564 336.403226
55.94431019497029 -3.190518836140248 W 55.94431019497029 -3.1908188361402483 242.179564 335.153226
55.94431019497029 -3.1908188361402483 WNW 55.944425 -3.1910960000000017 242.179564 333.903226
55.944425 -3.1910960000000017 W 55.944425 -3.191396000000002 242.179564 332.653226
55.944425 -3.191396000000002 WNW 55.94453980502971 -3.1916731638597553 334.274417 336.498390
55.94453980502971 -3.1916731638597553 ESE 55.944425 -3.191396000000002 423.433164 438.039195
55.944425 -3.191396000000002 ESE 55.94431019497029 -3.1911188361402485 423.433164 436.789195
55.94431019497029 -3.1911188361402485 ESE 55.94419538994058 -3.190841672280495 423.433164 435.539195
55.94419538994058 -3.190841672280495 ESE 55.94408058491087 -3.1905645084207417 423.433164 434.289195
55.94408058491087 -3.1905645084207417 ESE 55.94396577988116 -3.1902873445609883 445.727277 444.097759
55.94396577988116 -3.1902873445609883 ESE 55.94385097485145 -3.190010180701235 445.727277 442.847759
55.94385097485145 -3.190010180701235 ESE 55.94373616982174 -3.1897330168414815 445.727277 441.597759
55.94373616982174 -3.1897330168414815 ESE 55.94362136479203 -3.189455852981728 445.727277 440.347759
55.94362136479203 -3.189455852981728 ESE 55.94350655976232 -3.1891786891219747 445.727277 439.097759
55.94350655976232 -3.1891786891219747 ESE 55.94339175473261 -3.1889015252622213 502.365838 521.509800
55.94339175473261 -3.1889015252622213 ESE 55.9432769497029 -3.188624361402468 502.365838 520.259800
55.9432769497029 -3.188624361402468 ESE 55.94316214467319 -3.1883471975427145 502.365838 519.009800
55.94316214467319 -3.1883471975427145 ESE 55.94304733964348 -3.188070033682961 502.365838 517.759800
55.94304733964348 -3.188070033682961 ESE 55.94293253461377 -3.1877928698232076 502.365838 516.509800
55.94293253461377 -3.1877928698232076 ESE 55.94281772958406 -3.1875157059634542 502.365838 515.259800
55.94281772958406 -3.1875157059634542 ESE 55.94270292455435 -3.187238542103701 502.365838 514.009800
55.94270292455435 -3.187238542103701 NE 55.9429150565887 -3.187026410069345 526.392493 629.856526
55.9429150565887 -3.187026410069345 NE 55.94312718862306 -3.1868142780349893 526.392493 628.606526
55.94312718862306 -3.1868142780349893 NE 55.943339320657415 -3.1866021460006335 526.392493 627.356526
55.943339320657415 -3.1866021460006335 NE 55.94355145269177 -3.1863900139662777 526.392493 626.106526
55.94355145269177 -3.1863900139662777 NE 55.94376358472613 -3.186177881931922 526.392493 624.856526
55.94376358472613 -3.186177881931922 NE 55.943975716760484 -3.185965749897566 526.392493 623.606526
55.943975716760484 -3.185965749897566 NE 55.94418784879484 -3.1857536178632104 526.392493 622.356526
55.94418784879484 -3.1857536178632104 NE 55.944399980829196 -3.1855414858288547 526.392493 621.106526
55.944399980829196 -3.1855414858288547 NE 55.94461211286355 -3.185329353794499 526.392493 619.856526
55.94461211286355 -3.185329353794499 NE 55.94482424489791 -3.185117221760143 526.392493 618.606526
55.94482424489791 -3.185117221760143 NE 55.945036376932265 -3.1849050897257873 526.392493 617.356526
55.945036376932265 -3.1849050897257873 WNW 55.945151181961975 -3.1851822535855407 559.185354 703.216529
55.945151181961975 -3.1851822535855407 WNW 55.945265986991686 -3.185459417445294 509.077753 583.436876
55.945265986991686 -3.185459417445294 WNW 55.945380792021396 -3.1857365813050476 509.077753 582.186876
55.945380792021396 -3.1857365813050476 NW 55.94559292405575 -3.1859487133394033 622.965205 615.790656
55.94559292405575 -3.1859487133394033 WSW 55.94547811902604 -3.1862258771991567 622.965205 614.540656
55.94547811902604 -3.1862258771991567 WSW 55.94536331399633 -3.18650304105891 622.965205 613.290656
55.94536331399633 -3.18650304105891 WSW 55.94524850896662 -3.1867802049186635 532.307444 590.004957
55.94524850896662 -3.1867802049186635 WSW 55.94513370393691 -3.187057368778417 532.307444 588.754957
55.94513370393691 -3.187057368778417 WSW 55.9450188989072 -3.1873345326381703 428.294158 463.634378
55.9450188989072 -3.1873345326381703 WSW 55.94490409387749 -3.1876116964979238 477.565086 475.459127
55.94490409387749 -3.1876116964979238 WSW 55.94478928884778 -3.187888860357677 477.565086 474.209127
55.94478928884778 -3.187888860357677 WSW 55.94467448381807 -3.1881660242174306 477.565086 472.959127
55.94467448381807 -3.1881660242174306 WSW 55.94455967878836 -3.188443188077184 477.565086 471.709127
55.94455967878836 -3.188443188077184 WSW 55.94444487375865 -3.1887203519369374 477.565086 470.459127
55.94444487375865 -3.1887203519369374 W 55.94444487375865 -3.1890203519369376 453.737364 445.313192
55.94444487375865 -3.1890203519369376 WSW 55.94433006872894 -3.189297515796691 453.737364 444.063192
55.94433006872894 -3.189297515796691 W 55.94433006872894 -3.189597515796691 453.737364 442.813192
55.94433006872894 -3.189597515796691 WSW 55.94421526369923 -3.1898746796564446 453.737364 441.563192
55.94421526369923 -3.1898746796564446 W 55.94421526369923 -3.1901746796564447 453.737364 440.313192
55.94421526369923 -3.1901746796564447 WSW 55.94410045866952 -3.190451843516198 453.737364 439.063192
55.94410045866952 -3.190451843516198 W 55.94410045866952 -3.1907518435161983 453.737364 437.813192
55.94410045866952 -3.1907518435161983 WSW 55.94398565363981 -3.1910290073759517 453.737364 436.563192
55.94398565363981 -3.1910290073759517 W 55.94398565363981 -3.191329007375952 453.737364 435.313192
55.94398565363981 -3.191329007375952 ENE 55.94410045866952 -3.1910518435161985 498.051404 439.676826
55.94410045866952 -3.1910518435161985 ENE 55.94421526369923 -3.190774679656445 498.051404 438.426826
55.94421526369923 -3.190774679656445 E 55.94421526369923 -3.190474679656445 498.051404 437.176826
55.94421526369923 -3.190474679656445 ENE 55.94433006872894 -3.1901975157966915 498.051404 435.926826
55.94433006872894 -3.1901975157966915 E 55.94433006872894 -3.1898975157966913 498.051404 434.676826
55.94433006872894 -3.1898975157966913 ENE 55.94444487375865 -3.189620351936938 498.051404 433.426826
55.94444487375865 -3.189620351936938 E 55.94444487375865 -3.1893203519369377 594.133479 466.761912
55.94444487375865 -3.1893203519369377 ENE 55.94455967878836 -3.1890431880771843 594.133479 465.511912
55.94455967878836 -3.1890431880771843 E 55.94455967878836 -3.188743188077184 594.133479 464.261912
55.94455967878836 -3.188743188077184 ENE 55.94467448381807 -3.1884660242174307 594.133479 463.011912
55.94467448381807 -3.1884660242174307 E 55.94467448381807 -3.1881660242174306 594.133479 461.761912
55.94467448381807 -3.1881660242174306 ENE 55.94478928884778 -3.187888860357677 594.133479 460.511912
55.94478928884778 -3.187888860357677 E 55.94478928884778 -3.187588860357677 594.133479 459.261912
55.94478928884778 -3.187588860357677 ENE 55.94490409387749 -3.1873116964979236 594.133479 458.011912
55.94490409387749 -3.1873116964979236 E 55.94490409387749 -3.1870116964979234 594.133479 456.761912
55.94490409387749 -3.1870116964979234 ENE 55.9450188989072 -3.18673453263817 594.133479 455.511912
55.9450188989072 -3.18673453263817 E 55.9450188989072 -3.18643453263817 594.133479 454.261912
55.9450188989072 -3.18643453263817 ENE 55.94513370393691 -3.1861573687784164 594.133479 453.011912
55.94513370393691 -3.1861573687784164 W 55.94513370393691 -3.1864573687784166 700.452871 468.888372
55.94513370393691 -3.1864573687784166 W 55.94513370393691 -3.1867573687784168 700.452871 467.638372
55.94513370393691 -3.1867573687784168 W 55.94513370393691 -3.187057368778417 700.452871 466.388372
55.94513370393691 -3.187057368778417 W 55.94513370393691 -3.187357368778417 700.452871 465.138372
55.94513370393691 -3.187357368778417 W 55.94513370393691 -3.1876573687784173 700.452871 463.888372
55.94513370393691 -3.1876573687784173 W 55.94513370393691 -3.1879573687784175 700.452871 462.638372
55.94513370393691 -3.1879573687784175 W 55.94513370393691 -3.1882573687784177 700.452871 461.388372
55.94513370393691 -3.1882573687784177 W 55.94513370393691 -3.188557368778418 700.452871 460.138372
55.94513370393691 -3.188557368778418 W 55.94513370393691 -3.188857368778418 700.452871 458.888372
55.94513370393691 -3.188857368778418 W 55.94513370393691 -3.1891573687784183 700.452871 457.638372
55.94513370393691 -3.1891573687784183 W 55.94513370393691 -3.1894573687784185 700.452871 456.388372
55.94513370393691 -3.1894573687784185 W 55.94513370393691 -3.1897573687784186 700.452871 455.138372
55.94513370393691 -3.1897573687784186 WNW 55.94524850896662 -3.190034532638172 700.452871 453.888372
55.94524850896662 -3.190034532638172 W 55.94524850896662 -3.1903345326381722 700.452871 452.638372
55.94524850896662 -3.1903345326381722 WNW 55.94536331399633 -3.1906116964979256 816.225253 537.445567
55.94536331399633 -3.1906116964979256 ESE 55.94524850896662 -3.1903345326381722 816.225253 536.195567
55.94524850896662 -3.1903345326381722 SSW 55.944971345106865 -3.1904493376678817 816.225253 534.945567
55.944971345106865 -3.1904493376678817 SSW 55.94469418124711 -3.1905641426975913 816.225253 533.695567
55.94469418124711 -3.1905641426975913 SSW 55.94441701738735 -3.1906789477273008 816.225253 532.445567
55.94441701738735 -3.1906789477273008 SSW 55.944139853527595 -3.1907937527570103 816.225253 531.195567
55.944139853527595 -3.1907937527570103 SSW 55.94386268966784 -3.19090855778672 816.225253 529.945567
55.94386268966784 -3.19090855778672 S 55.943562689667836 -3.19090855778672 816.225253 528.695567
55.943562689667836 -3.19090855778672 SSW 55.94328552580808 -3.1910233628164293 816.225253 527.445567
55.94328552580808 -3.1910233628164293 S 55.942985525808076 -3.1910233628164293 747.772276 522.245911
55.942985525808076 -3.1910233628164293 SSW 55.94270836194832 -3.191138167846139 747.772276 520.995911
55.94270836194832 -3.191138167846139 N 55.94300836194832 -3.191138167846139 825.427694 603.237791
55.94300836194832 -3.191138167846139 N 55.943308361948326 -3.191138167846139 825.427694 601.987791
55.943308361948326 -3.191138167846139 NNW 55.94358552580808 -3.1912529728758483 825.427694 600.737791
55.94358552580808 -3.1912529728758483 N 55.943885525808085 -3.1912529728758483 887.125205 620.852335
55.943885525808085 -3.1912529728758483 ENE 55.944000330837795 -3.190975809016095 887.125205 619.602335
55.944000330837795 -3.190975809016095 ENE 55.944115135867506 -3.1906986451563415 887.125205 618.352335
55.944115135867506 -3.1906986451563415 ENE 55.944229940897216 -3.190421481296588 887.125205 617.102335
55.944229940897216 -3.190421481296588 ENE 55.94434474592693 -3.1901443174368347 887.125205 615.852335
55.94434474592693 -3.1901443174368347 ENE 55.94445955095664 -3.1898671535770813 897.902707 676.344557
55.94445955095664 -3.1898671535770813 ENE 55.94457435598635 -3.189589989717328 897.902707 675.094557
55.94457435598635 -3.189589989717328 ENE 55.94468916101606 -3.1893128258575745 897.902707 673.844557
55.94468916101606 -3.1893128258575745 ENE 55.94480396604577 -3.189035661997821 897.902707 672.594557
55.94480396604577 -3.189035661997821 ENE 55.94491877107548 -3.1887584981380677 897.902707 671.344557
55.94491877107548 -3.1887584981380677 ENE 55.94503357610519 -3.1884813342783143 864.767558 595.645139
55.94503357610519 -3.1884813342783143 E 55.94503357610519 -3.188181334278314 864.767558 594.395139
55.94503357610519 -3.188181334278314 ENE 55.9451483811349 -3.1879041704185607 864.767558 593.145139
55.9451483811349 -3.1879041704185607 E 55.9451483811349 -3.1876041704185605 864.767558 591.895139
55.9451483811349 -3.1876041704185605 ENE 55.94526318616461 -3.187327006558807 864.767558 590.645139
55.94526318616461 -3.187327006558807 E 55.94526318616461 -3.187027006558807 864.767558 589.395139
55.94526318616461 -3.187027006558807 ENE 55.94537799119432 -3.1867498426990535 864.767558 588.145139
55.94537799119432 -3.1867498426990535 E 55.94537799119432 -3.1864498426990533 864.767558 586.895139
55.94537799119432 -3.1864498426990533 ENE 55.94549279622403 -3.1861726788393 864.767558 585.645139
55.94549279622403 -3.1861726788393 E 55.94549279622403 -3.1858726788392997 864.767558 584.395139
55.94549279622403 -3.1858726788392997 ENE 55.94560760125374 -3.1855955149795463 864.767558 583.145139
55.94560760125374 -3.1855955149795463 E 55.94560760125374 -3.185295514979546 864.767558 581.895139
55.94560760125374 -3.185295514979546 ENE 55.94572240628345 -3.1850183511197927 864.767558 580.645139
55.94572240628345 -3.1850183511197927 E 55.94572240628345 -3.1847183511197925 864.767558 579.395139
55.94572240628345 -3.1847183511197925 ENE 55.94583721131316 -3.184441187260039 864.767558 578.145139
55.94583721131316 -3.184441187260039 W 55.94583721131316 -3.1847411872600393 934.226072 692.979535
55.94583721131316 -3.1847411872600393 W 55.94583721131316 -3.1850411872600395 934.226072 691.729535
55.94583721131316 -3.1850411872600395 W 55.94583721131316 -3.1853411872600397 934.226072 690.479535
55.94583721131316 -3.1853411872600397 W 55.94583721131316 -3.18564118726004 934.226072 689.229535
55.94583721131316 -3.18564118726004 W 55.94583721131316 -3.18594118726004 934.226072 687.979535
55.94583721131316 -3.18594118726004 W 55.94583721131316 -3.1862411872600402 853.918874 600.998937
55.94583721131316 -3.1862411872600402 W 55.94583721131316 -3.1865411872600404 853.683146 497.923404
55.94583721131316 -3.1865411872600404 W 55.94583721131316 -3.1868411872600406 853.683146 496.673404
55.94583721131316 -3.1868411872600406 W 55.94583721131316 -3.187141187260041 853.683146 495.423404
55.94583721131316 -3.187141187260041 W 55.94583721131316 -3.187441187260041 853.683146 494.173404
55.94583721131316 -3.187441187260041 W 55.94583721131316 -3.187741187260041 864.517129 575.492495
55.94583721131316 -3.187741187260041 W 55.94583721131316 -3.1880411872600414 864.517129 574.242495
55.94583721131316 -3.1880411872600414 W 55.94583721131316 -3.1883411872600416 864.517129 572.992495
55.94583721131316 -3.1883411872600416 W 55.94583721131316 -3.1886411872600418 864.517129 571.742495
55.94583721131316 -3.1886411872600418 W 55.94583721131316 -3.188941187260042 864.517129 570.492495
55.94583721131316 -3.188941187260042 W 55.94583721131316 -3.189241187260042 945.147617 685.088972
55.94583721131316 -3.189241187260042 W 55.94583721131316 -3.1895411872600423 945.147617 683.838972
55.94583721131316 -3.1895411872600423 W 55.94583721131316 -3.1898411872600425 945.147617 682.588972
55.94583721131316 -3.1898411872600425 WSW 55.94572240628345 -3.190118351119796 945.147617 681.338972
55.94572240628345 -3.190118351119796 W 55.94572240628345 -3.190418351119796 821.379426 605.461114
55.94572240628345 -3.190418351119796 WSW 55.94560760125374 -3.1906955149795495 821.379426 604.211114
55.94560760125374 -3.1906955149795495 W 55.94560760125374 -3.1909955149795497 821.379426 602.961114
55.94560760125374 -3.1909955149795497 WSW 55.94549279622403 -3.191272678839303 821.379426 601.711114
55.94549279622403 -3.191272678839303 W 55.94549279622403 -3.1915726788393033 885.309352 718.340724
55.94549279622403 -3.1915726788393033 WSW 55.94537799119432 -3.1918498426990567 885.309352 717.090724
55.94537799119432 -3.1918498426990567 W 55.94537799119432 -3.192149842699057 885.309352 715.840724
55.94537799119432 -3.192149842699057 WSW 55.94526318616461 -3.1924270065588103 885.309352 714.590724
55.94526318616461 -3.1924270065588103 ESE 55.9451483811349 -3.192149842699057 970.735529 751.354521
55.9451483811349 -3.192149842699057 ESE 55.94503357610519 -3.1918726788393035 970.735529 750.104521
55.94503357610519 -3.1918726788393035 ESE 55.94491877107548 -3.19159551497955 970.735529 748.854521
55.94491877107548 -3.19159551497955 ESE 55.94480396604577 -3.1913183511197967 970.735529 747.604521
55.94480396604577 -3.1913183511197967 ESE 55.94468916101606 -3.1910411872600433 970.735529 746.354521
55.94468916101606 -3.1910411872600433 ESE 55.94457435598635 -3.19076402340029 970.735529 745.104521
55.94457435598635 -3.19076402340029 ESE 55.94445955095664 -3.1904868595405365 970.735529 743.854521
55.94445955095664 -3.1904868595405365 ESE 55.94434474592693 -3.190209695680783 970.735529 742.604521
55.94434474592693 -3.190209695680783 ESE 55.944229940897216 -3.1899325318210296 970.735529 741.354521
55.944229940897216 -3.1899325318210296 ESE 55.944115135867506 -3.1896553679612762 970.735529 740.104521
55.944115135867506 -3.1896553679612762 ESE 55.944000330837795 -3.189378204101523 970.735529 738.854521
55.944000330837795 -3.189378204101523 ESE 55.943885525808085 -3.1891010402417694 970.735529 737.604521
55.943885525808085 -3.1891010402417694 ESE 55.943770720778375 -3.188823876382016 970.735529 736.354521
55.943770720778375 -3.188823876382016 ESE 55.943655915748664 -3.1885467125222626 970.735529 735.104521
55.943655915748664 -3.1885467125222626 ESE 55.943541110718954 -3.1882695486625092 970.735529 733.854521
55.943541110718954 -3.1882695486625092 ESE 55.94342630568924 -3.187992384802756 970.735529 732.604521
55.94342630568924 -3.187992384802756 ESE 55.94331150065953 -3.1877152209430024 970.735529 731.354521
55.94331150065953 -3.1877152209430024 E 55.94331150065953 -3.1874152209430022 970.735529 730.104521
55.94331150065953 -3.1874152209430022 ESE 55.94319669562982 -3.187138057083249 970.735529 728.854521
55.94319669562982 -3.187138057083249 E 55.94319669562982 -3.1868380570832486 970.735529 727.604521
55.94319669562982 -3.1868380570832486 ESE 55.94308189060011 -3.1865608932234952 970.735529 726.354521
55.94308189060011 -3.1865608932234952 E 55.94308189060011 -3.186260893223495 970.735529 725.104521
55.94308189060011 -3.186260893223495 ESE 55.9429670855704 -3.1859837293637416 970.735529 723.854521
55.9429670855704 -3.1859837293637416 E 55.9429670855704 -3.1856837293637414 970.735529 722.604521
55.9429670855704 -3.1856837293637414 NW 55.94317921760476 -3.185895861398097 1005.875173 781.695771
55.94317921760476 -3.185895861398097 NW 55.943391349639114 -3.186107993432453 1005.875173 780.445771
55.943391349639114 -3.186107993432453 NW 55.94360348167347 -3.1863201254668088 1005.875173 779.195771
55.94360348167347 -3.1863201254668088 NNW 55.94388064553323 -3.1864349304965183 1005.875173 777.945771
55.94388064553323 -3.1864349304965183 NW 55.94409277756758 -3.186647062530874 1005.875173 776.695771
55.94409277756758 -3.186647062530874 NNW 55.94436994142734 -3.1867618675605835 1116.484143 846.857283
55.94436994142734 -3.1867618675605835 WNW 55.94448474645705 -3.187039031420337 1116.484143 845.607283
55.94448474645705 -3.187039031420337 WNW 55.94459955148676 -3.1873161952800904 1116.484143 844.357283
55.94459955148676 -3.1873161952800904 NW 55.94481168352112 -3.187528327314446 1116.484143 843.107283
55.94481168352112 -3.187528327314446 WNW 55.94492648855083 -3.1878054911741995 1116.484143 841.857283
55.94492648855083 -3.1878054911741995 NW 55.94513862058518 -3.1880176232085553 1116.484143 840.607283
55.94513862058518 -3.1880176232085553 WNW 55.945253425614894 -3.1882947870683087 1116.484143 839.357283
55.945253425614894 -3.1882947870683087 NW 55.94546555764925 -3.1885069191026645 1116.484143 838.107283
55.94546555764925 -3.1885069191026645 WNW 55.94558036267896 -3.188784082962418 1116.484143 836.857283
55.94558036267896 -3.188784082962418 WSW 55.94546555764925 -3.1890612468221713 1138.377339 936.596198
55.94546555764925 -3.1890612468221713 WSW 55.94535075261954 -3.1893384106819247 1138.377339 935.346198
55.94535075261954 -3.1893384106819247 SW 55.94513862058518 -3.1895505427162805 1138.377339 934.096198
55.94513862058518 -3.1895505427162805 WSW 55.94502381555547 -3.189827706576034 1138.377339 932.846198
55.94502381555547 -3.189827706576034 SW 55.94481168352112 -3.1900398386103896 1138.377339 931.596198
55.94481168352112 -3.1900398386103896 WSW 55.944696878491406 -3.190317002470143 1138.377339 930.346198
55.944696878491406 -3.190317002470143 WSW 55.944582073461696 -3.1905941663298965 1199.175064 965.614306
55.944582073461696 -3.1905941663298965 WSW 55.944467268431985 -3.19087133018965 1199.175064 964.364306
55.944467268431985 -3.19087133018965 WSW 55.944352463402275 -3.1911484940494033 1199.175064 963.114306
55.944352463402275 -3.1911484940494033 WSW 55.944237658372565 -3.1914256579091567 1199.175064 961.864306
55.944237658372565 -3.1914256579091567 WSW 55.944122853342854 -3.19170282176891 1199.175064 960.614306
55.944122853342854 -3.19170282176891 S 55.94382285334285 -3.19170282176891 1214.830271 1000.127733
55.94382285334285 -3.19170282176891 ESE 55.94370804831314 -3.1914256579091567 1214.830271 998.877733
55.94370804831314 -3.1914256579091567 SE 55.943495916278785 -3.191213525874801 1214.830271 997.627733
55.943495916278785 -3.191213525874801 ESE 55.943381111249074 -3.1909363620150475 1214.830271 996.377733
55.943381111249074 -3.1909363620150475 SE 55.94316897921472 -3.1907242299806917 1214.830271 995.127733
55.94316897921472 -3.1907242299806917 ESE 55.94305417418501 -3.1904470661209383 1214.830271 993.877733
55.94305417418501 -3.1904470661209383 SE 55.94284204215065 -3.1902349340865825 1214.830271 992.627733
55.94284204215065 -3.1902349340865825 ESE 55.94272723712094 -3.189957770226829 1214.830271 991.377733
55.94272723712094 -3.189957770226829 SE 55.942515105086585 -3.1897456381924734 1264.268704 1059.960457
55.942515105086585 -3.1897456381924734 NNE 55.94279226894634 -3.189630833162764 1264.268704 1058.710457
55.94279226894634 -3.189630833162764 ESE 55.94267746391663 -3.1893536693030105 1264.268704 1057.460457
55.94267746391663 -3.1893536693030105 NE 55.94288959595099 -3.1891415372686547 1264.268704 1056.210457
55.94288959595099 -3.1891415372686547 S 55.942589595950984 -3.1891415372686547 1264.268704 1054.960457
55.942589595950984 -3.1891415372686547 SE 55.94237746391663 -3.188929405234299 1264.268704 1053.710457
55.94237746391663 -3.188929405234299 W 55.94237746391663 -3.189229405234299 1264.268704 1052.460457
55.94237746391663 -3.189229405234299 S 55.942077463916625 -3.189229405234299 1264.268704 1051.210457
