55.944425 -3.188396 ENE 55.94453980502971 -3.1881188361402466 0.000000 248.750000
55.94453980502971 -3.1881188361402466 ENE 55.94465461005942 -3.187841672280493 0.000000 247.500000
55.94465461005942 -3.187841672280493 ENE 55.944769415089134 -3.18756450842074 0.000000 246.250000
55.944769415089134 -3.18756450842074 ENE 55.944884220118844 -3.1872873445609864 0.000000 245.000000
55.944884220118844 -3.1872873445609864 ENE 55.944999025148554 -3.187010180701233 49.270928 256.824749
55.944999025148554 -3.187010180701233 ENE 55.945113830178265 -3.1867330168414796 0.000000 131.704170
55.945113830178265 -3.1867330168414796 ENE 55.945228635207975 -3.186455852981726 0.000000 130.454170
55.945228635207975 -3.186455852981726 ENE 55.945343440237686 -3.1861786891219728 0.000000 129.204170
55.945343440237686 -3.1861786891219728 ENE 55.945458245267396 -3.1859015252622194 0.000000 127.954170
55.945458245267396 -3.1859015252622194 S 55.94515824526739 -3.1859015252622194 113.887452 161.557950
55.94515824526739 -3.1859015252622194 S 55.94485824526739 -3.1859015252622194 220.206845 177.434411
55.94485824526739 -3.1859015252622194 S 55.94455824526739 -3.1859015252622194 235.925669 269.476424
55.94455824526739 -3.1859015252622194 SSE 55.94428108140763 -3.18578672023251 235.925669 268.226424
55.94428108140763 -3.18578672023251 S 55.94398108140763 -3.18578672023251 235.925669 266.976424
55.94398108140763 -3.18578672023251 SSE 55.94370391754787 -3.1856719152028004 235.925669 265.726424
55.94370391754787 -3.1856719152028004 S 55.94340391754787 -3.1856719152028004 313.140754 273.632146
55.94340391754787 -3.1856719152028004 SSE 55.94312675368811 -3.185557110173091 313.140754 272.382146
55.94312675368811 -3.185557110173091 NW 55.94333888572247 -3.1857692422074466 348.280399 331.473396
55.94333888572247 -3.1857692422074466 NW 55.943551017756825 -3.1859813742418024 348.280399 330.223396
55.943551017756825 -3.1859813742418024 NW 55.94376314979118 -3.186193506276158 348.280399 328.973396
55.94376314979118 -3.186193506276158 NW 55.94397528182554 -3.186405638310514 379.942102 407.294762
55.94397528182554 -3.186405638310514 NW 55.94418741385989 -3.1866177703448697 379.942102 406.044762
55.94418741385989 -3.1866177703448697 WNW 55.944302218889604 -3.186894934204623 490.551071 476.206273
55.944302218889604 -3.186894934204623 NW 55.94451435092396 -3.187107066238979 490.551071 474.956273
55.94451435092396 -3.187107066238979 WNW 55.94462915595367 -3.1873842300987323 490.551071 473.706273
55.94462915595367 -3.1873842300987323 NW 55.94484128798803 -3.187596362133088 490.551071 472.456273
55.94484128798803 -3.187596362133088 WNW 55.94495609301774 -3.1878735259928415 490.551071 471.206273
55.94495609301774 -3.1878735259928415 NW 55.94516822505209 -3.1880856580271972 490.551071 469.956273
55.94516822505209 -3.1880856580271972 WNW 55.945283030081804 -3.1883628218869506 490.551071 468.706273
55.945283030081804 -3.1883628218869506 NW 55.94549516211616 -3.1885749539213064 490.551071 467.456273
55.94549516211616 -3.1885749539213064 WNW 55.94560996714587 -3.18885211778106 490.551071 466.206273
55.94560996714587 -3.18885211778106 WSW 55.94549516211616 -3.189129281640813 512.444268 565.945188
55.94549516211616 -3.189129281640813 WSW 55.94538035708645 -3.1894064455005666 593.074756 680.541666
55.94538035708645 -3.1894064455005666 WSW 55.94526555205674 -3.18968360936032 593.074756 679.291666
55.94526555205674 -3.18968360936032 WSW 55.94515074702703 -3.1899607732200734 593.074756 678.041666
55.94515074702703 -3.1899607732200734 WSW 55.94503594199732 -3.190237937079827 593.074756 676.791666
55.94503594199732 -3.190237937079827 WSW 55.94492113696761 -3.1905151009395802 708.847137 761.598861
55.94492113696761 -3.1905151009395802 WSW 55.9448063319379 -3.1907922647993336 708.847137 760.348861
55.9448063319379 -3.1907922647993336 WSW 55.94469152690819 -3.191069428659087 708.847137 759.098861
55.94469152690819 -3.191069428659087 WSW 55.94457672187848 -3.1913465925188405 708.847137 757.848861
55.94457672187848 -3.1913465925188405 W 55.94457672187848 -3.1916465925188406 800.941991 761.694025
55.94457672187848 -3.1916465925188406 E 55.94457672187848 -3.1913465925188405 890.100737 863.234829
55.94457672187848 -3.1913465925188405 E 55.94457672187848 -3.1910465925188403 890.100737 861.984829
55.94457672187848 -3.1910465925188403 E 55.94457672187848 -3.19074659251884 890.100737 860.734829
55.94457672187848 -3.19074659251884 E 55.94457672187848 -3.19044659251884 890.100737 859.484829
55.94457672187848 -3.19044659251884 E 55.94457672187848 -3.1901465925188397 950.898462 894.752938
55.94457672187848 -3.1901465925188397 E 55.94457672187848 -3.1898465925188395 961.675964 955.245160
55.94457672187848 -3.1898465925188395 E 55.94457672187848 -3.1895465925188393 1057.758039 988.580245
55.94457672187848 -3.1895465925188393 E 55.94457672187848 -3.189246592518839 1057.758039 987.330245
55.94457672187848 -3.189246592518839 E 55.94457672187848 -3.188946592518839 1057.758039 986.080245
55.94457672187848 -3.188946592518839 E 55.94457672187848 -3.1886465925188388 1057.758039 984.830245
55.94457672187848 -3.1886465925188388 E 55.94457672187848 -3.1883465925188386 1057.758039 983.580245
55.94457672187848 -3.1883465925188386 E 55.94457672187848 -3.1880465925188384 1057.758039 982.330245
55.94457672187848 -3.1880465925188384 E 55.94457672187848 -3.187746592518838 1057.758039 981.080245
55.94457672187848 -3.187746592518838 E 55.94457672187848 -3.187446592518838 1057.758039 979.830245
55.94457672187848 -3.187446592518838 E 55.94457672187848 -3.187146592518838 1057.758039 978.580245
55.94457672187848 -3.187146592518838 ENE 55.94469152690819 -3.1868694286590844 1057.758039 977.330245
55.94469152690819 -3.1868694286590844 E 55.94469152690819 -3.186569428659084 1057.758039 976.080245
55.94469152690819 -3.186569428659084 ENE 55.9448063319379 -3.186292264799331 1057.758039 974.830245
55.9448063319379 -3.186292264799331 E 55.9448063319379 -3.1859922647993306 1057.758039 973.580245
55.9448063319379 -3.1859922647993306 ENE 55.94492113696761 -3.185715100939577 1057.758039 972.330245
55.94492113696761 -3.185715100939577 E 55.94492113696761 -3.185415100939577 1057.758039 971.080245
55.94492113696761 -3.185415100939577 ENE 55.94503594199732 -3.1851379370798236 1057.758039 969.830245
55.94503594199732 -3.1851379370798236 E 55.94503594199732 -3.1848379370798234 1007.650437 850.050592
55.94503594199732 -3.1848379370798234 NNE 55.945313105857075 -3.184723132050114 1040.443299 935.910595
55.945313105857075 -3.184723132050114 NE 55.94552523789143 -3.184511000015758 1040.443299 934.660595
55.94552523789143 -3.184511000015758 NNE 55.94580240175119 -3.1843961949860486 1040.443299 933.410595
55.94580240175119 -3.1843961949860486 W 55.94580240175119 -3.184696194986049 1109.901813 1048.244991
55.94580240175119 -3.184696194986049 W 55.94580240175119 -3.184996194986049 1109.901813 1046.994991
55.94580240175119 -3.184996194986049 W 55.94580240175119 -3.185296194986049 1109.901813 1045.744991
55.94580240175119 -3.185296194986049 W 55.94580240175119 -3.1855961949860494 1109.901813 1044.494991
55.94580240175119 -3.1855961949860494 W 55.94580240175119 -3.1858961949860496 1109.901813 1043.244991
55.94580240175119 -3.1858961949860496 W 55.94580240175119 -3.18619619498605 1029.594615 956.264394
55.94580240175119 -3.18619619498605 W 55.94580240175119 -3.18649619498605 1029.358886 853.188861
55.94580240175119 -3.18649619498605 W 55.94580240175119 -3.18679619498605 1029.358886 851.938861
55.94580240175119 -3.18679619498605 W 55.94580240175119 -3.1870961949860503 1029.358886 850.688861
55.94580240175119 -3.1870961949860503 W 55.94580240175119 -3.1873961949860505 1029.358886 849.438861
55.94580240175119 -3.1873961949860505 WSW 55.94568759672148 -3.187673358845804 1040.192869 930.757951
55.94568759672148 -3.187673358845804 WSW 55.94557279169177 -3.1879505227055573 1040.192869 929.507951
55.94557279169177 -3.1879505227055573 WSW 55.945457986662056 -3.1882276865653107 1040.192869 928.257951
55.945457986662056 -3.1882276865653107 WSW 55.945343181632346 -3.188504850425064 1040.192869 927.007951
55.945343181632346 -3.188504850425064 WSW 55.945228376602635 -3.1887820142848176 1040.192869 925.757951
55.945228376602635 -3.1887820142848176 WSW 55.945113571572925 -3.189059178144571 1040.192869 924.507951
55.945113571572925 -3.189059178144571 WSW 55.944998766543215 -3.1893363420043244 1040.192869 923.257951
55.944998766543215 -3.1893363420043244 WSW 55.944883961513504 -3.1896135058640778 1040.192869 922.007951
55.944883961513504 -3.1896135058640778 SW 55.94467182947915 -3.1898256378984335 1040.192869 920.757951
55.94467182947915 -3.1898256378984335 WSW 55.94455702444944 -3.190102801758187 1040.192869 919.507951
55.94455702444944 -3.190102801758187 SW 55.94434489241508 -3.1903149337925427 1040.192869 918.257951
55.94434489241508 -3.1903149337925427 WSW 55.94423008738537 -3.190592097652296 1040.192869 917.007951
55.94423008738537 -3.190592097652296 SW 55.944017955351015 -3.190804229686652 1062.486983 926.816515
55.944017955351015 -3.190804229686652 WSW 55.943903150321304 -3.1910813935464053 1062.486983 925.566515
55.943903150321304 -3.1910813935464053 WNW 55.944017955351015 -3.1913585574061587 1124.184494 945.681060
55.944017955351015 -3.1913585574061587 W 55.944017955351015 -3.191658557406159 1168.498534 950.044693
55.944017955351015 -3.191658557406159 E 55.944017955351015 -3.1913585574061587 1184.153741 989.558120
55.944017955351015 -3.1913585574061587 E 55.944017955351015 -3.1910585574061585 1184.153741 988.308120
55.944017955351015 -3.1910585574061585 E 55.944017955351015 -3.1907585574061583 1184.153741 987.058120
55.944017955351015 -3.1907585574061583 E 55.944017955351015 -3.190458557406158 1184.153741 985.808120
55.944017955351015 -3.190458557406158 E 55.944017955351015 -3.190158557406158 1184.153741 984.558120
55.944017955351015 -3.190158557406158 E 55.944017955351015 -3.1898585574061578 1184.153741 983.308120
55.944017955351015 -3.1898585574061578 E 55.944017955351015 -3.1895585574061576 1184.153741 982.058120
55.944017955351015 -3.1895585574061576 E 55.944017955351015 -3.1892585574061574 1184.153741 980.808120
55.944017955351015 -3.1892585574061574 E 55.944017955351015 -3.188958557406157 1184.153741 979.558120
55.944017955351015 -3.188958557406157 E 55.944017955351015 -3.188658557406157 1184.153741 978.308120
55.944017955351015 -3.188658557406157 E 55.944017955351015 -3.188358557406157 1184.153741 977.058120
55.944017955351015 -3.188358557406157 WNW 55.944132760380725 -3.18863572126591 1257.523129 1053.136957
55.944132760380725 -3.18863572126591 WNW 55.944247565410436 -3.1889128851256636 1233.695406 1027.991022
55.944247565410436 -3.1889128851256636 WNW 55.944362370440146 -3.189190048985417 1233.695406 1026.741022
55.944362370440146 -3.189190048985417 WNW 55.944477175469856 -3.1894672128451704 1233.695406 1025.491022
55.944477175469856 -3.1894672128451704 WNW 55.94459198049957 -3.189744376704924 1233.695406 1024.241022
55.94459198049957 -3.189744376704924 WNW 55.94470678552928 -3.1900215405646772 1233.695406 1022.991022
55.94470678552928 -3.1900215405646772 WNW 55.94482159055899 -3.1902987044244306 1233.695406 1021.741022
55.94482159055899 -3.1902987044244306 WNW 55.9449363955887 -3.190575868284184 1233.695406 1020.491022
55.9449363955887 -3.190575868284184 W 55.9449363955887 -3.1908758682841842 1233.695406 1019.241022
55.9449363955887 -3.1908758682841842 WNW 55.94505120061841 -3.1911530321439376 1233.695406 1017.991022
55.94505120061841 -3.1911530321439376 W 55.94505120061841 -3.191453032143938 1297.625333 1134.620632
55.94505120061841 -3.191453032143938 WNW 55.94516600564812 -3.1917301960036912 1297.625333 1133.370632
55.94516600564812 -3.1917301960036912 W 55.94516600564812 -3.1920301960036914 1297.625333 1132.120632
55.94516600564812 -3.1920301960036914 WNW 55.94528081067783 -3.192307359863445 1297.625333 1130.870632
55.94528081067783 -3.192307359863445 SSE 55.94500364681807 -3.1921925548337353 1383.051510 1167.634429
55.94500364681807 -3.1921925548337353 SSE 55.944726482958316 -3.192077749804026 1383.051510 1166.384429
55.944726482958316 -3.192077749804026 SSE 55.94444931909856 -3.1919629447743163 1383.051510 1165.134429
55.94444931909856 -3.1919629447743163 SSE 55.9441721552388 -3.191848139744607 1383.051510 1163.884429
55.9441721552388 -3.191848139744607 SSE 55.94389499137905 -3.1917333347148973 1383.051510 1162.634429
55.94389499137905 -3.1917333347148973 SSE 55.94361782751929 -3.1916185296851878 1383.051510 1161.384429
55.94361782751929 -3.1916185296851878 SSE 55.943340663659534 -3.1915037246554783 1383.051510 1160.134429
55.943340663659534 -3.1915037246554783 SE 55.94312853162518 -3.1912915926211225 1383.051510 1158.884429
55.94312853162518 -3.1912915926211225 SSE 55.94285136776542 -3.191176787591413 1314.598533 1153.684773
55.94285136776542 -3.191176787591413 E 55.94285136776542 -3.190876787591413 1392.253951 1235.926653
55.94285136776542 -3.190876787591413 E 55.94285136776542 -3.1905767875914126 1392.253951 1234.676653
55.94285136776542 -3.1905767875914126 ESE 55.94273656273571 -3.190299623731659 1392.253951 1233.426653
55.94273656273571 -3.190299623731659 E 55.94273656273571 -3.189999623731659 1392.253951 1232.176653
55.94273656273571 -3.189999623731659 ESE 55.942621757706 -3.1897224598719056 1441.692384 1300.759376
55.942621757706 -3.1897224598719056 ENE 55.94273656273571 -3.189445296012152 1441.692384 1299.509376
55.94273656273571 -3.189445296012152 ENE 55.94285136776542 -3.189168132152399 1441.692384 1298.259376
55.94285136776542 -3.189168132152399 ENE 55.94296617279513 -3.1888909682926454 1441.692384 1297.009376
55.94296617279513 -3.1888909682926454 ENE 55.94308097782484 -3.188613804432892 1441.692384 1295.759376
55.94308097782484 -3.188613804432892 ENE 55.94319578285455 -3.1883366405731386 1441.692384 1294.509376
55.94319578285455 -3.1883366405731386 E 55.94319578285455 -3.1880366405731384 1441.692384 1293.259376
55.94319578285455 -3.1880366405731384 ENE 55.94331058788426 -3.187759476713385 1441.692384 1292.009376
55.94331058788426 -3.187759476713385 E 55.94331058788426 -3.187459476713385 1441.692384 1290.759376
55.94331058788426 -3.187459476713385 ENE 55.94342539291397 -3.1871823128536314 1441.692384 1289.509376
55.94342539291397 -3.1871823128536314 E 55.94342539291397 -3.186882312853631 1436.865780 1229.216102
55.94342539291397 -3.186882312853631 ENE 55.94354019794368 -3.186605148993878 1436.865780 1227.966102
55.94354019794368 -3.186605148993878 E 55.94354019794368 -3.1863051489938776 1436.865780 1226.716102
55.94354019794368 -3.1863051489938776 ENE 55.943655002973394 -3.186027985134124 1436.865780 1225.466102
55.943655002973394 -3.186027985134124 E 55.943655002973394 -3.185727985134124 1436.865780 1224.216102
55.943655002973394 -3.185727985134124 ENE 55.943769808003104 -3.1854508212743706 1436.865780 1222.966102
55.943769808003104 -3.1854508212743706 E 55.943769808003104 -3.1851508212743704 1436.865780 1221.716102
55.943769808003104 -3.1851508212743704 ENE 55.943884613032814 -3.184873657414617 1436.865780 1220.466102
55.943884613032814 -3.184873657414617 E 55.943884613032814 -3.184573657414617 1436.865780 1219.216102
55.943884613032814 -3.184573657414617 WSW 55.943769808003104 -3.1848508212743702 1522.741577 1293.980819
55.943769808003104 -3.1848508212743702 WSW 55.943655002973394 -3.1851279851341237 1522.741577 1292.730819
55.943655002973394 -3.1851279851341237 WSW 55.94354019794368 -3.185405148993877 1522.741577 1291.480819
55.94354019794368 -3.185405148993877 WSW 55.94342539291397 -3.1856823128536305 1522.741577 1290.230819
55.94342539291397 -3.1856823128536305 WSW 55.94331058788426 -3.185959476713384 1522.741577 1288.980819
55.94331058788426 -3.185959476713384 WSW 55.94319578285455 -3.1862366405731373 1522.741577 1287.730819
55.94319578285455 -3.1862366405731373 SW 55.942983650820196 -3.186448772607493 1522.741577 1286.480819
55.942983650820196 -3.186448772607493 WSW 55.942868845790485 -3.1867259364672464 1522.741577 1285.230819
55.942868845790485 -3.1867259364672464 SW 55.94265671375613 -3.186938068501602 1491.274747 1224.333149
55.94265671375613 -3.186938068501602 W 55.94265671375613 -3.1872380685016024 1515.301402 1340.179874
55.94265671375613 -3.1872380685016024 WNW 55.94277151878584 -3.187515232361356 1515.301402 1338.929874
55.94277151878584 -3.187515232361356 WNW 55.94288632381555 -3.187792396221109 1515.301402 1337.679874
55.94288632381555 -3.187792396221109 WNW 55.94300112884526 -3.1880695600808626 1515.301402 1336.429874
55.94300112884526 -3.1880695600808626 WNW 55.94311593387497 -3.188346723940616 1515.301402 1335.179874
55.94311593387497 -3.188346723940616 WNW 55.94323073890468 -3.1886238878003694 1515.301402 1333.929874
55.94323073890468 -3.1886238878003694 WNW 55.94334554393439 -3.188901051660123 1515.301402 1332.679874
55.94334554393439 -3.188901051660123 WNW 55.9434603489641 -3.1891782155198762 1571.939962 1415.091916
55.9434603489641 -3.1891782155198762 N 55.943760348964105 -3.1891782155198762 1571.939962 1413.841916
55.943760348964105 -3.1891782155198762 E 55.943760348964105 -3.188878215519876 1571.939962 1412.591916
55.943760348964105 -3.188878215519876 SSE 55.94348318510435 -3.1887634104901665 1571.939962 1411.341916
55.94348318510435 -3.1887634104901665 SE 55.94327105306999 -3.1885512784558108 1571.939962 1410.091916
55.94327105306999 -3.1885512784558108 S 55.94297105306999 -3.1885512784558108 1571.939962 1408.841916
55.94297105306999 -3.1885512784558108 ENE 55.9430858580997 -3.1882741145960574 1571.939962 1407.591916
55.9430858580997 -3.1882741145960574 ENE 55.94320066312941 -3.187996950736304 1571.939962 1406.341916
55.94320066312941 -3.187996950736304 NNE 55.94347782698917 -3.1878821457065945 1571.939962 1405.091916
55.94347782698917 -3.1878821457065945 NW 55.94368995902352 -3.18809427774095 1571.939962 1403.841916
55.94368995902352 -3.18809427774095 ESE 55.94357515399381 -3.187817113881197 1571.939962 1402.591916
55.94357515399381 -3.187817113881197 SE 55.943363021959456 -3.187604981846841 1571.939962 1401.341916
55.943363021959456 -3.187604981846841 WNW 55.94347782698917 -3.1878821457065945 1571.939962 1400.091916
55.94347782698917 -3.1878821457065945 SSE 55.94320066312941 -3.187767340676885 1571.939962 1398.841916
55.94320066312941 -3.187767340676885 SW 55.942988531095054 -3.1879794727112407 1571.939962 1397.591916
55.942988531095054 -3.1879794727112407 SE 55.9427763990607 -3.187767340676885 1571.939962 1396.341916
55.9427763990607 -3.187767340676885 W 55.9427763990607 -3.188067340676885 1571.939962 1395.091916
55.9427763990607 -3.188067340676885 NW 55.942988531095054 -3.188279472711241 1571.939962 1393.841916
55.942988531095054 -3.188279472711241 S 55.94268853109505 -3.188279472711241 1571.939962 1392.591916
55.94268853109505 -3.188279472711241 NE 55.94290066312941 -3.188067340676885 1571.939962 1391.341916
55.94290066312941 -3.188067340676885 WNW 55.94301546815912 -3.1883445045366385 1571.939962 1390.091916
55.94301546815912 -3.1883445045366385 WSW 55.94290066312941 -3.188621668396392 1571.939962 1388.841916
55.94290066312941 -3.188621668396392 NNW 55.943177826989164 -3.1887364734261014 1571.939962 1387.591916
55.943177826989164 -3.1887364734261014 W 55.943177826989164 -3.1890364734261016 1571.939962 1386.341916
55.943177826989164 -3.1890364734261016 S 55.94287782698916 -3.1890364734261016 1571.939962 1385.091916
55.94287782698916 -3.1890364734261016 ENE 55.94299263201887 -3.1887593095663482 1571.939962 1383.841916
55.94299263201887 -3.1887593095663482 E 55.94299263201887 -3.188459309566348 1571.939962 1382.591916
55.94299263201887 -3.188459309566348 WNW 55.94310743704858 -3.1887364734261014 1571.939962 1381.341916
55.94310743704858 -3.1887364734261014 N 55.943407437048585 -3.1887364734261014 1571.939962 1380.091916
55.943407437048585 -3.1887364734261014 SSE 55.94313027318883 -3.188621668396392 1571.939962 1378.841916
55.94313027318883 -3.188621668396392 WNW 55.94324507821854 -3.1888988322561453 1571.939962 1377.591916
55.94324507821854 -3.1888988322561453 SSW 55.94296791435878 -3.189013637285855 1571.939962 1376.341916
55.94296791435878 -3.189013637285855 NE 55.94318004639314 -3.188801505251499 1571.939962 1375.091916
55.94318004639314 -3.188801505251499 S 55.942880046393135 -3.188801505251499 1571.939962 1373.841916
55.942880046393135 -3.188801505251499 ESE 55.942765241363425 -3.1885243413917457 1571.939962 1372.591916
55.942765241363425 -3.1885243413917457 WNW 55.942880046393135 -3.188801505251499 1571.939962 1371.341916
55.942880046393135 -3.188801505251499 E 55.942880046393135 -3.188501505251499 1571.939962 1370.091916
55.942880046393135 -3.188501505251499 NNE 55.94315721025289 -3.1883867002217894 1571.939962 1368.841916
55.94315721025289 -3.1883867002217894 E 55.94315721025289 -3.188086700221789 1571.939962 1367.591916
55.94315721025289 -3.188086700221789 WSW 55.94304240522318 -3.1883638640815426 1571.939962 1366.341916
55.94304240522318 -3.1883638640815426 SSE 55.942765241363425 -3.188249059051833 1571.939962 1365.091916
55.942765241363425 -3.188249059051833 SSE 55.94248807750367 -3.1881342540221236 1571.939962 1363.841916
55.94248807750367 -3.1881342540221236 SW 55.94227594546931 -3.1883463860564794 1571.939962 1362.591916
55.94227594546931 -3.1883463860564794 SE 55.942063813434956 -3.1881342540221236 1571.939962 1361.341916
55.942063813434956 -3.1881342540221236 SSE 55.9417866495752 -3.188019448992414 1571.939962 1360.091916
55.9417866495752 -3.188019448992414 WSW 55.94167184454549 -3.1882966128521675 1571.939962 1358.841916
55.94167184454549 -3.1882966128521675 WNW 55.9417866495752 -3.188573776711921 1571.939962 1357.591916
55.9417866495752 -3.188573776711921 ESE 55.94167184454549 -3.1882966128521675 1571.939962 1356.341916
55.94167184454549 -3.1882966128521675 NNW 55.941949008405246 -3.188411417881877 1571.939962 1355.091916
55.941949008405246 -3.188411417881877 NNE 55.942226172265 -3.1882966128521675 1571.939962 1353.841916
55.942226172265 -3.1882966128521675 SW 55.942014040230646 -3.1885087448865232 1571.939962 1352.591916
55.942014040230646 -3.1885087448865232 NNW 55.9422912040904 -3.1886235499162328 1571.939962 1351.341916
55.9422912040904 -3.1886235499162328 ESE 55.94217639906069 -3.1883463860564794 1571.939962 1350.091916
55.94217639906069 -3.1883463860564794 SE 55.941964267026336 -3.1881342540221236 1571.939962 1348.841916
55.941964267026336 -3.1881342540221236 ENE 55.942079072056046 -3.18785709016237 1571.939962 1347.591916
55.942079072056046 -3.18785709016237 NNW 55.9423562359158 -3.1879718951920797 1571.939962 1346.341916
55.9423562359158 -3.1879718951920797 NNE 55.94263339977556 -3.18785709016237 1571.939962 1345.091916
55.94263339977556 -3.18785709016237 NNW 55.942910563635316 -3.1879718951920797 1571.939962 1343.841916
55.942910563635316 -3.1879718951920797 ENE 55.943025368665026 -3.1876947313323263 1571.939962 1342.591916
55.943025368665026 -3.1876947313323263 ENE 55.94314017369474 -3.187417567472573 1571.939962 1341.341916
55.94314017369474 -3.187417567472573 E 55.94314017369474 -3.1871175674725727 1571.939962 1340.091916
55.94314017369474 -3.1871175674725727 W 55.94314017369474 -3.187417567472573 1571.939962 1338.841916
55.94314017369474 -3.187417567472573 N 55.94344017369474 -3.187417567472573 1571.939962 1337.591916
55.94344017369474 -3.187417567472573 SW 55.94322804166038 -3.1876296995069286 1571.939962 1336.341916
55.94322804166038 -3.1876296995069286 WSW 55.94311323663067 -3.187906863366682 1571.939962 1335.091916
55.94311323663067 -3.187906863366682 E 55.94311323663067 -3.187606863366682 1571.939962 1333.841916
55.94311323663067 -3.187606863366682 W 55.94311323663067 -3.187906863366682 1571.939962 1332.591916
55.94311323663067 -3.187906863366682 NW 55.94332536866503 -3.188118995401038 1571.939962 1331.341916
55.94332536866503 -3.188118995401038 SSW 55.94304820480527 -3.1882338004307473 1571.939962 1330.091916
55.94304820480527 -3.1882338004307473 NNW 55.94332536866503 -3.188348605460457 1571.939962 1328.841916
55.94332536866503 -3.188348605460457 ENE 55.94344017369474 -3.1880714416007034 1571.939962 1327.591916
55.94344017369474 -3.1880714416007034 S 55.94314017369474 -3.1880714416007034 1571.939962 1326.341916
55.94314017369474 -3.1880714416007034 SE 55.94292804166038 -3.1878593095663477 1571.939962 1325.091916
55.94292804166038 -3.1878593095663477 N 55.94322804166038 -3.1878593095663477 1571.939962 1323.841916
55.94322804166038 -3.1878593095663477 NE 55.94344017369474 -3.187647177531992 1571.939962 1322.591916
55.94344017369474 -3.187647177531992 ESE 55.94332536866503 -3.1873700136722385 1571.939962 1321.341916
55.94332536866503 -3.1873700136722385 WSW 55.94321056363532 -3.187647177531992 1571.939962 1320.091916
55.94321056363532 -3.187647177531992 E 55.94321056363532 -3.1873471775319917 1571.939962 1318.841916
55.94321056363532 -3.1873471775319917 SSW 55.94293339977556 -3.187461982561701 1571.939962 1317.591916
55.94293339977556 -3.187461982561701 NNW 55.94321056363532 -3.1875767875914107 1571.939962 1316.341916
55.94321056363532 -3.1875767875914107 N 55.94351056363532 -3.1875767875914107 1571.939962 1315.091916
55.94351056363532 -3.1875767875914107 SSE 55.943233399775565 -3.187461982561701 1571.939962 1313.841916
55.943233399775565 -3.187461982561701 SSE 55.94295623591581 -3.1873471775319917 1571.939962 1312.591916
55.94295623591581 -3.1873471775319917 WSW 55.9428414308861 -3.187624341391745 1571.939962 1311.341916
