55.944425 -3.188396 ENE 55.94453980502971 -3.1881188361402466 0.000000 248.750000
55.94453980502971 -3.1881188361402466 ENE 55.94465461005942 -3.187841672280493 0.000000 247.500000
55.94465461005942 -3.187841672280493 ENE 55.944769415089134 -3.18756450842074 0.000000 246.250000
55.944769415089134 -3.18756450842074 ENE 55.944884220118844 -3.1872873445609864 0.000000 245.000000
55.944884220118844 -3.1872873445609864 ENE 55.944999025148554 -3.187010180701233 49.270928 256.824749
55.944999025148554 -3.187010180701233 ENE 55.945113830178265 -3.1867330168414796 0.000000 131.704170
55.945113830178265 -3.1867330168414796 ENE 55.945228635207975 -3.186455852981726 0.000000 130.454170
55.945228635207975 -3.186455852981726 ENE 55.945343440237686 -3.1861786891219728 0.000000 129.204170
55.945343440237686 -3.1861786891219728 ENE 55.945458245267396 -3.1859015252622194 0.000000 127.954170
55.945458245267396 -3.1859015252622194 S 55.94515824526739 -3.1859015252622194 113.887452 161.557950
55.94515824526739 -3.1859015252622194 S 55.94485824526739 -3.1859015252622194 220.206845 177.434411
55.94485824526739 -3.1859015252622194 S 55.94455824526739 -3.1859015252622194 235.925669 269.476424
55.94455824526739 -3.1859015252622194 SSE 55.94428108140763 -3.18578672023251 235.925669 268.226424
55.94428108140763 -3.18578672023251 S 55.94398108140763 -3.18578672023251 235.925669 266.976424
55.94398108140763 -3.18578672023251 SSE 55.94370391754787 -3.1856719152028004 235.925669 265.726424
55.94370391754787 -3.1856719152028004 S 55.94340391754787 -3.1856719152028004 313.140754 273.632146
55.94340391754787 -3.1856719152028004 SSE 55.94312675368811 -3.185557110173091 313.140754 272.382146
55.94312675368811 -3.185557110173091 NNE 55.94340391754787 -3.1854423051433813 348.280399 331.473396
55.94340391754787 -3.1854423051433813 NNE 55.943681081407625 -3.185327500113672 348.280399 330.223396
55.943681081407625 -3.185327500113672 NNE 55.94395824526738 -3.1852126950839623 348.280399 328.973396
55.94395824526738 -3.1852126950839623 NNE 55.94423540912714 -3.185097890054253 348.280399 327.723396
55.94423540912714 -3.185097890054253 NNE 55.944512572986895 -3.1849830850245433 348.280399 326.473396
55.944512572986895 -3.1849830850245433 NNE 55.94478973684665 -3.184868279994834 348.280399 325.223396
55.94478973684665 -3.184868279994834 NNE 55.94506690070641 -3.1847534749651243 348.280399 323.973396
55.94506690070641 -3.1847534749651243 SW 55.94485476867205 -3.18496560699948 381.073260 409.833400
55.94485476867205 -3.18496560699948 SW 55.944642636637695 -3.185177739033836 381.073260 408.583400
55.944642636637695 -3.185177739033836 SW 55.94443050460334 -3.1853898710681916 381.073260 407.333400
55.94443050460334 -3.1853898710681916 SW 55.94421837256898 -3.1856020031025474 381.073260 406.083400
55.94421837256898 -3.1856020031025474 SW 55.94400624053463 -3.185814135136903 381.073260 404.833400
55.94400624053463 -3.185814135136903 SW 55.94379410850027 -3.186026267171259 381.073260 403.583400
55.94379410850027 -3.186026267171259 SW 55.943581976465914 -3.1862383992056147 381.073260 402.333400
55.943581976465914 -3.1862383992056147 SW 55.94336984443156 -3.1864505312399705 381.073260 401.083400
55.94336984443156 -3.1864505312399705 SW 55.9431577123972 -3.1866626632743262 381.073260 399.833400
55.9431577123972 -3.1866626632743262 SSW 55.942880548537445 -3.1867774683040357 381.073260 398.583400
55.942880548537445 -3.1867774683040357 SW 55.94266841650309 -3.1869896003383915 349.606431 337.685730
55.94266841650309 -3.1869896003383915 NW 55.942880548537445 -3.1872017323727473 373.633086 453.532455
55.942880548537445 -3.1872017323727473 NW 55.9430926805718 -3.187413864407103 373.633086 452.282455
55.9430926805718 -3.187413864407103 NW 55.94330481260616 -3.187625996441459 373.633086 451.032455
55.94330481260616 -3.187625996441459 NW 55.943516944640514 -3.1878381284758146 373.633086 449.782455
55.943516944640514 -3.1878381284758146 NNW 55.94379410850027 -3.187952933505524 373.633086 448.532455
55.94379410850027 -3.187952933505524 NW 55.94400624053463 -3.18816506553988 373.633086 447.282455
55.94400624053463 -3.18816506553988 ENE 55.94412104556434 -3.1878879016801265 447.002473 523.361292
55.94412104556434 -3.1878879016801265 ENE 55.94423585059405 -3.187610737820373 421.060064 511.942810
55.94423585059405 -3.187610737820373 ENE 55.94435065562376 -3.1873335739606197 421.060064 510.692810
55.94435065562376 -3.1873335739606197 ENE 55.94446546065347 -3.1870564101008663 421.060064 509.442810
55.94446546065347 -3.1870564101008663 ENE 55.94458026568318 -3.186779246241113 421.060064 508.192810
55.94458026568318 -3.186779246241113 ENE 55.94469507071289 -3.1865020823813595 421.060064 506.942810
55.94469507071289 -3.1865020823813595 ENE 55.9448098757426 -3.186224918521606 421.060064 505.692810
55.9448098757426 -3.186224918521606 ENE 55.94492468077231 -3.1859477546618526 421.060064 504.442810
55.94492468077231 -3.1859477546618526 ENE 55.94503948580202 -3.1856705908020992 421.060064 503.192810
55.94503948580202 -3.1856705908020992 ENE 55.94515429083173 -3.185393426942346 421.060064 501.942810
55.94515429083173 -3.185393426942346 ENE 55.94526909586144 -3.1851162630825924 421.060064 500.692810
55.94526909586144 -3.1851162630825924 NE 55.9454812278958 -3.1849041310482367 370.952463 380.913157
55.9454812278958 -3.1849041310482367 ENE 55.94559603292551 -3.1846269671884833 370.952463 379.663157
55.94559603292551 -3.1846269671884833 NE 55.945808164959864 -3.1844148351541275 370.952463 378.413157
55.945808164959864 -3.1844148351541275 WSW 55.945693359930154 -3.184691999013881 440.410977 493.247553
55.945693359930154 -3.184691999013881 WSW 55.94557855490044 -3.1849691628736343 440.410977 491.997553
55.94557855490044 -3.1849691628736343 WSW 55.94546374987073 -3.1852463267333877 440.410977 490.747553
55.94546374987073 -3.1852463267333877 WSW 55.94534894484102 -3.185523490593141 440.410977 489.497553
55.94534894484102 -3.185523490593141 WSW 55.94523413981131 -3.1858006544528945 440.410977 488.247553
55.94523413981131 -3.1858006544528945 WSW 55.9451193347816 -3.186077818312648 440.410977 486.997553
55.9451193347816 -3.186077818312648 WSW 55.94500452975189 -3.1863549821724013 440.410977 485.747553
55.94500452975189 -3.1863549821724013 WSW 55.94488972472218 -3.1866321460321547 440.410977 484.497553
55.94488972472218 -3.1866321460321547 SW 55.944677592687825 -3.1868442780665105 440.410977 483.247553
55.944677592687825 -3.1868442780665105 WSW 55.944562787658114 -3.187121441926264 440.410977 481.997553
55.944562787658114 -3.187121441926264 SW 55.94435065562376 -3.1873335739606197 440.410977 480.747553
55.94435065562376 -3.1873335739606197 WSW 55.94423585059405 -3.187610737820373 440.410977 479.497553
55.94423585059405 -3.187610737820373 SW 55.94402371855969 -3.187822869854729 440.410977 478.247553
55.94402371855969 -3.187822869854729 WSW 55.94390891352998 -3.1881000337144823 440.410977 476.997553
55.94390891352998 -3.1881000337144823 SW 55.943696781495625 -3.188312165748838 440.410977 475.747553
55.943696781495625 -3.188312165748838 WSW 55.943581976465914 -3.1885893296085914 440.410977 474.497553
55.943581976465914 -3.1885893296085914 SW 55.94336984443156 -3.188801461642947 440.410977 473.247553
55.94336984443156 -3.188801461642947 WSW 55.94325503940185 -3.1890786255027006 440.410977 471.997553
55.94325503940185 -3.1890786255027006 SW 55.94304290736749 -3.1892907575370564 497.049537 554.409594
55.94304290736749 -3.1892907575370564 WSW 55.94292810233778 -3.18956792139681 497.049537 553.159594
55.94292810233778 -3.18956792139681 SW 55.942715970303425 -3.1897800534311656 497.049537 551.909594
55.942715970303425 -3.1897800534311656 NW 55.94292810233778 -3.1899921854655213 546.487969 620.492317
55.94292810233778 -3.1899921854655213 NW 55.94314023437214 -3.190204317499877 501.092509 604.545696
55.94314023437214 -3.190204317499877 NW 55.943352366406494 -3.190416449534233 501.092509 603.295696
55.943352366406494 -3.190416449534233 NW 55.94356449844085 -3.1906285815685886 501.092509 602.045696
55.94356449844085 -3.1906285815685886 NW 55.943776630475206 -3.1908407136029444 501.092509 600.795696
55.943776630475206 -3.1908407136029444 NW 55.94398876250956 -3.1910528456373 501.092509 599.545696
55.94398876250956 -3.1910528456373 NW 55.94420089454392 -3.191264977671656 501.092509 598.295696
55.94420089454392 -3.191264977671656 NW 55.944413026578275 -3.1914771097060117 501.092509 597.045696
55.944413026578275 -3.1914771097060117 NW 55.94462515861263 -3.1916892417403675 593.187362 600.890860
55.94462515861263 -3.1916892417403675 NW 55.94483729064699 -3.1919013737747233 682.346108 702.431665
55.94483729064699 -3.1919013737747233 NW 55.94504942268134 -3.192113505809079 682.346108 701.181665
55.94504942268134 -3.192113505809079 WNW 55.945164227711054 -3.1923906696688324 682.346108 699.931665
55.945164227711054 -3.1923906696688324 E 55.945164227711054 -3.1920906696688323 767.772285 736.695462
55.945164227711054 -3.1920906696688323 E 55.945164227711054 -3.191790669668832 767.772285 735.445462
55.945164227711054 -3.191790669668832 E 55.945164227711054 -3.191490669668832 767.772285 734.195462
55.945164227711054 -3.191490669668832 E 55.945164227711054 -3.1911906696688317 767.772285 732.945462
55.945164227711054 -3.1911906696688317 ESE 55.94504942268134 -3.1909135058090783 831.702212 849.575072
55.94504942268134 -3.1909135058090783 E 55.94504942268134 -3.190613505809078 831.702212 848.325072
55.94504942268134 -3.190613505809078 ESE 55.94493461765163 -3.1903363419493247 831.702212 847.075072
55.94493461765163 -3.1903363419493247 E 55.94493461765163 -3.1900363419493245 831.702212 845.825072
55.94493461765163 -3.1900363419493245 ESE 55.94481981262192 -3.189759178089571 831.702212 844.575072
55.94481981262192 -3.189759178089571 E 55.94481981262192 -3.189459178089571 927.784286 877.910157
55.94481981262192 -3.189459178089571 ESE 55.94470500759221 -3.1891820142298175 927.784286 876.660157
55.94470500759221 -3.1891820142298175 E 55.94470500759221 -3.1888820142298173 927.784286 875.410157
55.94470500759221 -3.1888820142298173 ESE 55.9445902025625 -3.188604850370064 927.784286 874.160157
55.9445902025625 -3.188604850370064 E 55.9445902025625 -3.1883048503700637 927.784286 872.910157
55.9445902025625 -3.1883048503700637 ESE 55.94447539753279 -3.1880276865103103 927.784286 871.660157
55.94447539753279 -3.1880276865103103 E 55.94447539753279 -3.18772768651031 927.784286 870.410157
55.94447539753279 -3.18772768651031 ESE 55.94436059250308 -3.1874505226505567 927.784286 869.160157
55.94436059250308 -3.1874505226505567 E 55.94436059250308 -3.1871505226505565 927.784286 867.910157
55.94436059250308 -3.1871505226505565 ESE 55.94424578747337 -3.186873358790803 927.784286 866.660157
55.94424578747337 -3.186873358790803 WSW 55.94413098244366 -3.1871505226505565 1038.393255 936.821669
55.94413098244366 -3.1871505226505565 WSW 55.94401617741395 -3.18742768651031 1038.393255 935.571669
55.94401617741395 -3.18742768651031 WSW 55.94390137238424 -3.1877048503700633 1038.393255 934.321669
55.94390137238424 -3.1877048503700633 WSW 55.94378656735453 -3.1879820142298168 1038.393255 933.071669
55.94378656735453 -3.1879820142298168 WSW 55.94367176232482 -3.18825917808957 1038.393255 931.821669
55.94367176232482 -3.18825917808957 WSW 55.94355695729511 -3.1885363419493236 1038.393255 930.571669
55.94355695729511 -3.1885363419493236 WSW 55.9434421522654 -3.188813505809077 1038.393255 929.321669
55.9434421522654 -3.188813505809077 WSW 55.94332734723569 -3.1890906696688304 1038.393255 928.071669
55.94332734723569 -3.1890906696688304 WSW 55.94321254220598 -3.1893678335285838 1038.393255 926.821669
55.94321254220598 -3.1893678335285838 WSW 55.94309773717627 -3.189644997388337 1038.393255 925.571669
55.94309773717627 -3.189644997388337 WSW 55.942982932146556 -3.1899221612480906 1038.393255 924.321669
55.942982932146556 -3.1899221612480906 WSW 55.942868127116846 -3.190199325107844 1038.393255 923.071669
55.942868127116846 -3.190199325107844 W 55.942868127116846 -3.190499325107844 1038.393255 921.821669
55.942868127116846 -3.190499325107844 WSW 55.942753322087135 -3.1907764889675976 1038.393255 920.571669
55.942753322087135 -3.1907764889675976 W 55.942753322087135 -3.1910764889675978 1038.393255 919.321669
55.942753322087135 -3.1910764889675978 NE 55.94296545412149 -3.190864356933242 1116.048673 1001.563548
55.94296545412149 -3.190864356933242 NE 55.94317758615585 -3.1906522248988862 1116.048673 1000.313548
55.94317758615585 -3.1906522248988862 NE 55.943389718190204 -3.1904400928645305 1116.048673 999.063548
55.943389718190204 -3.1904400928645305 NE 55.94360185022456 -3.1902279608301747 1116.048673 997.813548
55.94360185022456 -3.1902279608301747 NE 55.943813982258916 -3.190015828795819 1116.048673 996.563548
55.943813982258916 -3.190015828795819 NE 55.94402611429327 -3.189803696761463 1116.048673 995.313548
55.94402611429327 -3.189803696761463 NE 55.94423824632763 -3.1895915647271074 1116.048673 994.063548
55.94423824632763 -3.1895915647271074 NE 55.944450378361985 -3.1893794326927516 1116.048673 992.813548
55.944450378361985 -3.1893794326927516 NE 55.94466251039634 -3.189167300658396 1116.048673 991.563548
55.94466251039634 -3.189167300658396 NE 55.9448746424307 -3.18895516862404 1116.048673 990.313548
55.9448746424307 -3.18895516862404 ENE 55.94498944746041 -3.1886780047642866 1082.913524 914.614130
55.94498944746041 -3.1886780047642866 NE 55.945201579494764 -3.188465872729931 1082.913524 913.364130
55.945201579494764 -3.188465872729931 ENE 55.945316384524475 -3.1881887088701775 1082.913524 912.114130
55.945316384524475 -3.1881887088701775 NE 55.94552851655883 -3.1879765768358217 1082.913524 910.864130
55.94552851655883 -3.1879765768358217 ENE 55.94564332158854 -3.1876994129760683 1082.913524 909.614130
55.94564332158854 -3.1876994129760683 ESE 55.94552851655883 -3.187422249116315 1093.747507 990.933220
55.94552851655883 -3.187422249116315 ESE 55.94541371152912 -3.1871450852565615 1093.747507 989.683220
55.94541371152912 -3.1871450852565615 ESE 55.94529890649941 -3.186867921396808 1093.747507 988.433220
55.94529890649941 -3.186867921396808 ESE 55.9451841014697 -3.1865907575370547 1093.747507 987.183220
55.9451841014697 -3.1865907575370547 ESE 55.94506929643999 -3.1863135936773013 1093.747507 985.933220
55.94506929643999 -3.1863135936773013 SE 55.94485716440563 -3.1861014616429455 1093.747507 984.683220
55.94485716440563 -3.1861014616429455 ESE 55.94474235937592 -3.185824297783192 1093.747507 983.433220
55.94474235937592 -3.185824297783192 SE 55.944530227341566 -3.1856121657488363 1093.747507 982.183220
55.944530227341566 -3.1856121657488363 ESE 55.944415422311856 -3.185335001889083 1093.747507 980.933220
55.944415422311856 -3.185335001889083 SE 55.9442032902775 -3.185122869854727 1093.747507 979.683220
55.9442032902775 -3.185122869854727 ESE 55.94408848524779 -3.1848457059949737 1093.747507 978.433220
55.94408848524779 -3.1848457059949737 SE 55.94387635321343 -3.184633573960618 1093.747507 977.183220
55.94387635321343 -3.184633573960618 W 55.94387635321343 -3.184933573960618 1179.623304 1051.947937
55.94387635321343 -3.184933573960618 W 55.94387635321343 -3.1852335739606183 1179.623304 1050.697937
55.94387635321343 -3.1852335739606183 W 55.94387635321343 -3.1855335739606185 1179.623304 1049.447937
55.94387635321343 -3.1855335739606185 W 55.94387635321343 -3.1858335739606187 1179.623304 1048.197937
55.94387635321343 -3.1858335739606187 W 55.94387635321343 -3.186133573960619 1179.623304 1046.947937
55.94387635321343 -3.186133573960619 W 55.94387635321343 -3.186433573960619 1179.623304 1045.697937
55.94387635321343 -3.186433573960619 W 55.94387635321343 -3.1867335739606193 1211.285007 1124.019302
55.94387635321343 -3.1867335739606193 W 55.94387635321343 -3.1870335739606195 1211.285007 1122.769302
55.94387635321343 -3.1870335739606195 W 55.94387635321343 -3.1873335739606197 1211.285007 1121.519302
55.94387635321343 -3.1873335739606197 W 55.94387635321343 -3.18763357396062 1211.285007 1120.269302
55.94387635321343 -3.18763357396062 W 55.94387635321343 -3.18793357396062 1211.285007 1119.019302
55.94387635321343 -3.18793357396062 W 55.94387635321343 -3.1882335739606202 1211.285007 1117.769302
55.94387635321343 -3.1882335739606202 W 55.94387635321343 -3.1885335739606204 1211.285007 1116.519302
55.94387635321343 -3.1885335739606204 W 55.94387635321343 -3.1888335739606206 1211.285007 1115.269302
55.94387635321343 -3.1888335739606206 W 55.94387635321343 -3.189133573960621 1211.285007 1114.019302
55.94387635321343 -3.189133573960621 W 55.94387635321343 -3.189433573960621 1211.285007 1112.769302
55.94387635321343 -3.189433573960621 W 55.94387635321343 -3.189733573960621 1211.285007 1111.519302
55.94387635321343 -3.189733573960621 W 55.94387635321343 -3.1900335739606214 1211.285007 1110.269302
55.94387635321343 -3.1900335739606214 W 55.94387635321343 -3.1903335739606216 1211.285007 1109.019302
55.94387635321343 -3.1903335739606216 W 55.94387635321343 -3.1906335739606217 1233.579121 1118.827866
55.94387635321343 -3.1906335739606217 WSW 55.94376154818372 -3.190910737820375 1233.579121 1117.577866
55.94376154818372 -3.190910737820375 W 55.94376154818372 -3.1912107378203753 1233.579121 1116.327866
55.94376154818372 -3.1912107378203753 NE 55.94397368021808 -3.1909986057860196 1295.276633 1136.442411
55.94397368021808 -3.1909986057860196 NE 55.944185812252435 -3.190786473751664 1295.276633 1135.192411
55.944185812252435 -3.190786473751664 NE 55.94439794428679 -3.190574341717308 1295.276633 1133.942411
55.94439794428679 -3.190574341717308 NE 55.94461007632115 -3.1903622096829523 1295.276633 1132.692411
55.94461007632115 -3.1903622096829523 NE 55.944822208355504 -3.1901500776485965 1356.074358 1167.960519
55.944822208355504 -3.1901500776485965 NE 55.94503434038986 -3.1899379456142407 1356.074358 1166.710519
55.94503434038986 -3.1899379456142407 NE 55.945246472424216 -3.189725813579885 1356.074358 1165.460519
55.945246472424216 -3.189725813579885 NE 55.94545860445857 -3.189513681545529 1356.074358 1164.210519
55.94545860445857 -3.189513681545529 ENE 55.94557340948828 -3.1892365176857758 1356.074358 1162.960519
55.94557340948828 -3.1892365176857758 E 55.94557340948828 -3.1889365176857756 1436.704846 1277.556997
55.94557340948828 -3.1889365176857756 SW 55.94536127745393 -3.1891486497201313 1458.598043 1377.295912
55.94536127745393 -3.1891486497201313 SW 55.94514914541957 -3.189360781754487 1458.598043 1376.045912
55.94514914541957 -3.189360781754487 SW 55.944937013385214 -3.189572913788843 1458.598043 1374.795912
55.944937013385214 -3.189572913788843 SW 55.94472488135086 -3.1897850458231987 1458.598043 1373.545912
55.94472488135086 -3.1897850458231987 SW 55.9445127493165 -3.1899971778575544 1458.598043 1372.295912
55.9445127493165 -3.1899971778575544 WSW 55.94439794428679 -3.190274341717308 1469.375545 1432.788134
55.94439794428679 -3.190274341717308 WSW 55.94428313925708 -3.1905515055770612 1469.375545 1431.538134
55.94428313925708 -3.1905515055770612 WSW 55.94416833422737 -3.1908286694368146 1469.375545 1430.288134
55.94416833422737 -3.1908286694368146 WSW 55.94405352919766 -3.191105833296568 1469.375545 1429.038134
55.94405352919766 -3.191105833296568 WSW 55.94393872416795 -3.1913829971563215 1469.375545 1427.788134
55.94393872416795 -3.1913829971563215 NE 55.944150856202306 -3.1911708651219657 1513.689585 1432.151767
55.944150856202306 -3.1911708651219657 NE 55.94436298823666 -3.19095873308761 1513.689585 1430.901767
55.94436298823666 -3.19095873308761 NE 55.94457512027102 -3.190746601053254 1513.689585 1429.651767
55.94457512027102 -3.190746601053254 NNE 55.944852284130775 -3.1906317960235446 1513.689585 1428.401767
55.944852284130775 -3.1906317960235446 NE 55.94506441616513 -3.190419663989189 1513.689585 1427.151767
55.94506441616513 -3.190419663989189 SW 55.944852284130775 -3.1906317960235446 1629.461966 1511.958962
55.944852284130775 -3.1906317960235446 SW 55.94464015209642 -3.1908439280579004 1629.461966 1510.708962
55.94464015209642 -3.1908439280579004 SW 55.94442802006206 -3.191056060092256 1629.461966 1509.458962
55.94442802006206 -3.191056060092256 WSW 55.94431321503235 -3.1913332239520096 1629.461966 1508.208962
55.94431321503235 -3.1913332239520096 SW 55.944101082997996 -3.1915453559863654 1629.461966 1506.958962
55.944101082997996 -3.1915453559863654 WSW 55.943986277968285 -3.1918225198461188 1645.117173 1546.472389
55.943986277968285 -3.1918225198461188 S 55.94368627796828 -3.1918225198461188 1645.117173 1545.222389
55.94368627796828 -3.1918225198461188 ENE 55.94380108299799 -3.1915453559863654 1645.117173 1543.972389
55.94380108299799 -3.1915453559863654 SW 55.94358895096364 -3.191757488020721 1645.117173 1542.722389
55.94358895096364 -3.191757488020721 WNW 55.94370375599335 -3.1920346518804745 1645.117173 1541.472389
55.94370375599335 -3.1920346518804745 NE 55.9439158880277 -3.1918225198461188 1645.117173 1540.222389
55.9439158880277 -3.1918225198461188 NNE 55.94419305188746 -3.1917077148164092 1645.117173 1538.972389
55.94419305188746 -3.1917077148164092 SSW 55.9439158880277 -3.1918225198461188 1645.117173 1537.722389
55.9439158880277 -3.1918225198461188 NNW 55.94419305188746 -3.1919373248758283 1645.117173 1536.472389
55.94419305188746 -3.1919373248758283 S 55.94389305188746 -3.1919373248758283 1645.117173 1535.222389
55.94389305188746 -3.1919373248758283 ESE 55.94377824685775 -3.191660161016075 1645.117173 1533.972389
55.94377824685775 -3.191660161016075 S 55.943478246857744 -3.191660161016075 1645.117173 1532.722389
55.943478246857744 -3.191660161016075 S 55.94317824685774 -3.191660161016075 1645.117173 1531.472389
55.94317824685774 -3.191660161016075 SSE 55.942901082997984 -3.1915453559863654 1645.117173 1530.222389
55.942901082997984 -3.1915453559863654 E 55.942901082997984 -3.191245355986365 1645.117173 1528.972389
55.942901082997984 -3.191245355986365 WNW 55.943015888027695 -3.1915225198461186 1645.117173 1527.722389
55.943015888027695 -3.1915225198461186 NE 55.94322802006205 -3.191310387811763 1645.117173 1526.472389
55.94322802006205 -3.191310387811763 NNE 55.94350518392181 -3.1911955827820533 1576.664197 1521.272733
55.94350518392181 -3.1911955827820533 E 55.94350518392181 -3.190895582782053 1576.664197 1520.022733
55.94350518392181 -3.190895582782053 NNW 55.943782347781564 -3.1910103878117626 1576.664197 1518.772733
55.943782347781564 -3.1910103878117626 WNW 55.943897152811275 -3.191287551671516 1576.664197 1517.522733
55.943897152811275 -3.191287551671516 NE 55.94410928484563 -3.1910754196371602 1576.664197 1516.272733
55.94410928484563 -3.1910754196371602 E 55.94410928484563 -3.19077541963716 1576.664197 1515.022733
55.94410928484563 -3.19077541963716 SSE 55.943832120985874 -3.1906606146074505 1576.664197 1513.772733
55.943832120985874 -3.1906606146074505 ESE 55.943717315956164 -3.190383450747697 1576.664197 1512.522733
55.943717315956164 -3.190383450747697 SSE 55.94344015209641 -3.1902686457179876 1576.664197 1511.272733
55.94344015209641 -3.1902686457179876 SSE 55.94316298823665 -3.190153840688278 1576.664197 1510.022733
55.94316298823665 -3.190153840688278 ESE 55.94304818320694 -3.1898766768285247 1576.664197 1508.772733
55.94304818320694 -3.1898766768285247 NNE 55.9433253470667 -3.189761871798815 1576.664197 1507.522733
55.9433253470667 -3.189761871798815 NNW 55.94360251092645 -3.1898766768285247 1576.664197 1506.272733
55.94360251092645 -3.1898766768285247 NW 55.94381464296081 -3.1900888088628805 1576.664197 1505.022733
55.94381464296081 -3.1900888088628805 SW 55.94360251092645 -3.1903009408972363 1576.664197 1503.772733
55.94360251092645 -3.1903009408972363 E 55.94360251092645 -3.190000940897236 1576.664197 1502.522733
55.94360251092645 -3.190000940897236 SSW 55.9433253470667 -3.1901157459269456 1576.664197 1501.272733
55.9433253470667 -3.1901157459269456 SE 55.94311321503234 -3.18990361389259 1576.664197 1500.022733
55.94311321503234 -3.18990361389259 ENE 55.94322802006205 -3.1896264500328364 1576.664197 1498.772733
55.94322802006205 -3.1896264500328364 ESE 55.94311321503234 -3.189349286173083 1576.664197 1497.522733
55.94311321503234 -3.189349286173083 NNE 55.9433903788921 -3.1892344811433735 1576.664197 1496.272733
55.9433903788921 -3.1892344811433735 SE 55.94317824685774 -3.1890223491090177 1576.664197 1495.022733
55.94317824685774 -3.1890223491090177 WNW 55.94329305188745 -3.189299512968771 1576.664197 1493.772733
55.94329305188745 -3.189299512968771 E 55.94329305188745 -3.188999512968771 1576.664197 1492.522733
55.94329305188745 -3.188999512968771 WNW 55.94340785691716 -3.1892766768285243 1576.664197 1491.272733
55.94340785691716 -3.1892766768285243 NE 55.94361998895152 -3.1890645447941686 1576.664197 1490.022733
55.94361998895152 -3.1890645447941686 WSW 55.94350518392181 -3.189341708653922 1576.664197 1488.772733
55.94350518392181 -3.189341708653922 WSW 55.9433903788921 -3.1896188725136754 1576.664197 1487.522733
55.9433903788921 -3.1896188725136754 NNE 55.943667542751854 -3.189504067483966 1576.664197 1486.272733
55.943667542751854 -3.189504067483966 N 55.94396754275186 -3.189504067483966 1576.664197 1485.022733
55.94396754275186 -3.189504067483966 WNW 55.94408234778157 -3.1897812313437193 1576.664197 1483.772733
55.94408234778157 -3.1897812313437193 W 55.94408234778157 -3.1900812313437195 1576.664197 1482.522733
