55.944425 -3.188396 SW 55.944212867965646 -3.188608132034356 0.000000 248.750000
55.944212867965646 -3.188608132034356 SW 55.94400073593129 -3.1888202640687116 0.000000 223.604065
55.94400073593129 -3.1888202640687116 SW 55.943788603896934 -3.1890323961030673 0.000000 222.354065
55.943788603896934 -3.1890323961030673 SW 55.94357647186258 -3.189244528137423 0.000000 221.104065
55.94357647186258 -3.189244528137423 SW 55.94336433982822 -3.189456660171779 56.638560 303.516107
55.94336433982822 -3.189456660171779 SSW 55.943087175968465 -3.1895714652014884 56.638560 302.266107
55.943087175968465 -3.1895714652014884 SW 55.94287504393411 -3.189783597235844 56.638560 301.016107
55.94287504393411 -3.189783597235844 NW 55.943087175968465 -3.1899957292702 106.076993 369.598830
55.943087175968465 -3.1899957292702 NW 55.94329930800282 -3.1902078613045557 60.681532 353.652208
55.94329930800282 -3.1902078613045557 NW 55.94351144003718 -3.1904199933389115 60.681532 352.402208
55.94351144003718 -3.1904199933389115 NW 55.943723572071534 -3.1906321253732672 60.681532 351.152208
55.943723572071534 -3.1906321253732672 NW 55.94393570410589 -3.190844257407623 60.681532 349.902208
55.94393570410589 -3.190844257407623 NW 55.944147836140246 -3.191056389441979 60.681532 348.652208
55.944147836140246 -3.191056389441979 WNW 55.944262641169956 -3.191333553301732 60.681532 347.402208
55.944262641169956 -3.191333553301732 NW 55.94447477320431 -3.191545685336088 60.681532 346.152208
55.94447477320431 -3.191545685336088 ENE 55.94458957823402 -3.1912685214763346 152.776386 349.997372
55.94458957823402 -3.1912685214763346 ENE 55.94470438326373 -3.190991357616581 152.776386 348.747372
55.94470438326373 -3.190991357616581 ENE 55.944819188293444 -3.1907141937568277 152.776386 347.497372
55.944819188293444 -3.1907141937568277 ENE 55.944933993323154 -3.1904370298970743 152.776386 346.247372
55.944933993323154 -3.1904370298970743 ENE 55.945048798352865 -3.190159866037321 152.776386 344.997372
55.945048798352865 -3.190159866037321 ENE 55.945163603382575 -3.1898827021775675 152.776386 343.747372
55.945163603382575 -3.1898827021775675 NE 55.94537573541693 -3.1896705701432118 152.776386 342.497372
55.94537573541693 -3.1896705701432118 ENE 55.94549054044664 -3.1893934062834584 152.776386 341.247372
55.94549054044664 -3.1893934062834584 NE 55.945702672481 -3.1891812742491026 152.776386 339.997372
55.945702672481 -3.1891812742491026 ESE 55.94558786745129 -3.188904110389349 233.406874 454.593850
55.94558786745129 -3.188904110389349 ESE 55.94547306242158 -3.1886269465295958 255.300070 554.332765
55.94547306242158 -3.1886269465295958 ESE 55.94535825739187 -3.1883497826698424 255.300070 553.082765
55.94535825739187 -3.1883497826698424 SE 55.94514612535751 -3.1881376506354866 255.300070 551.832765
55.94514612535751 -3.1881376506354866 ESE 55.9450313203278 -3.187860486775733 255.300070 550.582765
55.9450313203278 -3.187860486775733 SE 55.944819188293444 -3.1876483547413774 255.300070 549.332765
55.944819188293444 -3.1876483547413774 ESE 55.94470438326373 -3.187371190881624 255.300070 548.082765
55.94470438326373 -3.187371190881624 SE 55.94449225122938 -3.1871590588472682 255.300070 546.832765
55.94449225122938 -3.1871590588472682 ESE 55.94437744619967 -3.186881894987515 255.300070 545.582765
55.94437744619967 -3.186881894987515 SE 55.94416531416531 -3.186669762953159 255.300070 544.332765
55.94416531416531 -3.186669762953159 E 55.94416531416531 -3.186369762953159 365.909040 614.494276
55.94416531416531 -3.186369762953159 E 55.94416531416531 -3.1860697629531587 365.909040 613.244276
55.94416531416531 -3.1860697629531587 E 55.94416531416531 -3.1857697629531585 365.909040 611.994276
55.94416531416531 -3.1857697629531585 ESE 55.9440505091356 -3.185492599093405 365.909040 610.744276
55.9440505091356 -3.185492599093405 E 55.9440505091356 -3.185192599093405 365.909040 609.494276
55.9440505091356 -3.185192599093405 ESE 55.94393570410589 -3.1849154352336515 365.909040 608.244276
55.94393570410589 -3.1849154352336515 E 55.94393570410589 -3.1846154352336513 365.909040 606.994276
55.94393570410589 -3.1846154352336513 NW 55.944147836140246 -3.184827567268007 451.784837 681.758992
55.944147836140246 -3.184827567268007 NW 55.9443599681746 -3.185039699302363 451.784837 680.508992
55.9443599681746 -3.185039699302363 NW 55.94457210020896 -3.1852518313367186 451.784837 679.258992
55.94457210020896 -3.1852518313367186 NW 55.944784232243315 -3.1854639633710744 451.784837 678.008992
55.944784232243315 -3.1854639633710744 NW 55.94499636427767 -3.18567609540543 451.784837 676.758992
55.94499636427767 -3.18567609540543 NW 55.94520849631203 -3.185888227439786 451.784837 675.508992
55.94520849631203 -3.185888227439786 N 55.94550849631203 -3.185888227439786 558.104229 691.385453
55.94550849631203 -3.185888227439786 W 55.94550849631203 -3.186188227439786 671.991681 724.989233
55.94550849631203 -3.186188227439786 WSW 55.94539369128232 -3.1864653912995395 671.991681 723.739233
55.94539369128232 -3.1864653912995395 W 55.94539369128232 -3.1867653912995397 581.333921 700.453534
55.94539369128232 -3.1867653912995397 WSW 55.94527888625261 -3.187042555159293 581.333921 699.203534
55.94527888625261 -3.187042555159293 W 55.94527888625261 -3.1873425551592933 477.320634 574.082955
55.94527888625261 -3.1873425551592933 WSW 55.9451640812229 -3.1876197190190467 477.320634 572.832955
55.9451640812229 -3.1876197190190467 W 55.9451640812229 -3.187919719019047 477.320634 571.582955
55.9451640812229 -3.187919719019047 WSW 55.94504927619319 -3.1881968828788003 477.320634 570.332955
55.94504927619319 -3.1881968828788003 W 55.94504927619319 -3.1884968828788005 477.320634 569.082955
55.94504927619319 -3.1884968828788005 WSW 55.94493447116348 -3.188774046738554 477.320634 567.832955
55.94493447116348 -3.188774046738554 W 55.94493447116348 -3.189074046738554 444.185485 492.133537
55.94493447116348 -3.189074046738554 WSW 55.94481966613377 -3.1893512105983075 444.185485 490.883537
55.94481966613377 -3.1893512105983075 W 55.94481966613377 -3.1896512105983077 444.185485 489.633537
55.94481966613377 -3.1896512105983077 WSW 55.94470486110406 -3.189928374458061 540.267560 522.968623
55.94470486110406 -3.189928374458061 W 55.94470486110406 -3.1902283744580613 551.045062 583.460845
55.94470486110406 -3.1902283744580613 SSW 55.9444276972443 -3.190343179487771 611.842787 618.728953
55.9444276972443 -3.190343179487771 SSW 55.944150533384544 -3.1904579845174803 611.842787 617.478953
55.944150533384544 -3.1904579845174803 SSW 55.94387336952479 -3.19057278954719 634.136901 627.287517
55.94387336952479 -3.19057278954719 SSW 55.94359620566503 -3.1906875945768993 634.136901 626.037517
55.94359620566503 -3.1906875945768993 SSW 55.943319041805275 -3.190802399606609 634.136901 624.787517
55.943319041805275 -3.190802399606609 SSW 55.94304187794552 -3.1909172046363183 634.136901 623.537517
55.94304187794552 -3.1909172046363183 SSW 55.94276471408576 -3.191032009666028 634.136901 622.287517
55.94276471408576 -3.191032009666028 NNW 55.94304187794552 -3.1911468146957374 711.792318 704.529397
55.94304187794552 -3.1911468146957374 NNW 55.943319041805275 -3.191261619725447 711.792318 703.279397
55.943319041805275 -3.191261619725447 NNW 55.94359620566503 -3.1913764247551564 643.339342 698.079741
55.94359620566503 -3.1913764247551564 NNW 55.94387336952479 -3.191491229784866 705.036854 718.194285
55.94387336952479 -3.191491229784866 NNW 55.944150533384544 -3.1916060348145754 749.350894 722.557919
55.944150533384544 -3.1916060348145754 N 55.94445053338455 -3.1916060348145754 765.006101 762.071346
55.94445053338455 -3.1916060348145754 NNW 55.9447276972443 -3.191720839844285 765.006101 760.821346
55.9447276972443 -3.191720839844285 NE 55.94493982927866 -3.191508707809929 854.164847 862.362151
55.94493982927866 -3.191508707809929 NE 55.945151961313016 -3.1912965757755734 854.164847 861.112151
55.945151961313016 -3.1912965757755734 W 55.945151961313016 -3.1915965757755735 918.094774 977.741760
55.945151961313016 -3.1915965757755735 W 55.945151961313016 -3.1918965757755737 918.094774 976.491760
55.945151961313016 -3.1918965757755737 WNW 55.945266766342726 -3.192173739635327 918.094774 975.241760
55.945266766342726 -3.192173739635327 W 55.945266766342726 -3.1924737396353273 918.094774 973.991760
55.945266766342726 -3.1924737396353273 ESE 55.945151961313016 -3.192196575775574 1003.520950 1010.755558
55.945151961313016 -3.192196575775574 ESE 55.945037156283306 -3.1919194119158205 1003.520950 1009.505558
55.945037156283306 -3.1919194119158205 ESE 55.944922351253595 -3.191642248056067 1003.520950 1008.255558
55.944922351253595 -3.191642248056067 ESE 55.944807546223885 -3.1913650841963137 1003.520950 1007.005558
55.944807546223885 -3.1913650841963137 ESE 55.944692741194174 -3.1910879203365603 1003.520950 1005.755558
55.944692741194174 -3.1910879203365603 ESE 55.944577936164464 -3.190810756476807 1003.520950 1004.505558
55.944577936164464 -3.190810756476807 ESE 55.944463131134754 -3.1905335926170535 1003.520950 1003.255558
55.944463131134754 -3.1905335926170535 E 55.944463131134754 -3.1902335926170533 1003.520950 1002.005558
55.944463131134754 -3.1902335926170533 ESE 55.94434832610504 -3.1899564287573 1003.520950 1000.755558
55.94434832610504 -3.1899564287573 E 55.94434832610504 -3.1896564287572997 1003.520950 999.505558
55.94434832610504 -3.1896564287572997 ESE 55.94423352107533 -3.1893792648975463 1003.520950 998.255558
55.94423352107533 -3.1893792648975463 E 55.94423352107533 -3.189079264897546 1003.520950 997.005558
55.94423352107533 -3.189079264897546 ESE 55.94411871604562 -3.1888021010377927 1003.520950 995.755558
55.94411871604562 -3.1888021010377927 E 55.94411871604562 -3.1885021010377925 979.693228 994.505558
55.94411871604562 -3.1885021010377925 ESE 55.94400391101591 -3.188224937178039 979.693228 993.255558
55.94400391101591 -3.188224937178039 ENE 55.94411871604562 -3.1879477733182857 1053.062615 1069.334394
55.94411871604562 -3.1879477733182857 ENE 55.94423352107533 -3.1876706094585323 1027.120206 1057.915912
55.94423352107533 -3.1876706094585323 ENE 55.94434832610504 -3.187393445598779 1027.120206 1056.665912
55.94434832610504 -3.187393445598779 ENE 55.944463131134754 -3.1871162817390255 1027.120206 1055.415912
55.944463131134754 -3.1871162817390255 ENE 55.944577936164464 -3.186839117879272 1027.120206 1054.165912
55.944577936164464 -3.186839117879272 ENE 55.944692741194174 -3.1865619540195187 1027.120206 1052.915912
55.944692741194174 -3.1865619540195187 ENE 55.944807546223885 -3.1862847901597653 1027.120206 1051.665912
55.944807546223885 -3.1862847901597653 ENE 55.944922351253595 -3.186007626300012 1027.120206 1050.415912
55.944922351253595 -3.186007626300012 ENE 55.945037156283306 -3.1857304624402585 1042.839031 1142.457926
55.945037156283306 -3.1857304624402585 ENE 55.945151961313016 -3.185453298580505 1042.839031 1141.207926
55.945151961313016 -3.185453298580505 ENE 55.945266766342726 -3.1851761347207517 1042.839031 1139.957926
55.945266766342726 -3.1851761347207517 NE 55.94547889837708 -3.184964002686396 992.731429 1020.178272
55.94547889837708 -3.184964002686396 ENE 55.94559370340679 -3.1846868388266425 992.731429 1018.928272
55.94559370340679 -3.1846868388266425 NE 55.94580583544115 -3.1844747067922867 992.731429 1017.678272
55.94580583544115 -3.1844747067922867 WSW 55.94569103041144 -3.18475187065204 1062.189943 1132.512669
55.94569103041144 -3.18475187065204 WSW 55.94557622538173 -3.1850290345117935 1062.189943 1131.262669
55.94557622538173 -3.1850290345117935 WSW 55.94546142035202 -3.185306198371547 1062.189943 1130.012669
55.94546142035202 -3.185306198371547 WSW 55.94534661532231 -3.1855833622313003 1062.189943 1128.762669
55.94534661532231 -3.1855833622313003 WSW 55.9452318102926 -3.1858605260910537 1062.189943 1127.512669
55.9452318102926 -3.1858605260910537 W 55.9452318102926 -3.186160526091054 1062.189943 1126.262669
55.9452318102926 -3.186160526091054 WSW 55.94511700526289 -3.1864376899508073 1062.189943 1125.012669
55.94511700526289 -3.1864376899508073 W 55.94511700526289 -3.1867376899508075 1062.189943 1123.762669
55.94511700526289 -3.1867376899508075 WSW 55.945002200233176 -3.187014853810561 1062.189943 1122.512669
55.945002200233176 -3.187014853810561 W 55.945002200233176 -3.187314853810561 1062.189943 1121.262669
55.945002200233176 -3.187314853810561 W 55.945002200233176 -3.1876148538105613 1111.460872 1133.087417
55.945002200233176 -3.1876148538105613 W 55.945002200233176 -3.1879148538105615 1111.460872 1131.837417
55.945002200233176 -3.1879148538105615 W 55.945002200233176 -3.1882148538105617 1111.460872 1130.587417
55.945002200233176 -3.1882148538105617 W 55.945002200233176 -3.188514853810562 1111.460872 1129.337417
55.945002200233176 -3.188514853810562 W 55.945002200233176 -3.188814853810562 1111.460872 1128.087417
55.945002200233176 -3.188814853810562 W 55.945002200233176 -3.1891148538105623 1111.460872 1126.837417
55.945002200233176 -3.1891148538105623 WNW 55.94511700526289 -3.1893920176703157 1111.460872 1125.587417
55.94511700526289 -3.1893920176703157 W 55.94511700526289 -3.189692017670316 1111.460872 1124.337417
55.94511700526289 -3.189692017670316 WNW 55.9452318102926 -3.1899691815300693 1111.460872 1123.087417
55.9452318102926 -3.1899691815300693 W 55.9452318102926 -3.1902691815300694 1111.460872 1121.837417
55.9452318102926 -3.1902691815300694 ESE 55.94511700526289 -3.189992017670316 1227.233253 1206.644612
55.94511700526289 -3.189992017670316 ESE 55.945002200233176 -3.1897148538105626 1227.233253 1205.394612
55.945002200233176 -3.1897148538105626 ESE 55.944887395203466 -3.1894376899508092 1227.233253 1204.144612
55.944887395203466 -3.1894376899508092 ESE 55.944772590173756 -3.189160526091056 1227.233253 1202.894612
55.944772590173756 -3.189160526091056 ESE 55.944657785144045 -3.1888833622313024 1227.233253 1201.644612
55.944657785144045 -3.1888833622313024 ESE 55.944542980114335 -3.188606198371549 1227.233253 1200.394612
55.944542980114335 -3.188606198371549 ESE 55.944428175084624 -3.1883290345117956 1227.233253 1199.144612
55.944428175084624 -3.1883290345117956 ESE 55.944313370054914 -3.188051870652042 1227.233253 1197.894612
55.944313370054914 -3.188051870652042 ESE 55.944198565025204 -3.187774706792289 1227.233253 1196.644612
55.944198565025204 -3.187774706792289 ESE 55.94408375999549 -3.1874975429325354 1227.233253 1195.394612
55.94408375999549 -3.1874975429325354 E 55.94408375999549 -3.187197542932535 1227.233253 1194.144612
55.94408375999549 -3.187197542932535 ESE 55.94396895496578 -3.186920379072782 1227.233253 1192.894612
55.94396895496578 -3.186920379072782 E 55.94396895496578 -3.1866203790727816 1227.233253 1191.644612
55.94396895496578 -3.1866203790727816 ESE 55.94385414993607 -3.186343215213028 1258.894956 1269.965978
55.94385414993607 -3.186343215213028 NE 55.94406628197043 -3.1861310831786724 1258.894956 1268.715978
55.94406628197043 -3.1861310831786724 NE 55.944278414004785 -3.1859189511443167 1258.894956 1267.465978
55.944278414004785 -3.1859189511443167 NE 55.94449054603914 -3.185706819109961 1258.894956 1266.215978
55.94449054603914 -3.185706819109961 ENE 55.94460535106885 -3.1854296552502075 1258.894956 1264.965978
55.94460535106885 -3.1854296552502075 NE 55.94481748310321 -3.1852175232158517 1258.894956 1263.715978
55.94481748310321 -3.1852175232158517 ENE 55.94493228813292 -3.1849403593560983 1258.894956 1262.465978
55.94493228813292 -3.1849403593560983 SSW 55.94465512427316 -3.185055164385808 1291.687818 1348.325981
55.94465512427316 -3.185055164385808 SSW 55.944377960413405 -3.1851699694155173 1291.687818 1347.075981
55.944377960413405 -3.1851699694155173 SW 55.94416582837905 -3.185382101449873 1291.687818 1345.825981
55.94416582837905 -3.185382101449873 SSW 55.94388866451929 -3.1854969064795826 1291.687818 1344.575981
55.94388866451929 -3.1854969064795826 SW 55.943676532484936 -3.1857090385139384 1368.902903 1352.481704
55.943676532484936 -3.1857090385139384 SW 55.94346440045058 -3.185921170548294 1368.902903 1351.231704
55.94346440045058 -3.185921170548294 SW 55.943252268416224 -3.18613330258265 1368.902903 1349.981704
55.943252268416224 -3.18613330258265 SW 55.94304013638187 -3.1863454346170057 1368.902903 1348.731704
55.94304013638187 -3.1863454346170057 WSW 55.94292533135216 -3.186622598476759 1368.902903 1347.481704
55.94292533135216 -3.186622598476759 SW 55.9427131993178 -3.186834730511115 1337.436073 1286.584034
55.9427131993178 -3.186834730511115 NNW 55.94299036317756 -3.1869495355408244 1361.462728 1402.430759
55.94299036317756 -3.1869495355408244 NNW 55.943267527037314 -3.187064340570534 1361.462728 1401.180759
55.943267527037314 -3.187064340570534 NNW 55.94354469089707 -3.1871791456002434 1361.462728 1399.930759
55.94354469089707 -3.1871791456002434 N 55.94384469089707 -3.1871791456002434 1356.636124 1339.637486
55.94384469089707 -3.1871791456002434 NNW 55.94412185475683 -3.187293950629953 1356.636124 1338.387486
55.94412185475683 -3.187293950629953 N 55.94442185475683 -3.187293950629953 1356.636124 1337.137486
55.94442185475683 -3.187293950629953 NNW 55.94469901861659 -3.1874087556596624 1356.636124 1335.887486
55.94469901861659 -3.1874087556596624 N 55.94499901861659 -3.1874087556596624 1356.636124 1334.637486
55.94499901861659 -3.1874087556596624 NNW 55.94527618247635 -3.187523560689372 1356.636124 1333.387486
55.94527618247635 -3.187523560689372 N 55.94557618247635 -3.187523560689372 1356.636124 1332.137486
55.94557618247635 -3.187523560689372 NNW 55.94585334633611 -3.1876383657190814 1367.470107 1413.456576
55.94585334633611 -3.1876383657190814 SE 55.94564121430175 -3.1874262336847257 1367.470107 1412.206576
55.94564121430175 -3.1874262336847257 SE 55.945429082267395 -3.18721410165037 1367.470107 1410.956576
55.945429082267395 -3.18721410165037 SSE 55.94515191840764 -3.1870992966206604 1367.470107 1409.706576
55.94515191840764 -3.1870992966206604 SE 55.94493978637328 -3.1868871645863046 1367.470107 1408.456576
55.94493978637328 -3.1868871645863046 SSE 55.944662622513526 -3.186772359556595 1367.470107 1407.206576
55.944662622513526 -3.186772359556595 SE 55.94445049047917 -3.1865602275222393 1367.470107 1405.956576
55.94445049047917 -3.1865602275222393 SSE 55.94417332661941 -3.18644542249253 1363.023258 1300.457644
55.94417332661941 -3.18644542249253 SE 55.94396119458506 -3.186233290458174 1363.023258 1299.207644
55.94396119458506 -3.186233290458174 SSE 55.9436840307253 -3.1861184854284645 1363.023258 1297.957644
55.9436840307253 -3.1861184854284645 SE 55.943471898690944 -3.1859063533941088 1363.023258 1296.707644
55.943471898690944 -3.1859063533941088 SSE 55.94319473483119 -3.1857915483643993 1363.023258 1295.457644
55.94319473483119 -3.1857915483643993 SE 55.94298260279683 -3.1855794163300435 1363.023258 1294.207644
55.94298260279683 -3.1855794163300435 SSE 55.942705438937075 -3.185464611300334 1398.162903 1353.298894
55.942705438937075 -3.185464611300334 NNW 55.94298260279683 -3.1855794163300435 1398.162903 1352.048894
55.94298260279683 -3.1855794163300435 E 55.94298260279683 -3.1852794163300433 1398.162903 1350.798894
55.94298260279683 -3.1852794163300433 NNE 55.94325976665659 -3.185164611300334 1398.162903 1349.548894
55.94325976665659 -3.185164611300334 WNW 55.9433745716863 -3.185441775160087 1398.162903 1348.298894
55.9433745716863 -3.185441775160087 NW 55.943586703720655 -3.185653907194443 1398.162903 1347.048894
55.943586703720655 -3.185653907194443 SE 55.9433745716863 -3.185441775160087 1398.162903 1345.798894
55.9433745716863 -3.185441775160087 SW 55.94316243965194 -3.185653907194443 1398.162903 1344.548894
55.94316243965194 -3.185653907194443 W 55.94316243965194 -3.185953907194443 1398.162903 1343.298894
55.94316243965194 -3.185953907194443 ESE 55.94304763462223 -3.1856767433346898 1398.162903 1342.048894
55.94304763462223 -3.1856767433346898 NW 55.94325976665659 -3.1858888753690455 1398.162903 1340.798894
55.94325976665659 -3.1858888753690455 SW 55.94304763462223 -3.1861010074034013 1398.162903 1339.548894
55.94304763462223 -3.1861010074034013 SE 55.942835502587876 -3.1858888753690455 1398.162903 1338.298894
55.942835502587876 -3.1858888753690455 WNW 55.942950307617586 -3.186166039228799 1398.162903 1337.048894
55.942950307617586 -3.186166039228799 ESE 55.942835502587876 -3.1858888753690455 1398.162903 1335.798894
55.942835502587876 -3.1858888753690455 NNE 55.94311266644763 -3.185774070339336 1398.162903 1334.548894
55.94311266644763 -3.185774070339336 SE 55.942900534413276 -3.1855619383049802 1398.162903 1333.298894
55.942900534413276 -3.1855619383049802 SE 55.94268840237892 -3.1853498062706245 1398.162903 1332.048894
55.94268840237892 -3.1853498062706245 SSE 55.94241123851916 -3.185235001240915 1398.162903 1330.798894
55.94241123851916 -3.185235001240915 ESE 55.94229643348945 -3.1849578373811616 1398.162903 1329.548894
55.94229643348945 -3.1849578373811616 W 55.94229643348945 -3.1852578373811617 1398.162903 1328.298894
55.94229643348945 -3.1852578373811617 SW 55.9420843014551 -3.1854699694155175 1398.162903 1327.048894
55.9420843014551 -3.1854699694155175 SW 55.94187216942074 -3.1856821014498733 1398.162903 1325.798894
55.94187216942074 -3.1856821014498733 W 55.94187216942074 -3.1859821014498735 1398.162903 1324.548894
55.94187216942074 -3.1859821014498735 ESE 55.94175736439103 -3.18570493759012 1398.162903 1323.298894
55.94175736439103 -3.18570493759012 ESE 55.94164255936132 -3.1854277737303667 1398.162903 1322.048894
55.94164255936132 -3.1854277737303667 SE 55.941430427326964 -3.185215641696011 1398.162903 1320.798894
55.941430427326964 -3.185215641696011 NW 55.94164255936132 -3.1854277737303667 1398.162903 1319.548894
55.94164255936132 -3.1854277737303667 N 55.94194255936132 -3.1854277737303667 1398.162903 1318.298894
55.94194255936132 -3.1854277737303667 SSE 55.941665395501566 -3.185312968700657 1398.162903 1317.048894
55.941665395501566 -3.185312968700657 ESE 55.941550590471856 -3.1850358048409038 1398.162903 1315.798894
55.941550590471856 -3.1850358048409038 W 55.941550590471856 -3.185335804840904 1398.162903 1314.548894
55.941550590471856 -3.185335804840904 N 55.94185059047186 -3.185335804840904 1398.162903 1313.298894
55.94185059047186 -3.185335804840904 NW 55.942062722506215 -3.1855479368752597 1398.162903 1312.048894
55.942062722506215 -3.1855479368752597 NE 55.94227485454057 -3.185335804840904 1398.162903 1310.798894
55.94227485454057 -3.185335804840904 SE 55.942062722506215 -3.185123672806548 1398.162903 1309.548894
55.942062722506215 -3.185123672806548 S 55.94176272250621 -3.185123672806548 1398.162903 1308.298894
55.94176272250621 -3.185123672806548 S 55.94146272250621 -3.185123672806548 1398.162903 1307.048894
55.94146272250621 -3.185123672806548 SSE 55.94118555864645 -3.1850088677768387 1398.162903 1305.798894
55.94118555864645 -3.1850088677768387 NE 55.94139769068081 -3.184796735742483 1398.162903 1304.548894
55.94139769068081 -3.184796735742483 SSW 55.94112052682105 -3.1849115407721924 1398.162903 1303.298894
55.94112052682105 -3.1849115407721924 ESE 55.94100572179134 -3.184634376912439 1398.162903 1302.048894
55.94100572179134 -3.184634376912439 SE 55.940793589756986 -3.1844222448780832 1398.162903 1300.798894
55.940793589756986 -3.1844222448780832 NE 55.94100572179134 -3.1842101128437275 1398.162903 1299.548894
55.94100572179134 -3.1842101128437275 E 55.94100572179134 -3.1839101128437273 1398.162903 1298.298894
55.94100572179134 -3.1839101128437273 ENE 55.94112052682105 -3.183632948983974 1398.162903 1297.048894
55.94112052682105 -3.183632948983974 SSW 55.940843362961296 -3.1837477540136834 1398.162903 1295.798894
55.940843362961296 -3.1837477540136834 WNW 55.940958167991006 -3.1840249178734368 1398.162903 1294.548894
55.940958167991006 -3.1840249178734368 WNW 55.94107297302072 -3.18430208173319 1398.162903 1293.298894
55.94107297302072 -3.18430208173319 E 55.94107297302072 -3.18400208173319 1398.162903 1292.048894
55.94107297302072 -3.18400208173319 NE 55.94128510505507 -3.183789949698834 1398.162903 1290.798894
55.94128510505507 -3.183789949698834 SW 55.94107297302072 -3.18400208173319 1398.162903 1289.548894
55.94107297302072 -3.18400208173319 ENE 55.94118777805043 -3.1837249178734366 1398.162903 1288.298894
55.94118777805043 -3.1837249178734366 SW 55.94097564601607 -3.1839370499077924 1398.162903 1287.048894
55.94097564601607 -3.1839370499077924 SE 55.940763513981715 -3.1837249178734366 1398.162903 1285.798894
55.940763513981715 -3.1837249178734366 NNE 55.94104067784147 -3.183610112843727 1398.162903 1284.548894
55.94104067784147 -3.183610112843727 NNW 55.94131784170123 -3.1837249178734366 1398.162903 1283.298894
55.94131784170123 -3.1837249178734366 NE 55.941529973735584 -3.183512785839081 1398.162903 1282.048894
55.941529973735584 -3.183512785839081 WSW 55.94141516870587 -3.183789949698834 1398.162903 1280.798894
55.94141516870587 -3.183789949698834 S 55.94111516870587 -3.183789949698834 1398.162903 1279.548894
55.94111516870587 -3.183789949698834 SSW 55.940838004846114 -3.1839047547285437 1398.162903 1278.298894
55.940838004846114 -3.1839047547285437 SSW 55.94056084098636 -3.1840195597582532 1398.162903 1277.048894
55.94056084098636 -3.1840195597582532 W 55.94056084098636 -3.1843195597582534 1398.162903 1275.798894
55.94056084098636 -3.1843195597582534 N 55.94086084098636 -3.1843195597582534 1398.162903 1274.548894
55.94086084098636 -3.1843195597582534 WNW 55.94097564601607 -3.184596723618007 1398.162903 1273.298894
