55.944425 -3.188396 ENE 55.94453980502971 -3.1881188361402466 0.000000 248.750000
55.94453980502971 -3.1881188361402466 ENE 55.94465461005942 -3.187841672280493 0.000000 247.500000
55.94465461005942 -3.187841672280493 ENE 55.944769415089134 -3.18756450842074 0.000000 246.250000
55.944769415089134 -3.18756450842074 ENE 55.944884220118844 -3.1872873445609864 0.000000 245.000000
55.944884220118844 -3.1872873445609864 ENE 55.944999025148554 -3.187010180701233 49.270928 256.824749
55.944999025148554 -3.187010180701233 ENE 55.945113830178265 -3.1867330168414796 0.000000 131.704170
55.945113830178265 -3.1867330168414796 ENE 55.945228635207975 -3.186455852981726 0.000000 130.454170
55.945228635207975 -3.186455852981726 ENE 55.945343440237686 -3.1861786891219728 0.000000 129.204170
55.945343440237686 -3.1861786891219728 ENE 55.945458245267396 -3.1859015252622194 0.000000 127.954170
55.945458245267396 -3.1859015252622194 S 55.94515824526739 -3.1859015252622194 113.887452 161.557950
55.94515824526739 -3.1859015252622194 S 55.94485824526739 -3.1859015252622194 220.206845 177.434411
55.94485824526739 -3.1859015252622194 S 55.94455824526739 -3.1859015252622194 235.925669 269.476424
55.94455824526739 -3.1859015252622194 SSE 55.94428108140763 -3.18578672023251 235.925669 268.226424
55.94428108140763 -3.18578672023251 S 55.94398108140763 -3.18578672023251 235.925669 266.976424
55.94398108140763 -3.18578672023251 SSE 55.94370391754787 -3.1856719152028004 235.925669 265.726424
55.94370391754787 -3.1856719152028004 S 55.94340391754787 -3.1856719152028004 313.140754 273.632146
55.94340391754787 -3.1856719152028004 SSE 55.94312675368811 -3.185557110173091 313.140754 272.382146
55.94312675368811 -3.185557110173091 WNW 55.94324155871782 -3.1858342740328442 348.280399 331.473396
55.94324155871782 -3.1858342740328442 WNW 55.94335636374753 -3.1861114378925977 348.280399 330.223396
55.94335636374753 -3.1861114378925977 WNW 55.94347116877724 -3.186388601752351 348.280399 328.973396
55.94347116877724 -3.186388601752351 WNW 55.943585973806954 -3.1866657656121045 348.280399 327.723396
55.943585973806954 -3.1866657656121045 WNW 55.943700778836664 -3.186942929471858 348.280399 326.473396
55.943700778836664 -3.186942929471858 WNW 55.943815583866375 -3.1872200933316113 343.453795 266.180123
55.943815583866375 -3.1872200933316113 WNW 55.943930388896085 -3.1874972571913647 343.453795 264.930123
55.943930388896085 -3.1874972571913647 WNW 55.944045193925795 -3.187774421051118 343.453795 263.680123
55.944045193925795 -3.187774421051118 WNW 55.944159998955506 -3.1880515849108715 343.453795 262.430123
55.944159998955506 -3.1880515849108715 W 55.944159998955506 -3.1883515849108717 317.511386 251.011641
55.944159998955506 -3.1883515849108717 WNW 55.944274803985216 -3.188628748770625 317.511386 249.761641
55.944274803985216 -3.188628748770625 W 55.944274803985216 -3.1889287487706253 293.683664 224.615706
55.944274803985216 -3.1889287487706253 WNW 55.94438960901493 -3.1892059126303787 293.683664 223.365706
55.94438960901493 -3.1892059126303787 W 55.94438960901493 -3.189505912630379 293.683664 222.115706
55.94438960901493 -3.189505912630379 WNW 55.94450441404464 -3.1897830764901323 293.683664 220.865706
55.94450441404464 -3.1897830764901323 W 55.94450441404464 -3.1900830764901325 389.765739 254.200792
55.94450441404464 -3.1900830764901325 ENE 55.94461921907435 -3.189805912630379 400.543241 314.693014
55.94461921907435 -3.189805912630379 ENE 55.94473402410406 -3.1895287487706256 400.543241 313.443014
55.94473402410406 -3.1895287487706256 ENE 55.94484882913377 -3.1892515849108722 400.543241 312.193014
55.94484882913377 -3.1892515849108722 E 55.94484882913377 -3.188951584910872 400.543241 310.943014
55.94484882913377 -3.188951584910872 ENE 55.94496363416348 -3.1886744210511186 367.408091 235.243596
55.94496363416348 -3.1886744210511186 E 55.94496363416348 -3.1883744210511185 367.408091 233.993596
55.94496363416348 -3.1883744210511185 ENE 55.94507843919319 -3.188097257191365 367.408091 232.743596
55.94507843919319 -3.188097257191365 E 55.94507843919319 -3.187797257191365 367.408091 231.493596
55.94507843919319 -3.187797257191365 ENE 55.9451932442229 -3.1875200933316115 367.408091 230.243596
55.9451932442229 -3.1875200933316115 E 55.9451932442229 -3.1872200933316113 367.408091 228.993596
55.9451932442229 -3.1872200933316113 ENE 55.94530804925261 -3.186942929471858 367.408091 227.743596
55.94530804925261 -3.186942929471858 E 55.94530804925261 -3.1866429294718577 367.408091 226.493596
55.94530804925261 -3.1866429294718577 ENE 55.94542285428232 -3.1863657656121043 367.408091 225.243596
55.94542285428232 -3.1863657656121043 E 55.94542285428232 -3.186065765612104 367.408091 223.993596
55.94542285428232 -3.186065765612104 ENE 55.94553765931203 -3.1857886017523507 367.408091 222.743596
55.94553765931203 -3.1857886017523507 E 55.94553765931203 -3.1854886017523505 367.408091 221.493596
55.94553765931203 -3.1854886017523505 ENE 55.94565246434174 -3.185211437892597 367.408091 220.243596
55.94565246434174 -3.185211437892597 E 55.94565246434174 -3.184911437892597 367.408091 218.993596
55.94565246434174 -3.184911437892597 ENE 55.94576726937145 -3.1846342740328435 367.408091 217.743596
55.94576726937145 -3.1846342740328435 E 55.94576726937145 -3.1843342740328433 367.408091 216.493596
55.94576726937145 -3.1843342740328433 SW 55.945555137337095 -3.184546406067199 436.866605 331.327992
55.945555137337095 -3.184546406067199 SW 55.94534300530274 -3.184758538101555 436.866605 330.077992
55.94534300530274 -3.184758538101555 SW 55.94513087326838 -3.1849706701359106 436.866605 328.827992
55.94513087326838 -3.1849706701359106 SW 55.94491874123403 -3.1851828021702664 386.759004 209.048338
55.94491874123403 -3.1851828021702664 SW 55.94470660919967 -3.185394934204622 386.759004 207.798338
55.94470660919967 -3.185394934204622 SW 55.944494477165314 -3.185607066238978 386.759004 206.548338
55.944494477165314 -3.185607066238978 SW 55.94428234513096 -3.1858191982733337 386.759004 205.298338
55.94428234513096 -3.1858191982733337 SW 55.9440702130966 -3.1860313303076895 386.759004 204.048338
55.9440702130966 -3.1860313303076895 SW 55.943858081062245 -3.1862434623420453 386.759004 202.798338
55.943858081062245 -3.1862434623420453 SSW 55.94358091720249 -3.1863582673717548 418.420707 281.119704
55.94358091720249 -3.1863582673717548 SW 55.94336878516813 -3.1865703994061105 418.420707 279.869704
55.94336878516813 -3.1865703994061105 SSW 55.943091621308376 -3.18668520443582 418.420707 278.619704
55.943091621308376 -3.18668520443582 SW 55.94287948927402 -3.186897336470176 418.420707 277.369704
55.94287948927402 -3.186897336470176 SSW 55.94260232541426 -3.1870121414998853 418.420707 276.119704
55.94260232541426 -3.1870121414998853 WNW 55.942717130443974 -3.1872893053596387 442.447362 391.966430
55.942717130443974 -3.1872893053596387 WNW 55.942831935473684 -3.187566469219392 442.447362 390.716430
55.942831935473684 -3.187566469219392 WNW 55.942946740503395 -3.1878436330791455 442.447362 389.466430
55.942946740503395 -3.1878436330791455 WNW 55.943061545533105 -3.188120796938899 442.447362 388.216430
55.943061545533105 -3.188120796938899 WNW 55.943176350562815 -3.1883979607986523 442.447362 386.966430
55.943176350562815 -3.1883979607986523 WNW 55.943291155592526 -3.1886751246584057 442.447362 385.716430
55.943291155592526 -3.1886751246584057 WNW 55.943405960622236 -3.188952288518159 442.447362 384.466430
55.943405960622236 -3.188952288518159 WNW 55.94352076565195 -3.1892294523779126 499.085923 466.878471
55.94352076565195 -3.1892294523779126 WNW 55.94363557068166 -3.189506616237666 499.085923 465.628471
55.94363557068166 -3.189506616237666 W 55.94363557068166 -3.189806616237666 499.085923 464.378471
55.94363557068166 -3.189806616237666 WNW 55.94375037571137 -3.1900837800974196 499.085923 463.128471
55.94375037571137 -3.1900837800974196 W 55.94375037571137 -3.1903837800974197 499.085923 461.878471
55.94375037571137 -3.1903837800974197 WNW 55.94386518074108 -3.190660943957173 499.085923 460.628471
55.94386518074108 -3.190660943957173 W 55.94386518074108 -3.1909609439571733 499.085923 459.378471
55.94386518074108 -3.1909609439571733 WNW 55.94397998577079 -3.1912381078169267 499.085923 458.128471
55.94397998577079 -3.1912381078169267 W 55.94397998577079 -3.191538107816927 543.399963 462.492105
55.94397998577079 -3.191538107816927 E 55.94397998577079 -3.1912381078169267 543.399963 461.242105
55.94397998577079 -3.1912381078169267 E 55.94397998577079 -3.1909381078169265 543.399963 459.992105
55.94397998577079 -3.1909381078169265 E 55.94397998577079 -3.1906381078169264 543.399963 458.742105
55.94397998577079 -3.1906381078169264 E 55.94397998577079 -3.190338107816926 565.694077 468.550669
55.94397998577079 -3.190338107816926 E 55.94397998577079 -3.190038107816926 565.694077 467.300669
55.94397998577079 -3.190038107816926 E 55.94397998577079 -3.189738107816926 565.694077 466.050669
55.94397998577079 -3.189738107816926 E 55.94397998577079 -3.1894381078169256 565.694077 464.800669
55.94397998577079 -3.1894381078169256 E 55.94397998577079 -3.1891381078169254 565.694077 463.550669
55.94397998577079 -3.1891381078169254 E 55.94397998577079 -3.1888381078169252 565.694077 462.300669
55.94397998577079 -3.1888381078169252 E 55.94397998577079 -3.188538107816925 565.694077 461.050669
55.94397998577079 -3.188538107816925 E 55.94397998577079 -3.188238107816925 565.694077 459.800669
55.94397998577079 -3.188238107816925 E 55.94397998577079 -3.1879381078169247 639.063464 535.879505
55.94397998577079 -3.1879381078169247 E 55.94397998577079 -3.1876381078169245 639.063464 534.629505
55.94397998577079 -3.1876381078169245 ENE 55.9440947908005 -3.187360943957171 639.063464 533.379505
55.9440947908005 -3.187360943957171 E 55.9440947908005 -3.187060943957171 639.063464 532.129505
55.9440947908005 -3.187060943957171 ENE 55.94420959583021 -3.1867837800974175 639.063464 530.879505
55.94420959583021 -3.1867837800974175 ENE 55.94432440085992 -3.186506616237664 749.672433 601.041017
55.94432440085992 -3.186506616237664 ENE 55.94443920588963 -3.1862294523779107 745.225584 495.542084
55.94443920588963 -3.1862294523779107 ENE 55.94455401091934 -3.1859522885181573 745.225584 494.292084
55.94455401091934 -3.1859522885181573 ENE 55.94466881594905 -3.185675124658404 745.225584 493.042084
55.94466881594905 -3.185675124658404 ENE 55.94478362097876 -3.1853979607986505 745.225584 491.792084
55.94478362097876 -3.1853979607986505 ENE 55.94489842600847 -3.185120796938897 745.225584 490.542084
55.94489842600847 -3.185120796938897 ENE 55.94501323103818 -3.1848436330791436 745.225584 489.292084
55.94501323103818 -3.1848436330791436 W 55.94501323103818 -3.185143633079144 778.018445 575.152087
55.94501323103818 -3.185143633079144 W 55.94501323103818 -3.185443633079144 778.018445 573.902087
55.94501323103818 -3.185443633079144 W 55.94501323103818 -3.185743633079144 778.018445 572.652087
55.94501323103818 -3.185743633079144 W 55.94501323103818 -3.1860436330791444 778.018445 571.402087
55.94501323103818 -3.1860436330791444 W 55.94501323103818 -3.1863436330791446 778.018445 570.152087
55.94501323103818 -3.1863436330791446 W 55.94501323103818 -3.1866436330791448 778.018445 568.902087
55.94501323103818 -3.1866436330791448 W 55.94501323103818 -3.186943633079145 778.018445 567.652087
55.94501323103818 -3.186943633079145 W 55.94501323103818 -3.187243633079145 723.276087 566.402087
55.94501323103818 -3.187243633079145 W 55.94501323103818 -3.1875436330791453 723.276087 565.152087
55.94501323103818 -3.1875436330791453 W 55.94501323103818 -3.1878436330791455 723.276087 563.902087
55.94501323103818 -3.1878436330791455 W 55.94501323103818 -3.1881436330791457 723.276087 562.652087
55.94501323103818 -3.1881436330791457 W 55.94501323103818 -3.188443633079146 723.276087 561.402087
55.94501323103818 -3.188443633079146 W 55.94501323103818 -3.188743633079146 723.276087 560.152087
55.94501323103818 -3.188743633079146 W 55.94501323103818 -3.1890436330791463 723.276087 558.902087
55.94501323103818 -3.1890436330791463 W 55.94501323103818 -3.1893436330791465 723.276087 557.652087
55.94501323103818 -3.1893436330791465 WNW 55.94512803606789 -3.1896207969389 723.276087 556.402087
55.94512803606789 -3.1896207969389 W 55.94512803606789 -3.1899207969389 723.276087 555.152087
55.94512803606789 -3.1899207969389 WNW 55.9452428410976 -3.1901979607986535 723.276087 553.902087
55.9452428410976 -3.1901979607986535 ENE 55.94535764612731 -3.1899207969389 839.048468 638.709282
55.94535764612731 -3.1899207969389 ENE 55.94547245115702 -3.1896436330791467 839.048468 637.459282
55.94547245115702 -3.1896436330791467 ENE 55.945587256186734 -3.1893664692193933 839.048468 636.209282
55.945587256186734 -3.1893664692193933 ENE 55.945702061216444 -3.18908930535964 839.048468 634.959282
55.945702061216444 -3.18908930535964 W 55.945702061216444 -3.18938930535964 919.678956 749.555760
55.945702061216444 -3.18938930535964 W 55.945702061216444 -3.1896893053596402 919.678956 748.305760
55.945702061216444 -3.1896893053596402 W 55.945702061216444 -3.1899893053596404 919.678956 747.055760
55.945702061216444 -3.1899893053596404 W 55.945702061216444 -3.1902893053596406 919.678956 745.805760
55.945702061216444 -3.1902893053596406 W 55.945702061216444 -3.190589305359641 795.910765 669.927902
55.945702061216444 -3.190589305359641 WSW 55.945587256186734 -3.190866469219394 795.910765 668.677902
55.945587256186734 -3.190866469219394 W 55.945587256186734 -3.1911664692193944 795.910765 667.427902
55.945587256186734 -3.1911664692193944 WSW 55.94547245115702 -3.191443633079148 795.910765 666.177902
55.94547245115702 -3.191443633079148 W 55.94547245115702 -3.191743633079148 795.910765 664.927902
55.94547245115702 -3.191743633079148 WSW 55.94535764612731 -3.1920207969389014 684.959061 632.652511
55.94535764612731 -3.1920207969389014 W 55.94535764612731 -3.1923207969389016 684.959061 631.402511
55.94535764612731 -3.1923207969389016 SE 55.94514551409296 -3.192108664904546 770.385237 668.166308
55.94514551409296 -3.192108664904546 SE 55.9449333820586 -3.19189653287019 770.385237 666.916308
55.9449333820586 -3.19189653287019 SSE 55.944656218198844 -3.1917817278404805 770.385237 665.666308
55.944656218198844 -3.1917817278404805 ENE 55.944771023228554 -3.191504563980727 859.543983 767.207113
55.944771023228554 -3.191504563980727 ENE 55.944885828258265 -3.1912274001209737 859.543983 765.957113
55.944885828258265 -3.1912274001209737 ENE 55.945000633287975 -3.1909502362612203 859.543983 764.707113
55.945000633287975 -3.1909502362612203 ENE 55.945115438317686 -3.190673072401467 859.543983 763.457113
55.945115438317686 -3.190673072401467 ENE 55.945230243347396 -3.1903959085417135 859.543983 762.207113
55.945230243347396 -3.1903959085417135 ENE 55.945345048377106 -3.19011874468196 859.543983 760.957113
55.945345048377106 -3.19011874468196 ENE 55.94545985340682 -3.1898415808222067 859.543983 759.707113
55.94545985340682 -3.1898415808222067 E 55.94545985340682 -3.1895415808222065 859.543983 758.457113
55.94545985340682 -3.1895415808222065 ENE 55.94557465843653 -3.189264416962453 859.543983 757.207113
55.94557465843653 -3.189264416962453 E 55.94557465843653 -3.188964416962453 859.543983 755.957113
55.94557465843653 -3.188964416962453 E 55.94557465843653 -3.1886644169624527 881.437180 855.696028
55.94557465843653 -3.1886644169624527 E 55.94557465843653 -3.1883644169624525 881.437180 854.446028
55.94557465843653 -3.1883644169624525 ENE 55.94568946346624 -3.188087253102699 881.437180 853.196028
55.94568946346624 -3.188087253102699 E 55.94568946346624 -3.187787253102699 881.437180 851.946028
55.94568946346624 -3.187787253102699 SW 55.94547733143188 -3.1879993851370547 892.271163 933.265118
55.94547733143188 -3.1879993851370547 SW 55.945265199397525 -3.1882115171714105 892.271163 932.015118
55.945265199397525 -3.1882115171714105 SW 55.94505306736317 -3.1884236492057663 892.271163 930.765118
55.94505306736317 -3.1884236492057663 SW 55.94484093532881 -3.188635781240122 892.271163 929.515118
55.94484093532881 -3.188635781240122 SW 55.94462880329446 -3.188847913274478 892.271163 928.265118
55.94462880329446 -3.188847913274478 SW 55.9444166712601 -3.1890600453088336 892.271163 927.015118
55.9444166712601 -3.1890600453088336 SW 55.944204539225744 -3.1892721773431894 892.271163 925.765118
55.944204539225744 -3.1892721773431894 SW 55.94399240719139 -3.189484309377545 892.271163 924.515118
55.94399240719139 -3.189484309377545 SW 55.94378027515703 -3.189696441411901 892.271163 923.265118
55.94378027515703 -3.189696441411901 SW 55.943568143122675 -3.1899085734462567 892.271163 922.015118
55.943568143122675 -3.1899085734462567 SW 55.94335601108832 -3.1901207054806124 892.271163 920.765118
55.94335601108832 -3.1901207054806124 WSW 55.94324120605861 -3.190397869340366 892.271163 919.515118
55.94324120605861 -3.190397869340366 SW 55.94302907402425 -3.1906100013747216 892.271163 918.265118
55.94302907402425 -3.1906100013747216 WSW 55.94291426899454 -3.190887165234475 892.271163 917.015118
55.94291426899454 -3.190887165234475 SW 55.942702136960186 -3.191099297268831 892.271163 915.765118
55.942702136960186 -3.191099297268831 NNW 55.94297930081994 -3.1912141022985403 969.926581 998.006998
55.94297930081994 -3.1912141022985403 NNW 55.9432564646797 -3.19132890732825 969.926581 996.756998
55.9432564646797 -3.19132890732825 N 55.9435564646797 -3.19132890732825 901.473604 991.557342
55.9435564646797 -3.19132890732825 NNW 55.94383362853946 -3.1914437123579593 963.171116 1011.671886
55.94383362853946 -3.1914437123579593 N 55.94413362853946 -3.1914437123579593 963.171116 1010.421886
55.94413362853946 -3.1914437123579593 NNW 55.94441079239922 -3.191558517387669 963.171116 1009.171886
55.94441079239922 -3.191558517387669 E 55.94441079239922 -3.1912585173876686 1055.265969 1013.017050
55.94441079239922 -3.1912585173876686 E 55.94441079239922 -3.1909585173876684 1055.265969 1011.767050
55.94441079239922 -3.1909585173876684 E 55.94441079239922 -3.1906585173876683 1055.265969 1010.517050
55.94441079239922 -3.1906585173876683 E 55.94441079239922 -3.190358517387668 1055.265969 1009.267050
55.94441079239922 -3.190358517387668 E 55.94441079239922 -3.190058517387668 1116.063694 1044.535158
55.94441079239922 -3.190058517387668 E 55.94441079239922 -3.1897585173876677 1116.063694 1043.285158
55.94441079239922 -3.1897585173876677 E 55.94441079239922 -3.1894585173876675 1116.063694 1042.035158
55.94441079239922 -3.1894585173876675 E 55.94441079239922 -3.1891585173876673 1116.063694 1040.785158
55.94441079239922 -3.1891585173876673 E 55.94441079239922 -3.188858517387667 1116.063694 1039.535158
55.94441079239922 -3.188858517387667 E 55.94441079239922 -3.188558517387667 1116.063694 1038.285158
55.94441079239922 -3.188558517387667 E 55.94441079239922 -3.1882585173876667 1116.063694 1037.035158
55.94441079239922 -3.1882585173876667 E 55.94441079239922 -3.1879585173876666 1116.063694 1035.785158
55.94441079239922 -3.1879585173876666 E 55.94441079239922 -3.1876585173876664 1116.063694 1034.535158
55.94441079239922 -3.1876585173876664 E 55.94441079239922 -3.187358517387666 1116.063694 1033.285158
55.94441079239922 -3.187358517387666 E 55.94441079239922 -3.187058517387666 1116.063694 1032.035158
55.94441079239922 -3.187058517387666 E 55.94441079239922 -3.186758517387666 1116.063694 1030.785158
55.94441079239922 -3.186758517387666 ESE 55.94429598736951 -3.1864813535279124 1116.063694 1029.535158
55.94429598736951 -3.1864813535279124 E 55.94429598736951 -3.186181353527912 1116.063694 1028.285158
55.94429598736951 -3.186181353527912 ESE 55.9441811823398 -3.185904189668159 1116.063694 1027.035158
55.9441811823398 -3.185904189668159 E 55.9441811823398 -3.1856041896681586 1116.063694 1025.785158
55.9441811823398 -3.1856041896681586 ESE 55.94406637731009 -3.185327025808405 1116.063694 1024.535158
55.94406637731009 -3.185327025808405 E 55.94406637731009 -3.185027025808405 1116.063694 1023.285158
55.94406637731009 -3.185027025808405 ESE 55.943951572280376 -3.1847498619486516 1116.063694 1022.035158
55.943951572280376 -3.1847498619486516 E 55.943951572280376 -3.1844498619486514 1201.939492 1096.799875
55.943951572280376 -3.1844498619486514 WSW 55.943836767250666 -3.184727025808405 1201.939492 1095.549875
55.943836767250666 -3.184727025808405 WSW 55.943721962220955 -3.1850041896681582 1201.939492 1094.299875
55.943721962220955 -3.1850041896681582 WSW 55.943607157191245 -3.1852813535279116 1201.939492 1093.049875
55.943607157191245 -3.1852813535279116 WSW 55.943492352161535 -3.185558517387665 1201.939492 1091.799875
55.943492352161535 -3.185558517387665 W 55.943492352161535 -3.1858585173876652 1201.939492 1090.549875
55.943492352161535 -3.1858585173876652 WSW 55.943377547131824 -3.1861356812474186 1201.939492 1089.299875
55.943377547131824 -3.1861356812474186 W 55.943377547131824 -3.186435681247419 1201.939492 1088.049875
55.943377547131824 -3.186435681247419 WSW 55.943262742102114 -3.1867128451071722 1201.939492 1086.799875
55.943262742102114 -3.1867128451071722 W 55.943262742102114 -3.1870128451071724 1201.939492 1085.549875
55.943262742102114 -3.1870128451071724 WSW 55.9431479370724 -3.187290008966926 1201.939492 1084.299875
55.9431479370724 -3.187290008966926 W 55.9431479370724 -3.187590008966926 1201.939492 1083.049875
55.9431479370724 -3.187590008966926 WSW 55.94303313204269 -3.1878671728266794 1201.939492 1081.799875
55.94303313204269 -3.1878671728266794 W 55.94303313204269 -3.1881671728266796 1201.939492 1080.549875
55.94303313204269 -3.1881671728266796 WSW 55.94291832701298 -3.188444336686433 1201.939492 1079.299875
55.94291832701298 -3.188444336686433 W 55.94291832701298 -3.188744336686433 1201.939492 1078.049875
55.94291832701298 -3.188744336686433 WSW 55.94280352198327 -3.1890215005461866 1201.939492 1076.799875
55.94280352198327 -3.1890215005461866 W 55.94280352198327 -3.189321500546187 1201.939492 1075.549875
55.94280352198327 -3.189321500546187 WSW 55.94268871695356 -3.18959866440594 1201.939492 1074.299875
55.94268871695356 -3.18959866440594 W 55.94268871695356 -3.1898986644059404 1201.939492 1073.049875
55.94268871695356 -3.1898986644059404 NW 55.94290084898792 -3.190110796440296 1251.377924 1141.632598
55.94290084898792 -3.190110796440296 NW 55.943112981022274 -3.190322928474652 1205.982464 1125.685977
55.943112981022274 -3.190322928474652 NW 55.94332511305663 -3.1905350605090077 1205.982464 1124.435977
55.94332511305663 -3.1905350605090077 WNW 55.94343991808634 -3.190812224368761 1205.982464 1123.185977
55.94343991808634 -3.190812224368761 NW 55.9436520501207 -3.191024356403117 1205.982464 1121.935977
55.9436520501207 -3.191024356403117 WNW 55.94376685515041 -3.1913015202628703 1205.982464 1120.685977
55.94376685515041 -3.1913015202628703 NW 55.943978987184764 -3.191513652297226 1205.982464 1119.435977
55.943978987184764 -3.191513652297226 WNW 55.944093792214474 -3.1917908161569795 1205.982464 1118.185977
55.944093792214474 -3.1917908161569795 ESE 55.943978987184764 -3.191513652297226 1221.637671 1157.699404
55.943978987184764 -3.191513652297226 NNE 55.94425615104452 -3.1913988472675165 1221.637671 1156.449404
55.94425615104452 -3.1913988472675165 NNE 55.94453331490428 -3.191284042237807 1221.637671 1155.199404
55.94453331490428 -3.191284042237807 N 55.94483331490428 -3.191284042237807 1221.637671 1153.949404
55.94483331490428 -3.191284042237807 NNE 55.945110478764036 -3.1911692372080975 1221.637671 1152.699404
55.945110478764036 -3.1911692372080975 N 55.94541047876404 -3.1911692372080975 1285.567598 1269.329013
55.94541047876404 -3.1911692372080975 SSE 55.94513331490428 -3.191054432178388 1285.567598 1268.079013
55.94513331490428 -3.191054432178388 S 55.94483331490428 -3.191054432178388 1285.567598 1266.829013
55.94483331490428 -3.191054432178388 S 55.94453331490428 -3.191054432178388 1285.567598 1265.579013
55.94453331490428 -3.191054432178388 SSE 55.94425615104452 -3.1909396271486785 1285.567598 1264.329013
55.94425615104452 -3.1909396271486785 SW 55.944044019010164 -3.1911517591830343 1285.567598 1263.079013
55.944044019010164 -3.1911517591830343 W 55.944044019010164 -3.1914517591830345 1285.567598 1261.829013
55.944044019010164 -3.1914517591830345 SSE 55.94376685515041 -3.191336954153325 1285.567598 1260.579013
55.94376685515041 -3.191336954153325 N 55.94406685515041 -3.191336954153325 1285.567598 1259.329013
55.94406685515041 -3.191336954153325 SSE 55.943789691290654 -3.1912221491236155 1285.567598 1258.079013
55.943789691290654 -3.1912221491236155 ENE 55.943904496320364 -3.190944985263862 1285.567598 1256.829013
55.943904496320364 -3.190944985263862 ENE 55.944019301350075 -3.1906678214041087 1285.567598 1255.579013
55.944019301350075 -3.1906678214041087 WSW 55.943904496320364 -3.190944985263862 1285.567598 1254.329013
55.943904496320364 -3.190944985263862 NNW 55.94418166018012 -3.1910597902935716 1285.567598 1253.079013
55.94418166018012 -3.1910597902935716 WSW 55.94406685515041 -3.191336954153325 1285.567598 1251.829013
55.94406685515041 -3.191336954153325 NW 55.94427898718477 -3.1915490861876807 1285.567598 1250.579013
55.94427898718477 -3.1915490861876807 NE 55.94449111921912 -3.191336954153325 1285.567598 1249.329013
