55.944425 -3.188396 ENE 55.94453980502971 -3.1881188361402466 0.000000 248.750000
55.94453980502971 -3.1881188361402466 ENE 55.94465461005942 -3.187841672280493 0.000000 247.500000
55.94465461005942 -3.187841672280493 ENE 55.944769415089134 -3.18756450842074 0.000000 246.250000
55.944769415089134 -3.18756450842074 ENE 55.944884220118844 -3.1872873445609864 0.000000 245.000000
55.944884220118844 -3.1872873445609864 ENE 55.944999025148554 -3.187010180701233 49.270928 256.824749
55.944999025148554 -3.187010180701233 ENE 55.945113830178265 -3.1867330168414796 0.000000 131.704170
55.945113830178265 -3.1867330168414796 ENE 55.945228635207975 -3.186455852981726 0.000000 130.454170
55.945228635207975 -3.186455852981726 ENE 55.945343440237686 -3.1861786891219728 0.000000 129.204170
55.945343440237686 -3.1861786891219728 ENE 55.945458245267396 -3.1859015252622194 0.000000 127.954170
55.945458245267396 -3.1859015252622194 S 55.94515824526739 -3.1859015252622194 113.887452 161.557950
55.94515824526739 -3.1859015252622194 S 55.94485824526739 -3.1859015252622194 220.206845 177.434411
55.94485824526739 -3.1859015252622194 S 55.94455824526739 -3.1859015252622194 235.925669 269.476424
55.94455824526739 -3.1859015252622194 SSE 55.94428108140763 -3.18578672023251 235.925669 268.226424
55.94428108140763 -3.18578672023251 S 55.94398108140763 -3.18578672023251 235.925669 266.976424
55.94398108140763 -3.18578672023251 SSE 55.94370391754787 -3.1856719152028004 235.925669 265.726424
55.94370391754787 -3.1856719152028004 S 55.94340391754787 -3.1856719152028004 313.140754 273.632146
55.94340391754787 -3.1856719152028004 SSE 55.94312675368811 -3.185557110173091 313.140754 272.382146
55.94312675368811 -3.185557110173091 NW 55.94333888572247 -3.1857692422074466 348.280399 331.473396
55.94333888572247 -3.1857692422074466 NW 55.943551017756825 -3.1859813742418024 348.280399 330.223396
55.943551017756825 -3.1859813742418024 NW 55.94376314979118 -3.186193506276158 348.280399 328.973396
55.94376314979118 -3.186193506276158 WNW 55.94387795482089 -3.1864706701359116 379.942102 407.294762
55.94387795482089 -3.1864706701359116 NW 55.94409008685525 -3.1866828021702673 379.942102 406.044762
55.94409008685525 -3.1866828021702673 WNW 55.94420489188496 -3.1869599660300207 490.551071 476.206273
55.94420489188496 -3.1869599660300207 NW 55.944417023919314 -3.1871720980643765 490.551071 474.956273
55.944417023919314 -3.1871720980643765 WNW 55.944531828949025 -3.18744926192413 490.551071 473.706273
55.944531828949025 -3.18744926192413 NW 55.94474396098338 -3.1876613939584857 490.551071 472.456273
55.94474396098338 -3.1876613939584857 WNW 55.94485876601309 -3.187938557818239 490.551071 471.206273
55.94485876601309 -3.187938557818239 NW 55.94507089804745 -3.188150689852595 490.551071 469.956273
55.94507089804745 -3.188150689852595 WNW 55.94518570307716 -3.1884278537123483 490.551071 468.706273
55.94518570307716 -3.1884278537123483 NW 55.945397835111514 -3.188639985746704 490.551071 467.456273
55.945397835111514 -3.188639985746704 WNW 55.945512640141224 -3.1889171496064574 490.551071 466.206273
55.945512640141224 -3.1889171496064574 NW 55.94572477217558 -3.189129281640813 512.444268 565.945188
55.94572477217558 -3.189129281640813 SSE 55.945447608315824 -3.1890144766111037 593.074756 680.541666
55.945447608315824 -3.1890144766111037 SSE 55.94517044445607 -3.188899671581394 593.074756 679.291666
55.94517044445607 -3.188899671581394 SE 55.94495831242171 -3.1886875395470384 593.074756 678.041666
55.94495831242171 -3.1886875395470384 SSE 55.944681148561955 -3.188572734517329 559.939607 602.342248
55.944681148561955 -3.188572734517329 SE 55.9444690165276 -3.188360602482973 559.939607 601.092248
55.9444690165276 -3.188360602482973 SSE 55.94419185266784 -3.1882457974532636 559.939607 599.842248
55.94419185266784 -3.1882457974532636 NNE 55.9444690165276 -3.188130992423554 633.308994 675.921085
55.9444690165276 -3.188130992423554 NNE 55.944746180387355 -3.1880161873938446 633.308994 674.671085
55.944746180387355 -3.1880161873938446 NNE 55.94502334424711 -3.187901382364135 633.308994 673.421085
55.94502334424711 -3.187901382364135 NNE 55.94530050810687 -3.1877865773344256 633.308994 672.171085
55.94530050810687 -3.1877865773344256 NNE 55.945577671966625 -3.187671772304716 633.308994 670.921085
55.945577671966625 -3.187671772304716 E 55.945577671966625 -3.187371772304716 644.142977 752.240175
55.945577671966625 -3.187371772304716 E 55.945577671966625 -3.1870717723047157 644.142977 750.990175
55.945577671966625 -3.1870717723047157 ESE 55.945462866936914 -3.1867946084449623 644.142977 749.740175
55.945462866936914 -3.1867946084449623 E 55.945462866936914 -3.186494608444962 553.485217 726.454476
55.945462866936914 -3.186494608444962 ESE 55.945348061907204 -3.1862174445852087 553.485217 725.204476
55.945348061907204 -3.1862174445852087 E 55.945348061907204 -3.1859174445852085 553.485217 723.954476
55.945348061907204 -3.1859174445852085 ESE 55.94523325687749 -3.185640280725455 553.485217 722.704476
55.94523325687749 -3.185640280725455 E 55.94523325687749 -3.185340280725455 553.485217 721.454476
55.94523325687749 -3.185340280725455 ESE 55.94511845184778 -3.1850631168657015 553.485217 720.204476
55.94511845184778 -3.1850631168657015 E 55.94511845184778 -3.1847631168657013 503.377615 600.424823
55.94511845184778 -3.1847631168657013 W 55.94511845184778 -3.1850631168657015 536.170476 686.284826
55.94511845184778 -3.1850631168657015 W 55.94511845184778 -3.1853631168657017 536.170476 685.034826
55.94511845184778 -3.1853631168657017 W 55.94511845184778 -3.185663116865702 536.170476 683.784826
55.94511845184778 -3.185663116865702 W 55.94511845184778 -3.185963116865702 536.170476 682.534826
55.94511845184778 -3.185963116865702 W 55.94511845184778 -3.1862631168657023 536.170476 681.284826
55.94511845184778 -3.1862631168657023 W 55.94511845184778 -3.1865631168657025 536.170476 680.034826
55.94511845184778 -3.1865631168657025 W 55.94511845184778 -3.1868631168657027 536.170476 678.784826
55.94511845184778 -3.1868631168657027 W 55.94511845184778 -3.187163116865703 481.428118 677.534826
55.94511845184778 -3.187163116865703 W 55.94511845184778 -3.187463116865703 481.428118 676.284826
55.94511845184778 -3.187463116865703 W 55.94511845184778 -3.1877631168657032 481.428118 675.034826
55.94511845184778 -3.1877631168657032 W 55.94511845184778 -3.1880631168657034 481.428118 673.784826
55.94511845184778 -3.1880631168657034 W 55.94511845184778 -3.1883631168657036 481.428118 672.534826
55.94511845184778 -3.1883631168657036 W 55.94511845184778 -3.188663116865704 481.428118 671.284826
55.94511845184778 -3.188663116865704 W 55.94511845184778 -3.188963116865704 481.428118 670.034826
55.94511845184778 -3.188963116865704 W 55.94511845184778 -3.189263116865704 481.428118 668.784826
55.94511845184778 -3.189263116865704 W 55.94511845184778 -3.1895631168657044 481.428118 667.534826
55.94511845184778 -3.1895631168657044 W 55.94511845184778 -3.1898631168657046 481.428118 666.284826
55.94511845184778 -3.1898631168657046 W 55.94511845184778 -3.1901631168657048 481.428118 665.034826
55.94511845184778 -3.1901631168657048 W 55.94511845184778 -3.190463116865705 597.200500 749.842021
55.94511845184778 -3.190463116865705 W 55.94511845184778 -3.190763116865705 597.200500 748.592021
55.94511845184778 -3.190763116865705 W 55.94511845184778 -3.1910631168657053 597.200500 747.342021
55.94511845184778 -3.1910631168657053 W 55.94511845184778 -3.1913631168657055 661.130427 863.971631
55.94511845184778 -3.1913631168657055 W 55.94511845184778 -3.1916631168657057 661.130427 862.721631
55.94511845184778 -3.1916631168657057 W 55.94511845184778 -3.191963116865706 661.130427 861.471631
55.94511845184778 -3.191963116865706 WNW 55.94523325687749 -3.1922402807254593 661.130427 860.221631
55.94523325687749 -3.1922402807254593 ESE 55.94511845184778 -3.191963116865706 746.556603 896.985428
55.94511845184778 -3.191963116865706 ESE 55.94500364681807 -3.1916859530059525 746.556603 895.735428
55.94500364681807 -3.1916859530059525 ESE 55.94488884178836 -3.191408789146199 746.556603 894.485428
55.94488884178836 -3.191408789146199 ESE 55.94477403675865 -3.1911316252864457 746.556603 893.235428
55.94477403675865 -3.1911316252864457 ESE 55.94465923172894 -3.1908544614266923 746.556603 891.985428
55.94465923172894 -3.1908544614266923 E 55.94465923172894 -3.190554461426692 746.556603 890.735428
55.94465923172894 -3.190554461426692 ESE 55.94454442669923 -3.1902772975669387 746.556603 889.485428
55.94454442669923 -3.1902772975669387 SE 55.944332294664875 -3.190065165532583 807.354328 924.753537
55.944332294664875 -3.190065165532583 SE 55.94412016263052 -3.189853033498227 818.131830 985.245758
55.94412016263052 -3.189853033498227 SE 55.94390803059616 -3.1896409014638714 818.131830 983.995758
55.94390803059616 -3.1896409014638714 SE 55.943695898561806 -3.1894287694295156 818.131830 982.745758
55.943695898561806 -3.1894287694295156 SE 55.94348376652745 -3.18921663739516 818.131830 981.495758
55.94348376652745 -3.18921663739516 E 55.94348376652745 -3.1889166373951596 874.770390 1063.907800
55.94348376652745 -3.1889166373951596 E 55.94348376652745 -3.1886166373951594 874.770390 1062.657800
55.94348376652745 -3.1886166373951594 E 55.94348376652745 -3.1883166373951592 874.770390 1061.407800
55.94348376652745 -3.1883166373951592 E 55.94348376652745 -3.188016637395159 874.770390 1060.157800
55.94348376652745 -3.188016637395159 E 55.94348376652745 -3.187716637395159 874.770390 1058.907800
55.94348376652745 -3.187716637395159 E 55.94348376652745 -3.1874166373951587 874.770390 1057.657800
55.94348376652745 -3.1874166373951587 E 55.94348376652745 -3.1871166373951585 874.770390 1056.407800
55.94348376652745 -3.1871166373951585 E 55.94348376652745 -3.1868166373951583 869.943786 996.114526
55.94348376652745 -3.1868166373951583 ENE 55.94359857155716 -3.186539473535405 869.943786 994.864526
55.94359857155716 -3.186539473535405 E 55.94359857155716 -3.1862394735354047 869.943786 993.614526
55.94359857155716 -3.1862394735354047 ENE 55.94371337658687 -3.1859623096756513 869.943786 992.364526
55.94371337658687 -3.1859623096756513 E 55.94371337658687 -3.185662309675651 869.943786 991.114526
55.94371337658687 -3.185662309675651 ENE 55.94382818161658 -3.1853851458158977 869.943786 989.864526
55.94382818161658 -3.1853851458158977 E 55.94382818161658 -3.1850851458158975 869.943786 988.614526
55.94382818161658 -3.1850851458158975 ENE 55.94394298664629 -3.184807981956144 869.943786 987.364526
55.94394298664629 -3.184807981956144 WSW 55.94382818161658 -3.1850851458158975 955.819583 1062.129243
55.94382818161658 -3.1850851458158975 WSW 55.94371337658687 -3.185362309675651 955.819583 1060.879243
55.94371337658687 -3.185362309675651 WSW 55.94359857155716 -3.1856394735354043 955.819583 1059.629243
55.94359857155716 -3.1856394735354043 SW 55.943386439522804 -3.18585160556976 955.819583 1058.379243
55.943386439522804 -3.18585160556976 WSW 55.943271634493094 -3.1861287694295135 955.819583 1057.129243
55.943271634493094 -3.1861287694295135 SW 55.94305950245874 -3.1863409014638693 955.819583 1055.879243
55.94305950245874 -3.1863409014638693 WSW 55.94294469742903 -3.1866180653236227 955.819583 1054.629243
55.94294469742903 -3.1866180653236227 SW 55.94273256539467 -3.1868301973579785 924.352754 993.731573
55.94273256539467 -3.1868301973579785 W 55.94273256539467 -3.1871301973579786 948.379409 1109.578298
55.94273256539467 -3.1871301973579786 W 55.94273256539467 -3.187430197357979 948.379409 1108.328298
55.94273256539467 -3.187430197357979 W 55.94273256539467 -3.187730197357979 948.379409 1107.078298
55.94273256539467 -3.187730197357979 W 55.94273256539467 -3.188030197357979 948.379409 1105.828298
55.94273256539467 -3.188030197357979 W 55.94273256539467 -3.1883301973579794 948.379409 1104.578298
55.94273256539467 -3.1883301973579794 W 55.94273256539467 -3.1886301973579796 948.379409 1103.328298
55.94273256539467 -3.1886301973579796 W 55.94273256539467 -3.18893019735798 948.379409 1102.078298
55.94273256539467 -3.18893019735798 W 55.94273256539467 -3.18923019735798 948.379409 1100.828298
55.94273256539467 -3.18923019735798 W 55.94273256539467 -3.18953019735798 948.379409 1099.578298
55.94273256539467 -3.18953019735798 W 55.94273256539467 -3.1898301973579803 948.379409 1098.328298
55.94273256539467 -3.1898301973579803 W 55.94273256539467 -3.1901301973579805 997.817841 1166.911022
55.94273256539467 -3.1901301973579805 W 55.94273256539467 -3.1904301973579807 997.817841 1165.661022
55.94273256539467 -3.1904301973579807 W 55.94273256539467 -3.190730197357981 997.817841 1164.411022
55.94273256539467 -3.190730197357981 W 55.94273256539467 -3.191030197357981 997.817841 1163.161022
55.94273256539467 -3.191030197357981 ENE 55.94284737042438 -3.1907530334982277 1075.473259 1245.402901
55.94284737042438 -3.1907530334982277 ENE 55.94296217545409 -3.1904758696384743 1075.473259 1244.152901
55.94296217545409 -3.1904758696384743 ENE 55.9430769804838 -3.190198705778721 1075.473259 1242.902901
55.9430769804838 -3.190198705778721 ENE 55.94319178551351 -3.1899215419189675 1075.473259 1241.652901
55.94319178551351 -3.1899215419189675 ENE 55.94330659054322 -3.189644378059214 1030.077799 1225.706279
55.94330659054322 -3.189644378059214 ENE 55.94342139557293 -3.1893672141994607 1030.077799 1224.456279
55.94342139557293 -3.1893672141994607 ENE 55.943536200602644 -3.1890900503397073 1030.077799 1223.206279
55.943536200602644 -3.1890900503397073 ENE 55.943651005632354 -3.188812886479954 1030.077799 1221.956279
55.943651005632354 -3.188812886479954 ENE 55.943765810662065 -3.1885357226202005 1030.077799 1220.706279
55.943765810662065 -3.1885357226202005 ENE 55.943880615691775 -3.188258558760447 1030.077799 1219.456279
55.943880615691775 -3.188258558760447 ENE 55.943995420721485 -3.1879813949006937 1030.077799 1218.206279
55.943995420721485 -3.1879813949006937 ENE 55.944110225751196 -3.1877042310409403 1004.135390 1206.787798
55.944110225751196 -3.1877042310409403 ENE 55.944225030780906 -3.187427067181187 1004.135390 1205.537798
55.944225030780906 -3.187427067181187 ENE 55.94433983581062 -3.1871499033214334 1004.135390 1204.287798
55.94433983581062 -3.1871499033214334 ENE 55.94445464084033 -3.18687273946168 1004.135390 1203.037798
55.94445464084033 -3.18687273946168 ENE 55.94456944587004 -3.1865955756019266 1004.135390 1201.787798
55.94456944587004 -3.1865955756019266 ENE 55.94468425089975 -3.1863184117421732 999.688541 1096.288865
55.94468425089975 -3.1863184117421732 ENE 55.94479905592946 -3.18604124788242 999.688541 1095.038865
55.94479905592946 -3.18604124788242 ENE 55.94491386095917 -3.1857640840226664 999.688541 1093.788865
55.94491386095917 -3.1857640840226664 ENE 55.94502866598888 -3.185486920162913 999.688541 1092.538865
55.94502866598888 -3.185486920162913 NE 55.945240798023235 -3.1852747881285572 999.688541 1091.288865
55.945240798023235 -3.1852747881285572 ENE 55.945355603052946 -3.184997624268804 999.688541 1090.038865
55.945355603052946 -3.184997624268804 NE 55.9455677350873 -3.184785492234448 999.688541 1088.788865
55.9455677350873 -3.184785492234448 ENE 55.94568254011701 -3.1845083283746947 999.688541 1087.538865
55.94568254011701 -3.1845083283746947 WSW 55.9455677350873 -3.184785492234448 1069.147055 1202.373261
55.9455677350873 -3.184785492234448 WSW 55.94545293005759 -3.1850626560942015 1069.147055 1201.123261
55.94545293005759 -3.1850626560942015 WSW 55.94533812502788 -3.185339819953955 1069.147055 1199.873261
55.94533812502788 -3.185339819953955 WSW 55.94522331999817 -3.1856169838137083 1069.147055 1198.623261
55.94522331999817 -3.1856169838137083 WSW 55.94510851496846 -3.1858941476734617 1069.147055 1197.373261
55.94510851496846 -3.1858941476734617 WSW 55.94499370993875 -3.186171311533215 1069.147055 1196.123261
55.94499370993875 -3.186171311533215 WSW 55.94487890490904 -3.1864484753929685 1069.147055 1194.873261
55.94487890490904 -3.1864484753929685 WSW 55.94476409987933 -3.186725639252722 1069.147055 1193.623261
55.94476409987933 -3.186725639252722 WSW 55.94464929484962 -3.1870028031124753 1069.147055 1192.373261
55.94464929484962 -3.1870028031124753 WSW 55.94453448981991 -3.1872799669722287 1069.147055 1191.123261
55.94453448981991 -3.1872799669722287 W 55.94453448981991 -3.187579966972229 1069.147055 1189.873261
55.94453448981991 -3.187579966972229 WSW 55.9444196847902 -3.1878571308319823 1069.147055 1188.623261
55.9444196847902 -3.1878571308319823 W 55.9444196847902 -3.1881571308319825 1069.147055 1187.373261
55.9444196847902 -3.1881571308319825 WSW 55.94430487976049 -3.188434294691736 1069.147055 1186.123261
55.94430487976049 -3.188434294691736 W 55.94430487976049 -3.188734294691736 1069.147055 1184.873261
55.94430487976049 -3.188734294691736 WSW 55.94419007473078 -3.1890114585514895 1045.319332 1159.727326
55.94419007473078 -3.1890114585514895 W 55.94419007473078 -3.1893114585514897 1045.319332 1158.477326
55.94419007473078 -3.1893114585514897 WSW 55.94407526970107 -3.189588622411243 1045.319332 1157.227326
55.94407526970107 -3.189588622411243 W 55.94407526970107 -3.1898886224112433 1045.319332 1155.977326
55.94407526970107 -3.1898886224112433 WSW 55.943960464671356 -3.1901657862709967 1045.319332 1154.727326
55.943960464671356 -3.1901657862709967 W 55.943960464671356 -3.190465786270997 1045.319332 1153.477326
55.943960464671356 -3.190465786270997 WSW 55.943845659641646 -3.1907429501307503 1067.613446 1163.285890
55.943845659641646 -3.1907429501307503 W 55.943845659641646 -3.1910429501307505 1067.613446 1162.035890
55.943845659641646 -3.1910429501307505 ENE 55.943960464671356 -3.190765786270997 1129.310958 1182.150435
55.943960464671356 -3.190765786270997 NE 55.94417259670571 -3.1905536542366413 1129.310958 1180.900435
55.94417259670571 -3.1905536542366413 ENE 55.94428740173542 -3.190276490376888 1129.310958 1179.650435
55.94428740173542 -3.190276490376888 NE 55.94449953376978 -3.190064358342532 1129.310958 1178.400435
55.94449953376978 -3.190064358342532 ENE 55.94461433879949 -3.1897871944827787 1129.310958 1177.150435
55.94461433879949 -3.1897871944827787 W 55.94461433879949 -3.190087194482779 1225.393032 1210.485520
55.94461433879949 -3.190087194482779 W 55.94461433879949 -3.190387194482779 1225.393032 1209.235520
55.94461433879949 -3.190387194482779 W 55.94461433879949 -3.1906871944827793 1225.393032 1207.985520
55.94461433879949 -3.1906871944827793 W 55.94461433879949 -3.1909871944827795 1225.393032 1206.735520
55.94461433879949 -3.1909871944827795 WSW 55.94449953376978 -3.191264358342533 1225.393032 1205.485520
55.94449953376978 -3.191264358342533 W 55.94449953376978 -3.191564358342533 1225.393032 1204.235520
55.94449953376978 -3.191564358342533 SSE 55.94422236991002 -3.1914495533128235 1317.487886 1208.080684
55.94422236991002 -3.1914495533128235 S 55.94392236991002 -3.1914495533128235 1317.487886 1206.830684
55.94392236991002 -3.1914495533128235 NNW 55.944199533769776 -3.191564358342533 1361.801926 1211.194318
55.944199533769776 -3.191564358342533 NNW 55.94447669762953 -3.1916791633722426 1377.457133 1250.707745
55.94447669762953 -3.1916791633722426 NE 55.94468882966389 -3.191467031337887 1466.615879 1352.248550
55.94468882966389 -3.191467031337887 SW 55.94447669762953 -3.1916791633722426 1466.615879 1350.998550
55.94447669762953 -3.1916791633722426 E 55.94447669762953 -3.1913791633722424 1466.615879 1349.748550
55.94447669762953 -3.1913791633722424 NE 55.94468882966389 -3.1911670313378866 1466.615879 1348.498550
55.94468882966389 -3.1911670313378866 SSW 55.94441166580413 -3.191281836367596 1466.615879 1347.248550
55.94441166580413 -3.191281836367596 SE 55.944199533769776 -3.1910697043332403 1466.615879 1345.998550
55.944199533769776 -3.1910697043332403 S 55.94389953376977 -3.1910697043332403 1466.615879 1344.748550
55.94389953376977 -3.1910697043332403 W 55.94389953376977 -3.1913697043332405 1466.615879 1343.498550
55.94389953376977 -3.1913697043332405 S 55.94359953376977 -3.1913697043332405 1466.615879 1342.248550
55.94359953376977 -3.1913697043332405 SSW 55.943322369910014 -3.19148450936295 1466.615879 1340.998550
55.943322369910014 -3.19148450936295 ESE 55.9432075648803 -3.1912073455031966 1466.615879 1339.748550
55.9432075648803 -3.1912073455031966 SSW 55.94293040102055 -3.191322150532906 1398.162903 1334.548894
55.94293040102055 -3.191322150532906 W 55.94293040102055 -3.1916221505329063 1398.162903 1333.298894
55.94293040102055 -3.1916221505329063 SW 55.94271826898619 -3.191834282567262 1398.162903 1332.048894
55.94271826898619 -3.191834282567262 S 55.94241826898619 -3.191834282567262 1398.162903 1330.798894
55.94241826898619 -3.191834282567262 SSW 55.94214110512643 -3.1919490875969716 1398.162903 1329.548894
55.94214110512643 -3.1919490875969716 NNW 55.94241826898619 -3.192063892626681 1398.162903 1328.298894
55.94241826898619 -3.192063892626681 NW 55.942630401020544 -3.192276024661037 1398.162903 1327.048894
55.942630401020544 -3.192276024661037 NW 55.9428425330549 -3.1924881566953927 1376.853259 1325.751885
55.9428425330549 -3.1924881566953927 N 55.9431425330549 -3.1924881566953927 1376.853259 1324.501885
55.9431425330549 -3.1924881566953927 SSE 55.94286536919515 -3.192373351665683 1376.853259 1323.251885
55.94286536919515 -3.192373351665683 ESE 55.942750564165436 -3.1920961878059297 1376.853259 1322.001885
55.942750564165436 -3.1920961878059297 ESE 55.942635759135726 -3.1918190239461763 1376.853259 1320.751885
55.942635759135726 -3.1918190239461763 SW 55.94242362710137 -3.192031155980532 1376.853259 1319.501885
55.94242362710137 -3.192031155980532 ESE 55.94230882207166 -3.1917539921207787 1376.853259 1318.251885
55.94230882207166 -3.1917539921207787 SSE 55.9420316582119 -3.191639187091069 1376.853259 1317.001885
55.9420316582119 -3.191639187091069 E 55.9420316582119 -3.191339187091069 1376.853259 1315.751885
55.9420316582119 -3.191339187091069 SSE 55.941754494352146 -3.1912243820613595 1376.853259 1314.501885
55.941754494352146 -3.1912243820613595 WNW 55.94186929938186 -3.191501545921113 1376.853259 1313.251885
55.94186929938186 -3.191501545921113 NNE 55.94214646324161 -3.1913867408914034 1376.853259 1312.001885
55.94214646324161 -3.1913867408914034 SSW 55.94186929938186 -3.191501545921113 1376.853259 1310.751885
55.94186929938186 -3.191501545921113 E 55.94186929938186 -3.1912015459211127 1376.853259 1309.501885
55.94186929938186 -3.1912015459211127 W 55.94186929938186 -3.191501545921113 1376.853259 1308.251885
55.94186929938186 -3.191501545921113 NW 55.94208143141621 -3.1917136779554687 1376.853259 1307.001885
55.94208143141621 -3.1917136779554687 SSW 55.941804267556456 -3.191828482985178 1376.853259 1305.751885
55.941804267556456 -3.191828482985178 SE 55.9415921355221 -3.1916163509508224 1376.853259 1304.501885
55.9415921355221 -3.1916163509508224 SSE 55.941314971662344 -3.191501545921113 1376.853259 1303.251885
55.941314971662344 -3.191501545921113 NNE 55.9415921355221 -3.1913867408914034 1376.853259 1302.001885
55.9415921355221 -3.1913867408914034 ENE 55.94170694055181 -3.19110957703165 1376.853259 1300.751885
55.94170694055181 -3.19110957703165 WNW 55.94182174558152 -3.1913867408914034 1376.853259 1299.501885
55.94182174558152 -3.1913867408914034 SE 55.941609613547165 -3.1911746088570476 1376.853259 1298.251885
55.941609613547165 -3.1911746088570476 E 55.941609613547165 -3.1908746088570474 1376.853259 1297.001885
55.941609613547165 -3.1908746088570474 SE 55.94139748151281 -3.1906624768226917 1376.853259 1295.751885
55.94139748151281 -3.1906624768226917 WSW 55.9412826764831 -3.190939640682445 1376.853259 1294.501885
55.9412826764831 -3.190939640682445 SE 55.94107054444874 -3.1907275086480893 1376.853259 1293.251885
55.94107054444874 -3.1907275086480893 SE 55.940858412414386 -3.1905153766137335 1376.853259 1292.001885
55.940858412414386 -3.1905153766137335 WSW 55.940743607384675 -3.190792540473487 1376.853259 1290.751885
55.940743607384675 -3.190792540473487 ENE 55.940858412414386 -3.1905153766137335 1376.853259 1289.501885
55.940858412414386 -3.1905153766137335 NW 55.94107054444874 -3.1907275086480893 1376.853259 1288.251885
55.94107054444874 -3.1907275086480893 W 55.94107054444874 -3.1910275086480895 1376.853259 1287.001885
55.94107054444874 -3.1910275086480895 NNE 55.9413477083085 -3.19091270361838 1376.853259 1285.751885
55.9413477083085 -3.19091270361838 WSW 55.94123290327879 -3.1911898674781334 1376.853259 1284.501885
55.94123290327879 -3.1911898674781334 E 55.94123290327879 -3.190889867478133 1376.853259 1283.251885
55.94123290327879 -3.190889867478133 WNW 55.9413477083085 -3.1911670313378866 1376.853259 1282.001885
55.9413477083085 -3.1911670313378866 NW 55.941559840342855 -3.1913791633722424 1376.853259 1280.751885
55.941559840342855 -3.1913791633722424 NE 55.94177197237721 -3.1911670313378866 1376.853259 1279.501885
55.94177197237721 -3.1911670313378866 ESE 55.9416571673475 -3.190889867478133 1376.853259 1278.251885
55.9416571673475 -3.190889867478133 NW 55.94186929938186 -3.191101999512489 1376.853259 1277.001885
55.94186929938186 -3.191101999512489 WNW 55.94198410441157 -3.1913791633722424 1376.853259 1275.751885
55.94198410441157 -3.1913791633722424 SSE 55.94170694055181 -3.191264358342533 1376.853259 1274.501885
55.94170694055181 -3.191264358342533 N 55.94200694055181 -3.191264358342533 1376.853259 1273.251885
