55.944425 -3.188396 ENE 55.94453980502971 -3.1881188361402466 0.000000 248.750000
55.94453980502971 -3.1881188361402466 ENE 55.94465461005942 -3.187841672280493 0.000000 247.500000
55.94465461005942 -3.187841672280493 ENE 55.944769415089134 -3.18756450842074 0.000000 246.250000
55.944769415089134 -3.18756450842074 ENE 55.944884220118844 -3.1872873445609864 0.000000 245.000000
55.944884220118844 -3.1872873445609864 ENE 55.944999025148554 -3.187010180701233 49.270928 256.824749
55.944999025148554 -3.187010180701233 ENE 55.945113830178265 -3.1867330168414796 0.000000 131.704170
55.945113830178265 -3.1867330168414796 ENE 55.945228635207975 -3.186455852981726 0.000000 130.454170
55.945228635207975 -3.186455852981726 ENE 55.945343440237686 -3.1861786891219728 0.000000 129.204170
55.945343440237686 -3.1861786891219728 ENE 55.945458245267396 -3.1859015252622194 0.000000 127.954170
55.945458245267396 -3.1859015252622194 S 55.94515824526739 -3.1859015252622194 113.887452 161.557950
55.94515824526739 -3.1859015252622194 S 55.94485824526739 -3.1859015252622194 220.206845 177.434411
55.94485824526739 -3.1859015252622194 S 55.94455824526739 -3.1859015252622194 235.925669 269.476424
55.94455824526739 -3.1859015252622194 SSE 55.94428108140763 -3.18578672023251 235.925669 268.226424
55.94428108140763 -3.18578672023251 S 55.94398108140763 -3.18578672023251 235.925669 266.976424
55.94398108140763 -3.18578672023251 SSE 55.94370391754787 -3.1856719152028004 235.925669 265.726424
55.94370391754787 -3.1856719152028004 S 55.94340391754787 -3.1856719152028004 313.140754 273.632146
55.94340391754787 -3.1856719152028004 SSE 55.94312675368811 -3.185557110173091 313.140754 272.382146
55.94312675368811 -3.185557110173091 WSW 55.9430119486584 -3.1858342740328442 348.280399 331.473396
55.9430119486584 -3.1858342740328442 WSW 55.94289714362869 -3.1861114378925977 348.280399 330.223396
55.94289714362869 -3.1861114378925977 WSW 55.94278233859898 -3.186388601752351 348.280399 328.973396
55.94278233859898 -3.186388601752351 WSW 55.94266753356927 -3.1866657656121045 316.813569 268.075726
55.94266753356927 -3.1866657656121045 W 55.94266753356927 -3.1869657656121047 316.813569 266.825726
55.94266753356927 -3.1869657656121047 W 55.94266753356927 -3.187265765612105 340.840224 382.672452
55.94266753356927 -3.187265765612105 W 55.94266753356927 -3.187565765612105 340.840224 381.422452
55.94266753356927 -3.187565765612105 W 55.94266753356927 -3.187865765612105 340.840224 380.172452
55.94266753356927 -3.187865765612105 W 55.94266753356927 -3.1881657656121054 340.840224 378.922452
55.94266753356927 -3.1881657656121054 W 55.94266753356927 -3.1884657656121056 340.840224 377.672452
55.94266753356927 -3.1884657656121056 W 55.94266753356927 -3.188765765612106 340.840224 376.422452
55.94266753356927 -3.188765765612106 W 55.94266753356927 -3.189065765612106 340.840224 375.172452
55.94266753356927 -3.189065765612106 W 55.94266753356927 -3.189365765612106 340.840224 373.922452
55.94266753356927 -3.189365765612106 W 55.94266753356927 -3.1896657656121064 340.840224 372.672452
55.94266753356927 -3.1896657656121064 W 55.94266753356927 -3.1899657656121065 390.278657 441.255175
55.94266753356927 -3.1899657656121065 W 55.94266753356927 -3.1902657656121067 390.278657 440.005175
55.94266753356927 -3.1902657656121067 W 55.94266753356927 -3.190565765612107 390.278657 438.755175
55.94266753356927 -3.190565765612107 W 55.94266753356927 -3.190865765612107 390.278657 437.505175
55.94266753356927 -3.190865765612107 NE 55.94287966560363 -3.1906536335777513 467.934074 519.747054
55.94287966560363 -3.1906536335777513 NNE 55.94315682946338 -3.190538828548042 467.934074 518.497054
55.94315682946338 -3.190538828548042 NE 55.94336896149774 -3.190326696513686 467.934074 517.247054
55.94336896149774 -3.190326696513686 NNE 55.943646125357496 -3.1902118914839765 467.934074 515.997054
55.943646125357496 -3.1902118914839765 NE 55.94385825739185 -3.1899997594496208 467.934074 514.747054
55.94385825739185 -3.1899997594496208 NNE 55.94413542125161 -3.1898849544199113 467.934074 513.497054
55.94413542125161 -3.1898849544199113 NE 55.944347553285965 -3.1896728223855555 467.934074 512.247054
55.944347553285965 -3.1896728223855555 NNE 55.94462471714572 -3.189558017355846 467.934074 510.997054
55.94462471714572 -3.189558017355846 NE 55.94483684918008 -3.18934588532149 564.016149 544.332140
55.94483684918008 -3.18934588532149 NNE 55.945114013039834 -3.1892310802917807 564.016149 543.082140
55.945114013039834 -3.1892310802917807 NE 55.94532614507419 -3.189018948257425 564.016149 541.832140
55.94532614507419 -3.189018948257425 NNE 55.94560330893395 -3.1889041432277154 564.016149 540.582140
55.94560330893395 -3.1889041432277154 SW 55.94539117689959 -3.189116275262071 585.909346 640.321055
55.94539117689959 -3.189116275262071 SW 55.945179044865235 -3.189328407296427 585.909346 639.071055
55.945179044865235 -3.189328407296427 SW 55.94496691283088 -3.1895405393307827 585.909346 637.821055
55.94496691283088 -3.1895405393307827 SW 55.94475478079652 -3.1897526713651385 585.909346 636.571055
55.94475478079652 -3.1897526713651385 SW 55.944542648762166 -3.1899648033994943 585.909346 635.321055
55.944542648762166 -3.1899648033994943 ENE 55.944657453791876 -3.189687639539741 596.686848 695.813277
55.944657453791876 -3.189687639539741 ENE 55.94477225882159 -3.1894104756799875 596.686848 694.563277
55.94477225882159 -3.1894104756799875 ENE 55.9448870638513 -3.189133311820234 596.686848 693.313277
55.9448870638513 -3.189133311820234 E 55.9448870638513 -3.188833311820234 596.686848 692.063277
55.9448870638513 -3.188833311820234 ENE 55.94500186888101 -3.1885561479604805 563.551698 616.363859
55.94500186888101 -3.1885561479604805 E 55.94500186888101 -3.1882561479604803 563.551698 615.113859
55.94500186888101 -3.1882561479604803 ENE 55.94511667391072 -3.187978984100727 563.551698 613.863859
55.94511667391072 -3.187978984100727 E 55.94511667391072 -3.1876789841007267 563.551698 612.613859
55.94511667391072 -3.1876789841007267 ENE 55.94523147894043 -3.1874018202409733 563.551698 611.363859
55.94523147894043 -3.1874018202409733 E 55.94523147894043 -3.187101820240973 563.551698 610.113859
55.94523147894043 -3.187101820240973 ENE 55.94534628397014 -3.1868246563812197 508.809340 608.863859
55.94534628397014 -3.1868246563812197 E 55.94534628397014 -3.1865246563812195 508.809340 607.613859
55.94534628397014 -3.1865246563812195 ENE 55.94546108899985 -3.186247492521466 418.151580 584.328160
55.94546108899985 -3.186247492521466 E 55.94546108899985 -3.185947492521466 418.151580 583.078160
55.94546108899985 -3.185947492521466 ENE 55.94557589402956 -3.1856703286617125 418.151580 581.828160
55.94557589402956 -3.1856703286617125 E 55.94557589402956 -3.1853703286617123 418.151580 580.578160
55.94557589402956 -3.1853703286617123 ENE 55.94569069905927 -3.185093164801959 418.151580 579.328160
55.94569069905927 -3.185093164801959 E 55.94569069905927 -3.1847931648019587 418.151580 578.078160
55.94569069905927 -3.1847931648019587 ENE 55.94580550408898 -3.1845160009422053 418.151580 576.828160
55.94580550408898 -3.1845160009422053 W 55.94580550408898 -3.1848160009422055 487.610094 691.662556
55.94580550408898 -3.1848160009422055 W 55.94580550408898 -3.1851160009422057 487.610094 690.412556
55.94580550408898 -3.1851160009422057 WSW 55.94569069905927 -3.185393164801959 487.610094 689.162556
55.94569069905927 -3.185393164801959 W 55.94569069905927 -3.1856931648019593 487.610094 687.912556
55.94569069905927 -3.1856931648019593 WSW 55.94557589402956 -3.1859703286617127 487.610094 686.662556
55.94557589402956 -3.1859703286617127 W 55.94557589402956 -3.186270328661713 487.610094 685.412556
55.94557589402956 -3.186270328661713 WSW 55.94546108899985 -3.1865474925214663 487.374365 582.337023
55.94546108899985 -3.1865474925214663 W 55.94546108899985 -3.1868474925214665 487.374365 581.087023
55.94546108899985 -3.1868474925214665 WSW 55.94534628397014 -3.18712465638122 487.374365 579.837023
55.94534628397014 -3.18712465638122 W 55.94534628397014 -3.18742465638122 487.374365 578.587023
55.94534628397014 -3.18742465638122 WSW 55.94523147894043 -3.1877018202409735 487.374365 577.337023
55.94523147894043 -3.1877018202409735 W 55.94523147894043 -3.1880018202409737 487.374365 576.087023
55.94523147894043 -3.1880018202409737 WSW 55.94511667391072 -3.188278984100727 487.374365 574.837023
55.94511667391072 -3.188278984100727 W 55.94511667391072 -3.1885789841007273 487.374365 573.587023
55.94511667391072 -3.1885789841007273 WSW 55.94500186888101 -3.1888561479604807 487.374365 572.337023
55.94500186888101 -3.1888561479604807 W 55.94500186888101 -3.189156147960481 487.374365 571.087023
55.94500186888101 -3.189156147960481 WSW 55.9448870638513 -3.1894333118202343 487.374365 569.837023
55.9448870638513 -3.1894333118202343 W 55.9448870638513 -3.1897333118202345 487.374365 568.587023
55.9448870638513 -3.1897333118202345 WSW 55.94477225882159 -3.190010475679988 487.374365 567.337023
55.94477225882159 -3.190010475679988 W 55.94477225882159 -3.190310475679988 487.374365 566.087023
55.94477225882159 -3.190310475679988 WSW 55.944657453791876 -3.1905876395397414 548.172091 601.355131
55.944657453791876 -3.1905876395397414 W 55.944657453791876 -3.1908876395397416 548.172091 600.105131
55.944657453791876 -3.1908876395397416 WSW 55.944542648762166 -3.191164803399495 548.172091 598.855131
55.944542648762166 -3.191164803399495 W 55.944542648762166 -3.1914648033994952 548.172091 597.605131
55.944542648762166 -3.1914648033994952 WSW 55.944427843732456 -3.1917419672592486 640.266944 601.450295
55.944427843732456 -3.1917419672592486 NNE 55.94470500759221 -3.191627162229539 729.425690 702.991100
55.94470500759221 -3.191627162229539 NE 55.94491713962657 -3.1914150301951834 729.425690 701.741100
55.94491713962657 -3.1914150301951834 NNE 55.945194303486325 -3.191300225165474 729.425690 700.491100
55.945194303486325 -3.191300225165474 SE 55.94498217145197 -3.191088093131118 793.355617 817.120709
55.94498217145197 -3.191088093131118 SE 55.94477003941761 -3.1908759610967623 793.355617 815.870709
55.94477003941761 -3.1908759610967623 SE 55.944557907383256 -3.1906638290624065 793.355617 814.620709
55.944557907383256 -3.1906638290624065 SE 55.9443457753489 -3.1904516970280508 793.355617 813.370709
55.9443457753489 -3.1904516970280508 SE 55.944133643314544 -3.190239564993695 793.355617 812.120709
55.944133643314544 -3.190239564993695 ESE 55.94401883828483 -3.1899624011339416 815.649731 821.929273
55.94401883828483 -3.1899624011339416 SE 55.94380670625048 -3.189750269099586 815.649731 820.679273
55.94380670625048 -3.189750269099586 ESE 55.94369190122077 -3.1894731052398324 815.649731 819.429273
55.94369190122077 -3.1894731052398324 SE 55.94347976918641 -3.1892609732054766 815.649731 818.179273
55.94347976918641 -3.1892609732054766 WNW 55.94359457421612 -3.18953813706523 872.288291 900.591315
55.94359457421612 -3.18953813706523 WNW 55.94370937924583 -3.1898153009249834 872.288291 899.341315
55.94370937924583 -3.1898153009249834 W 55.94370937924583 -3.1901153009249836 872.288291 898.091315
55.94370937924583 -3.1901153009249836 WNW 55.94382418427554 -3.190392464784737 872.288291 896.841315
55.94382418427554 -3.190392464784737 W 55.94382418427554 -3.1906924647847372 872.288291 895.591315
55.94382418427554 -3.1906924647847372 WNW 55.94393898930525 -3.1909696286444906 872.288291 894.341315
55.94393898930525 -3.1909696286444906 W 55.94393898930525 -3.191269628644491 872.288291 893.091315
55.94393898930525 -3.191269628644491 WNW 55.94405379433496 -3.1915467925042442 916.602331 897.454948
55.94405379433496 -3.1915467925042442 E 55.94405379433496 -3.191246792504244 932.257538 936.968375
55.94405379433496 -3.191246792504244 E 55.94405379433496 -3.190946792504244 932.257538 935.718375
55.94405379433496 -3.190946792504244 E 55.94405379433496 -3.1906467925042437 932.257538 934.468375
55.94405379433496 -3.1906467925042437 E 55.94405379433496 -3.1903467925042435 932.257538 933.218375
55.94405379433496 -3.1903467925042435 E 55.94405379433496 -3.1900467925042433 932.257538 931.968375
55.94405379433496 -3.1900467925042433 E 55.94405379433496 -3.189746792504243 932.257538 930.718375
55.94405379433496 -3.189746792504243 E 55.94405379433496 -3.189446792504243 932.257538 929.468375
55.94405379433496 -3.189446792504243 E 55.94405379433496 -3.1891467925042427 932.257538 928.218375
55.94405379433496 -3.1891467925042427 E 55.94405379433496 -3.1888467925042425 932.257538 926.968375
55.94405379433496 -3.1888467925042425 E 55.94405379433496 -3.1885467925042423 932.257538 925.718375
55.94405379433496 -3.1885467925042423 E 55.94405379433496 -3.188246792504242 932.257538 924.468375
55.94405379433496 -3.188246792504242 E 55.94405379433496 -3.187946792504242 1005.626925 1000.547212
55.94405379433496 -3.187946792504242 E 55.94405379433496 -3.1876467925042418 979.684517 989.128730
55.94405379433496 -3.1876467925042418 E 55.94405379433496 -3.1873467925042416 979.684517 987.878730
55.94405379433496 -3.1873467925042416 E 55.94405379433496 -3.1870467925042414 979.684517 986.628730
55.94405379433496 -3.1870467925042414 ESE 55.94393898930525 -3.186769628644488 979.684517 985.378730
55.94393898930525 -3.186769628644488 E 55.94393898930525 -3.186469628644488 979.684517 984.128730
55.94393898930525 -3.186469628644488 NW 55.94415112133961 -3.1866817606788436 1011.346220 1062.450096
55.94415112133961 -3.1866817606788436 WNW 55.94426592636932 -3.186958924538597 1121.955189 1132.611607
55.94426592636932 -3.186958924538597 NW 55.944478058403675 -3.1871710565729527 1121.955189 1131.361607
55.944478058403675 -3.1871710565729527 WNW 55.944592863433385 -3.187448220432706 1121.955189 1130.111607
55.944592863433385 -3.187448220432706 NW 55.94480499546774 -3.187660352467062 1121.955189 1128.861607
55.94480499546774 -3.187660352467062 WNW 55.94491980049745 -3.1879375163268153 1121.955189 1127.611607
55.94491980049745 -3.1879375163268153 NW 55.94513193253181 -3.188149648361171 1121.955189 1126.361607
55.94513193253181 -3.188149648361171 WNW 55.94524673756152 -3.1884268122209245 1121.955189 1125.111607
55.94524673756152 -3.1884268122209245 NW 55.945458869595875 -3.1886389442552803 1121.955189 1123.861607
55.945458869595875 -3.1886389442552803 WNW 55.945573674625585 -3.1889161081150337 1121.955189 1122.611607
55.945573674625585 -3.1889161081150337 SW 55.94536154259123 -3.1891282401493894 1121.955189 1121.361607
55.94536154259123 -3.1891282401493894 SW 55.94514941055687 -3.189340372183745 1121.955189 1120.111607
55.94514941055687 -3.189340372183745 SW 55.94493727852252 -3.189552504218101 1121.955189 1118.861607
55.94493727852252 -3.189552504218101 SW 55.94472514648816 -3.1897646362524568 1121.955189 1117.611607
55.94472514648816 -3.1897646362524568 WSW 55.94461034145845 -3.19004180011221 1121.955189 1116.361607
55.94461034145845 -3.19004180011221 SW 55.944398209424094 -3.190253932146566 1121.955189 1115.111607
55.944398209424094 -3.190253932146566 WSW 55.94428340439438 -3.1905310960063193 1121.955189 1113.861607
55.94428340439438 -3.1905310960063193 SW 55.94407127236003 -3.190743228040675 1121.955189 1112.611607
55.94407127236003 -3.190743228040675 WSW 55.94395646733032 -3.1910203919004285 1121.955189 1111.361607
55.94395646733032 -3.1910203919004285 SW 55.94374433529596 -3.1912325239347843 1121.955189 1110.111607
55.94374433529596 -3.1912325239347843 E 55.94374433529596 -3.190932523934784 1183.652701 1130.226152
55.94374433529596 -3.190932523934784 E 55.94374433529596 -3.190632523934784 1183.652701 1128.976152
55.94374433529596 -3.190632523934784 E 55.94374433529596 -3.1903325239347837 1183.652701 1127.726152
55.94374433529596 -3.1903325239347837 E 55.94374433529596 -3.1900325239347835 1183.652701 1126.476152
55.94374433529596 -3.1900325239347835 E 55.94374433529596 -3.1897325239347833 1183.652701 1125.226152
55.94374433529596 -3.1897325239347833 E 55.94374433529596 -3.189432523934783 1183.652701 1123.976152
55.94374433529596 -3.189432523934783 E 55.94374433529596 -3.189132523934783 1183.652701 1122.726152
55.94374433529596 -3.189132523934783 E 55.94374433529596 -3.188832523934783 1183.652701 1121.476152
55.94374433529596 -3.188832523934783 E 55.94374433529596 -3.1885325239347826 1183.652701 1120.226152
55.94374433529596 -3.1885325239347826 E 55.94374433529596 -3.1882325239347824 1183.652701 1118.976152
55.94374433529596 -3.1882325239347824 E 55.94374433529596 -3.187932523934782 1183.652701 1117.726152
55.94374433529596 -3.187932523934782 E 55.94374433529596 -3.187632523934782 1183.652701 1116.476152
55.94374433529596 -3.187632523934782 E 55.94374433529596 -3.187332523934782 1183.652701 1115.226152
55.94374433529596 -3.187332523934782 E 55.94374433529596 -3.1870325239347816 1183.652701 1113.976152
55.94374433529596 -3.1870325239347816 E 55.94374433529596 -3.1867325239347815 1178.826097 1053.682878
55.94374433529596 -3.1867325239347815 E 55.94374433529596 -3.1864325239347813 1178.826097 1052.432878
55.94374433529596 -3.1864325239347813 E 55.94374433529596 -3.186132523934781 1178.826097 1051.182878
55.94374433529596 -3.186132523934781 E 55.94374433529596 -3.185832523934781 1178.826097 1049.932878
55.94374433529596 -3.185832523934781 E 55.94374433529596 -3.1855325239347807 1178.826097 1048.682878
55.94374433529596 -3.1855325239347807 E 55.94374433529596 -3.1852325239347805 1178.826097 1047.432878
55.94374433529596 -3.1852325239347805 ENE 55.94385914032567 -3.184955360075027 1178.826097 1046.182878
55.94385914032567 -3.184955360075027 E 55.94385914032567 -3.184655360075027 1178.826097 1044.932878
55.94385914032567 -3.184655360075027 N 55.944159140325674 -3.184655360075027 1264.701894 1119.697595
55.944159140325674 -3.184655360075027 N 55.94445914032568 -3.184655360075027 1264.701894 1118.447595
55.94445914032568 -3.184655360075027 NNW 55.94473630418543 -3.1847701651047364 1264.701894 1117.197595
55.94473630418543 -3.1847701651047364 N 55.945036304185436 -3.1847701651047364 1264.701894 1115.947595
55.945036304185436 -3.1847701651047364 W 55.945036304185436 -3.1850701651047366 1297.494755 1201.807598
55.945036304185436 -3.1850701651047366 W 55.945036304185436 -3.185370165104737 1247.387154 1082.027945
55.945036304185436 -3.185370165104737 W 55.945036304185436 -3.185670165104737 1247.387154 1080.777945
55.945036304185436 -3.185670165104737 W 55.945036304185436 -3.185970165104737 1247.387154 1079.527945
55.945036304185436 -3.185970165104737 WNW 55.945151109215146 -3.1862473289644906 1247.387154 1078.277945
55.945151109215146 -3.1862473289644906 W 55.945151109215146 -3.1865473289644908 1247.387154 1077.027945
55.945151109215146 -3.1865473289644908 WNW 55.94526591424486 -3.186824492824244 1247.387154 1075.777945
55.94526591424486 -3.186824492824244 W 55.94526591424486 -3.1871244928242444 1247.387154 1074.527945
55.94526591424486 -3.1871244928242444 WNW 55.94538071927457 -3.1874016566839978 1247.387154 1073.277945
55.94538071927457 -3.1874016566839978 W 55.94538071927457 -3.187701656683998 1247.387154 1072.027945
55.94538071927457 -3.187701656683998 WNW 55.94549552430428 -3.1879788205437514 1247.387154 1070.777945
55.94549552430428 -3.1879788205437514 W 55.94549552430428 -3.1882788205437516 1247.387154 1069.527945
55.94549552430428 -3.1882788205437516 WNW 55.94561032933399 -3.188555984403505 1247.387154 1068.277945
55.94561032933399 -3.188555984403505 W 55.94561032933399 -3.188855984403505 1247.387154 1067.027945
55.94561032933399 -3.188855984403505 WNW 55.9457251343637 -3.1891331482632586 1247.387154 1065.777945
55.9457251343637 -3.1891331482632586 SE 55.94551300232934 -3.188921016228903 1328.017642 1180.374422
55.94551300232934 -3.188921016228903 NW 55.9457251343637 -3.1891331482632586 1328.017642 1179.124422
55.9457251343637 -3.1891331482632586 WSW 55.94561032933399 -3.189410312123012 1328.017642 1177.874422
55.94561032933399 -3.189410312123012 WSW 55.94549552430428 -3.1896874759827654 1328.017642 1176.624422
55.94549552430428 -3.1896874759827654 WSW 55.94538071927457 -3.1899646398425188 1328.017642 1175.374422
55.94538071927457 -3.1899646398425188 WSW 55.94526591424486 -3.190241803702272 1328.017642 1174.124422
55.94526591424486 -3.190241803702272 W 55.94526591424486 -3.1905418037022724 1443.790023 1258.931617
55.94526591424486 -3.1905418037022724 W 55.94526591424486 -3.1908418037022725 1443.790023 1257.681617
55.94526591424486 -3.1908418037022725 W 55.94526591424486 -3.1911418037022727 1443.790023 1256.431617
55.94526591424486 -3.1911418037022727 W 55.94526591424486 -3.191441803702273 1443.790023 1255.181617
55.94526591424486 -3.191441803702273 W 55.94526591424486 -3.191741803702273 1443.790023 1253.931617
55.94526591424486 -3.191741803702273 W 55.94526591424486 -3.1920418037022733 1443.790023 1252.681617
55.94526591424486 -3.1920418037022733 W 55.94526591424486 -3.1923418037022735 1443.790023 1251.431617
55.94526591424486 -3.1923418037022735 E 55.94526591424486 -3.1920418037022733 1529.216199 1288.195415
55.94526591424486 -3.1920418037022733 E 55.94526591424486 -3.191741803702273 1529.216199 1286.945415
55.94526591424486 -3.191741803702273 E 55.94526591424486 -3.191441803702273 1529.216199 1285.695415
55.94526591424486 -3.191441803702273 E 55.94526591424486 -3.1911418037022727 1529.216199 1284.445415
55.94526591424486 -3.1911418037022727 E 55.94526591424486 -3.1908418037022725 1529.216199 1283.195415
55.94526591424486 -3.1908418037022725 E 55.94526591424486 -3.1905418037022724 1529.216199 1281.945415
55.94526591424486 -3.1905418037022724 E 55.94526591424486 -3.190241803702272 1529.216199 1280.695415
55.94526591424486 -3.190241803702272 E 55.94526591424486 -3.189941803702272 1529.216199 1279.445415
55.94526591424486 -3.189941803702272 ENE 55.94538071927457 -3.1896646398425186 1529.216199 1278.195415
55.94538071927457 -3.1896646398425186 E 55.94538071927457 -3.1893646398425184 1529.216199 1276.945415
55.94538071927457 -3.1893646398425184 ENE 55.94549552430428 -3.189087475982765 1529.216199 1275.695415
55.94549552430428 -3.189087475982765 E 55.94549552430428 -3.188787475982765 1529.216199 1274.445415
55.94549552430428 -3.188787475982765 ENE 55.94561032933399 -3.1885103121230114 1529.216199 1273.195415
55.94561032933399 -3.1885103121230114 E 55.94561032933399 -3.188210312123011 1529.216199 1271.945415
55.94561032933399 -3.188210312123011 ENE 55.9457251343637 -3.187933148263258 1529.216199 1270.695415
55.9457251343637 -3.187933148263258 E 55.9457251343637 -3.1876331482632576 1529.216199 1269.445415
55.9457251343637 -3.1876331482632576 NE 55.945937266398055 -3.187421016228902 1540.050182 1350.764505
55.945937266398055 -3.187421016228902 SW 55.9457251343637 -3.1876331482632576 1540.050182 1349.514505
55.9457251343637 -3.1876331482632576 NNW 55.946002298223455 -3.187747953292967 1540.050182 1348.264505
55.946002298223455 -3.187747953292967 WNW 55.946117103253165 -3.1880251171527205 1540.050182 1347.014505
55.946117103253165 -3.1880251171527205 SSW 55.94583993939341 -3.18813992218243 1540.050182 1345.764505
55.94583993939341 -3.18813992218243 SW 55.94562780735905 -3.188352054216786 1540.050182 1344.514505
55.94562780735905 -3.188352054216786 NE 55.94583993939341 -3.18813992218243 1540.050182 1343.264505
55.94583993939341 -3.18813992218243 ESE 55.9457251343637 -3.1878627583226766 1540.050182 1342.014505
55.9457251343637 -3.1878627583226766 W 55.9457251343637 -3.188162758322677 1540.050182 1340.764505
55.9457251343637 -3.188162758322677 WNW 55.94583993939341 -3.18843992218243 1540.050182 1339.514505
55.94583993939341 -3.18843992218243 WSW 55.9457251343637 -3.1887170860421836 1540.050182 1338.264505
55.9457251343637 -3.1887170860421836 NE 55.945937266398055 -3.188504954007828 1540.050182 1337.014505
55.945937266398055 -3.188504954007828 SW 55.9457251343637 -3.1887170860421836 1540.050182 1335.764505
55.9457251343637 -3.1887170860421836 S 55.945425134363695 -3.1887170860421836 1540.050182 1334.514505
55.945425134363695 -3.1887170860421836 S 55.94512513436369 -3.1887170860421836 1540.050182 1333.264505
55.94512513436369 -3.1887170860421836 WNW 55.9452399393934 -3.188994249901937 1540.050182 1332.014505
55.9452399393934 -3.188994249901937 W 55.9452399393934 -3.189294249901937 1540.050182 1330.764505
55.9452399393934 -3.189294249901937 NNW 55.94551710325316 -3.1894090549316467 1540.050182 1329.514505
55.94551710325316 -3.1894090549316467 NW 55.945729235287516 -3.1896211869660025 1540.050182 1328.264505
55.945729235287516 -3.1896211869660025 ESE 55.945614430257805 -3.189344023106249 1540.050182 1327.014505
55.945614430257805 -3.189344023106249 E 55.945614430257805 -3.189044023106249 1540.050182 1325.764505
55.945614430257805 -3.189044023106249 ENE 55.945729235287516 -3.1887668592464955 1540.050182 1324.514505
55.945729235287516 -3.1887668592464955 N 55.94602923528752 -3.1887668592464955 1540.050182 1323.264505
55.94602923528752 -3.1887668592464955 SE 55.94581710325316 -3.1885547272121397 1540.050182 1322.014505
55.94581710325316 -3.1885547272121397 WSW 55.94570229822345 -3.188831891071893 1540.050182 1320.764505
55.94570229822345 -3.188831891071893 E 55.94570229822345 -3.188531891071893 1540.050182 1319.514505
55.94570229822345 -3.188531891071893 SE 55.945490166189096 -3.188319759037537 1540.050182 1318.264505
