55.944425 -3.188396 ENE 55.94453980502971 -3.1881188361402466 0.000000 248.750000
55.94453980502971 -3.1881188361402466 ENE 55.94465461005942 -3.187841672280493 0.000000 247.500000
55.94465461005942 -3.187841672280493 ENE 55.944769415089134 -3.18756450842074 0.000000 246.250000
55.944769415089134 -3.18756450842074 ENE 55.944884220118844 -3.1872873445609864 0.000000 245.000000
55.944884220118844 -3.1872873445609864 ENE 55.944999025148554 -3.187010180701233 49.270928 256.824749
55.944999025148554 -3.187010180701233 ENE 55.945113830178265 -3.1867330168414796 0.000000 131.704170
55.945113830178265 -3.1867330168414796 ENE 55.945228635207975 -3.186455852981726 0.000000 130.454170
55.945228635207975 -3.186455852981726 ENE 55.945343440237686 -3.1861786891219728 0.000000 129.204170
55.945343440237686 -3.1861786891219728 ENE 55.945458245267396 -3.1859015252622194 0.000000 127.954170
55.945458245267396 -3.1859015252622194 S 55.94515824526739 -3.1859015252622194 113.887452 161.557950
55.94515824526739 -3.1859015252622194 S 55.94485824526739 -3.1859015252622194 220.206845 177.434411
55.94485824526739 -3.1859015252622194 S 55.94455824526739 -3.1859015252622194 235.925669 269.476424
55.94455824526739 -3.1859015252622194 SSE 55.94428108140763 -3.18578672023251 235.925669 268.226424
55.94428108140763 -3.18578672023251 S 55.94398108140763 -3.18578672023251 235.925669 266.976424
55.94398108140763 -3.18578672023251 SSE 55.94370391754787 -3.1856719152028004 235.925669 265.726424
55.94370391754787 -3.1856719152028004 S 55.94340391754787 -3.1856719152028004 313.140754 273.632146
55.94340391754787 -3.1856719152028004 SSE 55.94312675368811 -3.185557110173091 313.140754 272.382146
55.94312675368811 -3.185557110173091 W 55.94312675368811 -3.185857110173091 348.280399 331.473396
55.94312675368811 -3.185857110173091 W 55.94312675368811 -3.1861571101730912 348.280399 330.223396
55.94312675368811 -3.1861571101730912 W 55.94312675368811 -3.1864571101730914 348.280399 328.973396
55.94312675368811 -3.1864571101730914 W 55.94312675368811 -3.1867571101730916 348.280399 327.723396
55.94312675368811 -3.1867571101730916 W 55.94312675368811 -3.187057110173092 348.280399 326.473396
55.94312675368811 -3.187057110173092 W 55.94312675368811 -3.187357110173092 348.280399 325.223396
55.94312675368811 -3.187357110173092 W 55.94312675368811 -3.187657110173092 348.280399 323.973396
55.94312675368811 -3.187657110173092 W 55.94312675368811 -3.1879571101730924 348.280399 322.723396
55.94312675368811 -3.1879571101730924 W 55.94312675368811 -3.1882571101730925 348.280399 321.473396
55.94312675368811 -3.1882571101730925 W 55.94312675368811 -3.1885571101730927 348.280399 320.223396
55.94312675368811 -3.1885571101730927 W 55.94312675368811 -3.188857110173093 348.280399 318.973396
55.94312675368811 -3.188857110173093 W 55.94312675368811 -3.189157110173093 348.280399 317.723396
55.94312675368811 -3.189157110173093 WSW 55.9430119486584 -3.1894342740328465 348.280399 316.473396
55.9430119486584 -3.1894342740328465 W 55.9430119486584 -3.1897342740328467 348.280399 315.223396
55.9430119486584 -3.1897342740328467 WSW 55.94289714362869 -3.1900114378926 302.884938 299.276775
55.94289714362869 -3.1900114378926 W 55.94289714362869 -3.1903114378926003 302.884938 298.026775
55.94289714362869 -3.1903114378926003 WSW 55.94278233859898 -3.1905886017523537 302.884938 296.776775
55.94278233859898 -3.1905886017523537 W 55.94278233859898 -3.190888601752354 302.884938 295.526775
55.94278233859898 -3.190888601752354 NNE 55.94305950245874 -3.1907737967226444 380.540356 377.768654
55.94305950245874 -3.1907737967226444 NNE 55.943336666318494 -3.190658991692935 380.540356 376.518654
55.943336666318494 -3.190658991692935 NNE 55.94361383017825 -3.1905441866632254 380.540356 375.268654
55.94361383017825 -3.1905441866632254 NE 55.94382596221261 -3.1903320546288696 380.540356 374.018654
55.94382596221261 -3.1903320546288696 NNE 55.94410312607236 -3.19021724959916 402.834470 383.827218
55.94410312607236 -3.19021724959916 NE 55.94431525810672 -3.1900051175648043 402.834470 382.577218
55.94431525810672 -3.1900051175648043 NNE 55.944592421966476 -3.189890312535095 413.611972 443.069440
55.944592421966476 -3.189890312535095 NE 55.94480455400083 -3.189678180500739 413.611972 441.819440
55.94480455400083 -3.189678180500739 NNE 55.94508171786059 -3.1895633754710295 509.694046 475.154526
55.94508171786059 -3.1895633754710295 NE 55.945293849894945 -3.1893512434366738 509.694046 473.904526
55.945293849894945 -3.1893512434366738 NNE 55.9455710137547 -3.1892364384069642 509.694046 472.654526
55.9455710137547 -3.1892364384069642 W 55.9455710137547 -3.1895364384069644 590.324534 587.251003
55.9455710137547 -3.1895364384069644 W 55.9455710137547 -3.1898364384069646 590.324534 586.001003
55.9455710137547 -3.1898364384069646 W 55.9455710137547 -3.190136438406965 590.324534 584.751003
55.9455710137547 -3.190136438406965 W 55.9455710137547 -3.190436438406965 590.324534 583.501003
55.9455710137547 -3.190436438406965 W 55.9455710137547 -3.190736438406965 590.324534 582.251003
55.9455710137547 -3.190736438406965 W 55.9455710137547 -3.1910364384069654 590.324534 581.001003
55.9455710137547 -3.1910364384069654 WSW 55.94545620872499 -3.191313602266719 590.324534 579.751003
55.94545620872499 -3.191313602266719 W 55.94545620872499 -3.191613602266719 654.254461 696.380613
55.94545620872499 -3.191613602266719 WSW 55.94534140369528 -3.1918907661264724 654.254461 695.130613
55.94534140369528 -3.1918907661264724 W 55.94534140369528 -3.1921907661264726 654.254461 693.880613
55.94534140369528 -3.1921907661264726 WSW 55.94522659866557 -3.192467929986226 654.254461 692.630613
55.94522659866557 -3.192467929986226 E 55.94522659866557 -3.192167929986226 739.680638 729.394410
55.94522659866557 -3.192167929986226 E 55.94522659866557 -3.1918679299862256 739.680638 728.144410
55.94522659866557 -3.1918679299862256 E 55.94522659866557 -3.1915679299862254 739.680638 726.894410
55.94522659866557 -3.1915679299862254 E 55.94522659866557 -3.191267929986225 739.680638 725.644410
55.94522659866557 -3.191267929986225 E 55.94522659866557 -3.190967929986225 739.680638 724.394410
55.94522659866557 -3.190967929986225 E 55.94522659866557 -3.190667929986225 739.680638 723.144410
55.94522659866557 -3.190667929986225 E 55.94522659866557 -3.1903679299862246 739.680638 721.894410
55.94522659866557 -3.1903679299862246 S 55.94492659866557 -3.1903679299862246 855.453019 806.701605
55.94492659866557 -3.1903679299862246 SSE 55.94464943480581 -3.190253124956515 855.453019 805.451605
55.94464943480581 -3.190253124956515 E 55.94464943480581 -3.189953124956515 916.250744 840.719714
55.94464943480581 -3.189953124956515 E 55.94464943480581 -3.1896531249565148 916.250744 839.469714
55.94464943480581 -3.1896531249565148 E 55.94464943480581 -3.1893531249565146 916.250744 838.219714
55.94464943480581 -3.1893531249565146 E 55.94464943480581 -3.1890531249565144 916.250744 836.969714
55.94464943480581 -3.1890531249565144 E 55.94464943480581 -3.188753124956514 916.250744 835.719714
55.94464943480581 -3.188753124956514 ESE 55.9445346297761 -3.188475961096761 916.250744 834.469714
55.9445346297761 -3.188475961096761 E 55.9445346297761 -3.1881759610967606 916.250744 833.219714
55.9445346297761 -3.1881759610967606 ESE 55.94441982474639 -3.187898797237007 916.250744 831.969714
55.94441982474639 -3.187898797237007 E 55.94441982474639 -3.187598797237007 916.250744 830.719714
55.94441982474639 -3.187598797237007 ESE 55.94430501971668 -3.1873216333772536 916.250744 829.469714
55.94430501971668 -3.1873216333772536 E 55.94430501971668 -3.1870216333772534 916.250744 828.219714
55.94430501971668 -3.1870216333772534 ESE 55.94419021468697 -3.1867444695175 916.250744 826.969714
55.94419021468697 -3.1867444695175 S 55.94389021468697 -3.1867444695175 1026.859713 897.131225
55.94389021468697 -3.1867444695175 SSW 55.94361305082721 -3.1868592745472095 1026.859713 895.881225
55.94361305082721 -3.1868592745472095 S 55.94331305082721 -3.1868592745472095 1026.859713 894.631225
55.94331305082721 -3.1868592745472095 SSW 55.94303588696745 -3.186974079576919 1026.859713 893.381225
55.94303588696745 -3.186974079576919 S 55.94273588696745 -3.186974079576919 1026.859713 892.131225
55.94273588696745 -3.186974079576919 WNW 55.94285069199716 -3.1872512434366724 1050.886368 1007.977951
55.94285069199716 -3.1872512434366724 WNW 55.94296549702687 -3.187528407296426 1050.886368 1006.727951
55.94296549702687 -3.187528407296426 WNW 55.94308030205658 -3.1878055711561792 1050.886368 1005.477951
55.94308030205658 -3.1878055711561792 WNW 55.94319510708629 -3.1880827350159326 1050.886368 1004.227951
55.94319510708629 -3.1880827350159326 WNW 55.943309912116 -3.188359898875686 1050.886368 1002.977951
55.943309912116 -3.188359898875686 WNW 55.94342471714571 -3.1886370627354395 1050.886368 1001.727951
55.94342471714571 -3.1886370627354395 WNW 55.94353952217542 -3.188914226595193 1050.886368 1000.477951
55.94353952217542 -3.188914226595193 W 55.94353952217542 -3.189214226595193 1107.524929 1082.889992
55.94353952217542 -3.189214226595193 WNW 55.94365432720513 -3.1894913904549465 1107.524929 1081.639992
55.94365432720513 -3.1894913904549465 W 55.94365432720513 -3.1897913904549466 1107.524929 1080.389992
55.94365432720513 -3.1897913904549466 WNW 55.94376913223484 -3.1900685543147 1107.524929 1079.139992
55.94376913223484 -3.1900685543147 W 55.94376913223484 -3.1903685543147002 1107.524929 1077.889992
55.94376913223484 -3.1903685543147002 WNW 55.94388393726455 -3.1906457181744536 1107.524929 1076.639992
55.94388393726455 -3.1906457181744536 W 55.94388393726455 -3.190945718174454 1107.524929 1075.389992
55.94388393726455 -3.190945718174454 WNW 55.94399874229426 -3.1912228820342072 1107.524929 1074.139992
55.94399874229426 -3.1912228820342072 W 55.94399874229426 -3.1915228820342074 1151.838969 1078.503626
55.94399874229426 -3.1915228820342074 E 55.94399874229426 -3.1912228820342072 1151.838969 1077.253626
55.94399874229426 -3.1912228820342072 E 55.94399874229426 -3.190922882034207 1151.838969 1076.003626
55.94399874229426 -3.190922882034207 E 55.94399874229426 -3.190622882034207 1151.838969 1074.753626
55.94399874229426 -3.190622882034207 E 55.94399874229426 -3.1903228820342067 1151.838969 1073.503626
55.94399874229426 -3.1903228820342067 E 55.94399874229426 -3.1900228820342065 1151.838969 1072.253626
55.94399874229426 -3.1900228820342065 E 55.94399874229426 -3.1897228820342063 1151.838969 1071.003626
55.94399874229426 -3.1897228820342063 E 55.94399874229426 -3.189422882034206 1151.838969 1069.753626
55.94399874229426 -3.189422882034206 E 55.94399874229426 -3.189122882034206 1151.838969 1068.503626
55.94399874229426 -3.189122882034206 E 55.94399874229426 -3.1888228820342057 1151.838969 1067.253626
55.94399874229426 -3.1888228820342057 E 55.94399874229426 -3.1885228820342055 1151.838969 1066.003626
55.94399874229426 -3.1885228820342055 E 55.94399874229426 -3.1882228820342053 1151.838969 1064.753626
55.94399874229426 -3.1882228820342053 E 55.94399874229426 -3.187922882034205 1225.208356 1140.832462
55.94399874229426 -3.187922882034205 E 55.94399874229426 -3.187622882034205 1199.265947 1129.413980
55.94399874229426 -3.187622882034205 E 55.94399874229426 -3.1873228820342048 1199.265947 1128.163980
55.94399874229426 -3.1873228820342048 E 55.94399874229426 -3.1870228820342046 1199.265947 1126.913980
55.94399874229426 -3.1870228820342046 E 55.94399874229426 -3.1867228820342044 1199.265947 1125.663980
55.94399874229426 -3.1867228820342044 E 55.94399874229426 -3.186422882034204 1199.265947 1124.413980
55.94399874229426 -3.186422882034204 E 55.94399874229426 -3.186122882034204 1230.927651 1202.735346
55.94399874229426 -3.186122882034204 E 55.94399874229426 -3.185822882034204 1230.927651 1201.485346
55.94399874229426 -3.185822882034204 E 55.94399874229426 -3.1855228820342036 1230.927651 1200.235346
55.94399874229426 -3.1855228820342036 E 55.94399874229426 -3.1852228820342035 1230.927651 1198.985346
55.94399874229426 -3.1852228820342035 E 55.94399874229426 -3.1849228820342033 1230.927651 1197.735346
55.94399874229426 -3.1849228820342033 ESE 55.94388393726455 -3.18464571817445 1230.927651 1196.485346
55.94388393726455 -3.18464571817445 W 55.94388393726455 -3.18494571817445 1316.803448 1271.250062
55.94388393726455 -3.18494571817445 W 55.94388393726455 -3.1852457181744502 1316.803448 1270.000062
55.94388393726455 -3.1852457181744502 W 55.94388393726455 -3.1855457181744504 1316.803448 1268.750062
55.94388393726455 -3.1855457181744504 W 55.94388393726455 -3.1858457181744506 1316.803448 1267.500062
55.94388393726455 -3.1858457181744506 W 55.94388393726455 -3.186145718174451 1316.803448 1266.250062
55.94388393726455 -3.186145718174451 W 55.94388393726455 -3.186445718174451 1316.803448 1265.000062
55.94388393726455 -3.186445718174451 W 55.94388393726455 -3.186745718174451 1316.803448 1263.750062
55.94388393726455 -3.186745718174451 W 55.94388393726455 -3.1870457181744514 1316.803448 1262.500062
55.94388393726455 -3.1870457181744514 W 55.94388393726455 -3.1873457181744516 1316.803448 1261.250062
55.94388393726455 -3.1873457181744516 W 55.94388393726455 -3.1876457181744517 1316.803448 1260.000062
55.94388393726455 -3.1876457181744517 W 55.94388393726455 -3.187945718174452 1316.803448 1258.750062
55.94388393726455 -3.187945718174452 W 55.94388393726455 -3.188245718174452 1316.803448 1257.500062
55.94388393726455 -3.188245718174452 W 55.94388393726455 -3.1885457181744523 1316.803448 1256.250062
55.94388393726455 -3.1885457181744523 WNW 55.94399874229426 -3.1888228820342057 1316.803448 1255.000062
55.94399874229426 -3.1888228820342057 W 55.94399874229426 -3.189122882034206 1316.803448 1253.750062
55.94399874229426 -3.189122882034206 WNW 55.94411354732397 -3.1894000458939593 1316.803448 1252.500062
55.94411354732397 -3.1894000458939593 W 55.94411354732397 -3.1897000458939595 1316.803448 1251.250062
55.94411354732397 -3.1897000458939595 WNW 55.94422835235368 -3.189977209753713 1316.803448 1250.000062
55.94422835235368 -3.189977209753713 W 55.94422835235368 -3.190277209753713 1316.803448 1248.750062
55.94422835235368 -3.190277209753713 WNW 55.94434315738339 -3.1905543736134665 1316.803448 1247.500062
55.94434315738339 -3.1905543736134665 W 55.94434315738339 -3.1908543736134667 1316.803448 1246.250062
55.94434315738339 -3.1908543736134667 WNW 55.944457962413104 -3.19113153747322 1316.803448 1245.000062
55.944457962413104 -3.19113153747322 W 55.944457962413104 -3.1914315374732203 1316.803448 1243.750062
55.944457962413104 -3.1914315374732203 WNW 55.944572767442814 -3.1917087013329737 1408.898301 1247.595226
55.944572767442814 -3.1917087013329737 SSE 55.94429560358306 -3.191593896303264 1498.057047 1349.136031
55.94429560358306 -3.191593896303264 SSE 55.9440184397233 -3.1914790912735547 1498.057047 1347.886031
55.9440184397233 -3.1914790912735547 SE 55.943806307688945 -3.191266959239199 1498.057047 1346.636031
55.943806307688945 -3.191266959239199 SE 55.94359417565459 -3.191054827204843 1559.754559 1366.750575
55.94359417565459 -3.191054827204843 SE 55.94338204362023 -3.1908426951704874 1559.754559 1365.500575
55.94338204362023 -3.1908426951704874 SE 55.943169911585876 -3.1906305631361316 1559.754559 1364.250575
55.943169911585876 -3.1906305631361316 ESE 55.943055106556166 -3.190353399276378 1559.754559 1363.000575
55.943055106556166 -3.190353399276378 SE 55.94284297452181 -3.1901412672420224 1559.754559 1361.750575
55.94284297452181 -3.1901412672420224 ESE 55.9427281694921 -3.189864103382269 1559.754559 1360.500575
55.9427281694921 -3.189864103382269 ENE 55.94284297452181 -3.1895869395225156 1609.192991 1429.083299
55.94284297452181 -3.1895869395225156 ENE 55.94295777955152 -3.189309775662762 1609.192991 1427.833299
55.94295777955152 -3.189309775662762 ENE 55.94307258458123 -3.189032611803009 1609.192991 1426.583299
55.94307258458123 -3.189032611803009 ENE 55.94318738961094 -3.1887554479432554 1609.192991 1425.333299
55.94318738961094 -3.1887554479432554 ENE 55.94330219464065 -3.188478284083502 1609.192991 1424.083299
55.94330219464065 -3.188478284083502 ENE 55.94341699967036 -3.1882011202237486 1609.192991 1422.833299
55.94341699967036 -3.1882011202237486 ENE 55.94353180470007 -3.187923956363995 1609.192991 1421.583299
55.94353180470007 -3.187923956363995 ENE 55.94364660972978 -3.1876467925042418 1609.192991 1420.333299
55.94364660972978 -3.1876467925042418 ENE 55.94376141475949 -3.1873696286444884 1609.192991 1419.083299
55.94376141475949 -3.1873696286444884 ENE 55.9438762197892 -3.187092464784735 1609.192991 1417.833299
55.9438762197892 -3.187092464784735 ENE 55.943991024818914 -3.1868153009249816 1609.192991 1416.583299
55.943991024818914 -3.1868153009249816 ENE 55.944105829848624 -3.186538137065228 1609.192991 1415.333299
55.944105829848624 -3.186538137065228 ENE 55.944220634878334 -3.1862609732054747 1609.192991 1414.083299
55.944220634878334 -3.1862609732054747 ENE 55.944335439908045 -3.1859838093457213 1609.192991 1412.833299
55.944335439908045 -3.1859838093457213 ENE 55.944450244937755 -3.185706645485968 1609.192991 1411.583299
55.944450244937755 -3.185706645485968 NE 55.94466237697211 -3.185494513451612 1609.192991 1410.333299
55.94466237697211 -3.185494513451612 ENE 55.94477718200182 -3.1852173495918588 1609.192991 1409.083299
55.94477718200182 -3.1852173495918588 NE 55.94498931403618 -3.185005217557503 1609.192991 1407.833299
55.94498931403618 -3.185005217557503 WNW 55.94510411906589 -3.1852823814172564 1641.985853 1493.693302
55.94510411906589 -3.1852823814172564 WNW 55.9452189240956 -3.18555954527701 1641.985853 1492.443302
55.9452189240956 -3.18555954527701 WNW 55.94533372912531 -3.185836709136763 1641.985853 1491.193302
55.94533372912531 -3.185836709136763 WNW 55.94544853415502 -3.1861138729965166 1641.985853 1489.943302
55.94544853415502 -3.1861138729965166 WNW 55.94556333918473 -3.18639103685627 1641.985853 1488.693302
55.94556333918473 -3.18639103685627 W 55.94556333918473 -3.18669103685627 1551.328092 1465.407603
55.94556333918473 -3.18669103685627 WNW 55.94567814421444 -3.1869682007160236 1551.328092 1464.157603
55.94567814421444 -3.1869682007160236 W 55.94567814421444 -3.187268200716024 1551.328092 1462.907603
55.94567814421444 -3.187268200716024 WNW 55.94579294924415 -3.187545364575777 1551.328092 1461.657603
55.94579294924415 -3.187545364575777 E 55.94579294924415 -3.187245364575777 1562.162075 1542.976694
55.94579294924415 -3.187245364575777 E 55.94579294924415 -3.186945364575777 1562.162075 1541.726694
55.94579294924415 -3.186945364575777 E 55.94579294924415 -3.1866453645757766 1562.162075 1540.476694
55.94579294924415 -3.1866453645757766 E 55.94579294924415 -3.1863453645757764 1562.162075 1539.226694
55.94579294924415 -3.1863453645757764 E 55.94579294924415 -3.1860453645757763 1561.926347 1436.151160
55.94579294924415 -3.1860453645757763 E 55.94579294924415 -3.185745364575776 1481.619149 1349.170563
55.94579294924415 -3.185745364575776 E 55.94579294924415 -3.185445364575776 1481.619149 1347.920563
55.94579294924415 -3.185445364575776 E 55.94579294924415 -3.1851453645757757 1481.619149 1346.670563
55.94579294924415 -3.1851453645757757 E 55.94579294924415 -3.1848453645757755 1481.619149 1345.420563
55.94579294924415 -3.1848453645757755 E 55.94579294924415 -3.1845453645757753 1481.619149 1344.170563
55.94579294924415 -3.1845453645757753 E 55.94579294924415 -3.184245364575775 1551.077663 1459.004959
55.94579294924415 -3.184245364575775 WSW 55.94567814421444 -3.1845225284355285 1551.077663 1457.754959
55.94567814421444 -3.1845225284355285 WSW 55.94556333918473 -3.184799692295282 1551.077663 1456.504959
55.94556333918473 -3.184799692295282 WSW 55.94544853415502 -3.1850768561550353 1551.077663 1455.254959
55.94544853415502 -3.1850768561550353 WSW 55.94533372912531 -3.1853540200147887 1500.970061 1335.475306
55.94533372912531 -3.1853540200147887 WSW 55.9452189240956 -3.185631183874542 1500.970061 1334.225306
55.9452189240956 -3.185631183874542 W 55.9452189240956 -3.1859311838745423 1500.970061 1332.975306
55.9452189240956 -3.1859311838745423 WSW 55.94510411906589 -3.1862083477342957 1500.970061 1331.725306
55.94510411906589 -3.1862083477342957 W 55.94510411906589 -3.186508347734296 1500.970061 1330.475306
55.94510411906589 -3.186508347734296 WSW 55.94498931403618 -3.1867855115940493 1500.970061 1329.225306
55.94498931403618 -3.1867855115940493 W 55.94498931403618 -3.1870855115940495 1446.227703 1327.975306
55.94498931403618 -3.1870855115940495 WSW 55.94487450900647 -3.187362675453803 1446.227703 1326.725306
55.94487450900647 -3.187362675453803 W 55.94487450900647 -3.187662675453803 1446.227703 1325.475306
55.94487450900647 -3.187662675453803 WSW 55.94475970397676 -3.1879398393135565 1446.227703 1324.225306
55.94475970397676 -3.1879398393135565 W 55.94475970397676 -3.1882398393135567 1446.227703 1322.975306
55.94475970397676 -3.1882398393135567 WSW 55.94464489894705 -3.18851700317331 1446.227703 1321.725306
55.94464489894705 -3.18851700317331 W 55.94464489894705 -3.1888170031733103 1446.227703 1320.475306
55.94464489894705 -3.1888170031733103 WSW 55.944530093917336 -3.1890941670330637 1446.227703 1319.225306
55.944530093917336 -3.1890941670330637 W 55.944530093917336 -3.189394167033064 1446.227703 1317.975306
55.944530093917336 -3.189394167033064 WSW 55.944415288887626 -3.1896713308928173 1446.227703 1316.725306
55.944415288887626 -3.1896713308928173 W 55.944415288887626 -3.1899713308928175 1446.227703 1315.475306
55.944415288887626 -3.1899713308928175 WSW 55.944300483857916 -3.190248494752571 1446.227703 1314.225306
55.944300483857916 -3.190248494752571 W 55.944300483857916 -3.190548494752571 1446.227703 1312.975306
55.944300483857916 -3.190548494752571 WSW 55.944185678828205 -3.1908256586123245 1446.227703 1311.725306
55.944185678828205 -3.1908256586123245 W 55.944185678828205 -3.1911256586123247 1446.227703 1310.475306
55.944185678828205 -3.1911256586123247 WSW 55.944070873798495 -3.191402822472078 1446.227703 1309.225306
55.944070873798495 -3.191402822472078 W 55.944070873798495 -3.1917028224720783 1446.227703 1307.975306
55.944070873798495 -3.1917028224720783 SSW 55.94379370993874 -3.1918176275017878 1461.882910 1347.488733
55.94379370993874 -3.1918176275017878 NNE 55.944070873798495 -3.1917028224720783 1461.882910 1346.238733
55.944070873798495 -3.1917028224720783 ENE 55.944185678828205 -3.191425658612325 1461.882910 1344.988733
55.944185678828205 -3.191425658612325 ENE 55.944300483857916 -3.1911484947525715 1461.882910 1343.738733
55.944300483857916 -3.1911484947525715 ENE 55.944415288887626 -3.190871330892818 1461.882910 1342.488733
55.944415288887626 -3.190871330892818 ENE 55.944530093917336 -3.1905941670330646 1461.882910 1341.238733
55.944530093917336 -3.1905941670330646 ENE 55.94464489894705 -3.1903170031733112 1461.882910 1339.988733
55.94464489894705 -3.1903170031733112 ENE 55.94475970397676 -3.190039839313558 1461.882910 1338.738733
55.94475970397676 -3.190039839313558 NE 55.94497183601111 -3.189827707279202 1461.882910 1337.488733
55.94497183601111 -3.189827707279202 ENE 55.945086641040824 -3.1895505434194487 1461.882910 1336.238733
55.945086641040824 -3.1895505434194487 NE 55.94529877307518 -3.189338411385093 1461.882910 1334.988733
55.94529877307518 -3.189338411385093 ENE 55.94541357810489 -3.1890612475253395 1461.882910 1333.738733
55.94541357810489 -3.1890612475253395 NE 55.94562571013925 -3.1888491154909837 1461.882910 1332.488733
55.94562571013925 -3.1888491154909837 ESE 55.945510905109536 -3.1885719516312303 1483.776107 1432.227648
55.945510905109536 -3.1885719516312303 WNW 55.94562571013925 -3.1888491154909837 1483.776107 1430.977648
55.94562571013925 -3.1888491154909837 SSW 55.94534854627949 -3.188963920520693 1483.776107 1429.727648
55.94534854627949 -3.188963920520693 ESE 55.94523374124978 -3.18868675666094 1483.776107 1428.477648
55.94523374124978 -3.18868675666094 SSW 55.94495657739002 -3.1888015616906493 1483.776107 1427.227648
55.94495657739002 -3.1888015616906493 SW 55.94474444535567 -3.189013693725005 1450.640958 1351.528230
55.94474444535567 -3.189013693725005 S 55.944444445355664 -3.189013693725005 1450.640958 1350.278230
55.944444445355664 -3.189013693725005 NW 55.94465657739002 -3.189225825759361 1426.813235 1325.132295
55.94465657739002 -3.189225825759361 WNW 55.94477138241973 -3.1895029896191143 1426.813235 1323.882295
55.94477138241973 -3.1895029896191143 N 55.945071382419734 -3.1895029896191143 1426.813235 1322.632295
55.945071382419734 -3.1895029896191143 NW 55.94528351445409 -3.18971512165347 1426.813235 1321.382295
55.94528351445409 -3.18971512165347 SSW 55.94500635059433 -3.1898299266831796 1426.813235 1320.132295
55.94500635059433 -3.1898299266831796 SSE 55.94472918673458 -3.18971512165347 1426.813235 1318.882295
55.94472918673458 -3.18971512165347 ENE 55.94484399176429 -3.1894379577937166 1426.813235 1317.632295
55.94484399176429 -3.1894379577937166 NNE 55.945121155624044 -3.189323152764007 1426.813235 1316.382295
55.945121155624044 -3.189323152764007 E 55.945121155624044 -3.189023152764007 1426.813235 1315.132295
55.945121155624044 -3.189023152764007 S 55.94482115562404 -3.189023152764007 1426.813235 1313.882295
55.94482115562404 -3.189023152764007 N 55.945121155624044 -3.189023152764007 1426.813235 1312.632295
