55.944425 -3.188396 ENE 55.94453980502971 -3.1881188361402466 0.000000 248.750000
55.94453980502971 -3.1881188361402466 ENE 55.94465461005942 -3.187841672280493 0.000000 247.500000
55.94465461005942 -3.187841672280493 ENE 55.944769415089134 -3.18756450842074 0.000000 246.250000
55.944769415089134 -3.18756450842074 ENE 55.944884220118844 -3.1872873445609864 0.000000 245.000000
55.944884220118844 -3.1872873445609864 ENE 55.944999025148554 -3.187010180701233 49.270928 256.824749
55.944999025148554 -3.187010180701233 ENE 55.945113830178265 -3.1867330168414796 0.000000 131.704170
55.945113830178265 -3.1867330168414796 ENE 55.945228635207975 -3.186455852981726 0.000000 130.454170
55.945228635207975 -3.186455852981726 ENE 55.945343440237686 -3.1861786891219728 0.000000 129.204170
55.945343440237686 -3.1861786891219728 ENE 55.945458245267396 -3.1859015252622194 0.000000 127.954170
55.945458245267396 -3.1859015252622194 S 55.94515824526739 -3.1859015252622194 113.887452 161.557950
55.94515824526739 -3.1859015252622194 S 55.94485824526739 -3.1859015252622194 220.206845 177.434411
55.94485824526739 -3.1859015252622194 S 55.94455824526739 -3.1859015252622194 235.925669 269.476424
55.94455824526739 -3.1859015252622194 SSE 55.94428108140763 -3.18578672023251 235.925669 268.226424
55.94428108140763 -3.18578672023251 S 55.94398108140763 -3.18578672023251 235.925669 266.976424
55.94398108140763 -3.18578672023251 SSE 55.94370391754787 -3.1856719152028004 235.925669 265.726424
55.94370391754787 -3.1856719152028004 S 55.94340391754787 -3.1856719152028004 313.140754 273.632146
55.94340391754787 -3.1856719152028004 SSE 55.94312675368811 -3.185557110173091 313.140754 272.382146
55.94312675368811 -3.185557110173091 NNE 55.94340391754787 -3.1854423051433813 348.280399 331.473396
55.94340391754787 -3.1854423051433813 NNE 55.943681081407625 -3.185327500113672 348.280399 330.223396
55.943681081407625 -3.185327500113672 NNE 55.94395824526738 -3.1852126950839623 348.280399 328.973396
55.94395824526738 -3.1852126950839623 NNE 55.94423540912714 -3.185097890054253 348.280399 327.723396
55.94423540912714 -3.185097890054253 NNE 55.944512572986895 -3.1849830850245433 348.280399 326.473396
55.944512572986895 -3.1849830850245433 NNE 55.94478973684665 -3.184868279994834 348.280399 325.223396
55.94478973684665 -3.184868279994834 NNE 55.94506690070641 -3.1847534749651243 348.280399 323.973396
55.94506690070641 -3.1847534749651243 NNE 55.945344064566164 -3.184638669935415 381.073260 409.833400
55.945344064566164 -3.184638669935415 NNE 55.94562122842592 -3.1845238649057053 381.073260 408.583400
55.94562122842592 -3.1845238649057053 W 55.94562122842592 -3.1848238649057055 450.531774 523.417796
55.94562122842592 -3.1848238649057055 W 55.94562122842592 -3.1851238649057056 450.531774 522.167796
55.94562122842592 -3.1851238649057056 W 55.94562122842592 -3.185423864905706 450.531774 520.917796
55.94562122842592 -3.185423864905706 W 55.94562122842592 -3.185723864905706 450.531774 519.667796
55.94562122842592 -3.185723864905706 W 55.94562122842592 -3.186023864905706 450.531774 518.417796
55.94562122842592 -3.186023864905706 W 55.94562122842592 -3.1863238649057064 450.531774 517.167796
55.94562122842592 -3.1863238649057064 W 55.94562122842592 -3.1866238649057066 450.296046 414.092262
55.94562122842592 -3.1866238649057066 W 55.94562122842592 -3.186923864905707 359.638285 390.806564
55.94562122842592 -3.186923864905707 W 55.94562122842592 -3.187223864905707 359.638285 389.556564
55.94562122842592 -3.187223864905707 W 55.94562122842592 -3.187523864905707 359.638285 388.306564
55.94562122842592 -3.187523864905707 W 55.94562122842592 -3.1878238649057073 370.472268 469.625654
55.94562122842592 -3.1878238649057073 W 55.94562122842592 -3.1881238649057075 370.472268 468.375654
55.94562122842592 -3.1881238649057075 W 55.94562122842592 -3.1884238649057077 370.472268 467.125654
55.94562122842592 -3.1884238649057077 W 55.94562122842592 -3.188723864905708 370.472268 465.875654
55.94562122842592 -3.188723864905708 W 55.94562122842592 -3.189023864905708 392.365465 565.614569
55.94562122842592 -3.189023864905708 W 55.94562122842592 -3.1893238649057083 472.995953 680.211047
55.94562122842592 -3.1893238649057083 W 55.94562122842592 -3.1896238649057085 472.995953 678.961047
55.94562122842592 -3.1896238649057085 WSW 55.94550642339621 -3.189901028765462 472.995953 677.711047
55.94550642339621 -3.189901028765462 W 55.94550642339621 -3.190201028765462 472.995953 676.461047
55.94550642339621 -3.190201028765462 WSW 55.9453916183665 -3.1904781926252155 472.995953 675.211047
55.9453916183665 -3.1904781926252155 W 55.9453916183665 -3.1907781926252157 588.768335 760.018242
55.9453916183665 -3.1907781926252157 WSW 55.94527681333679 -3.191055356484969 588.768335 758.768242
55.94527681333679 -3.191055356484969 ESE 55.94516200830708 -3.1907781926252157 652.698261 875.397851
55.94516200830708 -3.1907781926252157 ESE 55.94504720327737 -3.1905010287654623 652.698261 874.147851
55.94504720327737 -3.1905010287654623 E 55.94504720327737 -3.190201028765462 652.698261 872.897851
55.94504720327737 -3.190201028765462 ESE 55.94493239824766 -3.1899238649057087 652.698261 871.647851
55.94493239824766 -3.1899238649057087 E 55.94493239824766 -3.1896238649057085 652.698261 870.397851
55.94493239824766 -3.1896238649057085 ESE 55.94481759321795 -3.189346701045955 652.698261 869.147851
55.94481759321795 -3.189346701045955 E 55.94481759321795 -3.189046701045955 652.698261 867.897851
55.94481759321795 -3.189046701045955 ESE 55.94470278818824 -3.1887695371862015 652.698261 866.647851
55.94470278818824 -3.1887695371862015 E 55.94470278818824 -3.1884695371862013 619.563112 790.948433
55.94470278818824 -3.1884695371862013 ESE 55.94458798315853 -3.188192373326448 619.563112 789.698433
55.94458798315853 -3.188192373326448 E 55.94458798315853 -3.1878923733264477 619.563112 788.448433
55.94458798315853 -3.1878923733264477 ESE 55.94447317812882 -3.1876152094666943 619.563112 787.198433
55.94447317812882 -3.1876152094666943 E 55.94447317812882 -3.187315209466694 619.563112 785.948433
55.94447317812882 -3.187315209466694 ESE 55.94435837309911 -3.1870380456069407 619.563112 784.698433
55.94435837309911 -3.1870380456069407 E 55.94435837309911 -3.1867380456069405 619.563112 783.448433
55.94435837309911 -3.1867380456069405 ESE 55.944243568069396 -3.186460881747187 730.172081 853.609945
55.944243568069396 -3.186460881747187 E 55.944243568069396 -3.186160881747187 725.725232 748.111012
55.944243568069396 -3.186160881747187 ESE 55.944128763039686 -3.1858837178874335 725.725232 746.861012
55.944128763039686 -3.1858837178874335 E 55.944128763039686 -3.1855837178874333 725.725232 745.611012
55.944128763039686 -3.1855837178874333 ESE 55.944013958009975 -3.18530655402768 725.725232 744.361012
55.944013958009975 -3.18530655402768 E 55.944013958009975 -3.1850065540276797 725.725232 743.111012
55.944013958009975 -3.1850065540276797 ESE 55.943899152980265 -3.1847293901679263 725.725232 741.861012
55.943899152980265 -3.1847293901679263 W 55.943899152980265 -3.1850293901679265 811.601029 816.625728
55.943899152980265 -3.1850293901679265 W 55.943899152980265 -3.1853293901679267 811.601029 815.375728
55.943899152980265 -3.1853293901679267 W 55.943899152980265 -3.185629390167927 811.601029 814.125728
55.943899152980265 -3.185629390167927 W 55.943899152980265 -3.185929390167927 811.601029 812.875728
55.943899152980265 -3.185929390167927 WNW 55.944013958009975 -3.1862065540276805 811.601029 811.625728
55.944013958009975 -3.1862065540276805 W 55.944013958009975 -3.1865065540276807 843.262733 889.947094
55.944013958009975 -3.1865065540276807 WNW 55.944128763039686 -3.186783717887434 843.262733 888.697094
55.944128763039686 -3.186783717887434 W 55.944128763039686 -3.1870837178874343 843.262733 887.447094
55.944128763039686 -3.1870837178874343 WNW 55.944243568069396 -3.1873608817471877 843.262733 886.197094
55.944243568069396 -3.1873608817471877 W 55.944243568069396 -3.187660881747188 843.262733 884.947094
55.944243568069396 -3.187660881747188 WNW 55.94435837309911 -3.1879380456069413 843.262733 883.697094
55.94435837309911 -3.1879380456069413 W 55.94435837309911 -3.1882380456069415 843.262733 882.447094
55.94435837309911 -3.1882380456069415 WNW 55.94447317812882 -3.188515209466695 843.262733 881.197094
55.94447317812882 -3.188515209466695 W 55.94447317812882 -3.188815209466695 843.262733 879.947094
55.94447317812882 -3.188815209466695 WNW 55.94458798315853 -3.1890923733264485 819.435010 854.801159
55.94458798315853 -3.1890923733264485 W 55.94458798315853 -3.1893923733264486 819.435010 853.551159
55.94458798315853 -3.1893923733264486 WNW 55.94470278818824 -3.189669537186202 819.435010 852.301159
55.94470278818824 -3.189669537186202 SE 55.94449065615388 -3.1894574051518463 915.517085 885.636245
55.94449065615388 -3.1894574051518463 SE 55.944278524119525 -3.1892452731174905 915.517085 884.386245
55.944278524119525 -3.1892452731174905 SE 55.94406639208517 -3.1890331410831347 915.517085 883.136245
55.94406639208517 -3.1890331410831347 SE 55.94385426005081 -3.188821009048779 915.517085 881.886245
55.94385426005081 -3.188821009048779 ESE 55.9437394550211 -3.1885438451890256 915.517085 880.636245
55.9437394550211 -3.1885438451890256 SE 55.943527322986746 -3.18833171315467 915.517085 879.386245
55.943527322986746 -3.18833171315467 ESE 55.943412517957036 -3.1880545492949164 915.517085 878.136245
55.943412517957036 -3.1880545492949164 SE 55.94320038592268 -3.1878424172605606 915.517085 876.886245
55.94320038592268 -3.1878424172605606 ESE 55.94308558089297 -3.187565253400807 915.517085 875.636245
55.94308558089297 -3.187565253400807 SE 55.94287344885861 -3.1873531213664514 915.517085 874.386245
55.94287344885861 -3.1873531213664514 ESE 55.9427586438289 -3.187075957506698 915.517085 873.136245
55.9427586438289 -3.187075957506698 W 55.9427586438289 -3.187375957506698 939.543740 988.982971
55.9427586438289 -3.187375957506698 W 55.9427586438289 -3.1876759575066984 939.543740 987.732971
55.9427586438289 -3.1876759575066984 W 55.9427586438289 -3.1879759575066986 939.543740 986.482971
55.9427586438289 -3.1879759575066986 W 55.9427586438289 -3.188275957506699 939.543740 985.232971
55.9427586438289 -3.188275957506699 W 55.9427586438289 -3.188575957506699 939.543740 983.982971
55.9427586438289 -3.188575957506699 W 55.9427586438289 -3.188875957506699 939.543740 982.732971
55.9427586438289 -3.188875957506699 W 55.9427586438289 -3.1891759575066994 939.543740 981.482971
55.9427586438289 -3.1891759575066994 W 55.9427586438289 -3.1894759575066995 939.543740 980.232971
55.9427586438289 -3.1894759575066995 W 55.9427586438289 -3.1897759575066997 939.543740 978.982971
55.9427586438289 -3.1897759575066997 W 55.9427586438289 -3.1900759575067 988.982173 1047.565694
55.9427586438289 -3.1900759575067 W 55.9427586438289 -3.1903759575067 988.982173 1046.315694
55.9427586438289 -3.1903759575067 W 55.9427586438289 -3.1906759575067003 988.982173 1045.065694
55.9427586438289 -3.1906759575067003 W 55.9427586438289 -3.1909759575067005 988.982173 1043.815694
55.9427586438289 -3.1909759575067005 ENE 55.94287344885861 -3.190698793646947 1066.637590 1126.057573
55.94287344885861 -3.190698793646947 ENE 55.94298825388832 -3.1904216297871937 1066.637590 1124.807573
55.94298825388832 -3.1904216297871937 ENE 55.943103058918034 -3.1901444659274403 1066.637590 1123.557573
55.943103058918034 -3.1901444659274403 ENE 55.943217863947744 -3.189867302067687 1021.242130 1107.610952
55.943217863947744 -3.189867302067687 ENE 55.943332668977455 -3.1895901382079335 1021.242130 1106.360952
55.943332668977455 -3.1895901382079335 E 55.943332668977455 -3.1892901382079333 1021.242130 1105.110952
55.943332668977455 -3.1892901382079333 WNW 55.943447474007165 -3.1895673020676867 1077.880690 1187.522993
55.943447474007165 -3.1895673020676867 WNW 55.943562279036875 -3.18984446592744 1077.880690 1186.272993
55.943562279036875 -3.18984446592744 WNW 55.943677084066586 -3.1901216297871935 1077.880690 1185.022993
55.943677084066586 -3.1901216297871935 WNW 55.943791889096296 -3.190398793646947 1077.880690 1183.772993
55.943791889096296 -3.190398793646947 W 55.943791889096296 -3.190698793646947 1100.174804 1193.581557
55.943791889096296 -3.190698793646947 WNW 55.94390669412601 -3.1909759575067005 1100.174804 1192.331557
55.94390669412601 -3.1909759575067005 W 55.94390669412601 -3.1912759575067007 1100.174804 1191.081557
55.94390669412601 -3.1912759575067007 WNW 55.94402149915572 -3.191553121366454 1161.872315 1211.196102
55.94402149915572 -3.191553121366454 ENE 55.94413630418543 -3.1912759575067007 1177.527522 1250.709529
55.94413630418543 -3.1912759575067007 ENE 55.94425110921514 -3.1909987936469473 1177.527522 1249.459529
55.94425110921514 -3.1909987936469473 ENE 55.94436591424485 -3.190721629787194 1177.527522 1248.209529
55.94436591424485 -3.190721629787194 ENE 55.94448071927456 -3.1904444659274405 1177.527522 1246.959529
55.94448071927456 -3.1904444659274405 E 55.94448071927456 -3.1901444659274403 1238.325247 1282.227637
55.94448071927456 -3.1901444659274403 ENE 55.94459552430427 -3.189867302067687 1249.102749 1342.719859
55.94459552430427 -3.189867302067687 W 55.94459552430427 -3.190167302067687 1249.102749 1341.469859
55.94459552430427 -3.190167302067687 W 55.94459552430427 -3.1904673020676872 1249.102749 1340.219859
55.94459552430427 -3.1904673020676872 W 55.94459552430427 -3.1907673020676874 1249.102749 1338.969859
55.94459552430427 -3.1907673020676874 W 55.94459552430427 -3.1910673020676876 1249.102749 1337.719859
55.94459552430427 -3.1910673020676876 WSW 55.94448071927456 -3.191344465927441 1249.102749 1336.469859
55.94448071927456 -3.191344465927441 W 55.94448071927456 -3.191644465927441 1341.197603 1340.315023
55.94448071927456 -3.191644465927441 E 55.94448071927456 -3.191344465927441 1430.356349 1441.855828
55.94448071927456 -3.191344465927441 E 55.94448071927456 -3.191044465927441 1430.356349 1440.605828
55.94448071927456 -3.191044465927441 E 55.94448071927456 -3.1907444659274407 1430.356349 1439.355828
55.94448071927456 -3.1907444659274407 E 55.94448071927456 -3.1904444659274405 1430.356349 1438.105828
55.94448071927456 -3.1904444659274405 ESE 55.94436591424485 -3.190167302067687 1430.356349 1436.855828
55.94436591424485 -3.190167302067687 E 55.94436591424485 -3.189867302067687 1430.356349 1435.605828
55.94436591424485 -3.189867302067687 ESE 55.94425110921514 -3.1895901382079335 1430.356349 1434.355828
55.94425110921514 -3.1895901382079335 E 55.94425110921514 -3.1892901382079333 1430.356349 1433.105828
55.94425110921514 -3.1892901382079333 ESE 55.94413630418543 -3.18901297434818 1430.356349 1431.855828
55.94413630418543 -3.18901297434818 E 55.94413630418543 -3.1887129743481797 1430.356349 1430.605828
55.94413630418543 -3.1887129743481797 ESE 55.94402149915572 -3.1884358104884263 1430.356349 1429.355828
55.94402149915572 -3.1884358104884263 E 55.94402149915572 -3.188135810488426 1430.356349 1428.105828
55.94402149915572 -3.188135810488426 ESE 55.94390669412601 -3.1878586466286727 1503.725736 1504.184664
55.94390669412601 -3.1878586466286727 WNW 55.94402149915572 -3.188135810488426 1503.725736 1502.934664
55.94402149915572 -3.188135810488426 W 55.94402149915572 -3.1884358104884263 1503.725736 1501.684664
55.94402149915572 -3.1884358104884263 W 55.94402149915572 -3.1887358104884265 1503.725736 1500.434664
55.94402149915572 -3.1887358104884265 W 55.94402149915572 -3.1890358104884267 1503.725736 1499.184664
55.94402149915572 -3.1890358104884267 W 55.94402149915572 -3.189335810488427 1503.725736 1497.934664
55.94402149915572 -3.189335810488427 W 55.94402149915572 -3.189635810488427 1503.725736 1496.684664
55.94402149915572 -3.189635810488427 W 55.94402149915572 -3.1899358104884272 1503.725736 1495.434664
55.94402149915572 -3.1899358104884272 W 55.94402149915572 -3.1902358104884274 1503.725736 1494.184664
55.94402149915572 -3.1902358104884274 W 55.94402149915572 -3.1905358104884276 1503.725736 1492.934664
55.94402149915572 -3.1905358104884276 W 55.94402149915572 -3.190835810488428 1503.725736 1491.684664
55.94402149915572 -3.190835810488428 W 55.94402149915572 -3.191135810488428 1503.725736 1490.434664
55.94402149915572 -3.191135810488428 WSW 55.94390669412601 -3.1914129743481814 1503.725736 1489.184664
55.94390669412601 -3.1914129743481814 W 55.94390669412601 -3.1917129743481816 1548.039776 1493.548298
55.94390669412601 -3.1917129743481816 E 55.94390669412601 -3.1914129743481814 1548.039776 1492.298298
55.94390669412601 -3.1914129743481814 NW 55.94411882616036 -3.191625106382537 1548.039776 1491.048298
55.94411882616036 -3.191625106382537 NW 55.94433095819472 -3.191837238416893 1548.039776 1489.798298
55.94433095819472 -3.191837238416893 NNW 55.944608122054476 -3.1919520434466024 1548.039776 1488.548298
55.944608122054476 -3.1919520434466024 NW 55.94482025408883 -3.192164175480958 1548.039776 1487.298298
55.94482025408883 -3.192164175480958 NNW 55.94509741794859 -3.1922789805106677 1548.039776 1486.048298
55.94509741794859 -3.1922789805106677 NW 55.945309549982944 -3.1924911125450235 1548.039776 1484.798298
55.945309549982944 -3.1924911125450235 SE 55.94509741794859 -3.1922789805106677 1633.465952 1521.562095
55.94509741794859 -3.1922789805106677 NW 55.945309549982944 -3.1924911125450235 1633.465952 1520.312095
55.945309549982944 -3.1924911125450235 SSE 55.94503238612319 -3.192376307515314 1633.465952 1519.062095
55.94503238612319 -3.192376307515314 SSW 55.94475522226343 -3.1924911125450235 1633.465952 1517.812095
55.94475522226343 -3.1924911125450235 NE 55.94496735429779 -3.1922789805106677 1633.465952 1516.562095
55.94496735429779 -3.1922789805106677 S 55.944667354297785 -3.1922789805106677 1633.465952 1515.312095
55.944667354297785 -3.1922789805106677 N 55.94496735429779 -3.1922789805106677 1633.465952 1514.062095
55.94496735429779 -3.1922789805106677 E 55.94496735429779 -3.1919789805106675 1633.465952 1512.812095
55.94496735429779 -3.1919789805106675 N 55.94526735429779 -3.1919789805106675 1633.465952 1511.562095
55.94526735429779 -3.1919789805106675 E 55.94526735429779 -3.1916789805106673 1633.465952 1510.312095
55.94526735429779 -3.1916789805106673 N 55.94556735429779 -3.1916789805106673 1633.465952 1509.062095
55.94556735429779 -3.1916789805106673 SE 55.94535522226344 -3.1914668484763116 1522.514248 1476.786704
55.94535522226344 -3.1914668484763116 W 55.94535522226344 -3.1917668484763118 1522.514248 1475.536704
55.94535522226344 -3.1917668484763118 NE 55.94556735429779 -3.191554716441956 1522.514248 1474.286704
55.94556735429779 -3.191554716441956 SE 55.94535522226344 -3.1913425844076 1522.514248 1473.036704
55.94535522226344 -3.1913425844076 W 55.94535522226344 -3.1916425844076004 1522.514248 1471.786704
55.94535522226344 -3.1916425844076004 WSW 55.94524041723373 -3.191919748267354 1522.514248 1470.536704
55.94524041723373 -3.191919748267354 SSE 55.94496325337397 -3.1918049432376443 1522.514248 1469.286704
55.94496325337397 -3.1918049432376443 NNW 55.94524041723373 -3.191919748267354 1522.514248 1468.036704
55.94524041723373 -3.191919748267354 SW 55.94502828519937 -3.1921318803017096 1522.514248 1466.786704
55.94502828519937 -3.1921318803017096 ENE 55.94514309022908 -3.191854716441956 1522.514248 1465.536704
55.94514309022908 -3.191854716441956 SSW 55.944865926369324 -3.1919695214716657 1522.514248 1464.286704
55.944865926369324 -3.1919695214716657 N 55.94516592636933 -3.1919695214716657 1522.514248 1463.036704
55.94516592636933 -3.1919695214716657 E 55.94516592636933 -3.1916695214716655 1522.514248 1461.786704
55.94516592636933 -3.1916695214716655 WNW 55.94528073139904 -3.191946685331419 1522.514248 1460.536704
55.94528073139904 -3.191946685331419 WNW 55.94539553642875 -3.1922238491911723 1522.514248 1459.286704
55.94539553642875 -3.1922238491911723 S 55.945095536428745 -3.1922238491911723 1522.514248 1458.036704
55.945095536428745 -3.1922238491911723 WNW 55.945210341458456 -3.1925010130509257 1522.514248 1456.786704
55.945210341458456 -3.1925010130509257 ESE 55.945095536428745 -3.1922238491911723 1522.514248 1455.536704
55.945095536428745 -3.1922238491911723 SE 55.94488340439439 -3.1920117171568165 1522.514248 1454.286704
55.94488340439439 -3.1920117171568165 W 55.94488340439439 -3.1923117171568167 1522.514248 1453.036704
55.94488340439439 -3.1923117171568167 W 55.94488340439439 -3.192611717156817 1522.514248 1451.786704
55.94488340439439 -3.192611717156817 SSW 55.94460624053463 -3.1927265221865264 1522.514248 1450.536704
55.94460624053463 -3.1927265221865264 SW 55.944394108500276 -3.192938654220882 1522.514248 1449.286704
55.944394108500276 -3.192938654220882 SE 55.94418197646592 -3.1927265221865264 1522.514248 1448.036704
55.94418197646592 -3.1927265221865264 ENE 55.94429678149563 -3.192449358326773 1522.514248 1446.786704
55.94429678149563 -3.192449358326773 WNW 55.94441158652534 -3.1927265221865264 1522.514248 1445.536704
55.94441158652534 -3.1927265221865264 NE 55.9446237185597 -3.1925143901521706 1522.514248 1444.286704
55.9446237185597 -3.1925143901521706 WNW 55.94473852358941 -3.192791554011924 1522.514248 1443.036704
55.94473852358941 -3.192791554011924 NW 55.944950655623764 -3.19300368604628 1522.514248 1441.786704
55.944950655623764 -3.19300368604628 NW 55.94516278765812 -3.1932158180806356 1522.514248 1440.536704
55.94516278765812 -3.1932158180806356 NW 55.945374919692476 -3.1934279501149914 1522.514248 1439.286704
55.945374919692476 -3.1934279501149914 ESE 55.945260114662766 -3.193150786255238 1522.514248 1438.036704
55.945260114662766 -3.193150786255238 NNW 55.94553727852252 -3.1932655912849475 1522.514248 1436.786704
55.94553727852252 -3.1932655912849475 W 55.94553727852252 -3.1935655912849477 1522.514248 1435.536704
55.94553727852252 -3.1935655912849477 W 55.94553727852252 -3.193865591284948 1522.514248 1434.286704
55.94553727852252 -3.193865591284948 ESE 55.94542247349281 -3.1935884274251944 1522.514248 1433.036704
55.94542247349281 -3.1935884274251944 S 55.94512247349281 -3.1935884274251944 1522.514248 1431.786704
55.94512247349281 -3.1935884274251944 NW 55.945334605527165 -3.19380055945955 1522.514248 1430.536704
55.945334605527165 -3.19380055945955 E 55.945334605527165 -3.19350055945955 1522.514248 1429.286704
55.945334605527165 -3.19350055945955 NE 55.94554673756152 -3.1932884274251943 1522.514248 1428.036704
55.94554673756152 -3.1932884274251943 NNE 55.94582390142128 -3.1931736223954847 1522.514248 1426.786704
55.94582390142128 -3.1931736223954847 SSW 55.94554673756152 -3.1932884274251943 1522.514248 1425.536704
55.94554673756152 -3.1932884274251943 NE 55.94575886959588 -3.1930762953908385 1522.514248 1424.286704
55.94575886959588 -3.1930762953908385 WSW 55.94564406456617 -3.193353459250592 1522.514248 1423.036704
55.94564406456617 -3.193353459250592 SE 55.94543193253181 -3.193141327216236 1522.514248 1421.786704
55.94543193253181 -3.193141327216236 WNW 55.94554673756152 -3.1934184910759895 1522.514248 1420.536704
55.94554673756152 -3.1934184910759895 NNE 55.94582390142128 -3.19330368604628 1522.514248 1419.286704
55.94582390142128 -3.19330368604628 E 55.94582390142128 -3.19300368604628 1522.514248 1418.036704
55.94582390142128 -3.19300368604628 SSE 55.94554673756152 -3.1928888810165703 1522.514248 1416.786704
55.94554673756152 -3.1928888810165703 SSE 55.945269573701765 -3.192774075986861 1522.514248 1415.536704
55.945269573701765 -3.192774075986861 N 55.94556957370177 -3.192774075986861 1522.514248 1414.286704
55.94556957370177 -3.192774075986861 SSE 55.94529240984201 -3.1926592709571513 1522.514248 1413.036704
55.94529240984201 -3.1926592709571513 NE 55.94550454187637 -3.1924471389227955 1522.514248 1411.786704
55.94550454187637 -3.1924471389227955 S 55.945204541876365 -3.1924471389227955 1522.514248 1410.536704
55.945204541876365 -3.1924471389227955 SE 55.94499240984201 -3.1922350068884398 1522.514248 1409.286704
55.94499240984201 -3.1922350068884398 W 55.94499240984201 -3.19253500688844 1522.514248 1408.036704
55.94499240984201 -3.19253500688844 SE 55.94478027780765 -3.192322874854084 1522.514248 1406.786704
55.94478027780765 -3.192322874854084 ENE 55.94489508283736 -3.1920457109943308 1522.514248 1405.536704
55.94489508283736 -3.1920457109943308 E 55.94489508283736 -3.1917457109943306 1522.514248 1404.286704
55.94489508283736 -3.1917457109943306 SW 55.944682950803006 -3.1919578430286863 1522.514248 1403.036704
55.944682950803006 -3.1919578430286863 NNW 55.94496011466276 -3.192072648058396 1522.514248 1401.786704
55.94496011466276 -3.192072648058396 ESE 55.94484530963305 -3.1917954841986425 1522.514248 1400.536704
55.94484530963305 -3.1917954841986425 E 55.94484530963305 -3.1914954841986423 1522.514248 1399.286704
55.94484530963305 -3.1914954841986423 ENE 55.94496011466276 -3.191218320338889 1522.514248 1398.036704
55.94496011466276 -3.191218320338889 NE 55.94517224669712 -3.191006188304533 1522.514248 1396.786704
55.94517224669712 -3.191006188304533 SSE 55.94489508283736 -3.1908913832748236 1522.514248 1395.536704
55.94489508283736 -3.1908913832748236 SE 55.944682950803006 -3.190679251240468 1522.514248 1394.286704
55.944682950803006 -3.190679251240468 W 55.944682950803006 -3.190979251240468 1522.514248 1393.036704
55.944682950803006 -3.190979251240468 WSW 55.944568145773296 -3.1912564151002214 1522.514248 1391.786704
