55.944425 -3.188396 ENE 55.94453980502971 -3.1881188361402466 0.000000 248.750000
55.94453980502971 -3.1881188361402466 ENE 55.94465461005942 -3.187841672280493 0.000000 247.500000
55.94465461005942 -3.187841672280493 ENE 55.944769415089134 -3.18756450842074 0.000000 246.250000
55.944769415089134 -3.18756450842074 ENE 55.944884220118844 -3.1872873445609864 0.000000 245.000000
55.944884220118844 -3.1872873445609864 ENE 55.944999025148554 -3.187010180701233 49.270928 256.824749
55.944999025148554 -3.187010180701233 ENE 55.945113830178265 -3.1867330168414796 0.000000 131.704170
55.945113830178265 -3.1867330168414796 ENE 55.945228635207975 -3.186455852981726 0.000000 130.454170
55.945228635207975 -3.186455852981726 ENE 55.945343440237686 -3.1861786891219728 0.000000 129.204170
55.945343440237686 -3.1861786891219728 ENE 55.945458245267396 -3.1859015252622194 0.000000 127.954170
55.945458245267396 -3.1859015252622194 S 55.94515824526739 -3.1859015252622194 113.887452 161.557950
55.94515824526739 -3.1859015252622194 S 55.94485824526739 -3.1859015252622194 220.206845 177.434411
55.94485824526739 -3.1859015252622194 S 55.94455824526739 -3.1859015252622194 235.925669 269.476424
55.94455824526739 -3.1859015252622194 SSE 55.94428108140763 -3.18578672023251 235.925669 268.226424
55.94428108140763 -3.18578672023251 S 55.94398108140763 -3.18578672023251 235.925669 266.976424
55.94398108140763 -3.18578672023251 SSE 55.94370391754787 -3.1856719152028004 235.925669 265.726424
55.94370391754787 -3.1856719152028004 S 55.94340391754787 -3.1856719152028004 313.140754 273.632146
55.94340391754787 -3.1856719152028004 SSE 55.94312675368811 -3.185557110173091 313.140754 272.382146
55.94312675368811 -3.185557110173091 WNW 55.94324155871782 -3.1858342740328442 348.280399 331.473396
55.94324155871782 -3.1858342740328442 WNW 55.94335636374753 -3.1861114378925977 348.280399 330.223396
55.94335636374753 -3.1861114378925977 WNW 55.94347116877724 -3.186388601752351 348.280399 328.973396
55.94347116877724 -3.186388601752351 WNW 55.943585973806954 -3.1866657656121045 348.280399 327.723396
55.943585973806954 -3.1866657656121045 WNW 55.943700778836664 -3.186942929471858 348.280399 326.473396
55.943700778836664 -3.186942929471858 WNW 55.943815583866375 -3.1872200933316113 343.453795 266.180123
55.943815583866375 -3.1872200933316113 WNW 55.943930388896085 -3.1874972571913647 343.453795 264.930123
55.943930388896085 -3.1874972571913647 W 55.943930388896085 -3.187797257191365 343.453795 263.680123
55.943930388896085 -3.187797257191365 WNW 55.944045193925795 -3.1880744210511183 343.453795 262.430123
55.944045193925795 -3.1880744210511183 WNW 55.944159998955506 -3.1883515849108717 416.823182 338.508960
55.944159998955506 -3.1883515849108717 WNW 55.944274803985216 -3.188628748770625 416.823182 337.258960
55.944274803985216 -3.188628748770625 WNW 55.94438960901493 -3.1889059126303785 392.995460 312.113025
55.94438960901493 -3.1889059126303785 WNW 55.94450441404464 -3.189183076490132 392.995460 310.863025
55.94450441404464 -3.189183076490132 WNW 55.94461921907435 -3.1894602403498853 392.995460 309.613025
55.94461921907435 -3.1894602403498853 SSE 55.94434205521459 -3.189345435320176 489.077534 342.948111
55.94434205521459 -3.189345435320176 SSE 55.944064891354834 -3.1892306302904663 489.077534 341.698111
55.944064891354834 -3.1892306302904663 SSE 55.94378772749508 -3.1891158252607568 489.077534 340.448111
55.94378772749508 -3.1891158252607568 S 55.943487727495075 -3.1891158252607568 489.077534 339.198111
55.943487727495075 -3.1891158252607568 SW 55.94327559546072 -3.1893279572951125 545.716095 421.610152
55.94327559546072 -3.1893279572951125 SW 55.94306346342636 -3.1895400893294683 545.716095 420.360152
55.94306346342636 -3.1895400893294683 SW 55.942851331392006 -3.189752221363824 545.716095 419.110152
55.942851331392006 -3.189752221363824 ENE 55.94296613642172 -3.1894750575040707 595.154527 487.692875
55.94296613642172 -3.1894750575040707 ENE 55.94308094145143 -3.1891978936443173 595.154527 486.442875
55.94308094145143 -3.1891978936443173 ENE 55.94319574648114 -3.188920729784564 595.154527 485.192875
55.94319574648114 -3.188920729784564 ENE 55.94331055151085 -3.1886435659248105 595.154527 483.942875
55.94331055151085 -3.1886435659248105 ENE 55.94342535654056 -3.188366402065057 595.154527 482.692875
55.94342535654056 -3.188366402065057 ENE 55.94354016157027 -3.1880892382053037 595.154527 481.442875
55.94354016157027 -3.1880892382053037 ENE 55.94365496659998 -3.1878120743455503 595.154527 480.192875
55.94365496659998 -3.1878120743455503 ENE 55.94376977162969 -3.187534910485797 595.154527 478.942875
55.94376977162969 -3.187534910485797 ENE 55.9438845766594 -3.1872577466260434 595.154527 477.692875
55.9438845766594 -3.1872577466260434 ENE 55.94399938168911 -3.18698058276629 595.154527 476.442875
55.94399938168911 -3.18698058276629 ENE 55.94411418671882 -3.1867034189065366 595.154527 475.192875
55.94411418671882 -3.1867034189065366 ENE 55.94422899174853 -3.1864262550467832 705.763496 545.354386
55.94422899174853 -3.1864262550467832 ENE 55.94434379677824 -3.18614909118703 701.316647 439.855454
55.94434379677824 -3.18614909118703 ENE 55.94445860180795 -3.1858719273272764 701.316647 438.605454
55.94445860180795 -3.1858719273272764 ENE 55.94457340683766 -3.185594763467523 701.316647 437.355454
55.94457340683766 -3.185594763467523 ENE 55.94468821186737 -3.1853175996077696 701.316647 436.105454
55.94468821186737 -3.1853175996077696 NE 55.94490034390173 -3.185105467573414 701.316647 434.855454
55.94490034390173 -3.185105467573414 ENE 55.94501514893144 -3.1848283037136604 701.316647 433.605454
55.94501514893144 -3.1848283037136604 W 55.94501514893144 -3.1851283037136606 734.109508 519.465457
55.94501514893144 -3.1851283037136606 WSW 55.94490034390173 -3.185405467573414 734.109508 518.215457
55.94490034390173 -3.185405467573414 W 55.94490034390173 -3.185705467573414 734.109508 516.965457
55.94490034390173 -3.185705467573414 WSW 55.94478553887202 -3.1859826314331676 734.109508 515.715457
55.94478553887202 -3.1859826314331676 W 55.94478553887202 -3.186282631433168 734.109508 514.465457
55.94478553887202 -3.186282631433168 WSW 55.94467073384231 -3.186559795292921 734.109508 513.215457
55.94467073384231 -3.186559795292921 W 55.94467073384231 -3.1868597952929214 734.109508 511.965457
55.94467073384231 -3.1868597952929214 WSW 55.9445559288126 -3.187136959152675 734.109508 510.715457
55.9445559288126 -3.187136959152675 W 55.9445559288126 -3.187436959152675 734.109508 509.465457
55.9445559288126 -3.187436959152675 WSW 55.94444112378289 -3.1877141230124284 734.109508 508.215457
55.94444112378289 -3.1877141230124284 W 55.94444112378289 -3.1880141230124286 734.109508 506.965457
55.94444112378289 -3.1880141230124286 WSW 55.94432631875318 -3.188291286872182 734.109508 505.715457
55.94432631875318 -3.188291286872182 W 55.94432631875318 -3.188591286872182 734.109508 504.465457
55.94432631875318 -3.188591286872182 WSW 55.94421151372347 -3.1888684507319356 734.109508 503.215457
55.94421151372347 -3.1888684507319356 W 55.94421151372347 -3.1891684507319358 734.109508 501.965457
55.94421151372347 -3.1891684507319358 WSW 55.944096708693756 -3.189445614591689 734.109508 500.715457
55.944096708693756 -3.189445614591689 W 55.944096708693756 -3.1897456145916894 734.109508 499.465457
55.944096708693756 -3.1897456145916894 WSW 55.943981903664046 -3.1900227784514428 734.109508 498.215457
55.943981903664046 -3.1900227784514428 W 55.943981903664046 -3.190322778451443 734.109508 496.965457
55.943981903664046 -3.190322778451443 WSW 55.943867098634335 -3.1905999423111964 756.403622 506.774021
55.943867098634335 -3.1905999423111964 W 55.943867098634335 -3.1908999423111966 756.403622 505.524021
55.943867098634335 -3.1908999423111966 WSW 55.943752293604625 -3.19117710617095 756.403622 504.274021
55.943752293604625 -3.19117710617095 WNW 55.943867098634335 -3.1914542700307034 818.101134 524.388565
55.943867098634335 -3.1914542700307034 NW 55.94407923066869 -3.191666402065059 862.415174 528.752199
55.94407923066869 -3.191666402065059 ESE 55.94396442563898 -3.1913892382053057 878.070381 568.265626
55.94396442563898 -3.1913892382053057 ESE 55.94384962060927 -3.1911120743455523 878.070381 567.015626
55.94384962060927 -3.1911120743455523 ESE 55.94373481557956 -3.190834910485799 878.070381 565.765626
55.94373481557956 -3.190834910485799 ESE 55.94362001054985 -3.1905577466260455 878.070381 564.515626
55.94362001054985 -3.1905577466260455 ESE 55.94350520552014 -3.190280582766292 878.070381 563.265626
55.94350520552014 -3.190280582766292 ESE 55.94339040049043 -3.1900034189065387 878.070381 562.015626
55.94339040049043 -3.1900034189065387 ESE 55.94327559546072 -3.1897262550467853 878.070381 560.765626
55.94327559546072 -3.1897262550467853 ESE 55.94316079043101 -3.189449091187032 878.070381 559.515626
55.94316079043101 -3.189449091187032 ESE 55.9430459854013 -3.1891719273272785 878.070381 558.265626
55.9430459854013 -3.1891719273272785 E 55.9430459854013 -3.1888719273272783 878.070381 557.015626
55.9430459854013 -3.1888719273272783 ESE 55.94293118037159 -3.188594763467525 878.070381 555.765626
55.94293118037159 -3.188594763467525 E 55.94293118037159 -3.1882947634675247 878.070381 554.515626
55.94293118037159 -3.1882947634675247 ESE 55.94281637534188 -3.1880175996077713 878.070381 553.265626
55.94281637534188 -3.1880175996077713 E 55.94281637534188 -3.187717599607771 878.070381 552.015626
55.94281637534188 -3.187717599607771 ESE 55.94270157031217 -3.1874404357480177 878.070381 550.765626
55.94270157031217 -3.1874404357480177 E 55.94270157031217 -3.1871404357480175 878.070381 549.515626
55.94270157031217 -3.1871404357480175 NE 55.94291370234652 -3.1869283037136618 902.097036 665.362352
55.94291370234652 -3.1869283037136618 NE 55.94312583438088 -3.186716171679306 902.097036 664.112352
55.94312583438088 -3.186716171679306 NE 55.943337966415235 -3.18650403964495 902.097036 662.862352
55.943337966415235 -3.18650403964495 NE 55.94355009844959 -3.1862919076105944 902.097036 661.612352
55.94355009844959 -3.1862919076105944 NE 55.94376223048395 -3.1860797755762387 902.097036 660.362352
55.94376223048395 -3.1860797755762387 NE 55.943974362518304 -3.185867643541883 902.097036 659.112352
55.943974362518304 -3.185867643541883 NE 55.94418649455266 -3.185655511507527 902.097036 657.862352
55.94418649455266 -3.185655511507527 NE 55.94439862658702 -3.1854433794731714 902.097036 656.612352
55.94439862658702 -3.1854433794731714 NE 55.94461075862137 -3.1852312474388156 902.097036 655.362352
55.94461075862137 -3.1852312474388156 NE 55.94482289065573 -3.18501911540446 902.097036 654.112352
55.94482289065573 -3.18501911540446 NNE 55.945100054515486 -3.1849043103747503 902.097036 652.862352
55.945100054515486 -3.1849043103747503 NE 55.94531218654984 -3.1846921783403945 902.097036 651.612352
55.94531218654984 -3.1846921783403945 NNE 55.9455893504096 -3.184577373310685 902.097036 650.362352
55.9455893504096 -3.184577373310685 NE 55.945801482443954 -3.1843652412763293 902.097036 649.112352
55.945801482443954 -3.1843652412763293 W 55.945801482443954 -3.1846652412763294 971.555550 763.946748
55.945801482443954 -3.1846652412763294 W 55.945801482443954 -3.1849652412763296 971.555550 762.696748
55.945801482443954 -3.1849652412763296 W 55.945801482443954 -3.18526524127633 971.555550 761.446748
55.945801482443954 -3.18526524127633 WSW 55.945686677414244 -3.185542405136083 971.555550 760.196748
55.945686677414244 -3.185542405136083 W 55.945686677414244 -3.1858424051360834 971.555550 758.946748
55.945686677414244 -3.1858424051360834 WSW 55.945571872384534 -3.186119568995837 971.555550 757.696748
55.945571872384534 -3.186119568995837 W 55.945571872384534 -3.186419568995837 971.555550 756.446748
55.945571872384534 -3.186419568995837 WSW 55.94545706735482 -3.1866967328555904 880.897790 733.161049
55.94545706735482 -3.1866967328555904 W 55.94545706735482 -3.1869967328555906 880.897790 731.911049
55.94545706735482 -3.1869967328555906 WSW 55.94534226232511 -3.187273896715344 880.897790 730.661049
55.94534226232511 -3.187273896715344 W 55.94534226232511 -3.187573896715344 880.897790 729.411049
55.94534226232511 -3.187573896715344 WSW 55.9452274572954 -3.1878510605750976 880.897790 728.161049
55.9452274572954 -3.1878510605750976 W 55.9452274572954 -3.188151060575098 880.897790 726.911049
55.9452274572954 -3.188151060575098 WSW 55.94511265226569 -3.188428224434851 880.897790 725.661049
55.94511265226569 -3.188428224434851 W 55.94511265226569 -3.1887282244348514 880.897790 724.411049
55.94511265226569 -3.1887282244348514 WSW 55.94499784723598 -3.189005388294605 847.762640 648.711631
55.94499784723598 -3.189005388294605 W 55.94499784723598 -3.189305388294605 847.762640 647.461631
55.94499784723598 -3.189305388294605 WSW 55.94488304220627 -3.1895825521543584 847.762640 646.211631
55.94488304220627 -3.1895825521543584 W 55.94488304220627 -3.1898825521543586 847.762640 644.961631
55.94488304220627 -3.1898825521543586 WSW 55.94476823717656 -3.190159716014112 847.762640 643.711631
55.94476823717656 -3.190159716014112 W 55.94476823717656 -3.190459716014112 908.560366 678.979740
55.94476823717656 -3.190459716014112 WSW 55.94465343214685 -3.1907368798738656 908.560366 677.729740
55.94465343214685 -3.1907368798738656 W 55.94465343214685 -3.1910368798738658 908.560366 676.479740
55.94465343214685 -3.1910368798738658 WSW 55.94453862711714 -3.191314043733619 908.560366 675.229740
55.94453862711714 -3.191314043733619 W 55.94453862711714 -3.1916140437336193 1000.655219 679.074904
55.94453862711714 -3.1916140437336193 ENE 55.94465343214685 -3.191336879873866 1089.813965 780.615708
55.94465343214685 -3.191336879873866 ENE 55.94476823717656 -3.1910597160141125 1089.813965 779.365708
55.94476823717656 -3.1910597160141125 ENE 55.94488304220627 -3.190782552154359 1089.813965 778.115708
55.94488304220627 -3.190782552154359 ENE 55.94499784723598 -3.1905053882946057 1089.813965 776.865708
55.94499784723598 -3.1905053882946057 ENE 55.94511265226569 -3.1902282244348523 1089.813965 775.615708
55.94511265226569 -3.1902282244348523 ENE 55.9452274572954 -3.189951060575099 1205.586346 860.422903
55.9452274572954 -3.189951060575099 ENE 55.94534226232511 -3.1896738967153455 1205.586346 859.172903
55.94534226232511 -3.1896738967153455 E 55.94534226232511 -3.1893738967153453 1205.586346 857.922903
55.94534226232511 -3.1893738967153453 ENE 55.94545706735482 -3.189096732855592 1205.586346 856.672903
55.94545706735482 -3.189096732855592 E 55.94545706735482 -3.1887967328555917 1286.216834 971.269381
55.94545706735482 -3.1887967328555917 ENE 55.945571872384534 -3.1885195689958383 1308.110031 1071.008296
55.945571872384534 -3.1885195689958383 E 55.945571872384534 -3.188219568995838 1308.110031 1069.758296
55.945571872384534 -3.188219568995838 ENE 55.945686677414244 -3.1879424051360847 1308.110031 1068.508296
55.945686677414244 -3.1879424051360847 E 55.945686677414244 -3.1876424051360845 1308.110031 1067.258296
55.945686677414244 -3.1876424051360845 SE 55.94547454537989 -3.1874302731017288 1318.944014 1148.577386
55.94547454537989 -3.1874302731017288 SSE 55.94519738152013 -3.1873154680720193 1318.944014 1147.327386
55.94519738152013 -3.1873154680720193 SE 55.944985249485775 -3.1871033360376635 1318.944014 1146.077386
55.944985249485775 -3.1871033360376635 SSE 55.94470808562602 -3.186988531007954 1318.944014 1144.827386
55.94470808562602 -3.186988531007954 SE 55.94449595359166 -3.186776398973598 1318.944014 1143.577386
55.94449595359166 -3.186776398973598 SSE 55.944218789731906 -3.1866615939438887 1318.944014 1142.327386
55.944218789731906 -3.1866615939438887 SE 55.94400665769755 -3.186449461909533 1318.944014 1141.077386
55.94400665769755 -3.186449461909533 WNW 55.94412146272726 -3.1867266257692863 1350.605717 1219.398752
55.94412146272726 -3.1867266257692863 WNW 55.94423626775697 -3.1870037896290397 1350.605717 1218.148752
55.94423626775697 -3.1870037896290397 W 55.94423626775697 -3.18730378962904 1350.605717 1216.898752
55.94423626775697 -3.18730378962904 WNW 55.94435107278668 -3.1875809534887933 1350.605717 1215.648752
55.94435107278668 -3.1875809534887933 W 55.94435107278668 -3.1878809534887935 1350.605717 1214.398752
55.94435107278668 -3.1878809534887935 WNW 55.94446587781639 -3.188158117348547 1350.605717 1213.148752
55.94446587781639 -3.188158117348547 W 55.94446587781639 -3.188458117348547 1350.605717 1211.898752
55.94446587781639 -3.188458117348547 WNW 55.9445806828461 -3.1887352812083005 1350.605717 1210.648752
55.9445806828461 -3.1887352812083005 W 55.9445806828461 -3.1890352812083007 1350.605717 1209.398752
55.9445806828461 -3.1890352812083007 WNW 55.94469548787581 -3.189312445068054 1350.605717 1208.148752
55.94469548787581 -3.189312445068054 W 55.94469548787581 -3.1896124450680543 1350.605717 1206.898752
55.94469548787581 -3.1896124450680543 WNW 55.94481029290552 -3.1898896089278077 1350.605717 1205.648752
55.94481029290552 -3.1898896089278077 W 55.94481029290552 -3.190189608927808 1350.605717 1204.398752
55.94481029290552 -3.190189608927808 WNW 55.94492509793523 -3.1904667727875613 1350.605717 1203.148752
55.94492509793523 -3.1904667727875613 W 55.94492509793523 -3.1907667727875615 1350.605717 1201.898752
55.94492509793523 -3.1907667727875615 WNW 55.94503990296494 -3.191043936647315 1350.605717 1200.648752
55.94503990296494 -3.191043936647315 W 55.94503990296494 -3.191343936647315 1350.605717 1199.398752
55.94503990296494 -3.191343936647315 WNW 55.945154707994654 -3.1916211005070685 1350.605717 1198.148752
55.945154707994654 -3.1916211005070685 W 55.945154707994654 -3.1919211005070687 1350.605717 1196.898752
55.945154707994654 -3.1919211005070687 WNW 55.945269513024364 -3.192198264366822 1350.605717 1195.648752
55.945269513024364 -3.192198264366822 W 55.945269513024364 -3.1924982643668223 1350.605717 1194.398752
55.945269513024364 -3.1924982643668223 E 55.945269513024364 -3.192198264366822 1436.031894 1231.162549
55.945269513024364 -3.192198264366822 E 55.945269513024364 -3.191898264366822 1436.031894 1229.912549
55.945269513024364 -3.191898264366822 E 55.945269513024364 -3.1915982643668217 1436.031894 1228.662549
55.945269513024364 -3.1915982643668217 E 55.945269513024364 -3.1912982643668215 1436.031894 1227.412549
55.945269513024364 -3.1912982643668215 ESE 55.945154707994654 -3.191021100507068 1499.961821 1344.042159
55.945154707994654 -3.191021100507068 E 55.945154707994654 -3.190721100507068 1499.961821 1342.792159
55.945154707994654 -3.190721100507068 ESE 55.94503990296494 -3.1904439366473145 1499.961821 1341.542159
55.94503990296494 -3.1904439366473145 E 55.94503990296494 -3.1901439366473143 1499.961821 1340.292159
55.94503990296494 -3.1901439366473143 ESE 55.94492509793523 -3.189866772787561 1499.961821 1339.042159
55.94492509793523 -3.189866772787561 E 55.94492509793523 -3.1895667727875607 1499.961821 1337.792159
55.94492509793523 -3.1895667727875607 ESE 55.94481029290552 -3.1892896089278073 1499.961821 1336.542159
55.94481029290552 -3.1892896089278073 E 55.94481029290552 -3.188989608927807 1499.961821 1335.292159
55.94481029290552 -3.188989608927807 ESE 55.94469548787581 -3.1887124450680537 1499.961821 1334.042159
55.94469548787581 -3.1887124450680537 E 55.94469548787581 -3.1884124450680535 1499.961821 1332.792159
55.94469548787581 -3.1884124450680535 ESE 55.9445806828461 -3.1881352812083 1499.961821 1331.542159
55.9445806828461 -3.1881352812083 E 55.9445806828461 -3.1878352812083 1499.961821 1330.292159
55.9445806828461 -3.1878352812083 ESE 55.94446587781639 -3.1875581173485465 1499.961821 1329.042159
55.94446587781639 -3.1875581173485465 E 55.94446587781639 -3.1872581173485464 1499.961821 1327.792159
55.94446587781639 -3.1872581173485464 ESE 55.94435107278668 -3.186980953488793 1499.961821 1326.542159
55.94435107278668 -3.186980953488793 E 55.94435107278668 -3.1866809534887928 1499.961821 1325.292159
55.94435107278668 -3.1866809534887928 ESE 55.94423626775697 -3.1864037896290394 1499.961821 1324.042159
55.94423626775697 -3.1864037896290394 E 55.94423626775697 -3.186103789629039 1499.961821 1322.792159
55.94423626775697 -3.186103789629039 ESE 55.94412146272726 -3.1858266257692858 1499.961821 1321.542159
55.94412146272726 -3.1858266257692858 E 55.94412146272726 -3.1855266257692856 1499.961821 1320.292159
55.94412146272726 -3.1855266257692856 ESE 55.94400665769755 -3.185249461909532 1499.961821 1319.042159
55.94400665769755 -3.185249461909532 E 55.94400665769755 -3.184949461909532 1499.961821 1317.792159
55.94400665769755 -3.184949461909532 ESE 55.94389185266784 -3.1846722980497786 1499.961821 1316.542159
55.94389185266784 -3.1846722980497786 ENE 55.94400665769755 -3.184395134190025 1585.837618 1391.306875
55.94400665769755 -3.184395134190025 W 55.94400665769755 -3.1846951341900254 1585.837618 1390.056875
55.94400665769755 -3.1846951341900254 WSW 55.94389185266784 -3.1849722980497788 1585.837618 1388.806875
55.94389185266784 -3.1849722980497788 W 55.94389185266784 -3.185272298049779 1585.837618 1387.556875
55.94389185266784 -3.185272298049779 WSW 55.94377704763813 -3.1855494619095324 1585.837618 1386.306875
55.94377704763813 -3.1855494619095324 W 55.94377704763813 -3.1858494619095326 1585.837618 1385.056875
55.94377704763813 -3.1858494619095326 WSW 55.94366224260842 -3.186126625769286 1585.837618 1383.806875
55.94366224260842 -3.186126625769286 W 55.94366224260842 -3.186426625769286 1585.837618 1382.556875
55.94366224260842 -3.186426625769286 WSW 55.94354743757871 -3.1867037896290396 1585.837618 1381.306875
55.94354743757871 -3.1867037896290396 W 55.94354743757871 -3.1870037896290397 1585.837618 1380.056875
55.94354743757871 -3.1870037896290397 WSW 55.943432632549 -3.187280953488793 1585.837618 1378.806875
55.943432632549 -3.187280953488793 W 55.943432632549 -3.1875809534887933 1585.837618 1377.556875
55.943432632549 -3.1875809534887933 WSW 55.94331782751929 -3.1878581173485467 1585.837618 1376.306875
55.94331782751929 -3.1878581173485467 W 55.94331782751929 -3.188158117348547 1585.837618 1375.056875
55.94331782751929 -3.188158117348547 WSW 55.94320302248958 -3.1884352812083003 1585.837618 1373.806875
55.94320302248958 -3.1884352812083003 W 55.94320302248958 -3.1887352812083005 1585.837618 1372.556875
55.94320302248958 -3.1887352812083005 WSW 55.94308821745987 -3.189012445068054 1585.837618 1371.306875
55.94308821745987 -3.189012445068054 W 55.94308821745987 -3.189312445068054 1585.837618 1370.056875
55.94308821745987 -3.189312445068054 WSW 55.942973412430156 -3.1895896089278075 1585.837618 1368.806875
55.942973412430156 -3.1895896089278075 W 55.942973412430156 -3.1898896089278077 1585.837618 1367.556875
55.942973412430156 -3.1898896089278077 WSW 55.942858607400446 -3.190166772787561 1540.442157 1351.610254
55.942858607400446 -3.190166772787561 W 55.942858607400446 -3.1904667727875613 1540.442157 1350.360254
55.942858607400446 -3.1904667727875613 WSW 55.942743802370735 -3.1907439366473147 1540.442157 1349.110254
55.942743802370735 -3.1907439366473147 W 55.942743802370735 -3.191043936647315 1540.442157 1347.860254
55.942743802370735 -3.191043936647315 WSW 55.942628997341025 -3.1913211005070683 1618.097575 1430.102133
55.942628997341025 -3.1913211005070683 ENE 55.942743802370735 -3.191043936647315 1618.097575 1428.852133
55.942743802370735 -3.191043936647315 NNE 55.94302096623049 -3.1909291316176054 1618.097575 1427.602133
55.94302096623049 -3.1909291316176054 NNE 55.94329813009025 -3.190814326587896 1618.097575 1426.352133
55.94329813009025 -3.190814326587896 NNE 55.943575293950005 -3.1906995215581864 1618.097575 1425.102133
55.943575293950005 -3.1906995215581864 NE 55.94378742598436 -3.1904873895238306 1618.097575 1423.852133
55.94378742598436 -3.1904873895238306 NNE 55.94406458984412 -3.190372584494121 1618.097575 1422.602133
55.94406458984412 -3.190372584494121 NE 55.944276721878474 -3.1901604524597653 1618.097575 1421.352133
55.944276721878474 -3.1901604524597653 NNE 55.94455388573823 -3.190045647430056 1618.097575 1420.102133
55.94455388573823 -3.190045647430056 SE 55.944341753703874 -3.1898335153957 1628.875077 1480.594355
55.944341753703874 -3.1898335153957 NW 55.94455388573823 -3.190045647430056 1628.875077 1479.344355
55.94455388573823 -3.190045647430056 N 55.94485388573823 -3.190045647430056 1628.875077 1478.094355
55.94485388573823 -3.190045647430056 WNW 55.94496869076794 -3.190322811289809 1628.875077 1476.844355
55.94496869076794 -3.190322811289809 SW 55.94475655873359 -3.190534943324165 1628.875077 1475.594355
55.94475655873359 -3.190534943324165 NW 55.94496869076794 -3.1907470753585208 1628.875077 1474.344355
55.94496869076794 -3.1907470753585208 WSW 55.94485388573823 -3.191024239218274 1628.875077 1473.094355
55.94485388573823 -3.191024239218274 NE 55.94506601777259 -3.1908121071839184 1628.875077 1471.844355
55.94506601777259 -3.1908121071839184 NE 55.945278149806946 -3.1905999751495626 1628.875077 1470.594355
55.945278149806946 -3.1905999751495626 SSW 55.94500098594719 -3.190714780179272 1628.875077 1469.344355
55.94500098594719 -3.190714780179272 WSW 55.94488618091748 -3.1909919440390255 1628.875077 1468.094355
55.94488618091748 -3.1909919440390255 WNW 55.94500098594719 -3.191269107898779 1628.875077 1466.844355
55.94500098594719 -3.191269107898779 S 55.944700985947186 -3.191269107898779 1628.875077 1465.594355
