55.944425 -3.188396 ENE 55.94453980502971 -3.1881188361402466 0.000000 248.750000
55.94453980502971 -3.1881188361402466 ENE 55.94465461005942 -3.187841672280493 0.000000 247.500000
55.94465461005942 -3.187841672280493 ENE 55.944769415089134 -3.18756450842074 0.000000 246.250000
55.944769415089134 -3.18756450842074 ENE 55.944884220118844 -3.1872873445609864 0.000000 245.000000
55.944884220118844 -3.1872873445609864 ENE 55.944999025148554 -3.187010180701233 49.270928 256.824749
55.944999025148554 -3.187010180701233 ENE 55.945113830178265 -3.1867330168414796 0.000000 131.704170
55.945113830178265 -3.1867330168414796 ENE 55.945228635207975 -3.186455852981726 0.000000 130.454170
55.945228635207975 -3.186455852981726 ENE 55.945343440237686 -3.1861786891219728 0.000000 129.204170
55.945343440237686 -3.1861786891219728 ENE 55.945458245267396 -3.1859015252622194 0.000000 127.954170
55.945458245267396 -3.1859015252622194 S 55.94515824526739 -3.1859015252622194 113.887452 161.557950
55.94515824526739 -3.1859015252622194 S 55.94485824526739 -3.1859015252622194 220.206845 177.434411
55.94485824526739 -3.1859015252622194 S 55.94455824526739 -3.1859015252622194 235.925669 269.476424
55.94455824526739 -3.1859015252622194 SSE 55.94428108140763 -3.18578672023251 235.925669 268.226424
55.94428108140763 -3.18578672023251 S 55.94398108140763 -3.18578672023251 235.925669 266.976424
55.94398108140763 -3.18578672023251 SSE 55.94370391754787 -3.1856719152028004 235.925669 265.726424
55.94370391754787 -3.1856719152028004 S 55.94340391754787 -3.1856719152028004 313.140754 273.632146
55.94340391754787 -3.1856719152028004 SSE 55.94312675368811 -3.185557110173091 313.140754 272.382146
55.94312675368811 -3.185557110173091 W 55.94312675368811 -3.185857110173091 348.280399 331.473396
55.94312675368811 -3.185857110173091 W 55.94312675368811 -3.1861571101730912 348.280399 330.223396
55.94312675368811 -3.1861571101730912 W 55.94312675368811 -3.1864571101730914 348.280399 328.973396
55.94312675368811 -3.1864571101730914 W 55.94312675368811 -3.1867571101730916 348.280399 327.723396
55.94312675368811 -3.1867571101730916 W 55.94312675368811 -3.187057110173092 348.280399 326.473396
55.94312675368811 -3.187057110173092 W 55.94312675368811 -3.187357110173092 348.280399 325.223396
55.94312675368811 -3.187357110173092 W 55.94312675368811 -3.187657110173092 348.280399 323.973396
55.94312675368811 -3.187657110173092 WNW 55.94324155871782 -3.1879342740328456 348.280399 322.723396
55.94324155871782 -3.1879342740328456 W 55.94324155871782 -3.1882342740328458 348.280399 321.473396
55.94324155871782 -3.1882342740328458 WNW 55.94335636374753 -3.188511437892599 348.280399 320.223396
55.94335636374753 -3.188511437892599 W 55.94335636374753 -3.1888114378925994 348.280399 318.973396
55.94335636374753 -3.1888114378925994 WNW 55.94347116877724 -3.1890886017523528 348.280399 317.723396
55.94347116877724 -3.1890886017523528 E 55.94347116877724 -3.1887886017523526 404.918959 400.135438
55.94347116877724 -3.1887886017523526 E 55.94347116877724 -3.1884886017523524 404.918959 398.885438
55.94347116877724 -3.1884886017523524 E 55.94347116877724 -3.188188601752352 404.918959 397.635438
55.94347116877724 -3.188188601752352 E 55.94347116877724 -3.187888601752352 404.918959 396.385438
55.94347116877724 -3.187888601752352 E 55.94347116877724 -3.187588601752352 404.918959 395.135438
55.94347116877724 -3.187588601752352 E 55.94347116877724 -3.1872886017523516 404.918959 393.885438
55.94347116877724 -3.1872886017523516 E 55.94347116877724 -3.1869886017523514 400.092355 333.592164
55.94347116877724 -3.1869886017523514 E 55.94347116877724 -3.1866886017523512 400.092355 332.342164
55.94347116877724 -3.1866886017523512 ENE 55.943585973806954 -3.186411437892598 400.092355 331.092164
55.943585973806954 -3.186411437892598 E 55.943585973806954 -3.1861114378925977 400.092355 329.842164
55.943585973806954 -3.1861114378925977 ENE 55.943700778836664 -3.1858342740328442 400.092355 328.592164
55.943700778836664 -3.1858342740328442 E 55.943700778836664 -3.185534274032844 400.092355 327.342164
55.943700778836664 -3.185534274032844 ENE 55.943815583866375 -3.1852571101730907 400.092355 326.092164
55.943815583866375 -3.1852571101730907 E 55.943815583866375 -3.1849571101730905 400.092355 324.842164
55.943815583866375 -3.1849571101730905 ENE 55.943930388896085 -3.184679946313337 400.092355 323.592164
55.943930388896085 -3.184679946313337 W 55.943930388896085 -3.1849799463133373 485.968152 398.356881
55.943930388896085 -3.1849799463133373 W 55.943930388896085 -3.1852799463133374 485.968152 397.106881
55.943930388896085 -3.1852799463133374 W 55.943930388896085 -3.1855799463133376 485.968152 395.856881
55.943930388896085 -3.1855799463133376 W 55.943930388896085 -3.185879946313338 485.968152 394.606881
55.943930388896085 -3.185879946313338 W 55.943930388896085 -3.186179946313338 485.968152 393.356881
55.943930388896085 -3.186179946313338 W 55.943930388896085 -3.186479946313338 517.629856 471.678246
55.943930388896085 -3.186479946313338 W 55.943930388896085 -3.1867799463133384 517.629856 470.428246
55.943930388896085 -3.1867799463133384 W 55.943930388896085 -3.1870799463133386 517.629856 469.178246
55.943930388896085 -3.1870799463133386 WNW 55.944045193925795 -3.187357110173092 517.629856 467.928246
55.944045193925795 -3.187357110173092 W 55.944045193925795 -3.187657110173092 517.629856 466.678246
55.944045193925795 -3.187657110173092 WNW 55.944159998955506 -3.1879342740328456 517.629856 465.428246
55.944159998955506 -3.1879342740328456 W 55.944159998955506 -3.1882342740328458 491.687447 454.009764
55.944159998955506 -3.1882342740328458 WNW 55.944274803985216 -3.188511437892599 565.056834 530.088601
55.944274803985216 -3.188511437892599 W 55.944274803985216 -3.1888114378925994 565.056834 528.838601
55.944274803985216 -3.1888114378925994 WNW 55.94438960901493 -3.1890886017523528 541.229112 503.692666
55.94438960901493 -3.1890886017523528 W 55.94438960901493 -3.189388601752353 541.229112 502.442666
55.94438960901493 -3.189388601752353 WNW 55.94450441404464 -3.1896657656121064 541.229112 501.192666
55.94450441404464 -3.1896657656121064 W 55.94450441404464 -3.1899657656121065 637.311186 534.527752
55.94450441404464 -3.1899657656121065 ENE 55.94461921907435 -3.189688601752353 648.088688 595.019974
55.94461921907435 -3.189688601752353 ENE 55.94473402410406 -3.1894114378925997 648.088688 593.769974
55.94473402410406 -3.1894114378925997 ENE 55.94484882913377 -3.1891342740328463 648.088688 592.519974
55.94484882913377 -3.1891342740328463 ENE 55.94496363416348 -3.188857110173093 648.088688 591.269974
55.94496363416348 -3.188857110173093 E 55.94496363416348 -3.1885571101730927 614.953539 515.570556
55.94496363416348 -3.1885571101730927 ENE 55.94507843919319 -3.1882799463133393 614.953539 514.320556
55.94507843919319 -3.1882799463133393 E 55.94507843919319 -3.187979946313339 614.953539 513.070556
55.94507843919319 -3.187979946313339 ENE 55.9451932442229 -3.1877027824535857 614.953539 511.820556
55.9451932442229 -3.1877027824535857 E 55.9451932442229 -3.1874027824535855 614.953539 510.570556
55.9451932442229 -3.1874027824535855 ENE 55.94530804925261 -3.187125618593832 614.953539 509.320556
55.94530804925261 -3.187125618593832 E 55.94530804925261 -3.186825618593832 614.953539 508.070556
55.94530804925261 -3.186825618593832 ENE 55.94542285428232 -3.1865484547340786 614.953539 506.820556
55.94542285428232 -3.1865484547340786 E 55.94542285428232 -3.1862484547340784 524.295779 483.534857
55.94542285428232 -3.1862484547340784 ENE 55.94553765931203 -3.185971290874325 524.295779 482.284857
55.94553765931203 -3.185971290874325 E 55.94553765931203 -3.1856712908743248 524.295779 481.034857
55.94553765931203 -3.1856712908743248 ENE 55.94565246434174 -3.1853941270145714 524.295779 479.784857
55.94565246434174 -3.1853941270145714 E 55.94565246434174 -3.185094127014571 524.295779 478.534857
55.94565246434174 -3.185094127014571 ENE 55.94576726937145 -3.1848169631548178 524.295779 477.284857
55.94576726937145 -3.1848169631548178 E 55.94576726937145 -3.1845169631548176 524.295779 476.034857
55.94576726937145 -3.1845169631548176 W 55.94576726937145 -3.1848169631548178 593.754293 590.869253
55.94576726937145 -3.1848169631548178 W 55.94576726937145 -3.185116963154818 593.754293 589.619253
55.94576726937145 -3.185116963154818 W 55.94576726937145 -3.185416963154818 593.754293 588.369253
55.94576726937145 -3.185416963154818 W 55.94576726937145 -3.1857169631548183 593.754293 587.119253
55.94576726937145 -3.1857169631548183 W 55.94576726937145 -3.1860169631548185 593.754293 585.869253
55.94576726937145 -3.1860169631548185 W 55.94576726937145 -3.1863169631548187 513.447095 498.888656
55.94576726937145 -3.1863169631548187 W 55.94576726937145 -3.186616963154819 513.211366 395.813123
55.94576726937145 -3.186616963154819 W 55.94576726937145 -3.186916963154819 513.211366 394.563123
55.94576726937145 -3.186916963154819 W 55.94576726937145 -3.1872169631548193 513.211366 393.313123
55.94576726937145 -3.1872169631548193 W 55.94576726937145 -3.1875169631548195 513.211366 392.063123
55.94576726937145 -3.1875169631548195 W 55.94576726937145 -3.1878169631548197 524.045349 473.382213
55.94576726937145 -3.1878169631548197 W 55.94576726937145 -3.18811696315482 524.045349 472.132213
55.94576726937145 -3.18811696315482 W 55.94576726937145 -3.18841696315482 524.045349 470.882213
55.94576726937145 -3.18841696315482 W 55.94576726937145 -3.1887169631548202 524.045349 469.632213
55.94576726937145 -3.1887169631548202 W 55.94576726937145 -3.1890169631548204 545.938546 569.371128
55.94576726937145 -3.1890169631548204 WSW 55.94565246434174 -3.189294127014574 626.569034 683.967606
55.94565246434174 -3.189294127014574 WSW 55.94553765931203 -3.1895712908743272 626.569034 682.717606
55.94553765931203 -3.1895712908743272 WSW 55.94542285428232 -3.1898484547340806 626.569034 681.467606
55.94542285428232 -3.1898484547340806 WSW 55.94530804925261 -3.190125618593834 626.569034 680.217606
55.94530804925261 -3.190125618593834 WSW 55.9451932442229 -3.1904027824535874 742.341415 765.024801
55.9451932442229 -3.1904027824535874 W 55.9451932442229 -3.1907027824535876 742.341415 763.774801
55.9451932442229 -3.1907027824535876 WNW 55.94530804925261 -3.190979946313341 742.341415 762.524801
55.94530804925261 -3.190979946313341 W 55.94530804925261 -3.191279946313341 806.271342 879.154410
55.94530804925261 -3.191279946313341 W 55.94530804925261 -3.1915799463133414 806.271342 877.904410
55.94530804925261 -3.1915799463133414 W 55.94530804925261 -3.1918799463133416 806.271342 876.654410
55.94530804925261 -3.1918799463133416 W 55.94530804925261 -3.192179946313342 806.271342 875.404410
55.94530804925261 -3.192179946313342 W 55.94530804925261 -3.192479946313342 806.271342 874.154410
55.94530804925261 -3.192479946313342 SSE 55.94503088539285 -3.1923651412836325 891.697519 910.918208
55.94503088539285 -3.1923651412836325 NNW 55.94530804925261 -3.192479946313342 891.697519 909.668208
55.94530804925261 -3.192479946313342 SE 55.945095917218254 -3.192267814278986 891.697519 908.418208
55.945095917218254 -3.192267814278986 SE 55.9448837851839 -3.1920556822446304 891.697519 907.168208
55.9448837851839 -3.1920556822446304 SE 55.94467165314954 -3.1918435502102747 891.697519 905.918208
55.94467165314954 -3.1918435502102747 ESE 55.94455684811983 -3.1915663863505213 891.697519 904.668208
55.94455684811983 -3.1915663863505213 E 55.94455684811983 -3.191266386350521 983.792372 908.513371
55.94455684811983 -3.191266386350521 E 55.94455684811983 -3.190966386350521 983.792372 907.263371
55.94455684811983 -3.190966386350521 E 55.94455684811983 -3.1906663863505207 983.792372 906.013371
55.94455684811983 -3.1906663863505207 ENE 55.94467165314954 -3.1903892224907673 983.792372 904.763371
55.94467165314954 -3.1903892224907673 S 55.94437165314954 -3.1903892224907673 1044.590097 940.031480
55.94437165314954 -3.1903892224907673 S 55.944071653149535 -3.1903892224907673 1044.590097 938.781480
55.944071653149535 -3.1903892224907673 WNW 55.944186458179246 -3.1906663863505207 1066.884211 948.590044
55.944186458179246 -3.1906663863505207 WNW 55.944301263208956 -3.190943550210274 1066.884211 947.340044
55.944301263208956 -3.190943550210274 WNW 55.94441606823867 -3.1912207140700275 1066.884211 946.090044
55.94441606823867 -3.1912207140700275 WNW 55.94453087326838 -3.191497877929781 1066.884211 944.840044
55.94453087326838 -3.191497877929781 SSE 55.94425370940862 -3.1913830729000714 1066.884211 943.590044
55.94425370940862 -3.1913830729000714 SSE 55.943976545548864 -3.191268267870362 1066.884211 942.340044
55.943976545548864 -3.191268267870362 S 55.94367654554886 -3.191268267870362 1111.198251 946.703677
55.94367654554886 -3.191268267870362 SSE 55.943399381689105 -3.1911534628406524 1172.895763 966.818222
55.943399381689105 -3.1911534628406524 S 55.9430993816891 -3.1911534628406524 1104.442786 961.618566
55.9430993816891 -3.1911534628406524 SSE 55.942822217829345 -3.191038657810943 1104.442786 960.368566
55.942822217829345 -3.191038657810943 E 55.942822217829345 -3.1907386578109427 1182.098204 1042.610445
55.942822217829345 -3.1907386578109427 E 55.942822217829345 -3.1904386578109425 1182.098204 1041.360445
55.942822217829345 -3.1904386578109425 ESE 55.942707412799635 -3.190161493951189 1182.098204 1040.110445
55.942707412799635 -3.190161493951189 E 55.942707412799635 -3.189861493951189 1182.098204 1038.860445
55.942707412799635 -3.189861493951189 NW 55.94291954483399 -3.1900736259855447 1231.536637 1107.443168
55.94291954483399 -3.1900736259855447 NW 55.94313167686835 -3.1902857580199004 1186.141176 1091.496547
55.94313167686835 -3.1902857580199004 NW 55.9433438089027 -3.190497890054256 1186.141176 1090.246547
55.9433438089027 -3.190497890054256 NW 55.94355594093706 -3.190710022088612 1186.141176 1088.996547
55.94355594093706 -3.190710022088612 NW 55.943768072971416 -3.1909221541229678 1186.141176 1087.746547
55.943768072971416 -3.1909221541229678 NW 55.94398020500577 -3.1911342861573235 1186.141176 1086.496547
55.94398020500577 -3.1911342861573235 NW 55.94419233704013 -3.1913464181916793 1186.141176 1085.246547
55.94419233704013 -3.1913464181916793 NW 55.944404469074485 -3.191558550226035 1186.141176 1083.996547
55.944404469074485 -3.191558550226035 E 55.944404469074485 -3.191258550226035 1186.141176 1082.746547
55.944404469074485 -3.191258550226035 E 55.944404469074485 -3.1909585502260347 1186.141176 1081.496547
55.944404469074485 -3.1909585502260347 E 55.944404469074485 -3.1906585502260345 1186.141176 1080.246547
55.944404469074485 -3.1906585502260345 E 55.944404469074485 -3.1903585502260343 1186.141176 1078.996547
55.944404469074485 -3.1903585502260343 E 55.944404469074485 -3.190058550226034 1186.141176 1077.746547
55.944404469074485 -3.190058550226034 E 55.944404469074485 -3.189758550226034 1186.141176 1076.496547
55.944404469074485 -3.189758550226034 E 55.944404469074485 -3.1894585502260338 1186.141176 1075.246547
55.944404469074485 -3.1894585502260338 E 55.944404469074485 -3.1891585502260336 1186.141176 1073.996547
55.944404469074485 -3.1891585502260336 E 55.944404469074485 -3.1888585502260334 1186.141176 1072.746547
55.944404469074485 -3.1888585502260334 E 55.944404469074485 -3.188558550226033 1186.141176 1071.496547
55.944404469074485 -3.188558550226033 E 55.944404469074485 -3.188258550226033 1186.141176 1070.246547
55.944404469074485 -3.188258550226033 E 55.944404469074485 -3.187958550226033 1186.141176 1068.996547
55.944404469074485 -3.187958550226033 E 55.944404469074485 -3.1876585502260326 1186.141176 1067.746547
55.944404469074485 -3.1876585502260326 E 55.944404469074485 -3.1873585502260324 1186.141176 1066.496547
55.944404469074485 -3.1873585502260324 ESE 55.944289664044774 -3.187081386366279 1186.141176 1065.246547
55.944289664044774 -3.187081386366279 E 55.944289664044774 -3.186781386366279 1186.141176 1063.996547
55.944289664044774 -3.186781386366279 SE 55.94407753201042 -3.186569254331923 1296.750145 1134.158058
55.94407753201042 -3.186569254331923 W 55.94407753201042 -3.1868692543319233 1296.750145 1132.908058
55.94407753201042 -3.1868692543319233 W 55.94407753201042 -3.1871692543319234 1296.750145 1131.658058
55.94407753201042 -3.1871692543319234 W 55.94407753201042 -3.1874692543319236 1296.750145 1130.408058
55.94407753201042 -3.1874692543319236 W 55.94407753201042 -3.187769254331924 1296.750145 1129.158058
55.94407753201042 -3.187769254331924 W 55.94407753201042 -3.188069254331924 1296.750145 1127.908058
55.94407753201042 -3.188069254331924 W 55.94407753201042 -3.188369254331924 1296.750145 1126.658058
55.94407753201042 -3.188369254331924 W 55.94407753201042 -3.1886692543319244 1296.750145 1125.408058
55.94407753201042 -3.1886692543319244 W 55.94407753201042 -3.1889692543319246 1296.750145 1124.158058
55.94407753201042 -3.1889692543319246 W 55.94407753201042 -3.1892692543319248 1296.750145 1122.908058
55.94407753201042 -3.1892692543319248 W 55.94407753201042 -3.189569254331925 1296.750145 1121.658058
55.94407753201042 -3.189569254331925 WNW 55.94419233704013 -3.1898464181916784 1296.750145 1120.408058
55.94419233704013 -3.1898464181916784 W 55.94419233704013 -3.1901464181916785 1296.750145 1119.158058
55.94419233704013 -3.1901464181916785 WNW 55.94430714206984 -3.190423582051432 1296.750145 1117.908058
55.94430714206984 -3.190423582051432 W 55.94430714206984 -3.190723582051432 1296.750145 1116.658058
55.94430714206984 -3.190723582051432 WNW 55.94442194709955 -3.1910007459111855 1296.750145 1115.408058
55.94442194709955 -3.1910007459111855 W 55.94442194709955 -3.1913007459111857 1296.750145 1114.158058
55.94442194709955 -3.1913007459111857 WNW 55.94453675212926 -3.191577909770939 1296.750145 1112.908058
55.94453675212926 -3.191577909770939 E 55.94453675212926 -3.191277909770939 1296.750145 1111.658058
55.94453675212926 -3.191277909770939 E 55.94453675212926 -3.1909779097709388 1296.750145 1110.408058
55.94453675212926 -3.1909779097709388 E 55.94453675212926 -3.1906779097709386 1296.750145 1109.158058
55.94453675212926 -3.1906779097709386 E 55.94453675212926 -3.1903779097709384 1296.750145 1107.908058
55.94453675212926 -3.1903779097709384 E 55.94453675212926 -3.190077909770938 1296.750145 1106.658058
55.94453675212926 -3.190077909770938 E 55.94453675212926 -3.189777909770938 1296.750145 1105.408058
55.94453675212926 -3.189777909770938 E 55.94453675212926 -3.189477909770938 1296.750145 1104.158058
55.94453675212926 -3.189477909770938 E 55.94453675212926 -3.1891779097709376 1296.750145 1102.908058
55.94453675212926 -3.1891779097709376 E 55.94453675212926 -3.1888779097709374 1296.750145 1101.658058
55.94453675212926 -3.1888779097709374 E 55.94453675212926 -3.1885779097709372 1296.750145 1100.408058
55.94453675212926 -3.1885779097709372 E 55.94453675212926 -3.188277909770937 1296.750145 1099.158058
55.94453675212926 -3.188277909770937 E 55.94453675212926 -3.187977909770937 1296.750145 1097.908058
55.94453675212926 -3.187977909770937 E 55.94453675212926 -3.1876779097709367 1296.750145 1096.658058
55.94453675212926 -3.1876779097709367 E 55.94453675212926 -3.1873779097709365 1296.750145 1095.408058
55.94453675212926 -3.1873779097709365 ENE 55.94465155715897 -3.187100745911183 1296.750145 1094.158058
55.94465155715897 -3.187100745911183 E 55.94465155715897 -3.186800745911183 1296.750145 1092.908058
55.94465155715897 -3.186800745911183 ENE 55.94476636218868 -3.1865235820514295 1296.750145 1091.658058
55.94476636218868 -3.1865235820514295 E 55.94476636218868 -3.1862235820514293 1296.750145 1090.408058
55.94476636218868 -3.1862235820514293 ENE 55.94488116721839 -3.185946418191676 1296.750145 1089.158058
55.94488116721839 -3.185946418191676 E 55.94488116721839 -3.1856464181916757 1296.750145 1087.908058
55.94488116721839 -3.1856464181916757 ENE 55.9449959722481 -3.1853692543319223 1296.750145 1086.658058
55.9449959722481 -3.1853692543319223 E 55.9449959722481 -3.185069254331922 1296.750145 1085.408058
55.9449959722481 -3.185069254331922 ENE 55.94511077727781 -3.1847920904721687 1296.750145 1084.158058
55.94511077727781 -3.1847920904721687 W 55.94511077727781 -3.185092090472169 1329.543007 1170.018061
55.94511077727781 -3.185092090472169 W 55.94511077727781 -3.185392090472169 1279.435405 1050.238408
55.94511077727781 -3.185392090472169 W 55.94511077727781 -3.1856920904721693 1279.435405 1048.988408
55.94511077727781 -3.1856920904721693 W 55.94511077727781 -3.1859920904721695 1279.435405 1047.738408
55.94511077727781 -3.1859920904721695 W 55.94511077727781 -3.1862920904721697 1279.435405 1046.488408
55.94511077727781 -3.1862920904721697 W 55.94511077727781 -3.18659209047217 1279.435405 1045.238408
55.94511077727781 -3.18659209047217 W 55.94511077727781 -3.18689209047217 1279.435405 1043.988408
55.94511077727781 -3.18689209047217 W 55.94511077727781 -3.1871920904721702 1224.693047 1042.738408
55.94511077727781 -3.1871920904721702 W 55.94511077727781 -3.1874920904721704 1224.693047 1041.488408
55.94511077727781 -3.1874920904721704 W 55.94511077727781 -3.1877920904721706 1224.693047 1040.238408
55.94511077727781 -3.1877920904721706 W 55.94511077727781 -3.188092090472171 1224.693047 1038.988408
55.94511077727781 -3.188092090472171 W 55.94511077727781 -3.188392090472171 1224.693047 1037.738408
55.94511077727781 -3.188392090472171 W 55.94511077727781 -3.188692090472171 1224.693047 1036.488408
55.94511077727781 -3.188692090472171 W 55.94511077727781 -3.1889920904721714 1224.693047 1035.238408
55.94511077727781 -3.1889920904721714 WSW 55.9449959722481 -3.1892692543319248 1224.693047 1033.988408
55.9449959722481 -3.1892692543319248 W 55.9449959722481 -3.189569254331925 1224.693047 1032.738408
55.9449959722481 -3.189569254331925 WSW 55.94488116721839 -3.1898464181916784 1224.693047 1031.488408
55.94488116721839 -3.1898464181916784 W 55.94488116721839 -3.1901464181916785 1224.693047 1030.238408
55.94488116721839 -3.1901464181916785 WSW 55.94476636218868 -3.190423582051432 1224.693047 1028.988408
55.94476636218868 -3.190423582051432 W 55.94476636218868 -3.190723582051432 1224.693047 1027.738408
55.94476636218868 -3.190723582051432 WSW 55.94465155715897 -3.1910007459111855 1224.693047 1026.488408
55.94465155715897 -3.1910007459111855 W 55.94465155715897 -3.1913007459111857 1224.693047 1025.238408
55.94465155715897 -3.1913007459111857 WSW 55.94453675212926 -3.191577909770939 1224.693047 1023.988408
55.94453675212926 -3.191577909770939 W 55.94453675212926 -3.1918779097709393 1224.693047 1022.738408
55.94453675212926 -3.1918779097709393 ESE 55.94442194709955 -3.191600745911186 1313.851793 1124.279213
55.94442194709955 -3.191600745911186 ESE 55.94430714206984 -3.1913235820514325 1313.851793 1123.029213
55.94430714206984 -3.1913235820514325 ESE 55.94419233704013 -3.191046418191679 1313.851793 1121.779213
55.94419233704013 -3.191046418191679 ESE 55.94407753201042 -3.1907692543319257 1313.851793 1120.529213
55.94407753201042 -3.1907692543319257 ESE 55.94396272698071 -3.1904920904721723 1313.851793 1119.279213
55.94396272698071 -3.1904920904721723 ESE 55.943847921951 -3.190214926612419 1313.851793 1118.029213
55.943847921951 -3.190214926612419 ESE 55.94373311692129 -3.1899377627526655 1313.851793 1116.779213
55.94373311692129 -3.1899377627526655 ESE 55.943618311891576 -3.189660598892912 1313.851793 1115.529213
55.943618311891576 -3.189660598892912 ESE 55.943503506861866 -3.1893834350331587 1313.851793 1114.279213
55.943503506861866 -3.1893834350331587 ESE 55.943388701832156 -3.1891062711734053 1313.851793 1113.029213
55.943388701832156 -3.1891062711734053 ESE 55.943273896802445 -3.188829107313652 1313.851793 1111.779213
55.943273896802445 -3.188829107313652 ESE 55.943159091772735 -3.1885519434538985 1313.851793 1110.529213
55.943159091772735 -3.1885519434538985 ESE 55.943044286743024 -3.188274779594145 1313.851793 1109.279213
55.943044286743024 -3.188274779594145 ESE 55.942929481713314 -3.1879976157343917 1313.851793 1108.029213
55.942929481713314 -3.1879976157343917 ESE 55.942814676683604 -3.1877204518746383 1313.851793 1106.779213
55.942814676683604 -3.1877204518746383 ESE 55.94269987165389 -3.187443288014885 1313.851793 1105.529213
55.94269987165389 -3.187443288014885 E 55.94269987165389 -3.1871432880148847 1313.851793 1104.279213
55.94269987165389 -3.1871432880148847 ESE 55.94258506662418 -3.1868661241551313 1337.878448 1220.125938
55.94258506662418 -3.1868661241551313 S 55.94228506662418 -3.1868661241551313 1337.878448 1218.875938
55.94228506662418 -3.1868661241551313 SE 55.942072934589824 -3.1866539921207755 1337.878448 1217.625938
55.942072934589824 -3.1866539921207755 ENE 55.942187739619534 -3.186376828261022 1337.878448 1216.375938
55.942187739619534 -3.186376828261022 WNW 55.942302544649245 -3.1866539921207755 1337.878448 1215.125938
55.942302544649245 -3.1866539921207755 NNW 55.942579708509 -3.186768797150485 1337.878448 1213.875938
55.942579708509 -3.186768797150485 E 55.942579708509 -3.186468797150485 1306.411618 1152.978269
55.942579708509 -3.186468797150485 SW 55.942367576474645 -3.1866809291848406 1306.411618 1151.728269
55.942367576474645 -3.1866809291848406 WSW 55.942252771444934 -3.186958093044594 1306.411618 1150.478269
55.942252771444934 -3.186958093044594 ENE 55.942367576474645 -3.1866809291848406 1306.411618 1149.228269
