55.944425 -3.188396 ENE 55.94453980502971 -3.1881188361402466 0.000000 248.750000
55.94453980502971 -3.1881188361402466 ENE 55.94465461005942 -3.187841672280493 0.000000 247.500000
55.94465461005942 -3.187841672280493 ENE 55.944769415089134 -3.18756450842074 0.000000 246.250000
55.944769415089134 -3.18756450842074 ENE 55.944884220118844 -3.1872873445609864 0.000000 245.000000
55.944884220118844 -3.1872873445609864 ENE 55.944999025148554 -3.187010180701233 49.270928 256.824749
55.944999025148554 -3.187010180701233 ENE 55.945113830178265 -3.1867330168414796 0.000000 131.704170
55.945113830178265 -3.1867330168414796 ENE 55.945228635207975 -3.186455852981726 0.000000 130.454170
55.945228635207975 -3.186455852981726 ENE 55.945343440237686 -3.1861786891219728 0.000000 129.204170
55.945343440237686 -3.1861786891219728 ENE 55.945458245267396 -3.1859015252622194 0.000000 127.954170
55.945458245267396 -3.1859015252622194 S 55.94515824526739 -3.1859015252622194 113.887452 161.557950
55.94515824526739 -3.1859015252622194 S 55.94485824526739 -3.1859015252622194 220.206845 177.434411
55.94485824526739 -3.1859015252622194 S 55.94455824526739 -3.1859015252622194 235.925669 269.476424
55.94455824526739 -3.1859015252622194 SSE 55.94428108140763 -3.18578672023251 235.925669 268.226424
55.94428108140763 -3.18578672023251 S 55.94398108140763 -3.18578672023251 235.925669 266.976424
55.94398108140763 -3.18578672023251 SSE 55.94370391754787 -3.1856719152028004 235.925669 265.726424
55.94370391754787 -3.1856719152028004 S 55.94340391754787 -3.1856719152028004 313.140754 273.632146
55.94340391754787 -3.1856719152028004 SSE 55.94312675368811 -3.185557110173091 313.140754 272.382146
55.94312675368811 -3.185557110173091 W 55.94312675368811 -3.185857110173091 348.280399 331.473396
55.94312675368811 -3.185857110173091 W 55.94312675368811 -3.1861571101730912 348.280399 330.223396
55.94312675368811 -3.1861571101730912 W 55.94312675368811 -3.1864571101730914 348.280399 328.973396
55.94312675368811 -3.1864571101730914 W 55.94312675368811 -3.1867571101730916 348.280399 327.723396
55.94312675368811 -3.1867571101730916 W 55.94312675368811 -3.187057110173092 348.280399 326.473396
55.94312675368811 -3.187057110173092 W 55.94312675368811 -3.187357110173092 348.280399 325.223396
55.94312675368811 -3.187357110173092 W 55.94312675368811 -3.187657110173092 348.280399 323.973396
55.94312675368811 -3.187657110173092 WNW 55.94324155871782 -3.1879342740328456 348.280399 322.723396
55.94324155871782 -3.1879342740328456 W 55.94324155871782 -3.1882342740328458 348.280399 321.473396
55.94324155871782 -3.1882342740328458 WNW 55.94335636374753 -3.188511437892599 348.280399 320.223396
55.94335636374753 -3.188511437892599 W 55.94335636374753 -3.1888114378925994 348.280399 318.973396
55.94335636374753 -3.1888114378925994 WNW 55.94347116877724 -3.1890886017523528 348.280399 317.723396
55.94347116877724 -3.1890886017523528 WNW 55.943585973806954 -3.189365765612106 404.918959 400.135438
55.943585973806954 -3.189365765612106 WNW 55.943700778836664 -3.1896429294718596 404.918959 398.885438
55.943700778836664 -3.1896429294718596 WNW 55.943815583866375 -3.189920093331613 404.918959 397.635438
55.943815583866375 -3.189920093331613 WNW 55.943930388896085 -3.1901972571913664 404.918959 396.385438
55.943930388896085 -3.1901972571913664 WNW 55.944045193925795 -3.19047442105112 404.918959 395.135438
55.944045193925795 -3.19047442105112 WNW 55.944159998955506 -3.190751584910873 427.213073 404.944002
55.944159998955506 -3.190751584910873 WNW 55.944274803985216 -3.1910287487706266 427.213073 403.694002
55.944274803985216 -3.1910287487706266 WNW 55.94438960901493 -3.19130591263038 427.213073 402.444002
55.94438960901493 -3.19130591263038 WNW 55.94450441404464 -3.1915830764901334 427.213073 401.194002
55.94450441404464 -3.1915830764901334 ENE 55.94461921907435 -3.19130591263038 519.307926 405.039165
55.94461921907435 -3.19130591263038 ENE 55.94473402410406 -3.1910287487706266 519.307926 403.789165
55.94473402410406 -3.1910287487706266 NE 55.944946156138414 -3.190816616736271 519.307926 402.539165
55.944946156138414 -3.190816616736271 ENE 55.945060961168124 -3.1905394528765174 519.307926 401.289165
55.945060961168124 -3.1905394528765174 NE 55.94527309320248 -3.1903273208421616 519.307926 400.039165
55.94527309320248 -3.1903273208421616 SE 55.945060961168124 -3.190115188807806 635.080308 484.846360
55.945060961168124 -3.190115188807806 SE 55.94484882913377 -3.18990305677345 635.080308 483.596360
55.94484882913377 -3.18990305677345 SE 55.94463669709941 -3.1896909247390943 635.080308 482.346360
55.94463669709941 -3.1896909247390943 SE 55.944424565065056 -3.1894787927047386 731.162382 515.681446
55.944424565065056 -3.1894787927047386 SE 55.9442124330307 -3.189266660670383 731.162382 514.431446
55.9442124330307 -3.189266660670383 SE 55.94400030099634 -3.189054528636027 731.162382 513.181446
55.94400030099634 -3.189054528636027 ESE 55.94388549596663 -3.1887773647762736 731.162382 511.931446
55.94388549596663 -3.1887773647762736 SE 55.94367336393228 -3.188565232741918 731.162382 510.681446
55.94367336393228 -3.188565232741918 ESE 55.943558558902566 -3.1882880688821644 731.162382 509.431446
55.943558558902566 -3.1882880688821644 SE 55.94334642686821 -3.1880759368478087 731.162382 508.181446
55.94334642686821 -3.1880759368478087 ESE 55.9432316218385 -3.1877987729880553 731.162382 506.931446
55.9432316218385 -3.1877987729880553 SE 55.94301948980414 -3.1875866409536995 731.162382 505.681446
55.94301948980414 -3.1875866409536995 ESE 55.94290468477443 -3.187309477093946 731.162382 504.431446
55.94290468477443 -3.187309477093946 SE 55.94269255274008 -3.1870973450595903 731.162382 503.181446
55.94269255274008 -3.1870973450595903 WNW 55.94280735776979 -3.1873745089193437 755.189037 619.028172
55.94280735776979 -3.1873745089193437 WNW 55.9429221627995 -3.187651672779097 755.189037 617.778172
55.9429221627995 -3.187651672779097 WNW 55.94303696782921 -3.1879288366388505 755.189037 616.528172
55.94303696782921 -3.1879288366388505 NW 55.943249099863564 -3.1881409686732063 755.189037 615.278172
55.943249099863564 -3.1881409686732063 WNW 55.943363904893275 -3.1884181325329597 755.189037 614.028172
55.943363904893275 -3.1884181325329597 NW 55.94357603692763 -3.1886302645673155 755.189037 612.778172
55.94357603692763 -3.1886302645673155 WNW 55.94369084195734 -3.188907428427069 755.189037 611.528172
55.94369084195734 -3.188907428427069 NW 55.9439029739917 -3.1891195604614246 755.189037 610.278172
55.9439029739917 -3.1891195604614246 WNW 55.94401777902141 -3.189396724321178 755.189037 609.028172
55.94401777902141 -3.189396724321178 NW 55.944229911055764 -3.189608856355534 755.189037 607.778172
55.944229911055764 -3.189608856355534 WNW 55.944344716085475 -3.189886020215287 755.189037 606.528172
55.944344716085475 -3.189886020215287 NW 55.94455684811983 -3.190098152249643 765.966539 667.020394
55.94455684811983 -3.190098152249643 WSW 55.94444204309012 -3.1903753161093964 765.966539 665.770394
55.94444204309012 -3.1903753161093964 WSW 55.94432723806041 -3.19065247996915 826.764264 701.038502
55.94432723806041 -3.19065247996915 WSW 55.9442124330307 -3.190929643828903 826.764264 699.788502
55.9442124330307 -3.190929643828903 WSW 55.94409762800099 -3.1912068076886566 826.764264 698.538502
55.94409762800099 -3.1912068076886566 W 55.94409762800099 -3.191506807688657 826.764264 697.288502
55.94409762800099 -3.191506807688657 NNE 55.944374791860746 -3.1913920026589473 871.078305 701.652136
55.944374791860746 -3.1913920026589473 NNE 55.9446519557205 -3.191277197629238 871.078305 700.402136
55.9446519557205 -3.191277197629238 N 55.944951955720505 -3.191277197629238 871.078305 699.152136
55.944951955720505 -3.191277197629238 NNE 55.94522911958026 -3.1911623925995283 871.078305 697.902136
55.94522911958026 -3.1911623925995283 E 55.94522911958026 -3.190862392599528 935.008231 814.531745
55.94522911958026 -3.190862392599528 E 55.94522911958026 -3.190562392599528 935.008231 813.281745
55.94522911958026 -3.190562392599528 E 55.94522911958026 -3.1902623925995277 935.008231 812.031745
55.94522911958026 -3.1902623925995277 E 55.94522911958026 -3.1899623925995275 935.008231 810.781745
55.94522911958026 -3.1899623925995275 E 55.94522911958026 -3.1896623925995273 935.008231 809.531745
55.94522911958026 -3.1896623925995273 E 55.94522911958026 -3.189362392599527 935.008231 808.281745
55.94522911958026 -3.189362392599527 E 55.94522911958026 -3.189062392599527 935.008231 807.031745
55.94522911958026 -3.189062392599527 E 55.94522911958026 -3.1887623925995268 935.008231 805.781745
55.94522911958026 -3.1887623925995268 E 55.94522911958026 -3.1884623925995266 935.008231 804.531745
55.94522911958026 -3.1884623925995266 E 55.94522911958026 -3.1881623925995264 935.008231 803.281745
55.94522911958026 -3.1881623925995264 E 55.94522911958026 -3.187862392599526 935.008231 802.031745
55.94522911958026 -3.187862392599526 E 55.94522911958026 -3.187562392599526 935.008231 800.781745
55.94522911958026 -3.187562392599526 E 55.94522911958026 -3.187262392599526 935.008231 799.531745
55.94522911958026 -3.187262392599526 ENE 55.94534392460997 -3.1869852287397724 935.008231 798.281745
55.94534392460997 -3.1869852287397724 E 55.94534392460997 -3.1866852287397722 935.008231 797.031745
55.94534392460997 -3.1866852287397722 ENE 55.94545872963968 -3.186408064880019 844.350471 773.746046
55.94545872963968 -3.186408064880019 E 55.94545872963968 -3.1861080648800186 844.350471 772.496046
55.94545872963968 -3.1861080648800186 ENE 55.94557353466939 -3.1858309010202652 844.350471 771.246046
55.94557353466939 -3.1858309010202652 E 55.94557353466939 -3.185530901020265 844.350471 769.996046
55.94557353466939 -3.185530901020265 ENE 55.9456883396991 -3.1852537371605116 844.350471 768.746046
55.9456883396991 -3.1852537371605116 E 55.9456883396991 -3.1849537371605114 844.350471 767.496046
55.9456883396991 -3.1849537371605114 ENE 55.94580314472881 -3.184676573300758 844.350471 766.246046
55.94580314472881 -3.184676573300758 E 55.94580314472881 -3.184376573300758 844.350471 764.996046
55.94580314472881 -3.184376573300758 WSW 55.9456883396991 -3.1846537371605113 913.808985 879.830443
55.9456883396991 -3.1846537371605113 WSW 55.94557353466939 -3.1849309010202647 913.808985 878.580443
55.94557353466939 -3.1849309010202647 WSW 55.94545872963968 -3.185208064880018 913.808985 877.330443
55.94545872963968 -3.185208064880018 WSW 55.94534392460997 -3.1854852287397715 913.808985 876.080443
55.94534392460997 -3.1854852287397715 WSW 55.94522911958026 -3.185762392599525 913.808985 874.830443
55.94522911958026 -3.185762392599525 WSW 55.94511431455055 -3.1860395564592783 913.808985 873.580443
55.94511431455055 -3.1860395564592783 WSW 55.94499950952084 -3.1863167203190317 913.808985 872.330443
55.94499950952084 -3.1863167203190317 WSW 55.94488470449113 -3.186593884178785 913.808985 871.080443
55.94488470449113 -3.186593884178785 SW 55.944672572456774 -3.186806016213141 913.808985 869.830443
55.944672572456774 -3.186806016213141 WSW 55.944557767427064 -3.1870831800728943 913.808985 868.580443
55.944557767427064 -3.1870831800728943 SW 55.94434563539271 -3.18729531210725 913.808985 867.330443
55.94434563539271 -3.18729531210725 WSW 55.944230830363 -3.1875724759670034 913.808985 866.080443
55.944230830363 -3.1875724759670034 SW 55.94401869832864 -3.187784608001359 913.808985 864.830443
55.94401869832864 -3.187784608001359 WSW 55.94390389329893 -3.1880617718611126 913.808985 863.580443
55.94390389329893 -3.1880617718611126 SW 55.943691761264574 -3.1882739038954684 987.178372 939.659279
55.943691761264574 -3.1882739038954684 WSW 55.943576956234864 -3.188551067755222 987.178372 938.409279
55.943576956234864 -3.188551067755222 SW 55.94336482420051 -3.1887631997895776 987.178372 937.159279
55.94336482420051 -3.1887631997895776 WSW 55.9432500191708 -3.189040363649331 987.178372 935.909279
55.9432500191708 -3.189040363649331 SW 55.94303788713644 -3.1892524956836867 987.178372 934.659279
55.94303788713644 -3.1892524956836867 WSW 55.94292308210673 -3.18952965954344 987.178372 933.409279
55.94292308210673 -3.18952965954344 SW 55.942710950072374 -3.189741791577796 987.178372 932.159279
55.942710950072374 -3.189741791577796 ENE 55.942825755102085 -3.1894646277180425 1036.616805 1000.742002
55.942825755102085 -3.1894646277180425 ENE 55.942940560131795 -3.189187463858289 1036.616805 999.492002
55.942940560131795 -3.189187463858289 ENE 55.943055365161506 -3.1889102999985357 1036.616805 998.242002
55.943055365161506 -3.1889102999985357 ENE 55.943170170191216 -3.1886331361387823 1036.616805 996.992002
55.943170170191216 -3.1886331361387823 ENE 55.94328497522093 -3.188355972279029 1036.616805 995.742002
55.94328497522093 -3.188355972279029 ENE 55.94339978025064 -3.1880788084192755 1036.616805 994.492002
55.94339978025064 -3.1880788084192755 ENE 55.94351458528035 -3.187801644559522 1036.616805 993.242002
55.94351458528035 -3.187801644559522 ENE 55.94362939031006 -3.1875244806997687 1036.616805 991.992002
55.94362939031006 -3.1875244806997687 ENE 55.94374419533977 -3.1872473168400153 1036.616805 990.742002
55.94374419533977 -3.1872473168400153 E 55.94374419533977 -3.186947316840015 1031.790201 930.448729
55.94374419533977 -3.186947316840015 ENE 55.94385900036948 -3.1866701529802617 1031.790201 929.198729
55.94385900036948 -3.1866701529802617 E 55.94385900036948 -3.1863701529802615 1031.790201 927.948729
55.94385900036948 -3.1863701529802615 WSW 55.94374419533977 -3.186647316840015 1063.451904 1006.270095
55.94374419533977 -3.186647316840015 WSW 55.94362939031006 -3.1869244806997683 1063.451904 1005.020095
55.94362939031006 -3.1869244806997683 WSW 55.94351458528035 -3.1872016445595217 1063.451904 1003.770095
55.94351458528035 -3.1872016445595217 WSW 55.94339978025064 -3.187478808419275 1063.451904 1002.520095
55.94339978025064 -3.187478808419275 W 55.94339978025064 -3.1877788084192753 1063.451904 1001.270095
55.94339978025064 -3.1877788084192753 WSW 55.94328497522093 -3.1880559722790287 1063.451904 1000.020095
55.94328497522093 -3.1880559722790287 W 55.94328497522093 -3.188355972279029 1063.451904 998.770095
55.94328497522093 -3.188355972279029 WSW 55.943170170191216 -3.1886331361387823 1063.451904 997.520095
55.943170170191216 -3.1886331361387823 W 55.943170170191216 -3.1889331361387825 1063.451904 996.270095
55.943170170191216 -3.1889331361387825 WSW 55.943055365161506 -3.189210299998536 1063.451904 995.020095
55.943055365161506 -3.189210299998536 W 55.943055365161506 -3.189510299998536 1063.451904 993.770095
55.943055365161506 -3.189510299998536 WSW 55.942940560131795 -3.1897874638582895 1063.451904 992.520095
55.942940560131795 -3.1897874638582895 W 55.942940560131795 -3.1900874638582897 1018.056444 976.573473
55.942940560131795 -3.1900874638582897 WSW 55.942825755102085 -3.190364627718043 1018.056444 975.323473
55.942825755102085 -3.190364627718043 W 55.942825755102085 -3.1906646277180433 1018.056444 974.073473
55.942825755102085 -3.1906646277180433 WSW 55.942710950072374 -3.1909417915777967 1018.056444 972.823473
55.942710950072374 -3.1909417915777967 NNW 55.94298811393213 -3.191056596607506 1095.711861 1055.065353
55.94298811393213 -3.191056596607506 NNW 55.94326527779189 -3.1911714016372157 1095.711861 1053.815353
55.94326527779189 -3.1911714016372157 NNW 55.943542441651644 -3.191286206666925 1027.258885 1048.615697
55.943542441651644 -3.191286206666925 NW 55.943754573686 -3.191498338701281 1088.956397 1068.730241
55.943754573686 -3.191498338701281 NNW 55.94403173754576 -3.1916131437309905 1088.956397 1067.480241
55.94403173754576 -3.1916131437309905 NW 55.94424386958011 -3.1918252757653462 1104.611604 1106.993668
55.94424386958011 -3.1918252757653462 NNW 55.94452103343987 -3.1919400807950558 1104.611604 1105.743668
55.94452103343987 -3.1919400807950558 NW 55.944733165474226 -3.1921522128294115 1104.611604 1104.493668
55.944733165474226 -3.1921522128294115 NNW 55.94501032933398 -3.192267017859121 1104.611604 1103.243668
55.94501032933398 -3.192267017859121 NW 55.94522246136834 -3.192479149893477 1104.611604 1101.993668
55.94522246136834 -3.192479149893477 E 55.94522246136834 -3.1921791498934766 1190.037780 1138.757466
55.94522246136834 -3.1921791498934766 E 55.94522246136834 -3.1918791498934764 1190.037780 1137.507466
55.94522246136834 -3.1918791498934764 E 55.94522246136834 -3.1915791498934762 1190.037780 1136.257466
55.94522246136834 -3.1915791498934762 E 55.94522246136834 -3.191279149893476 1190.037780 1135.007466
55.94522246136834 -3.191279149893476 ENE 55.94533726639805 -3.1910019860337226 1190.037780 1133.757466
55.94533726639805 -3.1910019860337226 E 55.94533726639805 -3.1907019860337225 1190.037780 1132.507466
55.94533726639805 -3.1907019860337225 ENE 55.94545207142776 -3.190424822173969 1190.037780 1131.257466
55.94545207142776 -3.190424822173969 E 55.94545207142776 -3.190124822173969 1190.037780 1130.007466
55.94545207142776 -3.190124822173969 ENE 55.94556687645747 -3.1898476583142155 1190.037780 1128.757466
55.94556687645747 -3.1898476583142155 E 55.94556687645747 -3.1895476583142153 1190.037780 1127.507466
55.94556687645747 -3.1895476583142153 ENE 55.94568168148718 -3.189270494454462 1190.037780 1126.257466
55.94568168148718 -3.189270494454462 E 55.94568168148718 -3.1889704944544617 1270.668268 1240.853943
55.94568168148718 -3.1889704944544617 ESE 55.94556687645747 -3.1886933305947083 1270.668268 1239.603943
55.94556687645747 -3.1886933305947083 SE 55.94535474442311 -3.1884811985603525 1292.561465 1339.342858
55.94535474442311 -3.1884811985603525 ESE 55.9452399393934 -3.188204034700599 1292.561465 1338.092858
55.9452399393934 -3.188204034700599 SE 55.94502780735905 -3.1879919026662433 1292.561465 1336.842858
55.94502780735905 -3.1879919026662433 ESE 55.944913002329336 -3.18771473880649 1292.561465 1335.592858
55.944913002329336 -3.18771473880649 SE 55.94470087029498 -3.187502606772134 1292.561465 1334.342858
55.94470087029498 -3.187502606772134 ESE 55.94458606526527 -3.1872254429123807 1292.561465 1333.092858
55.94458606526527 -3.1872254429123807 SE 55.944373933230914 -3.187013310878025 1292.561465 1331.842858
55.944373933230914 -3.187013310878025 ESE 55.9442591282012 -3.1867361470182716 1292.561465 1330.592858
55.9442591282012 -3.1867361470182716 E 55.9442591282012 -3.1864361470182714 1403.170434 1400.754370
55.9442591282012 -3.1864361470182714 E 55.9442591282012 -3.186136147018271 1398.723585 1295.255437
55.9442591282012 -3.186136147018271 ESE 55.94414432317149 -3.185858983158518 1398.723585 1294.005437
55.94414432317149 -3.185858983158518 E 55.94414432317149 -3.1855589831585176 1398.723585 1292.755437
55.94414432317149 -3.1855589831585176 ESE 55.94402951814178 -3.185281819298764 1398.723585 1291.505437
55.94402951814178 -3.185281819298764 E 55.94402951814178 -3.184981819298764 1398.723585 1290.255437
55.94402951814178 -3.184981819298764 ESE 55.94391471311207 -3.1847046554390106 1398.723585 1289.005437
55.94391471311207 -3.1847046554390106 E 55.94391471311207 -3.1844046554390104 1484.599382 1363.770153
55.94391471311207 -3.1844046554390104 W 55.94391471311207 -3.1847046554390106 1484.599382 1362.520153
55.94391471311207 -3.1847046554390106 W 55.94391471311207 -3.185004655439011 1484.599382 1361.270153
55.94391471311207 -3.185004655439011 W 55.94391471311207 -3.185304655439011 1484.599382 1360.020153
55.94391471311207 -3.185304655439011 W 55.94391471311207 -3.185604655439011 1484.599382 1358.770153
55.94391471311207 -3.185604655439011 W 55.94391471311207 -3.1859046554390114 1484.599382 1357.520153
55.94391471311207 -3.1859046554390114 W 55.94391471311207 -3.1862046554390115 1484.599382 1356.270153
55.94391471311207 -3.1862046554390115 W 55.94391471311207 -3.1865046554390117 1484.599382 1355.020153
55.94391471311207 -3.1865046554390117 W 55.94391471311207 -3.186804655439012 1484.599382 1353.770153
55.94391471311207 -3.186804655439012 W 55.94391471311207 -3.187104655439012 1484.599382 1352.520153
55.94391471311207 -3.187104655439012 W 55.94391471311207 -3.1874046554390123 1484.599382 1351.270153
55.94391471311207 -3.1874046554390123 W 55.94391471311207 -3.1877046554390125 1484.599382 1350.020153
55.94391471311207 -3.1877046554390125 W 55.94391471311207 -3.1880046554390127 1484.599382 1348.770153
55.94391471311207 -3.1880046554390127 W 55.94391471311207 -3.188304655439013 1484.599382 1347.520153
55.94391471311207 -3.188304655439013 W 55.94391471311207 -3.188604655439013 1484.599382 1346.270153
55.94391471311207 -3.188604655439013 WNW 55.94402951814178 -3.1888818192987665 1484.599382 1345.020153
55.94402951814178 -3.1888818192987665 W 55.94402951814178 -3.1891818192987667 1484.599382 1343.770153
55.94402951814178 -3.1891818192987667 WNW 55.94414432317149 -3.18945898315852 1484.599382 1342.520153
55.94414432317149 -3.18945898315852 W 55.94414432317149 -3.1897589831585202 1484.599382 1341.270153
55.94414432317149 -3.1897589831585202 WNW 55.9442591282012 -3.1900361470182736 1484.599382 1340.020153
55.9442591282012 -3.1900361470182736 W 55.9442591282012 -3.190336147018274 1484.599382 1338.770153
55.9442591282012 -3.190336147018274 WNW 55.944373933230914 -3.1906133108780272 1484.599382 1337.520153
55.944373933230914 -3.1906133108780272 W 55.944373933230914 -3.1909133108780274 1484.599382 1336.270153
55.944373933230914 -3.1909133108780274 WNW 55.944488738260624 -3.191190474737781 1484.599382 1335.020153
55.944488738260624 -3.191190474737781 W 55.944488738260624 -3.191490474737781 1484.599382 1333.770153
55.944488738260624 -3.191490474737781 WNW 55.944603543290334 -3.1917676385975344 1484.599382 1332.520153
55.944603543290334 -3.1917676385975344 ENE 55.944718348320045 -3.191490474737781 1573.758128 1434.060958
55.944718348320045 -3.191490474737781 ENE 55.944833153349755 -3.1912133108780276 1573.758128 1432.810958
55.944833153349755 -3.1912133108780276 ENE 55.944947958379466 -3.190936147018274 1573.758128 1431.560958
55.944947958379466 -3.190936147018274 ENE 55.945062763409176 -3.190658983158521 1573.758128 1430.310958
55.945062763409176 -3.190658983158521 ENE 55.945177568438886 -3.1903818192987674 1573.758128 1429.060958
55.945177568438886 -3.1903818192987674 ENE 55.9452923734686 -3.190104655439014 1573.758128 1427.810958
55.9452923734686 -3.190104655439014 E 55.9452923734686 -3.189804655439014 1573.758128 1426.560958
55.9452923734686 -3.189804655439014 ENE 55.94540717849831 -3.1895274915792604 1573.758128 1425.310958
55.94540717849831 -3.1895274915792604 E 55.94540717849831 -3.18922749157926 1573.758128 1424.060958
55.94540717849831 -3.18922749157926 ENE 55.94552198352802 -3.188950327719507 1573.758128 1422.810958
55.94552198352802 -3.188950327719507 E 55.94552198352802 -3.1886503277195066 1573.758128 1421.560958
55.94552198352802 -3.1886503277195066 ENE 55.94563678855773 -3.1883731638597532 1573.758128 1420.310958
55.94563678855773 -3.1883731638597532 E 55.94563678855773 -3.188073163859753 1573.758128 1419.060958
55.94563678855773 -3.188073163859753 ENE 55.94575159358744 -3.1877959999999996 1573.758128 1417.810958
55.94575159358744 -3.1877959999999996 ESE 55.94563678855773 -3.1875188361402462 1584.592111 1499.130049
55.94563678855773 -3.1875188361402462 ESE 55.94552198352802 -3.187241672280493 1584.592111 1497.880049
55.94552198352802 -3.187241672280493 E 55.94552198352802 -3.1869416722804926 1584.592111 1496.630049
55.94552198352802 -3.1869416722804926 ESE 55.94540717849831 -3.1866645084207392 1584.592111 1495.380049
55.94540717849831 -3.1866645084207392 E 55.94540717849831 -3.186364508420739 1584.592111 1494.130049
55.94540717849831 -3.186364508420739 ESE 55.9452923734686 -3.1860873445609856 1584.592111 1492.880049
55.9452923734686 -3.1860873445609856 E 55.9452923734686 -3.1857873445609854 1584.592111 1491.630049
55.9452923734686 -3.1857873445609854 ESE 55.945177568438886 -3.185510180701232 1584.592111 1490.380049
55.945177568438886 -3.185510180701232 E 55.945177568438886 -3.185210180701232 1584.592111 1489.130049
55.945177568438886 -3.185210180701232 ESE 55.945062763409176 -3.1849330168414784 1534.484509 1369.350395
55.945062763409176 -3.1849330168414784 E 55.945062763409176 -3.1846330168414783 1567.277371 1455.210398
55.945062763409176 -3.1846330168414783 W 55.945062763409176 -3.1849330168414784 1567.277371 1453.960398
55.945062763409176 -3.1849330168414784 SSW 55.94478559954942 -3.185047821871188 1567.277371 1452.710398
55.94478559954942 -3.185047821871188 ESE 55.94467079451971 -3.1847706580114346 1567.277371 1451.460398
55.94467079451971 -3.1847706580114346 NNW 55.944947958379466 -3.184885463041144 1567.277371 1450.210398
55.944947958379466 -3.184885463041144 E 55.944947958379466 -3.184585463041144 1567.277371 1448.960398
55.944947958379466 -3.184585463041144 NNE 55.94522512223922 -3.1844706580114344 1567.277371 1447.710398
55.94522512223922 -3.1844706580114344 W 55.94522512223922 -3.1847706580114346 1567.277371 1446.460398
55.94522512223922 -3.1847706580114346 S 55.94492512223922 -3.1847706580114346 1567.277371 1445.210398
55.94492512223922 -3.1847706580114346 NNE 55.945202286098976 -3.184655852981725 1567.277371 1443.960398
55.945202286098976 -3.184655852981725 WNW 55.945317091128686 -3.1849330168414784 1567.277371 1442.710398
55.945317091128686 -3.1849330168414784 WNW 55.9454318961584 -3.185210180701232 1567.277371 1441.460398
