55.944425 -3.188396 ENE 55.94453980502971 -3.1881188361402466 0.000000 248.750000
55.94453980502971 -3.1881188361402466 ENE 55.94465461005942 -3.187841672280493 0.000000 247.500000
55.94465461005942 -3.187841672280493 ENE 55.944769415089134 -3.18756450842074 0.000000 246.250000
55.944769415089134 -3.18756450842074 ENE 55.944884220118844 -3.1872873445609864 0.000000 245.000000
55.944884220118844 -3.1872873445609864 ENE 55.944999025148554 -3.187010180701233 49.270928 256.824749
55.944999025148554 -3.187010180701233 ENE 55.945113830178265 -3.1867330168414796 0.000000 131.704170
55.945113830178265 -3.1867330168414796 ENE 55.945228635207975 -3.186455852981726 0.000000 130.454170
55.945228635207975 -3.186455852981726 ENE 55.945343440237686 -3.1861786891219728 0.000000 129.204170
55.945343440237686 -3.1861786891219728 ENE 55.945458245267396 -3.1859015252622194 0.000000 127.954170
55.945458245267396 -3.1859015252622194 S 55.94515824526739 -3.1859015252622194 113.887452 161.557950
55.94515824526739 -3.1859015252622194 S 55.94485824526739 -3.1859015252622194 220.206845 177.434411
55.94485824526739 -3.1859015252622194 S 55.94455824526739 -3.1859015252622194 235.925669 269.476424
55.94455824526739 -3.1859015252622194 SSE 55.94428108140763 -3.18578672023251 235.925669 268.226424
55.94428108140763 -3.18578672023251 S 55.94398108140763 -3.18578672023251 235.925669 266.976424
55.94398108140763 -3.18578672023251 SSE 55.94370391754787 -3.1856719152028004 235.925669 265.726424
55.94370391754787 -3.1856719152028004 S 55.94340391754787 -3.1856719152028004 313.140754 273.632146
55.94340391754787 -3.1856719152028004 SSE 55.94312675368811 -3.185557110173091 313.140754 272.382146
55.94312675368811 -3.185557110173091 NW 55.94333888572247 -3.1857692422074466 348.280399 331.473396
55.94333888572247 -3.1857692422074466 NW 55.943551017756825 -3.1859813742418024 348.280399 330.223396
55.943551017756825 -3.1859813742418024 NW 55.94376314979118 -3.186193506276158 348.280399 328.973396
55.94376314979118 -3.186193506276158 NW 55.94397528182554 -3.186405638310514 379.942102 407.294762
55.94397528182554 -3.186405638310514 NW 55.94418741385989 -3.1866177703448697 379.942102 406.044762
55.94418741385989 -3.1866177703448697 WNW 55.944302218889604 -3.186894934204623 490.551071 476.206273
55.944302218889604 -3.186894934204623 NW 55.94451435092396 -3.187107066238979 490.551071 474.956273
55.94451435092396 -3.187107066238979 WNW 55.94462915595367 -3.1873842300987323 490.551071 473.706273
55.94462915595367 -3.1873842300987323 NW 55.94484128798803 -3.187596362133088 490.551071 472.456273
55.94484128798803 -3.187596362133088 WNW 55.94495609301774 -3.1878735259928415 490.551071 471.206273
55.94495609301774 -3.1878735259928415 NW 55.94516822505209 -3.1880856580271972 490.551071 469.956273
55.94516822505209 -3.1880856580271972 WNW 55.945283030081804 -3.1883628218869506 490.551071 468.706273
55.945283030081804 -3.1883628218869506 NW 55.94549516211616 -3.1885749539213064 490.551071 467.456273
55.94549516211616 -3.1885749539213064 WNW 55.94560996714587 -3.18885211778106 490.551071 466.206273
55.94560996714587 -3.18885211778106 SW 55.945397835111514 -3.1890642498154156 512.444268 565.945188
55.945397835111514 -3.1890642498154156 SW 55.94518570307716 -3.1892763818497714 512.444268 564.695188
55.94518570307716 -3.1892763818497714 SW 55.9449735710428 -3.189488513884127 512.444268 563.445188
55.9449735710428 -3.189488513884127 SW 55.944761439008445 -3.189700645918483 512.444268 562.195188
55.944761439008445 -3.189700645918483 WSW 55.944646633978735 -3.1899778097782363 608.526343 595.530274
55.944646633978735 -3.1899778097782363 E 55.944646633978735 -3.189677809778236 619.303845 656.022496
55.944646633978735 -3.189677809778236 E 55.944646633978735 -3.189377809778236 619.303845 654.772496
55.944646633978735 -3.189377809778236 E 55.944646633978735 -3.1890778097782357 619.303845 653.522496
55.944646633978735 -3.1890778097782357 E 55.944646633978735 -3.1887778097782356 619.303845 652.272496
55.944646633978735 -3.1887778097782356 E 55.944646633978735 -3.1884778097782354 619.303845 651.022496
55.944646633978735 -3.1884778097782354 E 55.944646633978735 -3.188177809778235 619.303845 649.772496
55.944646633978735 -3.188177809778235 E 55.944646633978735 -3.187877809778235 619.303845 648.522496
55.944646633978735 -3.187877809778235 E 55.944646633978735 -3.187577809778235 619.303845 647.272496
55.944646633978735 -3.187577809778235 E 55.944646633978735 -3.1872778097782346 619.303845 646.022496
55.944646633978735 -3.1872778097782346 E 55.944646633978735 -3.1869778097782344 619.303845 644.772496
55.944646633978735 -3.1869778097782344 E 55.944646633978735 -3.1866778097782342 619.303845 643.522496
55.944646633978735 -3.1866778097782342 ENE 55.944761439008445 -3.186400645918481 619.303845 642.272496
55.944761439008445 -3.186400645918481 E 55.944761439008445 -3.1861006459184806 619.303845 641.022496
55.944761439008445 -3.1861006459184806 ENE 55.944876244038156 -3.1858234820587272 619.303845 639.772496
55.944876244038156 -3.1858234820587272 E 55.944876244038156 -3.185523482058727 619.303845 638.522496
55.944876244038156 -3.185523482058727 ENE 55.944991049067866 -3.1852463181989736 619.303845 637.272496
55.944991049067866 -3.1852463181989736 E 55.944991049067866 -3.1849463181989734 619.303845 636.022496
55.944991049067866 -3.1849463181989734 W 55.944991049067866 -3.1852463181989736 652.096706 721.882499
55.944991049067866 -3.1852463181989736 W 55.944991049067866 -3.185546318198974 652.096706 720.632499
55.944991049067866 -3.185546318198974 W 55.944991049067866 -3.185846318198974 652.096706 719.382499
55.944991049067866 -3.185846318198974 WNW 55.94510585409758 -3.1861234820587274 652.096706 718.132499
55.94510585409758 -3.1861234820587274 W 55.94510585409758 -3.1864234820587276 652.096706 716.882499
55.94510585409758 -3.1864234820587276 WNW 55.94522065912729 -3.186700645918481 652.096706 715.632499
55.94522065912729 -3.186700645918481 W 55.94522065912729 -3.187000645918481 652.096706 714.382499
55.94522065912729 -3.187000645918481 WNW 55.945335464157 -3.1872778097782346 597.354348 713.132499
55.945335464157 -3.1872778097782346 W 55.945335464157 -3.187577809778235 597.354348 711.882499
55.945335464157 -3.187577809778235 WNW 55.94545026918671 -3.187854973637988 597.354348 710.632499
55.94545026918671 -3.187854973637988 W 55.94545026918671 -3.1881549736379884 597.354348 709.382499
55.94545026918671 -3.1881549736379884 WNW 55.94556507421642 -3.188432137497742 597.354348 708.132499
55.94556507421642 -3.188432137497742 W 55.94556507421642 -3.188732137497742 597.354348 706.882499
55.94556507421642 -3.188732137497742 WNW 55.94567987924613 -3.1890093013574954 597.354348 705.632499
55.94567987924613 -3.1890093013574954 WSW 55.94556507421642 -3.189286465217249 677.984836 820.228977
55.94556507421642 -3.189286465217249 WSW 55.94545026918671 -3.189563629077002 677.984836 818.978977
55.94545026918671 -3.189563629077002 WSW 55.945335464157 -3.1898407929367556 677.984836 817.728977
55.945335464157 -3.1898407929367556 W 55.945335464157 -3.190140792936756 677.984836 816.478977
55.945335464157 -3.190140792936756 SW 55.94512333212264 -3.1903529249711116 793.757217 901.286172
55.94512333212264 -3.1903529249711116 SW 55.944911200088285 -3.1905650570054673 793.757217 900.036172
55.944911200088285 -3.1905650570054673 SW 55.94469906805393 -3.190777189039823 793.757217 898.786172
55.94469906805393 -3.190777189039823 SW 55.94448693601957 -3.190989321074179 793.757217 897.536172
55.94448693601957 -3.190989321074179 SW 55.944274803985216 -3.1912014531085346 793.757217 896.286172
55.944274803985216 -3.1912014531085346 SSW 55.94399764012546 -3.191316258138244 793.757217 895.036172
55.94399764012546 -3.191316258138244 NNW 55.944274803985216 -3.1914310631679537 838.071257 899.399805
55.944274803985216 -3.1914310631679537 E 55.944274803985216 -3.1911310631679535 930.166111 903.244969
55.944274803985216 -3.1911310631679535 E 55.944274803985216 -3.1908310631679533 930.166111 901.994969
55.944274803985216 -3.1908310631679533 E 55.944274803985216 -3.190531063167953 930.166111 900.744969
55.944274803985216 -3.190531063167953 E 55.944274803985216 -3.190231063167953 930.166111 899.494969
55.944274803985216 -3.190231063167953 E 55.944274803985216 -3.1899310631679527 930.166111 898.244969
55.944274803985216 -3.1899310631679527 E 55.944274803985216 -3.1896310631679525 930.166111 896.994969
55.944274803985216 -3.1896310631679525 E 55.944274803985216 -3.1893310631679523 930.166111 895.744969
55.944274803985216 -3.1893310631679523 ESE 55.944159998955506 -3.189053899308199 930.166111 894.494969
55.944159998955506 -3.189053899308199 E 55.944159998955506 -3.1887538993081987 930.166111 893.244969
55.944159998955506 -3.1887538993081987 ESE 55.944045193925795 -3.1884767354484453 906.338388 868.099034
55.944045193925795 -3.1884767354484453 E 55.944045193925795 -3.188176735448445 906.338388 866.849034
55.944045193925795 -3.188176735448445 W 55.944045193925795 -3.1884767354484453 979.707775 942.927871
55.944045193925795 -3.1884767354484453 W 55.944045193925795 -3.1887767354484455 979.707775 941.677871
55.944045193925795 -3.1887767354484455 W 55.944045193925795 -3.1890767354484457 979.707775 940.427871
55.944045193925795 -3.1890767354484457 W 55.944045193925795 -3.189376735448446 979.707775 939.177871
55.944045193925795 -3.189376735448446 WNW 55.944159998955506 -3.1896538993081993 979.707775 937.927871
55.944159998955506 -3.1896538993081993 W 55.944159998955506 -3.1899538993081995 979.707775 936.677871
55.944159998955506 -3.1899538993081995 WNW 55.944274803985216 -3.190231063167953 979.707775 935.427871
55.944274803985216 -3.190231063167953 W 55.944274803985216 -3.190531063167953 979.707775 934.177871
55.944274803985216 -3.190531063167953 WNW 55.94438960901493 -3.1908082270277065 979.707775 932.927871
55.94438960901493 -3.1908082270277065 W 55.94438960901493 -3.1911082270277067 979.707775 931.677871
55.94438960901493 -3.1911082270277067 WNW 55.94450441404464 -3.19138539088746 979.707775 930.427871
55.94450441404464 -3.19138539088746 S 55.944204414044634 -3.19138539088746 979.707775 929.177871
55.944204414044634 -3.19138539088746 SSE 55.94392725018488 -3.1912705858577506 979.707775 927.927871
55.94392725018488 -3.1912705858577506 S 55.943627250184875 -3.1912705858577506 979.707775 926.677871
55.943627250184875 -3.1912705858577506 SSE 55.94335008632512 -3.191155780828041 1041.405287 946.792415
55.94335008632512 -3.191155780828041 S 55.943050086325115 -3.191155780828041 972.952311 941.592760
55.943050086325115 -3.191155780828041 SSE 55.94277292246536 -3.1910409757983316 972.952311 940.342760
55.94277292246536 -3.1910409757983316 E 55.94277292246536 -3.1907409757983314 1050.607728 1022.584639
55.94277292246536 -3.1907409757983314 E 55.94277292246536 -3.190440975798331 1050.607728 1021.334639
55.94277292246536 -3.190440975798331 E 55.94277292246536 -3.190140975798331 1050.607728 1020.084639
55.94277292246536 -3.190140975798331 ENE 55.94288772749507 -3.1898638119385776 1050.607728 1018.834639
55.94288772749507 -3.1898638119385776 E 55.94288772749507 -3.1895638119385774 1005.212268 1002.888017
55.94288772749507 -3.1895638119385774 ENE 55.94300253252478 -3.189286648078824 1005.212268 1001.638017
55.94300253252478 -3.189286648078824 E 55.94300253252478 -3.188986648078824 1005.212268 1000.388017
55.94300253252478 -3.188986648078824 ENE 55.94311733755449 -3.1887094842190704 1005.212268 999.138017
55.94311733755449 -3.1887094842190704 E 55.94311733755449 -3.1884094842190702 1005.212268 997.888017
55.94311733755449 -3.1884094842190702 ENE 55.9432321425842 -3.188132320359317 1005.212268 996.638017
55.9432321425842 -3.188132320359317 E 55.9432321425842 -3.1878323203593166 1005.212268 995.388017
55.9432321425842 -3.1878323203593166 ENE 55.94334694761391 -3.1875551564995632 1005.212268 994.138017
55.94334694761391 -3.1875551564995632 E 55.94334694761391 -3.187255156499563 1005.212268 992.888017
55.94334694761391 -3.187255156499563 ENE 55.94346175264362 -3.1869779926398096 1005.212268 991.638017
55.94346175264362 -3.1869779926398096 E 55.94346175264362 -3.1866779926398094 1000.385664 931.344744
55.94346175264362 -3.1866779926398094 ENE 55.94357655767333 -3.186400828780056 1000.385664 930.094744
55.94357655767333 -3.186400828780056 E 55.94357655767333 -3.186100828780056 1000.385664 928.844744
55.94357655767333 -3.186100828780056 ENE 55.94369136270304 -3.1858236649203024 1000.385664 927.594744
55.94369136270304 -3.1858236649203024 E 55.94369136270304 -3.1855236649203023 1000.385664 926.344744
55.94369136270304 -3.1855236649203023 ENE 55.94380616773275 -3.185246501060549 1000.385664 925.094744
55.94380616773275 -3.185246501060549 E 55.94380616773275 -3.1849465010605487 1000.385664 923.844744
55.94380616773275 -3.1849465010605487 ENE 55.94392097276246 -3.1846693372007953 1000.385664 922.594744
55.94392097276246 -3.1846693372007953 N 55.944220972762466 -3.1846693372007953 1086.261461 997.359460
55.944220972762466 -3.1846693372007953 N 55.94452097276247 -3.1846693372007953 1086.261461 996.109460
55.94452097276247 -3.1846693372007953 NNE 55.944798136622225 -3.1845545321710858 1086.261461 994.859460
55.944798136622225 -3.1845545321710858 N 55.94509813662223 -3.1845545321710858 1086.261461 993.609460
55.94509813662223 -3.1845545321710858 NNE 55.945375300481984 -3.1844397271413762 1086.261461 992.359460
55.945375300481984 -3.1844397271413762 N 55.94567530048199 -3.1844397271413762 1086.261461 991.109460
55.94567530048199 -3.1844397271413762 W 55.94567530048199 -3.1847397271413764 1155.719975 1105.943856
55.94567530048199 -3.1847397271413764 W 55.94567530048199 -3.1850397271413766 1155.719975 1104.693856
55.94567530048199 -3.1850397271413766 W 55.94567530048199 -3.185339727141377 1155.719975 1103.443856
55.94567530048199 -3.185339727141377 W 55.94567530048199 -3.185639727141377 1155.719975 1102.193856
55.94567530048199 -3.185639727141377 W 55.94567530048199 -3.185939727141377 1155.719975 1100.943856
55.94567530048199 -3.185939727141377 W 55.94567530048199 -3.1862397271413774 1155.719975 1099.693856
55.94567530048199 -3.1862397271413774 W 55.94567530048199 -3.1865397271413776 1155.484247 996.618323
55.94567530048199 -3.1865397271413776 W 55.94567530048199 -3.1868397271413778 1064.826486 973.332624
55.94567530048199 -3.1868397271413778 W 55.94567530048199 -3.187139727141378 1064.826486 972.082624
55.94567530048199 -3.187139727141378 W 55.94567530048199 -3.187439727141378 1064.826486 970.832624
55.94567530048199 -3.187439727141378 W 55.94567530048199 -3.1877397271413783 1075.660469 1052.151715
55.94567530048199 -3.1877397271413783 W 55.94567530048199 -3.1880397271413785 1075.660469 1050.901715
55.94567530048199 -3.1880397271413785 W 55.94567530048199 -3.1883397271413787 1075.660469 1049.651715
55.94567530048199 -3.1883397271413787 W 55.94567530048199 -3.188639727141379 1075.660469 1048.401715
55.94567530048199 -3.188639727141379 W 55.94567530048199 -3.188939727141379 1075.660469 1047.151715
55.94567530048199 -3.188939727141379 W 55.94567530048199 -3.1892397271413793 1075.660469 1045.901715
55.94567530048199 -3.1892397271413793 W 55.94567530048199 -3.1895397271413795 1075.660469 1044.651715
55.94567530048199 -3.1895397271413795 W 55.94567530048199 -3.1898397271413796 1075.660469 1043.401715
55.94567530048199 -3.1898397271413796 W 55.94567530048199 -3.19013972714138 1075.660469 1042.151715
55.94567530048199 -3.19013972714138 W 55.94567530048199 -3.19043972714138 951.892278 966.273857
55.94567530048199 -3.19043972714138 W 55.94567530048199 -3.19073972714138 951.892278 965.023857
55.94567530048199 -3.19073972714138 WSW 55.94556049545228 -3.1910168910011336 951.892278 963.773857
55.94556049545228 -3.1910168910011336 W 55.94556049545228 -3.191316891001134 951.892278 962.523857
55.94556049545228 -3.191316891001134 WSW 55.94544569042257 -3.191594054860887 951.892278 961.273857
55.94544569042257 -3.191594054860887 W 55.94544569042257 -3.1918940548608874 951.892278 960.023857
55.94544569042257 -3.1918940548608874 WSW 55.945330885392856 -3.192171218720641 840.940574 927.748466
55.945330885392856 -3.192171218720641 W 55.945330885392856 -3.192471218720641 840.940574 926.498466
55.945330885392856 -3.192471218720641 ESE 55.945216080363146 -3.1921940548608876 926.366750 963.262263
55.945216080363146 -3.1921940548608876 ESE 55.945101275333435 -3.191916891001134 926.366750 962.012263
55.945101275333435 -3.191916891001134 ESE 55.944986470303725 -3.1916397271413808 926.366750 960.762263
55.944986470303725 -3.1916397271413808 ESE 55.944871665274015 -3.1913625632816274 926.366750 959.512263
55.944871665274015 -3.1913625632816274 ESE 55.944756860244304 -3.191085399421874 926.366750 958.262263
55.944756860244304 -3.191085399421874 ESE 55.944642055214594 -3.1908082355621206 926.366750 957.012263
55.944642055214594 -3.1908082355621206 ESE 55.94452725018488 -3.190531071702367 926.366750 955.762263
55.94452725018488 -3.190531071702367 ESE 55.94441244515517 -3.1902539078426138 926.366750 954.512263
55.94441244515517 -3.1902539078426138 ESE 55.94429764012546 -3.1899767439828604 987.164476 989.780372
55.94429764012546 -3.1899767439828604 ESE 55.94418283509575 -3.189699580123107 987.164476 988.530372
55.94418283509575 -3.189699580123107 ESE 55.94406803006604 -3.1894224162633535 987.164476 987.280372
55.94406803006604 -3.1894224162633535 ESE 55.94395322503633 -3.1891452524036 987.164476 986.030372
55.94395322503633 -3.1891452524036 ESE 55.94383842000662 -3.1888680885438467 987.164476 984.780372
55.94383842000662 -3.1888680885438467 ESE 55.94372361497691 -3.1885909246840933 987.164476 983.530372
55.94372361497691 -3.1885909246840933 SE 55.943511482942554 -3.1883787926497376 987.164476 982.280372
55.943511482942554 -3.1883787926497376 ESE 55.943396677912844 -3.188101628789984 987.164476 981.030372
55.943396677912844 -3.188101628789984 SE 55.94318454587849 -3.1878894967556284 987.164476 979.780372
55.94318454587849 -3.1878894967556284 ESE 55.94306974084878 -3.187612332895875 987.164476 978.530372
55.94306974084878 -3.187612332895875 SE 55.94285760881442 -3.187400200861519 987.164476 977.280372
55.94285760881442 -3.187400200861519 ESE 55.94274280378471 -3.187123037001766 987.164476 976.030372
55.94274280378471 -3.187123037001766 WNW 55.94285760881442 -3.187400200861519 1011.191131 1091.877097
55.94285760881442 -3.187400200861519 WNW 55.94297241384413 -3.1876773647212726 1011.191131 1090.627097
55.94297241384413 -3.1876773647212726 WNW 55.94308721887384 -3.187954528581026 1011.191131 1089.377097
55.94308721887384 -3.187954528581026 WNW 55.94320202390355 -3.1882316924407794 1011.191131 1088.127097
55.94320202390355 -3.1882316924407794 WNW 55.94331682893326 -3.188508856300533 1011.191131 1086.877097
55.94331682893326 -3.188508856300533 WNW 55.94343163396297 -3.1887860201602862 1011.191131 1085.627097
55.94343163396297 -3.1887860201602862 WNW 55.94354643899268 -3.1890631840200396 1011.191131 1084.377097
55.94354643899268 -3.1890631840200396 WNW 55.943661244022394 -3.189340347879793 1067.829691 1166.789139
55.943661244022394 -3.189340347879793 WNW 55.943776049052104 -3.1896175117395464 1067.829691 1165.539139
55.943776049052104 -3.1896175117395464 WNW 55.943890854081815 -3.1898946755993 1067.829691 1164.289139
55.943890854081815 -3.1898946755993 WNW 55.944005659111525 -3.1901718394590532 1067.829691 1163.039139
55.944005659111525 -3.1901718394590532 WNW 55.944120464141236 -3.1904490033188067 1067.829691 1161.789139
55.944120464141236 -3.1904490033188067 WNW 55.944235269170946 -3.19072616717856 1090.123805 1171.597703
55.944235269170946 -3.19072616717856 WNW 55.944350074200656 -3.1910033310383135 1090.123805 1170.347703
55.944350074200656 -3.1910033310383135 WNW 55.94446487923037 -3.191280494898067 1090.123805 1169.097703
55.94446487923037 -3.191280494898067 W 55.94446487923037 -3.191580494898067 1090.123805 1167.847703
55.94446487923037 -3.191580494898067 SE 55.94425274719601 -3.1913683628637113 1090.123805 1166.597703
55.94425274719601 -3.1913683628637113 SE 55.944040615161654 -3.1911562308293555 1090.123805 1165.347703
55.944040615161654 -3.1911562308293555 SE 55.9438284831273 -3.1909440987949997 1090.123805 1164.097703
55.9438284831273 -3.1909440987949997 SE 55.94361635109294 -3.190731966760644 1090.123805 1162.847703
55.94361635109294 -3.190731966760644 SE 55.943404219058586 -3.190519834726288 1090.123805 1161.597703
55.943404219058586 -3.190519834726288 SE 55.94319208702423 -3.1903077026919324 1090.123805 1160.347703
55.94319208702423 -3.1903077026919324 SE 55.94297995498987 -3.1900955706575767 1090.123805 1159.097703
55.94297995498987 -3.1900955706575767 SE 55.94276782295552 -3.189883438623221 1090.123805 1157.847703
55.94276782295552 -3.189883438623221 NNW 55.94304498681527 -3.1899982436529304 1139.562237 1226.430426
55.94304498681527 -3.1899982436529304 NNW 55.94332215067503 -3.19011304868264 1139.562237 1225.180426
55.94332215067503 -3.19011304868264 NNW 55.94359931453479 -3.1902278537123494 1139.562237 1223.930426
55.94359931453479 -3.1902278537123494 NNW 55.94387647839454 -3.190342658742059 1139.562237 1222.680426
55.94387647839454 -3.190342658742059 NNW 55.9441536422543 -3.1904574637717684 1139.562237 1221.430426
55.9441536422543 -3.1904574637717684 NNW 55.944430806114056 -3.190572268801478 1139.562237 1220.180426
55.944430806114056 -3.190572268801478 NW 55.94464293814841 -3.1907844008358337 1139.562237 1218.930426
55.94464293814841 -3.1907844008358337 NNW 55.94492010200817 -3.190899205865543 1139.562237 1217.680426
55.94492010200817 -3.190899205865543 NW 55.945132234042525 -3.191111337899899 1139.562237 1216.430426
55.945132234042525 -3.191111337899899 SW 55.94492010200817 -3.1913234699342548 1203.492164 1333.060035
55.94492010200817 -3.1913234699342548 SW 55.94470796997381 -3.1915356019686105 1203.492164 1331.810035
55.94470796997381 -3.1915356019686105 SSW 55.944430806114056 -3.19165040699832 1292.650910 1433.350840
55.944430806114056 -3.19165040699832 S 55.94413080611405 -3.19165040699832 1292.650910 1432.100840
55.94413080611405 -3.19165040699832 SW 55.9439186740797 -3.191862539032676 1308.306117 1471.614267
55.9439186740797 -3.191862539032676 NNW 55.94419583793945 -3.1919773440623853 1308.306117 1470.364267
55.94419583793945 -3.1919773440623853 WSW 55.94408103290974 -3.1922545079221387 1308.306117 1469.114267
55.94408103290974 -3.1922545079221387 NNE 55.9443581967695 -3.192139702892429 1308.306117 1467.864267
55.9443581967695 -3.192139702892429 N 55.9446581967695 -3.192139702892429 1308.306117 1466.614267
55.9446581967695 -3.192139702892429 W 55.9446581967695 -3.1924397028924294 1308.306117 1465.364267
55.9446581967695 -3.1924397028924294 NW 55.94487032880386 -3.192651834926785 1308.306117 1464.114267
55.94487032880386 -3.192651834926785 NNW 55.945147492663615 -3.1927666399564947 1308.306117 1462.864267
55.945147492663615 -3.1927666399564947 ESE 55.945032687633905 -3.1924894760967413 1308.306117 1461.614267
55.945032687633905 -3.1924894760967413 NW 55.94524481966826 -3.192701608131097 1308.306117 1460.364267
55.94524481966826 -3.192701608131097 E 55.94524481966826 -3.192401608131097 1308.306117 1459.114267
55.94524481966826 -3.192401608131097 SSW 55.944967655808505 -3.1925164131608064 1308.306117 1457.864267
55.944967655808505 -3.1925164131608064 E 55.944967655808505 -3.192216413160806 1308.306117 1456.614267
55.944967655808505 -3.192216413160806 SSW 55.94469049194875 -3.1923312181905157 1308.306117 1455.364267
55.94469049194875 -3.1923312181905157 SSE 55.94441332808899 -3.192216413160806 1308.306117 1454.114267
55.94441332808899 -3.192216413160806 SE 55.944201196054635 -3.1920042811264504 1308.306117 1452.864267
55.944201196054635 -3.1920042811264504 NW 55.94441332808899 -3.192216413160806 1308.306117 1451.614267
55.94441332808899 -3.192216413160806 ESE 55.94429852305928 -3.1919392493010528 1308.306117 1450.364267
55.94429852305928 -3.1919392493010528 SE 55.944086391024925 -3.191727117266697 1308.306117 1449.114267
55.944086391024925 -3.191727117266697 SSW 55.94380922716517 -3.1918419222964065 1308.306117 1447.864267
55.94380922716517 -3.1918419222964065 NE 55.944021359199525 -3.1916297902620507 1308.306117 1446.614267
55.944021359199525 -3.1916297902620507 WNW 55.944136164229235 -3.191906954121804 1308.306117 1445.364267
55.944136164229235 -3.191906954121804 S 55.94383616422923 -3.191906954121804 1308.306117 1444.114267
55.94383616422923 -3.191906954121804 NNE 55.94411332808899 -3.1917921490920946 1308.306117 1442.864267
55.94411332808899 -3.1917921490920946 ENE 55.9442281331187 -3.1915149852323412 1308.306117 1441.614267
55.9442281331187 -3.1915149852323412 NE 55.944440265153055 -3.1913028531979855 1308.306117 1440.364267
55.944440265153055 -3.1913028531979855 NW 55.94465239718741 -3.1915149852323412 1308.306117 1439.114267
55.94465239718741 -3.1915149852323412 WNW 55.94476720221712 -3.1917921490920946 1308.306117 1437.864267
55.94476720221712 -3.1917921490920946 WSW 55.94465239718741 -3.192069312951848 1308.306117 1436.614267
55.94465239718741 -3.192069312951848 W 55.94465239718741 -3.1923693129518482 1308.306117 1435.364267
55.94465239718741 -3.1923693129518482 W 55.94465239718741 -3.1926693129518484 1308.306117 1434.114267
55.94465239718741 -3.1926693129518484 WNW 55.94476720221712 -3.192946476811602 1308.306117 1432.864267
