55.944425 -3.188396 ENE 55.94453980502971 -3.1881188361402466 0.000000 248.750000
55.94453980502971 -3.1881188361402466 ENE 55.94465461005942 -3.187841672280493 0.000000 247.500000
55.94465461005942 -3.187841672280493 ENE 55.944769415089134 -3.18756450842074 0.000000 246.250000
55.944769415089134 -3.18756450842074 ENE 55.944884220118844 -3.1872873445609864 0.000000 245.000000
55.944884220118844 -3.1872873445609864 ENE 55.944999025148554 -3.187010180701233 49.270928 256.824749
55.944999025148554 -3.187010180701233 ENE 55.945113830178265 -3.1867330168414796 0.000000 131.704170
55.945113830178265 -3.1867330168414796 ENE 55.945228635207975 -3.186455852981726 0.000000 130.454170
55.945228635207975 -3.186455852981726 ENE 55.945343440237686 -3.1861786891219728 0.000000 129.204170
55.945343440237686 -3.1861786891219728 ENE 55.945458245267396 -3.1859015252622194 0.000000 127.954170
55.945458245267396 -3.1859015252622194 S 55.94515824526739 -3.1859015252622194 113.887452 161.557950
55.94515824526739 -3.1859015252622194 S 55.94485824526739 -3.1859015252622194 220.206845 177.434411
55.94485824526739 -3.1859015252622194 S 55.94455824526739 -3.1859015252622194 235.925669 269.476424
55.94455824526739 -3.1859015252622194 SSE 55.94428108140763 -3.18578672023251 235.925669 268.226424
55.94428108140763 -3.18578672023251 S 55.94398108140763 -3.18578672023251 235.925669 266.976424
55.94398108140763 -3.18578672023251 SSE 55.94370391754787 -3.1856719152028004 235.925669 265.726424
55.94370391754787 -3.1856719152028004 S 55.94340391754787 -3.1856719152028004 313.140754 273.632146
55.94340391754787 -3.1856719152028004 SSE 55.94312675368811 -3.185557110173091 313.140754 272.382146
55.94312675368811 -3.185557110173091 W 55.94312675368811 -3.185857110173091 348.280399 331.473396
55.94312675368811 -3.185857110173091 W 55.94312675368811 -3.1861571101730912 348.280399 330.223396
55.94312675368811 -3.1861571101730912 W 55.94312675368811 -3.1864571101730914 348.280399 328.973396
55.94312675368811 -3.1864571101730914 W 55.94312675368811 -3.1867571101730916 348.280399 327.723396
55.94312675368811 -3.1867571101730916 W 55.94312675368811 -3.187057110173092 348.280399 326.473396
55.94312675368811 -3.187057110173092 W 55.94312675368811 -3.187357110173092 348.280399 325.223396
55.94312675368811 -3.187357110173092 W 55.94312675368811 -3.187657110173092 348.280399 323.973396
55.94312675368811 -3.187657110173092 WNW 55.94324155871782 -3.1879342740328456 348.280399 322.723396
55.94324155871782 -3.1879342740328456 W 55.94324155871782 -3.1882342740328458 348.280399 321.473396
55.94324155871782 -3.1882342740328458 WNW 55.94335636374753 -3.188511437892599 348.280399 320.223396
55.94335636374753 -3.188511437892599 W 55.94335636374753 -3.1888114378925994 348.280399 318.973396
55.94335636374753 -3.1888114378925994 WNW 55.94347116877724 -3.1890886017523528 348.280399 317.723396
55.94347116877724 -3.1890886017523528 WSW 55.94335636374753 -3.189365765612106 404.918959 400.135438
55.94335636374753 -3.189365765612106 WSW 55.94324155871782 -3.1896429294718596 404.918959 398.885438
55.94324155871782 -3.1896429294718596 WSW 55.94312675368811 -3.189920093331613 404.918959 397.635438
55.94312675368811 -3.189920093331613 WSW 55.9430119486584 -3.1901972571913664 359.523499 381.688816
55.9430119486584 -3.1901972571913664 WSW 55.94289714362869 -3.19047442105112 359.523499 380.438816
55.94289714362869 -3.19047442105112 WSW 55.94278233859898 -3.190751584910873 359.523499 379.188816
55.94278233859898 -3.190751584910873 W 55.94278233859898 -3.1910515849108734 359.523499 377.938816
55.94278233859898 -3.1910515849108734 NE 55.94299447063334 -3.1908394528765176 437.178916 460.180696
55.94299447063334 -3.1908394528765176 NE 55.94320660266769 -3.190627320842162 437.178916 458.930696
55.94320660266769 -3.190627320842162 NNE 55.94348376652745 -3.1905125158124523 437.178916 457.680696
55.94348376652745 -3.1905125158124523 NE 55.943695898561806 -3.1903003837780965 437.178916 456.430696
55.943695898561806 -3.1903003837780965 NNE 55.94397306242156 -3.190185578748387 437.178916 455.180696
55.94397306242156 -3.190185578748387 NE 55.94418519445592 -3.1899734467140313 437.178916 453.930696
55.94418519445592 -3.1899734467140313 NNE 55.944462358315675 -3.1898586416843218 437.178916 452.680696
55.944462358315675 -3.1898586416843218 NE 55.94467449035003 -3.189646509649966 447.956418 513.172917
55.94467449035003 -3.189646509649966 WSW 55.94455968532032 -3.1899236735097194 544.038493 546.508003
55.94455968532032 -3.1899236735097194 WSW 55.94444488029061 -3.190200837369473 544.038493 545.258003
55.94444488029061 -3.190200837369473 WSW 55.9443300752609 -3.190478001229226 544.038493 544.008003
55.9443300752609 -3.190478001229226 SW 55.944117943226544 -3.190690133263582 544.038493 542.758003
55.944117943226544 -3.190690133263582 WSW 55.944003138196834 -3.1909672971233354 544.038493 541.508003
55.944003138196834 -3.1909672971233354 SW 55.94379100616248 -3.191179429157691 544.038493 540.258003
55.94379100616248 -3.191179429157691 ENE 55.94390581119219 -3.1909022652979377 605.736004 560.372547
55.94390581119219 -3.1909022652979377 E 55.94390581119219 -3.1906022652979376 605.736004 559.122547
55.94390581119219 -3.1906022652979376 ENE 55.9440206162219 -3.190325101438184 628.030118 568.931111
55.9440206162219 -3.190325101438184 E 55.9440206162219 -3.190025101438184 628.030118 567.681111
55.9440206162219 -3.190025101438184 ENE 55.94413542125161 -3.1897479375784306 628.030118 566.431111
55.94413542125161 -3.1897479375784306 E 55.94413542125161 -3.1894479375784304 628.030118 565.181111
55.94413542125161 -3.1894479375784304 ENE 55.94425022628132 -3.189170773718677 628.030118 563.931111
55.94425022628132 -3.189170773718677 E 55.94425022628132 -3.1888707737186768 628.030118 562.681111
55.94425022628132 -3.1888707737186768 ENE 55.94436503131103 -3.1885936098589234 604.202396 537.535177
55.94436503131103 -3.1885936098589234 E 55.94436503131103 -3.188293609858923 604.202396 536.285177
55.94436503131103 -3.188293609858923 ENE 55.94447983634074 -3.18801644599917 604.202396 535.035177
55.94447983634074 -3.18801644599917 E 55.94447983634074 -3.1877164459991696 604.202396 533.785177
55.94447983634074 -3.1877164459991696 ENE 55.94459464137045 -3.187439282139416 604.202396 532.535177
55.94459464137045 -3.187439282139416 E 55.94459464137045 -3.187139282139416 604.202396 531.285177
55.94459464137045 -3.187139282139416 ENE 55.94470944640016 -3.1868621182796626 604.202396 530.035177
55.94470944640016 -3.1868621182796626 E 55.94470944640016 -3.1865621182796624 604.202396 528.785177
55.94470944640016 -3.1865621182796624 ENE 55.94482425142987 -3.186284954419909 604.202396 527.535177
55.94482425142987 -3.186284954419909 E 55.94482425142987 -3.185984954419909 604.202396 526.285177
55.94482425142987 -3.185984954419909 ENE 55.94493905645958 -3.1857077905601554 604.202396 525.035177
55.94493905645958 -3.1857077905601554 E 55.94493905645958 -3.185407790560155 604.202396 523.785177
55.94493905645958 -3.185407790560155 ENE 55.94505386148929 -3.185130626700402 604.202396 522.535177
55.94505386148929 -3.185130626700402 E 55.94505386148929 -3.1848306267004016 554.094794 402.755523
55.94505386148929 -3.1848306267004016 W 55.94505386148929 -3.185130626700402 586.887656 488.615527
55.94505386148929 -3.185130626700402 W 55.94505386148929 -3.185430626700402 586.887656 487.365527
55.94505386148929 -3.185430626700402 W 55.94505386148929 -3.185730626700402 586.887656 486.115527
55.94505386148929 -3.185730626700402 W 55.94505386148929 -3.1860306267004024 586.887656 484.865527
55.94505386148929 -3.1860306267004024 W 55.94505386148929 -3.1863306267004026 586.887656 483.615527
55.94505386148929 -3.1863306267004026 W 55.94505386148929 -3.1866306267004028 586.887656 482.365527
55.94505386148929 -3.1866306267004028 W 55.94505386148929 -3.186930626700403 586.887656 481.115527
55.94505386148929 -3.186930626700403 W 55.94505386148929 -3.187230626700403 532.145297 479.865527
55.94505386148929 -3.187230626700403 W 55.94505386148929 -3.1875306267004033 532.145297 478.615527
55.94505386148929 -3.1875306267004033 W 55.94505386148929 -3.1878306267004035 532.145297 477.365527
55.94505386148929 -3.1878306267004035 W 55.94505386148929 -3.1881306267004037 532.145297 476.115527
55.94505386148929 -3.1881306267004037 W 55.94505386148929 -3.188430626700404 532.145297 474.865527
55.94505386148929 -3.188430626700404 W 55.94505386148929 -3.188730626700404 532.145297 473.615527
55.94505386148929 -3.188730626700404 W 55.94505386148929 -3.1890306267004043 499.010148 397.916108
55.94505386148929 -3.1890306267004043 W 55.94505386148929 -3.1893306267004045 499.010148 396.666108
55.94505386148929 -3.1893306267004045 W 55.94505386148929 -3.1896306267004046 499.010148 395.416108
55.94505386148929 -3.1896306267004046 WNW 55.945168666519 -3.189907790560158 499.010148 394.166108
55.945168666519 -3.189907790560158 W 55.945168666519 -3.1902077905601582 499.010148 392.916108
55.945168666519 -3.1902077905601582 WSW 55.94505386148929 -3.1904849544199116 614.782530 477.723304
55.94505386148929 -3.1904849544199116 WSW 55.94493905645958 -3.190762118279665 614.782530 476.473304
55.94493905645958 -3.190762118279665 WSW 55.94482425142987 -3.1910392821394185 614.782530 475.223304
55.94482425142987 -3.1910392821394185 WSW 55.94470944640016 -3.191316445999172 614.782530 473.973304
55.94470944640016 -3.191316445999172 WSW 55.94459464137045 -3.1915936098589253 614.782530 472.723304
55.94459464137045 -3.1915936098589253 E 55.94459464137045 -3.191293609858925 703.941276 574.264108
55.94459464137045 -3.191293609858925 E 55.94459464137045 -3.190993609858925 703.941276 573.014108
55.94459464137045 -3.190993609858925 E 55.94459464137045 -3.1906936098589247 703.941276 571.764108
55.94459464137045 -3.1906936098589247 E 55.94459464137045 -3.1903936098589245 703.941276 570.514108
55.94459464137045 -3.1903936098589245 E 55.94459464137045 -3.1900936098589243 764.739001 605.782217
55.94459464137045 -3.1900936098589243 E 55.94459464137045 -3.189793609858924 764.739001 604.532217
55.94459464137045 -3.189793609858924 E 55.94459464137045 -3.189493609858924 764.739001 603.282217
55.94459464137045 -3.189493609858924 E 55.94459464137045 -3.1891936098589238 764.739001 602.032217
55.94459464137045 -3.1891936098589238 E 55.94459464137045 -3.1888936098589236 764.739001 600.782217
55.94459464137045 -3.1888936098589236 E 55.94459464137045 -3.1885936098589234 764.739001 599.532217
55.94459464137045 -3.1885936098589234 E 55.94459464137045 -3.188293609858923 764.739001 598.282217
55.94459464137045 -3.188293609858923 ESE 55.94447983634074 -3.18801644599917 764.739001 597.032217
55.94447983634074 -3.18801644599917 E 55.94447983634074 -3.1877164459991696 764.739001 595.782217
55.94447983634074 -3.1877164459991696 ESE 55.94436503131103 -3.187439282139416 764.739001 594.532217
55.94436503131103 -3.187439282139416 E 55.94436503131103 -3.187139282139416 764.739001 593.282217
55.94436503131103 -3.187139282139416 ESE 55.94425022628132 -3.1868621182796626 764.739001 592.032217
55.94425022628132 -3.1868621182796626 NW 55.944462358315675 -3.1870742503140184 875.347970 662.193728
55.944462358315675 -3.1870742503140184 WNW 55.944577163345386 -3.1873514141737718 875.347970 660.943728
55.944577163345386 -3.1873514141737718 NW 55.94478929537974 -3.1875635462081275 875.347970 659.693728
55.94478929537974 -3.1875635462081275 WNW 55.94490410040945 -3.187840710067881 875.347970 658.443728
55.94490410040945 -3.187840710067881 NW 55.94511623244381 -3.1880528421022367 875.347970 657.193728
55.94511623244381 -3.1880528421022367 WNW 55.94523103747352 -3.18833000596199 875.347970 655.943728
55.94523103747352 -3.18833000596199 NW 55.945443169507875 -3.188542137996346 875.347970 654.693728
55.945443169507875 -3.188542137996346 WNW 55.945557974537586 -3.1888193018560993 875.347970 653.443728
55.945557974537586 -3.1888193018560993 SE 55.94534584250323 -3.1886071698217435 897.241167 753.182643
55.94534584250323 -3.1886071698217435 SE 55.94513371046887 -3.1883950377873878 897.241167 751.932643
55.94513371046887 -3.1883950377873878 ESE 55.94501890543916 -3.1881178739276343 897.241167 750.682643
55.94501890543916 -3.1881178739276343 SE 55.94480677340481 -3.1879057418932786 897.241167 749.432643
55.94480677340481 -3.1879057418932786 ESE 55.944691968375096 -3.187628578033525 897.241167 748.182643
55.944691968375096 -3.187628578033525 SE 55.94447983634074 -3.1874164459991694 897.241167 746.932643
55.94447983634074 -3.1874164459991694 ESE 55.94436503131103 -3.187139282139416 897.241167 745.682643
55.94436503131103 -3.187139282139416 SE 55.94415289927667 -3.1869271501050602 897.241167 744.432643
55.94415289927667 -3.1869271501050602 ESE 55.94403809424696 -3.186649986245307 897.241167 743.182643
55.94403809424696 -3.186649986245307 SE 55.94382596221261 -3.186437854210951 897.241167 741.932643
55.94382596221261 -3.186437854210951 WNW 55.94394076724232 -3.1867150180707045 928.902870 820.254009
55.94394076724232 -3.1867150180707045 WNW 55.94405557227203 -3.186992181930458 928.902870 819.004009
55.94405557227203 -3.186992181930458 WNW 55.94417037730174 -3.1872693457902113 928.902870 817.754009
55.94417037730174 -3.1872693457902113 WNW 55.94428518233145 -3.1875465096499647 928.902870 816.504009
55.94428518233145 -3.1875465096499647 WNW 55.94439998736116 -3.187823673509718 928.902870 815.254009
55.94439998736116 -3.187823673509718 WNW 55.94451479239087 -3.1881008373694715 928.902870 814.004009
55.94451479239087 -3.1881008373694715 WNW 55.94462959742058 -3.188378001229225 928.902870 812.754009
55.94462959742058 -3.188378001229225 WNW 55.94474440245029 -3.1886551650889783 928.902870 811.504009
55.94474440245029 -3.1886551650889783 WNW 55.94485920748 -3.1889323289487317 928.902870 810.254009
55.94485920748 -3.1889323289487317 W 55.94485920748 -3.189232328948732 928.902870 809.004009
55.94485920748 -3.189232328948732 WNW 55.94497401250971 -3.1895094928084853 928.902870 807.754009
55.94497401250971 -3.1895094928084853 W 55.94497401250971 -3.1898094928084855 928.902870 806.504009
55.94497401250971 -3.1898094928084855 WNW 55.94508881753942 -3.190086656668239 928.902870 805.254009
55.94508881753942 -3.190086656668239 W 55.94508881753942 -3.190386656668239 928.902870 804.004009
55.94508881753942 -3.190386656668239 WNW 55.94520362256913 -3.1906638205279925 928.902870 802.754009
55.94520362256913 -3.1906638205279925 W 55.94520362256913 -3.1909638205279927 928.902870 801.504009
55.94520362256913 -3.1909638205279927 ENE 55.94531842759884 -3.1906866566682393 992.832797 918.133618
55.94531842759884 -3.1906866566682393 ENE 55.94543323262855 -3.190409492808486 992.832797 916.883618
55.94543323262855 -3.190409492808486 ENE 55.94554803765826 -3.1901323289487324 992.832797 915.633618
55.94554803765826 -3.1901323289487324 E 55.94554803765826 -3.1898323289487323 992.832797 914.383618
55.94554803765826 -3.1898323289487323 ENE 55.94566284268797 -3.189555165088979 992.832797 913.133618
55.94566284268797 -3.189555165088979 E 55.94566284268797 -3.1892551650889787 992.832797 911.883618
55.94566284268797 -3.1892551650889787 E 55.94566284268797 -3.1889551650889785 1073.463285 1026.480096
55.94566284268797 -3.1889551650889785 E 55.94566284268797 -3.1886551650889783 1073.463285 1025.230096
55.94566284268797 -3.1886551650889783 E 55.94566284268797 -3.188355165088978 1073.463285 1023.980096
55.94566284268797 -3.188355165088978 E 55.94566284268797 -3.188055165088978 1073.463285 1022.730096
55.94566284268797 -3.188055165088978 E 55.94566284268797 -3.1877551650889777 1073.463285 1021.480096
55.94566284268797 -3.1877551650889777 E 55.94566284268797 -3.1874551650889775 1084.297268 1102.799186
55.94566284268797 -3.1874551650889775 E 55.94566284268797 -3.1871551650889773 1084.297268 1101.549186
55.94566284268797 -3.1871551650889773 E 55.94566284268797 -3.186855165088977 1084.297268 1100.299186
55.94566284268797 -3.186855165088977 E 55.94566284268797 -3.186555165088977 1084.297268 1099.049186
55.94566284268797 -3.186555165088977 E 55.94566284268797 -3.1862551650889768 993.639508 1075.763488
55.94566284268797 -3.1862551650889768 E 55.94566284268797 -3.1859551650889766 993.403779 972.687954
55.94566284268797 -3.1859551650889766 E 55.94566284268797 -3.1856551650889764 993.403779 971.437954
55.94566284268797 -3.1856551650889764 E 55.94566284268797 -3.185355165088976 993.403779 970.187954
55.94566284268797 -3.185355165088976 E 55.94566284268797 -3.185055165088976 993.403779 968.937954
55.94566284268797 -3.185055165088976 ENE 55.945777647717684 -3.1847780012292226 993.403779 967.687954
55.945777647717684 -3.1847780012292226 E 55.945777647717684 -3.1844780012292224 993.403779 966.437954
55.945777647717684 -3.1844780012292224 ENE 55.945892452747394 -3.184200837369469 1062.862293 1081.272351
55.945892452747394 -3.184200837369469 WSW 55.945777647717684 -3.1844780012292224 1062.862293 1080.022351
55.945777647717684 -3.1844780012292224 WSW 55.94566284268797 -3.184755165088976 1062.862293 1078.772351
55.94566284268797 -3.184755165088976 WSW 55.94554803765826 -3.1850323289487292 1062.862293 1077.522351
55.94554803765826 -3.1850323289487292 WSW 55.94543323262855 -3.1853094928084826 1062.862293 1076.272351
55.94543323262855 -3.1853094928084826 WSW 55.94531842759884 -3.185586656668236 1062.862293 1075.022351
55.94531842759884 -3.185586656668236 WSW 55.94520362256913 -3.1858638205279894 1062.862293 1073.772351
55.94520362256913 -3.1858638205279894 WSW 55.94508881753942 -3.186140984387743 1062.862293 1072.522351
55.94508881753942 -3.186140984387743 WSW 55.94497401250971 -3.1864181482474963 1062.862293 1071.272351
55.94497401250971 -3.1864181482474963 SW 55.944761880475355 -3.186630280281852 1062.862293 1070.022351
55.944761880475355 -3.186630280281852 WSW 55.944647075445644 -3.1869074441416054 1062.862293 1068.772351
55.944647075445644 -3.1869074441416054 SW 55.94443494341129 -3.187119576175961 1062.862293 1067.522351
55.94443494341129 -3.187119576175961 WSW 55.94432013838158 -3.1873967400357146 1062.862293 1066.272351
55.94432013838158 -3.1873967400357146 SW 55.94410800634722 -3.1876088720700704 1062.862293 1065.022351
55.94410800634722 -3.1876088720700704 WSW 55.94399320131751 -3.187886035929824 1062.862293 1063.772351
55.94399320131751 -3.187886035929824 SW 55.943781069283155 -3.1880981679641796 1036.919885 1052.353869
55.943781069283155 -3.1880981679641796 WSW 55.943666264253444 -3.188375331823933 1110.289272 1128.432705
55.943666264253444 -3.188375331823933 SW 55.94345413221909 -3.1885874638582887 1110.289272 1127.182705
55.94345413221909 -3.1885874638582887 WSW 55.94333932718938 -3.188864627718042 1110.289272 1125.932705
55.94333932718938 -3.188864627718042 SW 55.94312719515502 -3.189076759752398 1110.289272 1124.682705
55.94312719515502 -3.189076759752398 WSW 55.94301239012531 -3.1893539236121513 1110.289272 1123.432705
55.94301239012531 -3.1893539236121513 SW 55.942800258090955 -3.189566055646507 1110.289272 1122.182705
55.942800258090955 -3.189566055646507 WSW 55.942685453061245 -3.1898432195062605 1110.289272 1120.932705
55.942685453061245 -3.1898432195062605 ENE 55.942800258090955 -3.189566055646507 1159.727704 1189.515429
55.942800258090955 -3.189566055646507 ENE 55.942915063120665 -3.1892888917867537 1159.727704 1188.265429
55.942915063120665 -3.1892888917867537 ENE 55.943029868150376 -3.1890117279270003 1159.727704 1187.015429
55.943029868150376 -3.1890117279270003 ENE 55.943144673180086 -3.188734564067247 1159.727704 1185.765429
55.943144673180086 -3.188734564067247 E 55.943144673180086 -3.1884345640672467 1159.727704 1184.515429
55.943144673180086 -3.1884345640672467 ENE 55.9432594782098 -3.1881574002074933 1159.727704 1183.265429
55.9432594782098 -3.1881574002074933 E 55.9432594782098 -3.187857400207493 1159.727704 1182.015429
55.9432594782098 -3.187857400207493 ENE 55.94337428323951 -3.1875802363477397 1159.727704 1180.765429
55.94337428323951 -3.1875802363477397 E 55.94337428323951 -3.1872802363477395 1159.727704 1179.515429
55.94337428323951 -3.1872802363477395 ENE 55.94348908826922 -3.187003072487986 1159.727704 1178.265429
55.94348908826922 -3.187003072487986 E 55.94348908826922 -3.186703072487986 1154.901100 1117.972155
55.94348908826922 -3.186703072487986 ENE 55.94360389329893 -3.1864259086282325 1154.901100 1116.722155
55.94360389329893 -3.1864259086282325 E 55.94360389329893 -3.1861259086282323 1154.901100 1115.472155
55.94360389329893 -3.1861259086282323 ENE 55.94371869832864 -3.185848744768479 1154.901100 1114.222155
55.94371869832864 -3.185848744768479 E 55.94371869832864 -3.1855487447684787 1154.901100 1112.972155
55.94371869832864 -3.1855487447684787 ENE 55.94383350335835 -3.1852715809087253 1154.901100 1111.722155
55.94383350335835 -3.1852715809087253 E 55.94383350335835 -3.184971580908725 1154.901100 1110.472155
55.94383350335835 -3.184971580908725 ENE 55.94394830838806 -3.1846944170489717 1154.901100 1109.222155
55.94394830838806 -3.1846944170489717 W 55.94394830838806 -3.184994417048972 1240.776897 1183.986871
55.94394830838806 -3.184994417048972 W 55.94394830838806 -3.185294417048972 1240.776897 1182.736871
55.94394830838806 -3.185294417048972 W 55.94394830838806 -3.1855944170489723 1240.776897 1181.486871
55.94394830838806 -3.1855944170489723 W 55.94394830838806 -3.1858944170489725 1240.776897 1180.236871
55.94394830838806 -3.1858944170489725 W 55.94394830838806 -3.1861944170489727 1240.776897 1178.986871
55.94394830838806 -3.1861944170489727 W 55.94394830838806 -3.186494417048973 1240.776897 1177.736871
55.94394830838806 -3.186494417048973 W 55.94394830838806 -3.186794417048973 1240.776897 1176.486871
55.94394830838806 -3.186794417048973 W 55.94394830838806 -3.1870944170489732 1240.776897 1175.236871
55.94394830838806 -3.1870944170489732 W 55.94394830838806 -3.1873944170489734 1240.776897 1173.986871
55.94394830838806 -3.1873944170489734 W 55.94394830838806 -3.1876944170489736 1240.776897 1172.736871
55.94394830838806 -3.1876944170489736 W 55.94394830838806 -3.187994417048974 1240.776897 1171.486871
55.94394830838806 -3.187994417048974 W 55.94394830838806 -3.188294417048974 1240.776897 1170.236871
55.94394830838806 -3.188294417048974 W 55.94394830838806 -3.188594417048974 1240.776897 1168.986871
55.94394830838806 -3.188594417048974 W 55.94394830838806 -3.1888944170489744 1240.776897 1167.736871
55.94394830838806 -3.1888944170489744 W 55.94394830838806 -3.1891944170489746 1240.776897 1166.486871
55.94394830838806 -3.1891944170489746 W 55.94394830838806 -3.1894944170489747 1240.776897 1165.236871
55.94394830838806 -3.1894944170489747 W 55.94394830838806 -3.189794417048975 1240.776897 1163.986871
55.94394830838806 -3.189794417048975 W 55.94394830838806 -3.190094417048975 1240.776897 1162.736871
55.94394830838806 -3.190094417048975 W 55.94394830838806 -3.1903944170489753 1240.776897 1161.486871
55.94394830838806 -3.1903944170489753 W 55.94394830838806 -3.1906944170489755 1240.776897 1160.236871
55.94394830838806 -3.1906944170489755 W 55.94394830838806 -3.1909944170489757 1240.776897 1158.986871
55.94394830838806 -3.1909944170489757 W 55.94394830838806 -3.191294417048976 1240.776897 1157.736871
55.94394830838806 -3.191294417048976 WNW 55.94406311341777 -3.1915715809087293 1285.090938 1162.100505
55.94406311341777 -3.1915715809087293 ESE 55.94394830838806 -3.191294417048976 1300.746145 1201.613932
55.94394830838806 -3.191294417048976 ESE 55.94383350335835 -3.1910172531892225 1300.746145 1200.363932
55.94383350335835 -3.1910172531892225 ESE 55.94371869832864 -3.190740089329469 1300.746145 1199.113932
55.94371869832864 -3.190740089329469 ESE 55.94360389329893 -3.1904629254697157 1300.746145 1197.863932
55.94360389329893 -3.1904629254697157 ESE 55.94348908826922 -3.1901857616099623 1300.746145 1196.613932
55.94348908826922 -3.1901857616099623 ESE 55.94337428323951 -3.189908597750209 1300.746145 1195.363932
55.94337428323951 -3.189908597750209 ESE 55.9432594782098 -3.1896314338904554 1300.746145 1194.113932
55.9432594782098 -3.1896314338904554 ESE 55.943144673180086 -3.189354270030702 1300.746145 1192.863932
55.943144673180086 -3.189354270030702 ESE 55.943029868150376 -3.1890771061709486 1300.746145 1191.613932
55.943029868150376 -3.1890771061709486 E 55.943029868150376 -3.1887771061709484 1300.746145 1190.363932
55.943029868150376 -3.1887771061709484 ESE 55.942915063120665 -3.188499942311195 1300.746145 1189.113932
55.942915063120665 -3.188499942311195 E 55.942915063120665 -3.188199942311195 1300.746145 1187.863932
55.942915063120665 -3.188199942311195 ESE 55.942800258090955 -3.1879227784514415 1300.746145 1186.613932
55.942800258090955 -3.1879227784514415 E 55.942800258090955 -3.1876227784514413 1300.746145 1185.363932
55.942800258090955 -3.1876227784514413 ESE 55.942685453061245 -3.187345614591688 1300.746145 1184.113932
55.942685453061245 -3.187345614591688 E 55.942685453061245 -3.1870456145916877 1300.746145 1182.863932
55.942685453061245 -3.1870456145916877 SE 55.94247332102689 -3.186833482557332 1324.772800 1298.710658
55.94247332102689 -3.186833482557332 SE 55.94226118899253 -3.186621350522976 1324.772800 1297.460658
55.94226118899253 -3.186621350522976 S 55.94196118899253 -3.186621350522976 1324.772800 1296.210658
