55.944425 -3.188396 ENE 55.94453980502971 -3.1881188361402466 0.000000 248.750000
55.94453980502971 -3.1881188361402466 ENE 55.94465461005942 -3.187841672280493 0.000000 247.500000
55.94465461005942 -3.187841672280493 ENE 55.944769415089134 -3.18756450842074 0.000000 246.250000
55.944769415089134 -3.18756450842074 ENE 55.944884220118844 -3.1872873445609864 0.000000 245.000000
55.944884220118844 -3.1872873445609864 ENE 55.944999025148554 -3.187010180701233 49.270928 256.824749
55.944999025148554 -3.187010180701233 ENE 55.945113830178265 -3.1867330168414796 0.000000 131.704170
55.945113830178265 -3.1867330168414796 ENE 55.945228635207975 -3.186455852981726 0.000000 130.454170
55.945228635207975 -3.186455852981726 ENE 55.945343440237686 -3.1861786891219728 0.000000 129.204170
55.945343440237686 -3.1861786891219728 ENE 55.945458245267396 -3.1859015252622194 0.000000 127.954170
55.945458245267396 -3.1859015252622194 S 55.94515824526739 -3.1859015252622194 113.887452 161.557950
55.94515824526739 -3.1859015252622194 S 55.94485824526739 -3.1859015252622194 220.206845 177.434411
55.94485824526739 -3.1859015252622194 S 55.94455824526739 -3.1859015252622194 235.925669 269.476424
55.94455824526739 -3.1859015252622194 SSE 55.94428108140763 -3.18578672023251 235.925669 268.226424
55.94428108140763 -3.18578672023251 S 55.94398108140763 -3.18578672023251 235.925669 266.976424
55.94398108140763 -3.18578672023251 SSE 55.94370391754787 -3.1856719152028004 235.925669 265.726424
55.94370391754787 -3.1856719152028004 S 55.94340391754787 -3.1856719152028004 313.140754 273.632146
55.94340391754787 -3.1856719152028004 SSE 55.94312675368811 -3.185557110173091 313.140754 272.382146
55.94312675368811 -3.185557110173091 NW 55.94333888572247 -3.1857692422074466 348.280399 331.473396
55.94333888572247 -3.1857692422074466 NW 55.943551017756825 -3.1859813742418024 348.280399 330.223396
55.943551017756825 -3.1859813742418024 NW 55.94376314979118 -3.186193506276158 348.280399 328.973396
55.94376314979118 -3.186193506276158 NW 55.94397528182554 -3.186405638310514 379.942102 407.294762
55.94397528182554 -3.186405638310514 NW 55.94418741385989 -3.1866177703448697 379.942102 406.044762
55.94418741385989 -3.1866177703448697 WNW 55.944302218889604 -3.186894934204623 490.551071 476.206273
55.944302218889604 -3.186894934204623 NW 55.94451435092396 -3.187107066238979 490.551071 474.956273
55.94451435092396 -3.187107066238979 WNW 55.94462915595367 -3.1873842300987323 490.551071 473.706273
55.94462915595367 -3.1873842300987323 NW 55.94484128798803 -3.187596362133088 490.551071 472.456273
55.94484128798803 -3.187596362133088 WNW 55.94495609301774 -3.1878735259928415 490.551071 471.206273
55.94495609301774 -3.1878735259928415 NW 55.94516822505209 -3.1880856580271972 490.551071 469.956273
55.94516822505209 -3.1880856580271972 WNW 55.945283030081804 -3.1883628218869506 490.551071 468.706273
55.945283030081804 -3.1883628218869506 NW 55.94549516211616 -3.1885749539213064 490.551071 467.456273
55.94549516211616 -3.1885749539213064 WNW 55.94560996714587 -3.18885211778106 490.551071 466.206273
55.94560996714587 -3.18885211778106 W 55.94560996714587 -3.18915211778106 512.444268 565.945188
55.94560996714587 -3.18915211778106 W 55.94560996714587 -3.18945211778106 593.074756 680.541666
55.94560996714587 -3.18945211778106 W 55.94560996714587 -3.1897521177810604 593.074756 679.291666
55.94560996714587 -3.1897521177810604 WSW 55.94549516211616 -3.190029281640814 593.074756 678.041666
55.94549516211616 -3.190029281640814 W 55.94549516211616 -3.190329281640814 593.074756 676.791666
55.94549516211616 -3.190329281640814 WSW 55.94538035708645 -3.1906064455005674 708.847137 761.598861
55.94538035708645 -3.1906064455005674 W 55.94538035708645 -3.1909064455005676 708.847137 760.348861
55.94538035708645 -3.1909064455005676 WSW 55.94526555205674 -3.191183609360321 708.847137 759.098861
55.94526555205674 -3.191183609360321 E 55.94526555205674 -3.190883609360321 772.777064 875.728471
55.94526555205674 -3.190883609360321 E 55.94526555205674 -3.1905836093603206 772.777064 874.478471
55.94526555205674 -3.1905836093603206 E 55.94526555205674 -3.1902836093603204 772.777064 873.228471
55.94526555205674 -3.1902836093603204 E 55.94526555205674 -3.18998360936032 772.777064 871.978471
55.94526555205674 -3.18998360936032 E 55.94526555205674 -3.18968360936032 772.777064 870.728471
55.94526555205674 -3.18968360936032 E 55.94526555205674 -3.18938360936032 772.777064 869.478471
55.94526555205674 -3.18938360936032 E 55.94526555205674 -3.1890836093603196 772.777064 868.228471
55.94526555205674 -3.1890836093603196 E 55.94526555205674 -3.1887836093603195 772.777064 866.978471
55.94526555205674 -3.1887836093603195 E 55.94526555205674 -3.1884836093603193 772.777064 865.728471
55.94526555205674 -3.1884836093603193 E 55.94526555205674 -3.188183609360319 772.777064 864.478471
55.94526555205674 -3.188183609360319 E 55.94526555205674 -3.187883609360319 772.777064 863.228471
55.94526555205674 -3.187883609360319 E 55.94526555205674 -3.1875836093603187 772.777064 861.978471
55.94526555205674 -3.1875836093603187 E 55.94526555205674 -3.1872836093603185 772.777064 860.728471
55.94526555205674 -3.1872836093603185 E 55.94526555205674 -3.1869836093603183 772.777064 859.478471
55.94526555205674 -3.1869836093603183 E 55.94526555205674 -3.186683609360318 718.034706 858.228471
55.94526555205674 -3.186683609360318 E 55.94526555205674 -3.186383609360318 718.034706 856.978471
55.94526555205674 -3.186383609360318 E 55.94526555205674 -3.1860836093603178 718.034706 855.728471
55.94526555205674 -3.1860836093603178 E 55.94526555205674 -3.1857836093603176 718.034706 854.478471
55.94526555205674 -3.1857836093603176 ESE 55.94515074702703 -3.185506445500564 718.034706 853.228471
55.94515074702703 -3.185506445500564 E 55.94515074702703 -3.185206445500564 718.034706 851.978471
55.94515074702703 -3.185206445500564 ESE 55.94503594199732 -3.1849292816408106 667.927105 732.198817
55.94503594199732 -3.1849292816408106 W 55.94503594199732 -3.1852292816408108 700.719966 818.058820
55.94503594199732 -3.1852292816408108 W 55.94503594199732 -3.185529281640811 700.719966 816.808820
55.94503594199732 -3.185529281640811 W 55.94503594199732 -3.185829281640811 700.719966 815.558820
55.94503594199732 -3.185829281640811 W 55.94503594199732 -3.1861292816408113 700.719966 814.308820
55.94503594199732 -3.1861292816408113 W 55.94503594199732 -3.1864292816408115 700.719966 813.058820
55.94503594199732 -3.1864292816408115 W 55.94503594199732 -3.1867292816408117 700.719966 811.808820
55.94503594199732 -3.1867292816408117 W 55.94503594199732 -3.187029281640812 700.719966 810.558820
55.94503594199732 -3.187029281640812 W 55.94503594199732 -3.187329281640812 700.719966 809.308820
55.94503594199732 -3.187329281640812 W 55.94503594199732 -3.1876292816408123 700.719966 808.058820
55.94503594199732 -3.1876292816408123 WSW 55.94492113696761 -3.1879064455005657 700.719966 806.808820
55.94492113696761 -3.1879064455005657 W 55.94492113696761 -3.188206445500566 700.719966 805.558820
55.94492113696761 -3.188206445500566 WSW 55.9448063319379 -3.1884836093603193 700.719966 804.308820
55.9448063319379 -3.1884836093603193 W 55.9448063319379 -3.1887836093603195 700.719966 803.058820
55.9448063319379 -3.1887836093603195 WSW 55.94469152690819 -3.189060773220073 667.584817 727.359402
55.94469152690819 -3.189060773220073 W 55.94469152690819 -3.189360773220073 667.584817 726.109402
55.94469152690819 -3.189360773220073 WSW 55.94457672187848 -3.1896379370798265 667.584817 724.859402
55.94457672187848 -3.1896379370798265 W 55.94457672187848 -3.1899379370798266 763.666891 758.194488
55.94457672187848 -3.1899379370798266 SW 55.94436458984412 -3.1901500691141824 774.444393 818.686710
55.94436458984412 -3.1901500691141824 SW 55.944152457809764 -3.190362201148538 774.444393 817.436710
55.944152457809764 -3.190362201148538 WNW 55.944267262839475 -3.1906393650082916 796.738507 827.245274
55.944267262839475 -3.1906393650082916 WNW 55.944382067869185 -3.190916528868045 796.738507 825.995274
55.944382067869185 -3.190916528868045 W 55.944382067869185 -3.191216528868045 796.738507 824.745274
55.944382067869185 -3.191216528868045 WNW 55.944496872898895 -3.1914936927277986 796.738507 823.495274
55.944496872898895 -3.1914936927277986 ENE 55.944611677928606 -3.191216528868045 888.833361 827.340438
55.944611677928606 -3.191216528868045 ENE 55.944726482958316 -3.190939365008292 888.833361 826.090438
55.944726482958316 -3.190939365008292 ENE 55.94484128798803 -3.1906622011485384 888.833361 824.840438
55.94484128798803 -3.1906622011485384 ENE 55.94495609301774 -3.190385037288785 888.833361 823.590438
55.94495609301774 -3.190385037288785 ENE 55.94507089804745 -3.1901078734290316 888.833361 822.340438
55.94507089804745 -3.1901078734290316 ENE 55.94518570307716 -3.189830709569278 888.833361 821.090438
55.94518570307716 -3.189830709569278 ENE 55.94530050810687 -3.1895535457095248 888.833361 819.840438
55.94530050810687 -3.1895535457095248 ENE 55.94541531313658 -3.1892763818497714 888.833361 818.590438
55.94541531313658 -3.1892763818497714 ENE 55.94553011816629 -3.188999217990018 888.833361 817.340438
55.94553011816629 -3.188999217990018 E 55.94553011816629 -3.1886992179900178 888.833361 816.090438
55.94553011816629 -3.1886992179900178 ENE 55.945644923196 -3.1884220541302644 888.833361 814.840438
55.945644923196 -3.1884220541302644 E 55.945644923196 -3.188122054130264 888.833361 813.590438
55.945644923196 -3.188122054130264 ENE 55.94575972822571 -3.1878448902705108 888.833361 812.340438
55.94575972822571 -3.1878448902705108 SW 55.94554759619135 -3.1880570223048665 899.667344 893.659528
55.94554759619135 -3.1880570223048665 SW 55.945335464157 -3.1882691543392223 899.667344 892.409528
55.945335464157 -3.1882691543392223 SW 55.94512333212264 -3.188481286373578 899.667344 891.159528
55.94512333212264 -3.188481286373578 SW 55.944911200088285 -3.188693418407934 899.667344 889.909528
55.944911200088285 -3.188693418407934 SW 55.94469906805393 -3.1889055504422896 899.667344 888.659528
55.94469906805393 -3.1889055504422896 SW 55.94448693601957 -3.1891176824766454 899.667344 887.409528
55.94448693601957 -3.1891176824766454 SW 55.944274803985216 -3.189329814511001 899.667344 886.159528
55.944274803985216 -3.189329814511001 SW 55.94406267195086 -3.189541946545357 899.667344 884.909528
55.94406267195086 -3.189541946545357 SW 55.943850539916504 -3.1897540785797127 899.667344 883.659528
55.943850539916504 -3.1897540785797127 SW 55.94363840788215 -3.1899662106140685 899.667344 882.409528
55.94363840788215 -3.1899662106140685 SW 55.94342627584779 -3.1901783426484243 899.667344 881.159528
55.94342627584779 -3.1901783426484243 SW 55.943214143813435 -3.19039047468278 899.667344 879.909528
55.943214143813435 -3.19039047468278 SW 55.94300201177908 -3.190602606717136 899.667344 878.659528
55.94300201177908 -3.190602606717136 WSW 55.94288720674937 -3.190879770576889 899.667344 877.409528
55.94288720674937 -3.190879770576889 SW 55.94267507471501 -3.191091902611245 899.667344 876.159528
55.94267507471501 -3.191091902611245 NNE 55.94295223857477 -3.1909770975815355 977.322761 958.401407
55.94295223857477 -3.1909770975815355 ENE 55.94306704360448 -3.190699933721782 977.322761 957.151407
55.94306704360448 -3.190699933721782 ENE 55.94318184863419 -3.1904227698620287 977.322761 955.901407
55.94318184863419 -3.1904227698620287 ENE 55.9432966536639 -3.1901456060022753 977.322761 954.651407
55.9432966536639 -3.1901456060022753 ENE 55.94341145869361 -3.189868442142522 977.322761 953.401407
55.94341145869361 -3.189868442142522 ENE 55.94352626372332 -3.1895912782827684 977.322761 952.151407
55.94352626372332 -3.1895912782827684 ENE 55.94364106875303 -3.189314114423015 977.322761 950.901407
55.94364106875303 -3.189314114423015 ENE 55.94375587378274 -3.1890369505632616 977.322761 949.651407
55.94375587378274 -3.1890369505632616 ENE 55.94387067881245 -3.1887597867035082 977.322761 948.401407
55.94387067881245 -3.1887597867035082 ENE 55.94398548384216 -3.188482622843755 977.322761 947.151407
55.94398548384216 -3.188482622843755 E 55.94398548384216 -3.1881826228437546 977.322761 945.901407
55.94398548384216 -3.1881826228437546 E 55.94398548384216 -3.1878826228437545 1050.692148 1021.980244
55.94398548384216 -3.1878826228437545 E 55.94398548384216 -3.1875826228437543 1024.749740 1010.561762
55.94398548384216 -3.1875826228437543 E 55.94398548384216 -3.187282622843754 1024.749740 1009.311762
55.94398548384216 -3.187282622843754 E 55.94398548384216 -3.186982622843754 1024.749740 1008.061762
55.94398548384216 -3.186982622843754 E 55.94398548384216 -3.1866826228437537 1024.749740 1006.811762
55.94398548384216 -3.1866826228437537 E 55.94398548384216 -3.1863826228437535 1024.749740 1005.561762
55.94398548384216 -3.1863826228437535 E 55.94398548384216 -3.1860826228437533 1024.749740 1004.311762
55.94398548384216 -3.1860826228437533 E 55.94398548384216 -3.185782622843753 1024.749740 1003.061762
55.94398548384216 -3.185782622843753 E 55.94398548384216 -3.185482622843753 1024.749740 1001.811762
55.94398548384216 -3.185482622843753 E 55.94398548384216 -3.1851826228437528 1024.749740 1000.561762
55.94398548384216 -3.1851826228437528 E 55.94398548384216 -3.1848826228437526 1024.749740 999.311762
55.94398548384216 -3.1848826228437526 ESE 55.94387067881245 -3.184605458983999 1024.749740 998.061762
55.94387067881245 -3.184605458983999 N 55.944170678812455 -3.184605458983999 1110.625537 1072.826478
55.944170678812455 -3.184605458983999 W 55.944170678812455 -3.1849054589839993 1110.625537 1071.576478
55.944170678812455 -3.1849054589839993 W 55.944170678812455 -3.1852054589839995 1110.625537 1070.326478
55.944170678812455 -3.1852054589839995 W 55.944170678812455 -3.1855054589839997 1110.625537 1069.076478
55.944170678812455 -3.1855054589839997 WSW 55.944055873782744 -3.185782622843753 1110.625537 1067.826478
55.944055873782744 -3.185782622843753 W 55.944055873782744 -3.1860826228437533 1110.625537 1066.576478
55.944055873782744 -3.1860826228437533 WSW 55.943941068753034 -3.1863597867035067 1110.625537 1065.326478
55.943941068753034 -3.1863597867035067 W 55.943941068753034 -3.186659786703507 1110.625537 1064.076478
55.943941068753034 -3.186659786703507 WSW 55.943826263723324 -3.1869369505632603 1110.625537 1062.826478
55.943826263723324 -3.1869369505632603 W 55.943826263723324 -3.1872369505632605 1110.625537 1061.576478
55.943826263723324 -3.1872369505632605 WSW 55.94371145869361 -3.187514114423014 1110.625537 1060.326478
55.94371145869361 -3.187514114423014 W 55.94371145869361 -3.187814114423014 1110.625537 1059.076478
55.94371145869361 -3.187814114423014 WSW 55.9435966536639 -3.1880912782827675 1110.625537 1057.826478
55.9435966536639 -3.1880912782827675 W 55.9435966536639 -3.1883912782827677 1110.625537 1056.576478
55.9435966536639 -3.1883912782827677 WSW 55.94348184863419 -3.188668442142521 1110.625537 1055.326478
55.94348184863419 -3.188668442142521 W 55.94348184863419 -3.1889684421425213 1110.625537 1054.076478
55.94348184863419 -3.1889684421425213 W 55.94348184863419 -3.1892684421425215 1167.264097 1136.488520
55.94348184863419 -3.1892684421425215 W 55.94348184863419 -3.1895684421425217 1167.264097 1135.238520
55.94348184863419 -3.1895684421425217 W 55.94348184863419 -3.189868442142522 1167.264097 1133.988520
55.94348184863419 -3.189868442142522 W 55.94348184863419 -3.190168442142522 1167.264097 1132.738520
55.94348184863419 -3.190168442142522 WNW 55.9435966536639 -3.1904456060022754 1167.264097 1131.488520
55.9435966536639 -3.1904456060022754 W 55.9435966536639 -3.1907456060022756 1167.264097 1130.238520
55.9435966536639 -3.1907456060022756 WNW 55.94371145869361 -3.191022769862029 1167.264097 1128.988520
55.94371145869361 -3.191022769862029 ESE 55.9435966536639 -3.1907456060022756 1228.961609 1149.103064
55.9435966536639 -3.1907456060022756 ESE 55.94348184863419 -3.1904684421425222 1228.961609 1147.853064
55.94348184863419 -3.1904684421425222 ESE 55.94336704360448 -3.190191278282769 1228.961609 1146.603064
55.94336704360448 -3.190191278282769 ESE 55.94325223857477 -3.1899141144230154 1228.961609 1145.353064
55.94325223857477 -3.1899141144230154 ESE 55.94313743354506 -3.189636950563262 1183.566148 1129.406443
55.94313743354506 -3.189636950563262 E 55.94313743354506 -3.189336950563262 1183.566148 1128.156443
55.94313743354506 -3.189336950563262 ESE 55.94302262851535 -3.1890597867035084 1183.566148 1126.906443
55.94302262851535 -3.1890597867035084 E 55.94302262851535 -3.1887597867035082 1183.566148 1125.656443
55.94302262851535 -3.1887597867035082 ESE 55.94290782348564 -3.188482622843755 1183.566148 1124.406443
55.94290782348564 -3.188482622843755 E 55.94290782348564 -3.1881826228437546 1183.566148 1123.156443
55.94290782348564 -3.1881826228437546 ESE 55.94279301845593 -3.1879054589840012 1183.566148 1121.906443
55.94279301845593 -3.1879054589840012 E 55.94279301845593 -3.187605458984001 1183.566148 1120.656443
55.94279301845593 -3.187605458984001 ESE 55.94267821342622 -3.1873282951242476 1183.566148 1119.406443
55.94267821342622 -3.1873282951242476 E 55.94267821342622 -3.1870282951242475 1183.566148 1118.156443
55.94267821342622 -3.1870282951242475 NE 55.942890345460576 -3.1868161630898917 1207.592803 1234.003169
55.942890345460576 -3.1868161630898917 NE 55.94310247749493 -3.186604031055536 1207.592803 1232.753169
55.94310247749493 -3.186604031055536 NE 55.94331460952929 -3.18639189902118 1207.592803 1231.503169
55.94331460952929 -3.18639189902118 NE 55.943526741563645 -3.1861797669868244 1207.592803 1230.253169
55.943526741563645 -3.1861797669868244 NE 55.943738873598 -3.1859676349524686 1207.592803 1229.003169
55.943738873598 -3.1859676349524686 NE 55.94395100563236 -3.185755502918113 1207.592803 1227.753169
55.94395100563236 -3.185755502918113 NE 55.94416313766671 -3.185543370883757 1207.592803 1226.503169
55.94416313766671 -3.185543370883757 NE 55.94437526970107 -3.1853312388494013 1207.592803 1225.253169
55.94437526970107 -3.1853312388494013 NNE 55.944652433560826 -3.1852164338196918 1207.592803 1224.003169
55.944652433560826 -3.1852164338196918 NE 55.94486456559518 -3.185004301785336 1207.592803 1222.753169
55.94486456559518 -3.185004301785336 NNE 55.94514172945494 -3.1848894967556265 1207.592803 1221.503169
55.94514172945494 -3.1848894967556265 NE 55.945353861489295 -3.1846773647212707 1207.592803 1220.253169
55.945353861489295 -3.1846773647212707 NNE 55.94563102534905 -3.184562559691561 1207.592803 1219.003169
55.94563102534905 -3.184562559691561 NE 55.94584315738341 -3.1843504276572054 1207.592803 1217.753169
55.94584315738341 -3.1843504276572054 W 55.94584315738341 -3.1846504276572056 1277.051317 1332.587565
55.94584315738341 -3.1846504276572056 W 55.94584315738341 -3.184950427657206 1277.051317 1331.337565
55.94584315738341 -3.184950427657206 W 55.94584315738341 -3.185250427657206 1277.051317 1330.087565
55.94584315738341 -3.185250427657206 WSW 55.9457283523537 -3.1855275915169594 1277.051317 1328.837565
55.9457283523537 -3.1855275915169594 W 55.9457283523537 -3.1858275915169596 1277.051317 1327.587565
55.9457283523537 -3.1858275915169596 WSW 55.94561354732399 -3.186104755376713 1277.051317 1326.337565
55.94561354732399 -3.186104755376713 W 55.94561354732399 -3.186404755376713 1277.051317 1325.087565
55.94561354732399 -3.186404755376713 WSW 55.945498742294276 -3.1866819192364666 1186.393557 1301.801866
55.945498742294276 -3.1866819192364666 W 55.945498742294276 -3.186981919236467 1186.393557 1300.551866
55.945498742294276 -3.186981919236467 WSW 55.945383937264566 -3.18725908309622 1186.393557 1299.301866
55.945383937264566 -3.18725908309622 W 55.945383937264566 -3.1875590830962204 1186.393557 1298.051866
55.945383937264566 -3.1875590830962204 WSW 55.945269132234856 -3.187836246955974 1186.393557 1296.801866
55.945269132234856 -3.187836246955974 W 55.945269132234856 -3.188136246955974 1186.393557 1295.551866
55.945269132234856 -3.188136246955974 WSW 55.945154327205145 -3.1884134108157274 1186.393557 1294.301866
55.945154327205145 -3.1884134108157274 W 55.945154327205145 -3.1887134108157276 1186.393557 1293.051866
55.945154327205145 -3.1887134108157276 WSW 55.945039522175435 -3.188990574675481 1186.393557 1291.801866
55.945039522175435 -3.188990574675481 W 55.945039522175435 -3.189290574675481 1186.393557 1290.551866
55.945039522175435 -3.189290574675481 WSW 55.944924717145724 -3.1895677385352346 1186.393557 1289.301866
55.944924717145724 -3.1895677385352346 W 55.944924717145724 -3.1898677385352348 1186.393557 1288.051866
55.944924717145724 -3.1898677385352348 WSW 55.944809912116014 -3.190144902394988 1186.393557 1286.801866
55.944809912116014 -3.190144902394988 W 55.944809912116014 -3.1904449023949883 1247.191282 1322.069975
55.944809912116014 -3.1904449023949883 WSW 55.944695107086304 -3.1907220662547418 1247.191282 1320.819975
55.944695107086304 -3.1907220662547418 W 55.944695107086304 -3.191022066254742 1247.191282 1319.569975
55.944695107086304 -3.191022066254742 WSW 55.94458030205659 -3.1912992301144953 1247.191282 1318.319975
55.94458030205659 -3.1912992301144953 W 55.94458030205659 -3.1915992301144955 1247.191282 1317.069975
55.94458030205659 -3.1915992301144955 SSW 55.94430313819684 -3.191714035144205 1336.350028 1418.610779
55.94430313819684 -3.191714035144205 S 55.944003138196834 -3.191714035144205 1336.350028 1417.360779
55.944003138196834 -3.191714035144205 ESE 55.94388833316712 -3.1914368712844516 1352.005235 1456.874207
55.94388833316712 -3.1914368712844516 NNE 55.94416549702688 -3.191322066254742 1396.319275 1461.237840
55.94416549702688 -3.191322066254742 SSW 55.94388833316712 -3.1914368712844516 1396.319275 1459.987840
55.94388833316712 -3.1914368712844516 SE 55.94367620113277 -3.191224739250096 1396.319275 1458.737840
55.94367620113277 -3.191224739250096 SE 55.94346406909841 -3.19101260721574 1396.319275 1457.487840
55.94346406909841 -3.19101260721574 SE 55.943251937064055 -3.1908004751813843 1327.866299 1452.288184
55.943251937064055 -3.1908004751813843 ESE 55.943137132034344 -3.190523311321631 1327.866299 1451.038184
55.943137132034344 -3.190523311321631 SE 55.94292499999999 -3.190311179287275 1327.866299 1449.788184
55.94292499999999 -3.190311179287275 ESE 55.94281019497028 -3.1900340154275217 1327.866299 1448.538184
55.94281019497028 -3.1900340154275217 SE 55.94259806293592 -3.189821883393166 1377.304731 1517.120907
55.94259806293592 -3.189821883393166 NW 55.94281019497028 -3.1900340154275217 1377.304731 1515.870907
55.94281019497028 -3.1900340154275217 NW 55.943022327004634 -3.1902461474618775 1377.304731 1514.620907
55.943022327004634 -3.1902461474618775 NW 55.94323445903899 -3.1904582794962333 1377.304731 1513.370907
55.94323445903899 -3.1904582794962333 NW 55.94344659107335 -3.190670411530589 1377.304731 1512.120907
55.94344659107335 -3.190670411530589 NW 55.9436587231077 -3.190882543564945 1377.304731 1510.870907
55.9436587231077 -3.190882543564945 NW 55.94387085514206 -3.1910946755993006 1377.304731 1509.620907
55.94387085514206 -3.1910946755993006 NW 55.944082987176415 -3.1913068076336564 1377.304731 1508.370907
55.944082987176415 -3.1913068076336564 NW 55.94429511921077 -3.191518939668012 1377.304731 1507.120907
55.94429511921077 -3.191518939668012 NW 55.94450725124513 -3.191731071702368 1377.304731 1505.870907
55.94450725124513 -3.191731071702368 NW 55.944719383279484 -3.1919432037367237 1377.304731 1504.620907
55.944719383279484 -3.1919432037367237 NW 55.94493151531384 -3.1921553357710795 1377.304731 1503.370907
55.94493151531384 -3.1921553357710795 NW 55.945143647348196 -3.1923674678054352 1377.304731 1502.120907
55.945143647348196 -3.1923674678054352 NW 55.94535577938255 -3.192579599839791 1462.730908 1538.884705
55.94535577938255 -3.192579599839791 S 55.94505577938255 -3.192579599839791 1462.730908 1537.634705
55.94505577938255 -3.192579599839791 S 55.94475577938255 -3.192579599839791 1462.730908 1536.384705
55.94475577938255 -3.192579599839791 ESE 55.944640974352836 -3.1923024359800376 1462.730908 1535.134705
55.944640974352836 -3.1923024359800376 E 55.944640974352836 -3.1920024359800374 1462.730908 1533.884705
55.944640974352836 -3.1920024359800374 WNW 55.94475577938255 -3.192279599839791 1462.730908 1532.634705
55.94475577938255 -3.192279599839791 NE 55.9449679114169 -3.192067467805435 1462.730908 1531.384705
55.9449679114169 -3.192067467805435 WNW 55.94508271644661 -3.1923446316651884 1462.730908 1530.134705
55.94508271644661 -3.1923446316651884 N 55.945382716446616 -3.1923446316651884 1462.730908 1528.884705
55.945382716446616 -3.1923446316651884 WNW 55.94549752147633 -3.192621795524942 1462.730908 1527.634705
55.94549752147633 -3.192621795524942 SSE 55.94522035761657 -3.1925069904952323 1462.730908 1526.384705
55.94522035761657 -3.1925069904952323 WSW 55.94510555258686 -3.1927841543549857 1462.730908 1525.134705
55.94510555258686 -3.1927841543549857 NNW 55.945382716446616 -3.1928989593846953 1462.730908 1523.884705
55.945382716446616 -3.1928989593846953 NE 55.94559484848097 -3.1926868273503395 1462.730908 1522.634705
55.94559484848097 -3.1926868273503395 SSE 55.945317684621216 -3.19257202232063 1462.730908 1521.384705
55.945317684621216 -3.19257202232063 NW 55.94552981665557 -3.1927841543549857 1462.730908 1520.134705
