55.944425 -3.188396 ENE 55.94453980502971 -3.1881188361402466 0.000000 248.750000
55.94453980502971 -3.1881188361402466 ENE 55.94465461005942 -3.187841672280493 0.000000 247.500000
55.94465461005942 -3.187841672280493 ENE 55.944769415089134 -3.18756450842074 0.000000 246.250000
55.944769415089134 -3.18756450842074 ENE 55.944884220118844 -3.1872873445609864 0.000000 245.000000
55.944884220118844 -3.1872873445609864 ENE 55.944999025148554 -3.187010180701233 49.270928 256.824749
55.944999025148554 -3.187010180701233 ENE 55.945113830178265 -3.1867330168414796 0.000000 131.704170
55.945113830178265 -3.1867330168414796 ENE 55.945228635207975 -3.186455852981726 0.000000 130.454170
55.945228635207975 -3.186455852981726 ENE 55.945343440237686 -3.1861786891219728 0.000000 129.204170
55.945343440237686 -3.1861786891219728 ENE 55.945458245267396 -3.1859015252622194 0.000000 127.954170
55.945458245267396 -3.1859015252622194 S 55.94515824526739 -3.1859015252622194 113.887452 161.557950
55.94515824526739 -3.1859015252622194 S 55.94485824526739 -3.1859015252622194 220.206845 177.434411
55.94485824526739 -3.1859015252622194 S 55.94455824526739 -3.1859015252622194 235.925669 269.476424
55.94455824526739 -3.1859015252622194 SSE 55.94428108140763 -3.18578672023251 235.925669 268.226424
55.94428108140763 -3.18578672023251 S 55.94398108140763 -3.18578672023251 235.925669 266.976424
55.94398108140763 -3.18578672023251 SSE 55.94370391754787 -3.1856719152028004 235.925669 265.726424
55.94370391754787 -3.1856719152028004 S 55.94340391754787 -3.1856719152028004 313.140754 273.632146
55.94340391754787 -3.1856719152028004 SSE 55.94312675368811 -3.185557110173091 313.140754 272.382146
55.94312675368811 -3.185557110173091 NNE 55.94340391754787 -3.1854423051433813 348.280399 331.473396
55.94340391754787 -3.1854423051433813 NNE 55.943681081407625 -3.185327500113672 348.280399 330.223396
55.943681081407625 -3.185327500113672 NNE 55.94395824526738 -3.1852126950839623 348.280399 328.973396
55.94395824526738 -3.1852126950839623 NNE 55.94423540912714 -3.185097890054253 348.280399 327.723396
55.94423540912714 -3.185097890054253 NNE 55.944512572986895 -3.1849830850245433 348.280399 326.473396
55.944512572986895 -3.1849830850245433 NNE 55.94478973684665 -3.184868279994834 348.280399 325.223396
55.94478973684665 -3.184868279994834 NNE 55.94506690070641 -3.1847534749651243 348.280399 323.973396
55.94506690070641 -3.1847534749651243 WNW 55.94518170573612 -3.1850306388248777 381.073260 409.833400
55.94518170573612 -3.1850306388248777 WNW 55.94529651076583 -3.185307802684631 330.965659 290.053746
55.94529651076583 -3.185307802684631 W 55.94529651076583 -3.1856078026846313 330.965659 288.803746
55.94529651076583 -3.1856078026846313 WNW 55.94541131579554 -3.1858849665443847 330.965659 287.553746
55.94541131579554 -3.1858849665443847 W 55.94541131579554 -3.186184966544385 330.965659 286.303746
55.94541131579554 -3.186184966544385 WNW 55.94552612082525 -3.1864621304041383 330.965659 285.053746
55.94552612082525 -3.1864621304041383 W 55.94552612082525 -3.1867621304041385 240.307898 261.768047
55.94552612082525 -3.1867621304041385 WNW 55.94564092585496 -3.187039294263892 240.307898 260.518047
55.94564092585496 -3.187039294263892 W 55.94564092585496 -3.187339294263892 240.307898 259.268047
55.94564092585496 -3.187339294263892 WNW 55.94575573088467 -3.1876164581236455 240.307898 258.018047
55.94575573088467 -3.1876164581236455 SSE 55.945478567024914 -3.187501653093936 251.141881 339.337138
55.945478567024914 -3.187501653093936 S 55.94517856702491 -3.187501653093936 251.141881 338.087138
55.94517856702491 -3.187501653093936 SSE 55.944901403165154 -3.1873868480642265 251.141881 336.837138
55.944901403165154 -3.1873868480642265 S 55.94460140316515 -3.1873868480642265 251.141881 335.587138
55.94460140316515 -3.1873868480642265 SSE 55.944324239305395 -3.187272043034517 251.141881 334.337138
55.944324239305395 -3.187272043034517 S 55.94402423930539 -3.187272043034517 251.141881 333.087138
55.94402423930539 -3.187272043034517 SSE 55.943747075445636 -3.1871572380048074 251.141881 331.837138
55.943747075445636 -3.1871572380048074 S 55.94344707544563 -3.1871572380048074 246.315277 271.543865
55.94344707544563 -3.1871572380048074 SSE 55.943169911585876 -3.187042432975098 246.315277 270.293865
55.943169911585876 -3.187042432975098 S 55.94286991158587 -3.187042432975098 246.315277 269.043865
55.94286991158587 -3.187042432975098 NNE 55.94314707544563 -3.1869276279453884 270.341932 384.890590
55.94314707544563 -3.1869276279453884 NNE 55.943424239305386 -3.186812822915679 270.341932 383.640590
55.943424239305386 -3.186812822915679 N 55.94372423930539 -3.186812822915679 270.341932 382.390590
55.94372423930539 -3.186812822915679 NNE 55.944001403165146 -3.1866980178859694 270.341932 381.140590
55.944001403165146 -3.1866980178859694 WSW 55.943886598135435 -3.186975181745723 380.950902 451.302102
55.943886598135435 -3.186975181745723 WSW 55.943771793105725 -3.187252345605476 380.950902 450.052102
55.943771793105725 -3.187252345605476 WSW 55.943656988076015 -3.1875295094652296 380.950902 448.802102
55.943656988076015 -3.1875295094652296 WSW 55.943542183046304 -3.187806673324983 380.950902 447.552102
55.943542183046304 -3.187806673324983 WSW 55.943427378016594 -3.1880838371847364 380.950902 446.302102
55.943427378016594 -3.1880838371847364 WSW 55.94331257298688 -3.18836100104449 380.950902 445.052102
55.94331257298688 -3.18836100104449 WSW 55.94319776795717 -3.1886381649042432 380.950902 443.802102
55.94319776795717 -3.1886381649042432 W 55.94319776795717 -3.1889381649042434 380.950902 442.552102
55.94319776795717 -3.1889381649042434 WSW 55.94308296292746 -3.189215328763997 380.950902 441.302102
55.94308296292746 -3.189215328763997 W 55.94308296292746 -3.189515328763997 380.950902 440.052102
55.94308296292746 -3.189515328763997 WSW 55.94296815789775 -3.1897924926237504 380.950902 438.802102
55.94296815789775 -3.1897924926237504 W 55.94296815789775 -3.1900924926237506 335.555441 422.855480
55.94296815789775 -3.1900924926237506 WSW 55.94285335286804 -3.190369656483504 335.555441 421.605480
55.94285335286804 -3.190369656483504 W 55.94285335286804 -3.190669656483504 335.555441 420.355480
55.94285335286804 -3.190669656483504 WSW 55.94273854783833 -3.1909468203432576 335.555441 419.105480
55.94273854783833 -3.1909468203432576 ENE 55.94285335286804 -3.190669656483504 413.210859 501.347359
55.94285335286804 -3.190669656483504 ENE 55.94296815789775 -3.190392492623751 413.210859 500.097359
55.94296815789775 -3.190392492623751 ENE 55.94308296292746 -3.1901153287639974 413.210859 498.847359
55.94308296292746 -3.1901153287639974 ENE 55.94319776795717 -3.189838164904244 413.210859 497.597359
55.94319776795717 -3.189838164904244 ENE 55.94331257298688 -3.1895610010444906 413.210859 496.347359
55.94331257298688 -3.1895610010444906 ENE 55.943427378016594 -3.189283837184737 413.210859 495.097359
55.943427378016594 -3.189283837184737 ENE 55.943542183046304 -3.1890066733249838 469.849419 577.509401
55.943542183046304 -3.1890066733249838 ENE 55.943656988076015 -3.1887295094652304 469.849419 576.259401
55.943656988076015 -3.1887295094652304 ENE 55.943771793105725 -3.188452345605477 469.849419 575.009401
55.943771793105725 -3.188452345605477 NE 55.94398392514008 -3.188240213571121 469.849419 573.759401
55.94398392514008 -3.188240213571121 SW 55.943771793105725 -3.188452345605477 543.218806 649.838238
55.943771793105725 -3.188452345605477 SW 55.94355966107137 -3.1886644776398327 543.218806 648.588238
55.94355966107137 -3.1886644776398327 SW 55.94334752903701 -3.1888766096741885 543.218806 647.338238
55.94334752903701 -3.1888766096741885 SW 55.943135397002656 -3.1890887417085443 543.218806 646.088238
55.943135397002656 -3.1890887417085443 WSW 55.943020591972946 -3.1893659055682977 543.218806 644.838238
55.943020591972946 -3.1893659055682977 SW 55.94280845993859 -3.1895780376026535 543.218806 643.588238
55.94280845993859 -3.1895780376026535 WSW 55.94269365490888 -3.189855201462407 543.218806 642.338238
55.94269365490888 -3.189855201462407 NW 55.942905786943236 -3.1900673334967626 592.657239 710.920961
55.942905786943236 -3.1900673334967626 NW 55.94311791897759 -3.1902794655311184 592.657239 709.670961
55.94311791897759 -3.1902794655311184 NW 55.94333005101195 -3.190491597565474 592.657239 708.420961
55.94333005101195 -3.190491597565474 NW 55.943542183046304 -3.19070372959983 592.657239 707.170961
55.943542183046304 -3.19070372959983 NW 55.94375431508066 -3.1909158616341857 592.657239 705.920961
55.94375431508066 -3.1909158616341857 NW 55.94396644711502 -3.1911279936685415 592.657239 704.670961
55.94396644711502 -3.1911279936685415 NW 55.94417857914937 -3.1913401257028973 654.354750 724.785505
55.94417857914937 -3.1913401257028973 NW 55.94439071118373 -3.191552257737253 654.354750 723.535505
55.94439071118373 -3.191552257737253 ENE 55.94450551621344 -3.1912750938774996 746.449603 727.380669
55.94450551621344 -3.1912750938774996 E 55.94450551621344 -3.1909750938774994 746.449603 726.130669
55.94450551621344 -3.1909750938774994 ENE 55.94462032124315 -3.190697930017746 746.449603 724.880669
55.94462032124315 -3.190697930017746 E 55.94462032124315 -3.190397930017746 746.449603 723.630669
55.94462032124315 -3.190397930017746 W 55.94462032124315 -3.190697930017746 807.247329 758.898777
55.94462032124315 -3.190697930017746 W 55.94462032124315 -3.1909979300177462 807.247329 757.648777
55.94462032124315 -3.1909979300177462 W 55.94462032124315 -3.1912979300177464 807.247329 756.398777
55.94462032124315 -3.1912979300177464 WSW 55.94450551621344 -3.1915750938775 807.247329 755.148777
55.94450551621344 -3.1915750938775 E 55.94450551621344 -3.1912750938774996 807.247329 753.898777
55.94450551621344 -3.1912750938774996 E 55.94450551621344 -3.1909750938774994 807.247329 752.648777
55.94450551621344 -3.1909750938774994 E 55.94450551621344 -3.1906750938774993 807.247329 751.398777
55.94450551621344 -3.1906750938774993 ENE 55.94462032124315 -3.190397930017746 807.247329 750.148777
55.94462032124315 -3.190397930017746 E 55.94462032124315 -3.1900979300177457 807.247329 748.898777
55.94462032124315 -3.1900979300177457 ENE 55.94473512627286 -3.1898207661579923 818.024831 809.390999
55.94473512627286 -3.1898207661579923 E 55.94473512627286 -3.189520766157992 914.106905 842.726085
55.94473512627286 -3.189520766157992 ENE 55.94484993130257 -3.1892436022982387 914.106905 841.476085
55.94484993130257 -3.1892436022982387 E 55.94484993130257 -3.1889436022982385 914.106905 840.226085
55.94484993130257 -3.1889436022982385 ENE 55.94496473633228 -3.188666438438485 880.971756 764.526667
55.94496473633228 -3.188666438438485 E 55.94496473633228 -3.188366438438485 880.971756 763.276667
55.94496473633228 -3.188366438438485 ENE 55.94507954136199 -3.1880892745787315 880.971756 762.026667
55.94507954136199 -3.1880892745787315 E 55.94507954136199 -3.1877892745787313 880.971756 760.776667
55.94507954136199 -3.1877892745787313 ENE 55.9451943463917 -3.187512110718978 880.971756 759.526667
55.9451943463917 -3.187512110718978 E 55.9451943463917 -3.1872121107189777 880.971756 758.276667
55.9451943463917 -3.1872121107189777 ENE 55.94530915142141 -3.1869349468592243 880.971756 757.026667
55.94530915142141 -3.1869349468592243 E 55.94530915142141 -3.186634946859224 880.971756 755.776667
55.94530915142141 -3.186634946859224 ENE 55.94542395645112 -3.1863577829994707 880.971756 754.526667
55.94542395645112 -3.1863577829994707 E 55.94542395645112 -3.1860577829994705 880.971756 753.276667
55.94542395645112 -3.1860577829994705 ENE 55.94553876148083 -3.185780619139717 880.971756 752.026667
55.94553876148083 -3.185780619139717 E 55.94553876148083 -3.185480619139717 880.971756 750.776667
55.94553876148083 -3.185480619139717 ENE 55.94565356651054 -3.1852034552799635 880.971756 749.526667
55.94565356651054 -3.1852034552799635 E 55.94565356651054 -3.1849034552799633 880.971756 748.276667
55.94565356651054 -3.1849034552799633 ENE 55.945768371540254 -3.18462629142021 880.971756 747.026667
55.945768371540254 -3.18462629142021 W 55.945768371540254 -3.18492629142021 950.430270 861.861063
55.945768371540254 -3.18492629142021 W 55.945768371540254 -3.1852262914202103 950.430270 860.611063
55.945768371540254 -3.1852262914202103 W 55.945768371540254 -3.1855262914202105 950.430270 859.361063
55.945768371540254 -3.1855262914202105 WSW 55.94565356651054 -3.185803455279964 950.430270 858.111063
55.94565356651054 -3.185803455279964 W 55.94565356651054 -3.186103455279964 950.430270 856.861063
55.94565356651054 -3.186103455279964 WSW 55.94553876148083 -3.1863806191397175 870.123072 769.880466
55.94553876148083 -3.1863806191397175 W 55.94553876148083 -3.1866806191397177 870.123072 768.630466
55.94553876148083 -3.1866806191397177 WSW 55.94542395645112 -3.186957782999471 870.123072 767.380466
55.94542395645112 -3.186957782999471 W 55.94542395645112 -3.1872577829994713 870.123072 766.130466
55.94542395645112 -3.1872577829994713 WSW 55.94530915142141 -3.1875349468592247 870.123072 764.880466
55.94530915142141 -3.1875349468592247 W 55.94530915142141 -3.187834946859225 870.123072 763.630466
55.94530915142141 -3.187834946859225 WSW 55.9451943463917 -3.1881121107189783 870.123072 762.380466
55.9451943463917 -3.1881121107189783 W 55.9451943463917 -3.1884121107189785 870.123072 761.130466
55.9451943463917 -3.1884121107189785 WSW 55.94507954136199 -3.188689274578732 870.123072 759.880466
55.94507954136199 -3.188689274578732 W 55.94507954136199 -3.188989274578732 870.123072 758.630466
55.94507954136199 -3.188989274578732 WSW 55.94496473633228 -3.1892664384384855 870.123072 757.380466
55.94496473633228 -3.1892664384384855 W 55.94496473633228 -3.1895664384384856 870.123072 756.130466
55.94496473633228 -3.1895664384384856 WSW 55.94484993130257 -3.189843602298239 870.123072 754.880466
55.94484993130257 -3.189843602298239 W 55.94484993130257 -3.1901436022982392 870.123072 753.630466
55.94484993130257 -3.1901436022982392 WSW 55.94473512627286 -3.1904207661579926 870.123072 752.380466
55.94473512627286 -3.1904207661579926 W 55.94473512627286 -3.190720766157993 870.123072 751.130466
55.94473512627286 -3.190720766157993 WSW 55.94462032124315 -3.1909979300177462 870.123072 749.880466
55.94462032124315 -3.1909979300177462 W 55.94462032124315 -3.1912979300177464 870.123072 748.630466
55.94462032124315 -3.1912979300177464 WSW 55.94450551621344 -3.1915750938775 870.123072 747.380466
55.94450551621344 -3.1915750938775 NW 55.944717648247796 -3.1917872259118556 870.123072 746.130466
55.944717648247796 -3.1917872259118556 NW 55.94492978028215 -3.1919993579462114 959.281818 847.671270
55.94492978028215 -3.1919993579462114 NW 55.94514191231651 -3.192211489980567 959.281818 846.421270
55.94514191231651 -3.192211489980567 WNW 55.94525671734622 -3.1924886538403205 959.281818 845.171270
55.94525671734622 -3.1924886538403205 E 55.94525671734622 -3.1921886538403204 1044.707995 881.935068
55.94525671734622 -3.1921886538403204 E 55.94525671734622 -3.19188865384032 1044.707995 880.685068
55.94525671734622 -3.19188865384032 E 55.94525671734622 -3.19158865384032 1044.707995 879.435068
55.94525671734622 -3.19158865384032 E 55.94525671734622 -3.19128865384032 1044.707995 878.185068
55.94525671734622 -3.19128865384032 E 55.94525671734622 -3.1909886538403196 1108.637921 994.814677
55.94525671734622 -3.1909886538403196 E 55.94525671734622 -3.1906886538403194 1108.637921 993.564677
55.94525671734622 -3.1906886538403194 E 55.94525671734622 -3.190388653840319 1108.637921 992.314677
55.94525671734622 -3.190388653840319 ENE 55.94537152237593 -3.190111489980566 1224.410303 1077.121872
55.94537152237593 -3.190111489980566 E 55.94537152237593 -3.1898114899805656 1224.410303 1075.871872
55.94537152237593 -3.1898114899805656 ENE 55.94548632740564 -3.1895343261208122 1224.410303 1074.621872
55.94548632740564 -3.1895343261208122 E 55.94548632740564 -3.189234326120812 1224.410303 1073.371872
55.94548632740564 -3.189234326120812 ENE 55.94560113243535 -3.1889571622610586 1224.410303 1072.121872
55.94560113243535 -3.1889571622610586 NW 55.945813264469706 -3.1891692942954144 1246.303499 1171.860787
55.945813264469706 -3.1891692942954144 SW 55.94560113243535 -3.18938142632977 1326.933987 1286.457265
55.94560113243535 -3.18938142632977 WSW 55.94548632740564 -3.1896585901895236 1326.933987 1285.207265
55.94548632740564 -3.1896585901895236 SW 55.94527419537128 -3.1898707222238794 1326.933987 1283.957265
55.94527419537128 -3.1898707222238794 WSW 55.94515939034157 -3.1901478860836328 1326.933987 1282.707265
55.94515939034157 -3.1901478860836328 SW 55.94494725830722 -3.1903600181179885 1326.933987 1281.457265
55.94494725830722 -3.1903600181179885 WSW 55.944832453277506 -3.190637181977742 1326.933987 1280.207265
55.944832453277506 -3.190637181977742 SW 55.94462032124315 -3.1908493140120977 1326.933987 1278.957265
55.94462032124315 -3.1908493140120977 WSW 55.94450551621344 -3.191126477871851 1326.933987 1277.707265
55.94450551621344 -3.191126477871851 SW 55.94429338417908 -3.191338609906207 1326.933987 1276.457265
55.94429338417908 -3.191338609906207 WSW 55.94417857914937 -3.1916157737659603 1326.933987 1275.207265
55.94417857914937 -3.1916157737659603 E 55.94417857914937 -3.19131577376596 1342.589194 1314.720692
55.94417857914937 -3.19131577376596 E 55.94417857914937 -3.19101577376596 1342.589194 1313.470692
55.94417857914937 -3.19101577376596 E 55.94417857914937 -3.1907157737659597 1342.589194 1312.220692
55.94417857914937 -3.1907157737659597 E 55.94417857914937 -3.1904157737659595 1342.589194 1310.970692
55.94417857914937 -3.1904157737659595 E 55.94417857914937 -3.1901157737659593 1364.883308 1320.779256
55.94417857914937 -3.1901157737659593 E 55.94417857914937 -3.189815773765959 1364.883308 1319.529256
55.94417857914937 -3.189815773765959 E 55.94417857914937 -3.189515773765959 1364.883308 1318.279256
55.94417857914937 -3.189515773765959 E 55.94417857914937 -3.1892157737659588 1364.883308 1317.029256
55.94417857914937 -3.1892157737659588 E 55.94417857914937 -3.1889157737659586 1364.883308 1315.779256
55.94417857914937 -3.1889157737659586 E 55.94417857914937 -3.1886157737659584 1341.055586 1290.633321
55.94417857914937 -3.1886157737659584 E 55.94417857914937 -3.188315773765958 1341.055586 1289.383321
55.94417857914937 -3.188315773765958 E 55.94417857914937 -3.188015773765958 1341.055586 1288.133321
55.94417857914937 -3.188015773765958 E 55.94417857914937 -3.187715773765958 1315.113177 1276.714839
55.94417857914937 -3.187715773765958 E 55.94417857914937 -3.1874157737659576 1315.113177 1275.464839
55.94417857914937 -3.1874157737659576 E 55.94417857914937 -3.1871157737659574 1315.113177 1274.214839
55.94417857914937 -3.1871157737659574 E 55.94417857914937 -3.1868157737659573 1315.113177 1272.964839
55.94417857914937 -3.1868157737659573 E 55.94417857914937 -3.186515773765957 1315.113177 1271.714839
55.94417857914937 -3.186515773765957 E 55.94417857914937 -3.186215773765957 1315.113177 1270.464839
55.94417857914937 -3.186215773765957 E 55.94417857914937 -3.1859157737659567 1315.113177 1269.214839
55.94417857914937 -3.1859157737659567 E 55.94417857914937 -3.1856157737659565 1315.113177 1267.964839
55.94417857914937 -3.1856157737659565 ESE 55.94406377411966 -3.185338609906203 1315.113177 1266.714839
55.94406377411966 -3.185338609906203 E 55.94406377411966 -3.185038609906203 1315.113177 1265.464839
55.94406377411966 -3.185038609906203 ESE 55.94394896908995 -3.1847614460464495 1315.113177 1264.214839
55.94394896908995 -3.1847614460464495 W 55.94394896908995 -3.1850614460464497 1400.988975 1338.979556
55.94394896908995 -3.1850614460464497 W 55.94394896908995 -3.18536144604645 1400.988975 1337.729556
55.94394896908995 -3.18536144604645 W 55.94394896908995 -3.18566144604645 1400.988975 1336.479556
55.94394896908995 -3.18566144604645 W 55.94394896908995 -3.1859614460464503 1400.988975 1335.229556
55.94394896908995 -3.1859614460464503 W 55.94394896908995 -3.1862614460464505 1400.988975 1333.979556
55.94394896908995 -3.1862614460464505 W 55.94394896908995 -3.1865614460464506 1432.650678 1412.300921
55.94394896908995 -3.1865614460464506 W 55.94394896908995 -3.186861446046451 1432.650678 1411.050921
55.94394896908995 -3.186861446046451 W 55.94394896908995 -3.187161446046451 1432.650678 1409.800921
55.94394896908995 -3.187161446046451 W 55.94394896908995 -3.187461446046451 1432.650678 1408.550921
55.94394896908995 -3.187461446046451 W 55.94394896908995 -3.1877614460464514 1432.650678 1407.300921
55.94394896908995 -3.1877614460464514 W 55.94394896908995 -3.1880614460464516 1432.650678 1406.050921
55.94394896908995 -3.1880614460464516 W 55.94394896908995 -3.1883614460464518 1432.650678 1404.800921
55.94394896908995 -3.1883614460464518 W 55.94394896908995 -3.188661446046452 1432.650678 1403.550921
55.94394896908995 -3.188661446046452 W 55.94394896908995 -3.188961446046452 1432.650678 1402.300921
55.94394896908995 -3.188961446046452 W 55.94394896908995 -3.1892614460464523 1432.650678 1401.050921
55.94394896908995 -3.1892614460464523 W 55.94394896908995 -3.1895614460464525 1432.650678 1399.800921
55.94394896908995 -3.1895614460464525 W 55.94394896908995 -3.1898614460464527 1432.650678 1398.550921
55.94394896908995 -3.1898614460464527 W 55.94394896908995 -3.190161446046453 1432.650678 1397.300921
55.94394896908995 -3.190161446046453 W 55.94394896908995 -3.190461446046453 1432.650678 1396.050921
55.94394896908995 -3.190461446046453 W 55.94394896908995 -3.1907614460464533 1432.650678 1394.800921
55.94394896908995 -3.1907614460464533 W 55.94394896908995 -3.1910614460464535 1432.650678 1393.550921
55.94394896908995 -3.1910614460464535 W 55.94394896908995 -3.1913614460464537 1432.650678 1392.300921
55.94394896908995 -3.1913614460464537 WSW 55.94383416406024 -3.191638609906207 1476.964718 1396.664555
55.94383416406024 -3.191638609906207 W 55.94383416406024 -3.1919386099062073 1476.964718 1395.414555
55.94383416406024 -3.1919386099062073 NNW 55.94411132792 -3.1920534149359168 1476.964718 1394.164555
55.94411132792 -3.1920534149359168 WSW 55.94399652289029 -3.19233057879567 1476.964718 1392.914555
55.94399652289029 -3.19233057879567 NNW 55.944273686750044 -3.1924453838253797 1396.343919 1300.293346
55.944273686750044 -3.1924453838253797 ENE 55.944388491779755 -3.1921682199656263 1396.343919 1299.043346
55.944388491779755 -3.1921682199656263 ENE 55.944503296809465 -3.191891056105873 1396.343919 1297.793346
55.944503296809465 -3.191891056105873 SE 55.94429116477511 -3.191678924071517 1396.343919 1296.543346
55.94429116477511 -3.191678924071517 SE 55.94407903274075 -3.1914667920371613 1396.343919 1295.293346
55.94407903274075 -3.1914667920371613 NNE 55.94435619660051 -3.191351987007452 1396.343919 1294.043346
55.94435619660051 -3.191351987007452 N 55.94465619660051 -3.191351987007452 1396.343919 1292.793346
55.94465619660051 -3.191351987007452 WSW 55.9445413915708 -3.1916291508672052 1396.343919 1291.543346
55.9445413915708 -3.1916291508672052 W 55.9445413915708 -3.1919291508672054 1396.343919 1290.293346
55.9445413915708 -3.1919291508672054 WNW 55.94465619660051 -3.192206314726959 1396.343919 1289.043346
55.94465619660051 -3.192206314726959 NNE 55.94493336046027 -3.1920915096972493 1396.343919 1287.793346
55.94493336046027 -3.1920915096972493 W 55.94493336046027 -3.1923915096972495 1396.343919 1286.543346
55.94493336046027 -3.1923915096972495 NNW 55.945210524320025 -3.192506314726959 1396.343919 1285.293346
55.945210524320025 -3.192506314726959 NW 55.94542265635438 -3.1927184467613148 1396.343919 1284.043346
55.94542265635438 -3.1927184467613148 SE 55.945210524320025 -3.192506314726959 1396.343919 1282.793346
55.945210524320025 -3.192506314726959 NW 55.94542265635438 -3.1927184467613148 1396.343919 1281.543346
55.94542265635438 -3.1927184467613148 SE 55.945210524320025 -3.192506314726959 1396.343919 1280.293346
55.945210524320025 -3.192506314726959 SE 55.94499839228567 -3.1922941826926032 1396.343919 1279.043346
55.94499839228567 -3.1922941826926032 NW 55.945210524320025 -3.192506314726959 1396.343919 1277.793346
55.945210524320025 -3.192506314726959 NE 55.94542265635438 -3.1922941826926032 1396.343919 1276.543346
55.94542265635438 -3.1922941826926032 SE 55.945210524320025 -3.1920820506582475 1396.343919 1275.293346
55.945210524320025 -3.1920820506582475 ESE 55.945095719290315 -3.191804886798494 1396.343919 1274.043346
55.945095719290315 -3.191804886798494 SSE 55.94481855543056 -3.1916900817687845 1396.343919 1272.793346
55.94481855543056 -3.1916900817687845 NNW 55.945095719290315 -3.191804886798494 1396.343919 1271.543346
55.945095719290315 -3.191804886798494 N 55.94539571929032 -3.191804886798494 1396.343919 1270.293346
55.94539571929032 -3.191804886798494 WNW 55.94551052432003 -3.1920820506582475 1396.343919 1269.043346
55.94551052432003 -3.1920820506582475 N 55.94581052432003 -3.1920820506582475 1285.392214 1236.767955
55.94581052432003 -3.1920820506582475 S 55.94551052432003 -3.1920820506582475 1244.744546 1124.765905
55.94551052432003 -3.1920820506582475 SSE 55.94523336046027 -3.191967245628538 1244.744546 1123.515905
55.94523336046027 -3.191967245628538 S 55.94493336046027 -3.191967245628538 1244.744546 1122.265905
