55.944425 -3.188396 ENE 55.94453980502971 -3.1881188361402466 0.000000 248.750000
55.94453980502971 -3.1881188361402466 ENE 55.94465461005942 -3.187841672280493 0.000000 247.500000
55.94465461005942 -3.187841672280493 ENE 55.944769415089134 -3.18756450842074 0.000000 246.250000
55.944769415089134 -3.18756450842074 ENE 55.944884220118844 -3.1872873445609864 0.000000 245.000000
55.944884220118844 -3.1872873445609864 ENE 55.944999025148554 -3.187010180701233 49.270928 256.824749
55.944999025148554 -3.187010180701233 ENE 55.945113830178265 -3.1867330168414796 0.000000 131.704170
55.945113830178265 -3.1867330168414796 ENE 55.945228635207975 -3.186455852981726 0.000000 130.454170
55.945228635207975 -3.186455852981726 ENE 55.945343440237686 -3.1861786891219728 0.000000 129.204170
55.945343440237686 -3.1861786891219728 ENE 55.945458245267396 -3.1859015252622194 0.000000 127.954170
55.945458245267396 -3.1859015252622194 S 55.94515824526739 -3.1859015252622194 113.887452 161.557950
55.94515824526739 -3.1859015252622194 S 55.94485824526739 -3.1859015252622194 220.206845 177.434411
55.94485824526739 -3.1859015252622194 S 55.94455824526739 -3.1859015252622194 235.925669 269.476424
55.94455824526739 -3.1859015252622194 SSE 55.94428108140763 -3.18578672023251 235.925669 268.226424
55.94428108140763 -3.18578672023251 S 55.94398108140763 -3.18578672023251 235.925669 266.976424
55.94398108140763 -3.18578672023251 SSE 55.94370391754787 -3.1856719152028004 235.925669 265.726424
55.94370391754787 -3.1856719152028004 S 55.94340391754787 -3.1856719152028004 313.140754 273.632146
55.94340391754787 -3.1856719152028004 SSE 55.94312675368811 -3.185557110173091 313.140754 272.382146
55.94312675368811 -3.185557110173091 W 55.94312675368811 -3.185857110173091 348.280399 331.473396
55.94312675368811 -3.185857110173091 W 55.94312675368811 -3.1861571101730912 348.280399 330.223396
55.94312675368811 -3.1861571101730912 W 55.94312675368811 -3.1864571101730914 348.280399 328.973396
55.94312675368811 -3.1864571101730914 W 55.94312675368811 -3.1867571101730916 348.280399 327.723396
55.94312675368811 -3.1867571101730916 W 55.94312675368811 -3.187057110173092 348.280399 326.473396
55.94312675368811 -3.187057110173092 W 55.94312675368811 -3.187357110173092 348.280399 325.223396
55.94312675368811 -3.187357110173092 W 55.94312675368811 -3.187657110173092 348.280399 323.973396
55.94312675368811 -3.187657110173092 WNW 55.94324155871782 -3.1879342740328456 348.280399 322.723396
55.94324155871782 -3.1879342740328456 W 55.94324155871782 -3.1882342740328458 348.280399 321.473396
55.94324155871782 -3.1882342740328458 WNW 55.94335636374753 -3.188511437892599 348.280399 320.223396
55.94335636374753 -3.188511437892599 W 55.94335636374753 -3.1888114378925994 348.280399 318.973396
55.94335636374753 -3.1888114378925994 WNW 55.94347116877724 -3.1890886017523528 348.280399 317.723396
55.94347116877724 -3.1890886017523528 W 55.94347116877724 -3.189388601752353 404.918959 400.135438
55.94347116877724 -3.189388601752353 WNW 55.943585973806954 -3.1896657656121064 404.918959 398.885438
55.943585973806954 -3.1896657656121064 W 55.943585973806954 -3.1899657656121065 404.918959 397.635438
55.943585973806954 -3.1899657656121065 WNW 55.943700778836664 -3.19024292947186 404.918959 396.385438
55.943700778836664 -3.19024292947186 W 55.943700778836664 -3.19054292947186 404.918959 395.135438
55.943700778836664 -3.19054292947186 WNW 55.943815583866375 -3.1908200933316135 404.918959 393.885438
55.943815583866375 -3.1908200933316135 W 55.943815583866375 -3.1911200933316137 404.918959 392.635438
55.943815583866375 -3.1911200933316137 WNW 55.943930388896085 -3.191397257191367 466.616470 412.749982
55.943930388896085 -3.191397257191367 N 55.94423038889609 -3.191397257191367 510.930511 417.113616
55.94423038889609 -3.191397257191367 NNE 55.944507552755844 -3.1912824521616576 510.930511 415.863616
55.944507552755844 -3.1912824521616576 N 55.94480755275585 -3.1912824521616576 510.930511 414.613616
55.94480755275585 -3.1912824521616576 NNE 55.945084716615604 -3.191167647131948 510.930511 413.363616
55.945084716615604 -3.191167647131948 ESE 55.94496991158589 -3.1908904832721947 574.860437 529.993225
55.94496991158589 -3.1908904832721947 ESE 55.94485510655618 -3.1906133194124413 574.860437 528.743225
55.94485510655618 -3.1906133194124413 ESE 55.94474030152647 -3.190336155552688 574.860437 527.493225
55.94474030152647 -3.190336155552688 ESE 55.94462549649676 -3.1900589916929345 635.658163 562.761334
55.94462549649676 -3.1900589916929345 ESE 55.94451069146705 -3.189781827833181 646.435665 623.253555
55.94451069146705 -3.189781827833181 E 55.94451069146705 -3.189481827833181 742.517739 656.588641
55.94451069146705 -3.189481827833181 ESE 55.94439588643734 -3.1892046639734275 742.517739 655.338641
55.94439588643734 -3.1892046639734275 E 55.94439588643734 -3.1889046639734273 742.517739 654.088641
55.94439588643734 -3.1889046639734273 ESE 55.94428108140763 -3.188627500113674 718.690017 628.942707
55.94428108140763 -3.188627500113674 E 55.94428108140763 -3.1883275001136737 718.690017 627.692707
55.94428108140763 -3.1883275001136737 ESE 55.94416627637792 -3.1880503362539203 718.690017 626.442707
55.94416627637792 -3.1880503362539203 E 55.94416627637792 -3.18775033625392 692.747608 615.024225
55.94416627637792 -3.18775033625392 ESE 55.94405147134821 -3.1874731723941667 692.747608 613.774225
55.94405147134821 -3.1874731723941667 E 55.94405147134821 -3.1871731723941665 692.747608 612.524225
55.94405147134821 -3.1871731723941665 ESE 55.9439366663185 -3.186896008534413 692.747608 611.274225
55.9439366663185 -3.186896008534413 E 55.9439366663185 -3.186596008534413 692.747608 610.024225
55.9439366663185 -3.186596008534413 E 55.9439366663185 -3.1862960085344127 724.409312 688.345590
55.9439366663185 -3.1862960085344127 E 55.9439366663185 -3.1859960085344126 724.409312 687.095590
55.9439366663185 -3.1859960085344126 E 55.9439366663185 -3.1856960085344124 724.409312 685.845590
55.9439366663185 -3.1856960085344124 E 55.9439366663185 -3.185396008534412 724.409312 684.595590
55.9439366663185 -3.185396008534412 E 55.9439366663185 -3.185096008534412 724.409312 683.345590
55.9439366663185 -3.185096008534412 E 55.9439366663185 -3.184796008534412 724.409312 682.095590
55.9439366663185 -3.184796008534412 WNW 55.94405147134821 -3.185073172394165 810.285109 756.860307
55.94405147134821 -3.185073172394165 WNW 55.94416627637792 -3.1853503362539186 810.285109 755.610307
55.94416627637792 -3.1853503362539186 WNW 55.94428108140763 -3.185627500113672 810.285109 754.360307
55.94428108140763 -3.185627500113672 WNW 55.94439588643734 -3.1859046639734254 810.285109 753.110307
55.94439588643734 -3.1859046639734254 W 55.94439588643734 -3.1862046639734256 810.285109 751.860307
55.94439588643734 -3.1862046639734256 WNW 55.94451069146705 -3.186481827833179 810.285109 750.610307
55.94451069146705 -3.186481827833179 W 55.94451069146705 -3.186781827833179 805.838260 645.111374
55.94451069146705 -3.186781827833179 WNW 55.94462549649676 -3.1870589916929326 805.838260 643.861374
55.94462549649676 -3.1870589916929326 W 55.94462549649676 -3.187358991692933 805.838260 642.611374
55.94462549649676 -3.187358991692933 WNW 55.94474030152647 -3.187636155552686 805.838260 641.361374
55.94474030152647 -3.187636155552686 W 55.94474030152647 -3.1879361555526864 805.838260 640.111374
55.94474030152647 -3.1879361555526864 WNW 55.94485510655618 -3.18821331941244 805.838260 638.861374
55.94485510655618 -3.18821331941244 W 55.94485510655618 -3.18851331941244 805.838260 637.611374
55.94485510655618 -3.18851331941244 WNW 55.94496991158589 -3.1887904832721934 772.703110 561.911956
55.94496991158589 -3.1887904832721934 W 55.94496991158589 -3.1890904832721936 772.703110 560.661956
55.94496991158589 -3.1890904832721936 WNW 55.945084716615604 -3.189367647131947 772.703110 559.411956
55.945084716615604 -3.189367647131947 W 55.945084716615604 -3.189667647131947 772.703110 558.161956
55.945084716615604 -3.189667647131947 WNW 55.945199521645314 -3.1899448109917006 772.703110 556.911956
55.945199521645314 -3.1899448109917006 W 55.945199521645314 -3.1902448109917008 772.703110 555.661956
55.945199521645314 -3.1902448109917008 WSW 55.945084716615604 -3.190521974851454 888.475492 640.469151
55.945084716615604 -3.190521974851454 WSW 55.94496991158589 -3.1907991387112076 888.475492 639.219151
55.94496991158589 -3.1907991387112076 WSW 55.94485510655618 -3.191076302570961 888.475492 637.969151
55.94485510655618 -3.191076302570961 WSW 55.94474030152647 -3.1913534664307144 888.475492 636.719151
55.94474030152647 -3.1913534664307144 SW 55.944528169492116 -3.19156559846507 888.475492 635.469151
55.944528169492116 -3.19156559846507 W 55.944528169492116 -3.1918655984650703 980.570345 639.314315
55.944528169492116 -3.1918655984650703 ENE 55.94464297452183 -3.191588434605317 1069.729091 740.855120
55.94464297452183 -3.191588434605317 ENE 55.94475777955154 -3.1913112707455635 1069.729091 739.605120
55.94475777955154 -3.1913112707455635 ENE 55.94487258458125 -3.19103410688581 1069.729091 738.355120
55.94487258458125 -3.19103410688581 ENE 55.94498738961096 -3.1907569430260567 1069.729091 737.105120
55.94498738961096 -3.1907569430260567 ENE 55.94510219464067 -3.1904797791663033 1069.729091 735.855120
55.94510219464067 -3.1904797791663033 ENE 55.94521699967038 -3.19020261530655 1069.729091 734.605120
55.94521699967038 -3.19020261530655 ENE 55.94533180470009 -3.1899254514467965 1069.729091 733.355120
55.94533180470009 -3.1899254514467965 E 55.94533180470009 -3.1896254514467963 1069.729091 732.105120
55.94533180470009 -3.1896254514467963 ENE 55.9454466097298 -3.189348287587043 1069.729091 730.855120
55.9454466097298 -3.189348287587043 E 55.9454466097298 -3.1890482875870427 1069.729091 729.605120
55.9454466097298 -3.1890482875870427 ENE 55.94556141475951 -3.1887711237272893 1069.729091 728.355120
55.94556141475951 -3.1887711237272893 E 55.94556141475951 -3.188471123727289 1091.622288 828.094034
55.94556141475951 -3.188471123727289 ENE 55.94567621978922 -3.1881939598675357 1091.622288 826.844034
55.94567621978922 -3.1881939598675357 E 55.94567621978922 -3.1878939598675355 1091.622288 825.594034
55.94567621978922 -3.1878939598675355 ENE 55.94579102481893 -3.187616796007782 1091.622288 824.344034
55.94579102481893 -3.187616796007782 SW 55.945578892784575 -3.187828928042138 1102.456271 905.663125
55.945578892784575 -3.187828928042138 SW 55.94536676075022 -3.1880410600764937 1102.456271 904.413125
55.94536676075022 -3.1880410600764937 SW 55.94515462871586 -3.1882531921108495 1102.456271 903.163125
55.94515462871586 -3.1882531921108495 SW 55.944942496681506 -3.1884653241452052 1102.456271 901.913125
55.944942496681506 -3.1884653241452052 SW 55.94473036464715 -3.188677456179561 1102.456271 900.663125
55.94473036464715 -3.188677456179561 SW 55.94451823261279 -3.1888895882139168 1102.456271 899.413125
55.94451823261279 -3.1888895882139168 SW 55.94430610057844 -3.1891017202482725 1102.456271 898.163125
55.94430610057844 -3.1891017202482725 SW 55.94409396854408 -3.1893138522826283 1102.456271 896.913125
55.94409396854408 -3.1893138522826283 SW 55.943881836509725 -3.189525984316984 1102.456271 895.663125
55.943881836509725 -3.189525984316984 SW 55.94366970447537 -3.18973811635134 1102.456271 894.413125
55.94366970447537 -3.18973811635134 SW 55.94345757244101 -3.1899502483856956 1102.456271 893.163125
55.94345757244101 -3.1899502483856956 WSW 55.9433427674113 -3.190227412245449 1102.456271 891.913125
55.9433427674113 -3.190227412245449 SW 55.943130635376946 -3.190439544279805 1102.456271 890.663125
55.943130635376946 -3.190439544279805 WSW 55.943015830347235 -3.190716708139558 1102.456271 889.413125
55.943015830347235 -3.190716708139558 SW 55.94280369831288 -3.190928840173914 1102.456271 888.163125
55.94280369831288 -3.190928840173914 ENE 55.94291850334259 -3.1906516763141606 1180.111689 970.405004
55.94291850334259 -3.1906516763141606 ENE 55.9430333083723 -3.190374512454407 1180.111689 969.155004
55.9430333083723 -3.190374512454407 ENE 55.94314811340201 -3.1900973485946538 1180.111689 967.905004
55.94314811340201 -3.1900973485946538 ENE 55.94326291843172 -3.1898201847349004 1134.716228 951.958383
55.94326291843172 -3.1898201847349004 ENE 55.94337772346143 -3.189543020875147 1134.716228 950.708383
55.94337772346143 -3.189543020875147 ENE 55.94349252849114 -3.1892658570153936 1134.716228 949.458383
55.94349252849114 -3.1892658570153936 ENE 55.94360733352085 -3.18898869315564 1134.716228 948.208383
55.94360733352085 -3.18898869315564 ENE 55.94372213855056 -3.1887115292958867 1134.716228 946.958383
55.94372213855056 -3.1887115292958867 ENE 55.94383694358027 -3.1884343654361333 1134.716228 945.708383
55.94383694358027 -3.1884343654361333 ENE 55.94395174860998 -3.18815720157638 1134.716228 944.458383
55.94395174860998 -3.18815720157638 NNW 55.94422891246974 -3.1882720066060894 1208.085615 1020.537220
55.94422891246974 -3.1882720066060894 NNW 55.944506076329496 -3.188386811635799 1208.085615 1019.287220
55.944506076329496 -3.188386811635799 NNW 55.94478324018925 -3.1885016166655085 1208.085615 1018.037220
55.94478324018925 -3.1885016166655085 NNW 55.94506040404901 -3.188616421695218 1208.085615 1016.787220
55.94506040404901 -3.188616421695218 NW 55.945272536083365 -3.1888285537295737 1208.085615 1015.537220
55.945272536083365 -3.1888285537295737 NNW 55.94554969994312 -3.1889433587592833 1208.085615 1014.287220
55.94554969994312 -3.1889433587592833 W 55.94554969994312 -3.1892433587592834 1208.085615 1013.037220
55.94554969994312 -3.1892433587592834 W 55.94554969994312 -3.1895433587592836 1288.716103 1127.633697
55.94554969994312 -3.1895433587592836 W 55.94554969994312 -3.189843358759284 1288.716103 1126.383697
55.94554969994312 -3.189843358759284 W 55.94554969994312 -3.190143358759284 1288.716103 1125.133697
55.94554969994312 -3.190143358759284 W 55.94554969994312 -3.190443358759284 1288.716103 1123.883697
55.94554969994312 -3.190443358759284 W 55.94554969994312 -3.1907433587592844 1288.716103 1122.633697
55.94554969994312 -3.1907433587592844 W 55.94554969994312 -3.1910433587592846 1288.716103 1121.383697
55.94554969994312 -3.1910433587592846 W 55.94554969994312 -3.1913433587592848 1288.716103 1120.133697
55.94554969994312 -3.1913433587592848 WSW 55.94543489491341 -3.191620522619038 1288.716103 1118.883697
55.94543489491341 -3.191620522619038 W 55.94543489491341 -3.1919205226190384 1288.716103 1117.633697
55.94543489491341 -3.1919205226190384 WSW 55.9453200898837 -3.1921976864787918 1177.764399 1085.358306
55.9453200898837 -3.1921976864787918 W 55.9453200898837 -3.192497686478792 1177.764399 1084.108306
55.9453200898837 -3.192497686478792 E 55.9453200898837 -3.1921976864787918 1263.190575 1120.872103
55.9453200898837 -3.1921976864787918 E 55.9453200898837 -3.1918976864787916 1263.190575 1119.622103
55.9453200898837 -3.1918976864787916 E 55.9453200898837 -3.1915976864787914 1263.190575 1118.372103
55.9453200898837 -3.1915976864787914 E 55.9453200898837 -3.191297686478791 1263.190575 1117.122103
55.9453200898837 -3.191297686478791 E 55.9453200898837 -3.190997686478791 1263.190575 1115.872103
55.9453200898837 -3.190997686478791 E 55.9453200898837 -3.190697686478791 1263.190575 1114.622103
55.9453200898837 -3.190697686478791 E 55.9453200898837 -3.1903976864787906 1263.190575 1113.372103
55.9453200898837 -3.1903976864787906 E 55.9453200898837 -3.1900976864787904 1263.190575 1112.122103
55.9453200898837 -3.1900976864787904 E 55.9453200898837 -3.1897976864787903 1263.190575 1110.872103
55.9453200898837 -3.1897976864787903 E 55.9453200898837 -3.18949768647879 1263.190575 1109.622103
55.9453200898837 -3.18949768647879 E 55.9453200898837 -3.18919768647879 1263.190575 1108.372103
55.9453200898837 -3.18919768647879 E 55.9453200898837 -3.1888976864787897 1263.190575 1107.122103
55.9453200898837 -3.1888976864787897 E 55.9453200898837 -3.1885976864787895 1263.190575 1105.872103
55.9453200898837 -3.1885976864787895 E 55.9453200898837 -3.1882976864787893 1263.190575 1104.622103
55.9453200898837 -3.1882976864787893 E 55.9453200898837 -3.187997686478789 1263.190575 1103.372103
55.9453200898837 -3.187997686478789 E 55.9453200898837 -3.187697686478789 1263.190575 1102.122103
55.9453200898837 -3.187697686478789 E 55.9453200898837 -3.1873976864787887 1263.190575 1100.872103
55.9453200898837 -3.1873976864787887 E 55.9453200898837 -3.1870976864787885 1263.190575 1099.622103
55.9453200898837 -3.1870976864787885 E 55.9453200898837 -3.1867976864787884 1263.190575 1098.372103
55.9453200898837 -3.1867976864787884 ENE 55.94543489491341 -3.186520522619035 1263.190575 1097.122103
55.94543489491341 -3.186520522619035 E 55.94543489491341 -3.1862205226190348 1172.532815 1073.836405
55.94543489491341 -3.1862205226190348 ENE 55.94554969994312 -3.1859433587592814 1172.532815 1072.586405
55.94554969994312 -3.1859433587592814 E 55.94554969994312 -3.185643358759281 1172.532815 1071.336405
55.94554969994312 -3.185643358759281 ENE 55.94566450497283 -3.1853661948995278 1172.532815 1070.086405
55.94566450497283 -3.1853661948995278 E 55.94566450497283 -3.1850661948995276 1172.532815 1068.836405
55.94566450497283 -3.1850661948995276 ENE 55.94577931000254 -3.184789031039774 1172.532815 1067.586405
55.94577931000254 -3.184789031039774 E 55.94577931000254 -3.184489031039774 1172.532815 1066.336405
55.94577931000254 -3.184489031039774 WSW 55.94566450497283 -3.1847661948995274 1241.991329 1181.170801
55.94566450497283 -3.1847661948995274 WSW 55.94554969994312 -3.185043358759281 1241.991329 1179.920801
55.94554969994312 -3.185043358759281 WSW 55.94543489491341 -3.185320522619034 1241.991329 1178.670801
55.94543489491341 -3.185320522619034 WSW 55.9453200898837 -3.1855976864787876 1241.991329 1177.420801
55.9453200898837 -3.1855976864787876 WSW 55.94520528485399 -3.185874850338541 1241.991329 1176.170801
55.94520528485399 -3.185874850338541 WSW 55.94509047982428 -3.1861520141982944 1241.991329 1174.920801
55.94509047982428 -3.1861520141982944 WSW 55.94497567479457 -3.186429178058048 1241.991329 1173.670801
55.94497567479457 -3.186429178058048 SW 55.944763542760214 -3.1866413100924036 1241.991329 1172.420801
55.944763542760214 -3.1866413100924036 WSW 55.9446487377305 -3.186918473952157 1241.991329 1171.170801
55.9446487377305 -3.186918473952157 SW 55.94443660569615 -3.1871306059865128 1241.991329 1169.920801
55.94443660569615 -3.1871306059865128 WSW 55.94432180066644 -3.187407769846266 1241.991329 1168.670801
55.94432180066644 -3.187407769846266 SW 55.94410966863208 -3.187619901880622 1241.991329 1167.420801
55.94410966863208 -3.187619901880622 WSW 55.94399486360237 -3.1878970657403753 1241.991329 1166.170801
55.94399486360237 -3.1878970657403753 SW 55.943782731568014 -3.188109197774731 1241.991329 1164.920801
55.943782731568014 -3.188109197774731 WSW 55.9436679265383 -3.1883863616344845 1241.991329 1163.670801
55.9436679265383 -3.1883863616344845 SW 55.94345579450395 -3.1885984936688403 1241.991329 1162.420801
55.94345579450395 -3.1885984936688403 WSW 55.94334098947424 -3.1888756575285937 1241.991329 1161.170801
55.94334098947424 -3.1888756575285937 SW 55.94312885743988 -3.1890877895629495 1241.991329 1159.920801
55.94312885743988 -3.1890877895629495 WSW 55.94301405241017 -3.189364953422703 1241.991329 1158.670801
55.94301405241017 -3.189364953422703 SW 55.942801920375814 -3.1895770854570586 1241.991329 1157.420801
55.942801920375814 -3.1895770854570586 WSW 55.942687115346104 -3.189854249316812 1241.991329 1156.170801
55.942687115346104 -3.189854249316812 ENE 55.942801920375814 -3.1895770854570586 1291.429762 1224.753524
55.942801920375814 -3.1895770854570586 ENE 55.942916725405524 -3.1892999215973052 1291.429762 1223.503524
55.942916725405524 -3.1892999215973052 ENE 55.943031530435235 -3.189022757737552 1291.429762 1222.253524
55.943031530435235 -3.189022757737552 ENE 55.943146335464945 -3.1887455938777984 1291.429762 1221.003524
55.943146335464945 -3.1887455938777984 ENE 55.943261140494656 -3.188468430018045 1291.429762 1219.753524
55.943261140494656 -3.188468430018045 ENE 55.943375945524366 -3.1881912661582916 1291.429762 1218.503524
55.943375945524366 -3.1881912661582916 ENE 55.943490750554076 -3.187914102298538 1291.429762 1217.253524
55.943490750554076 -3.187914102298538 ENE 55.94360555558379 -3.187636938438785 1291.429762 1216.003524
55.94360555558379 -3.187636938438785 ENE 55.9437203606135 -3.1873597745790314 1291.429762 1214.753524
55.9437203606135 -3.1873597745790314 ENE 55.94383516564321 -3.187082610719278 1291.429762 1213.503524
55.94383516564321 -3.187082610719278 ENE 55.94394997067292 -3.1868054468595246 1291.429762 1212.253524
55.94394997067292 -3.1868054468595246 ENE 55.94406477570263 -3.186528282999771 1291.429762 1211.003524
55.94406477570263 -3.186528282999771 ENE 55.94417958073234 -3.186251119140018 1402.038731 1281.165035
55.94417958073234 -3.186251119140018 ENE 55.94429438576205 -3.1859739552802644 1402.038731 1279.915035
55.94429438576205 -3.1859739552802644 ENE 55.94440919079176 -3.185696791420511 1402.038731 1278.665035
55.94440919079176 -3.185696791420511 NE 55.944621322826116 -3.185484659386155 1402.038731 1277.415035
55.944621322826116 -3.185484659386155 ENE 55.944736127855826 -3.185207495526402 1402.038731 1276.165035
55.944736127855826 -3.185207495526402 NE 55.94494825989018 -3.184995363492046 1402.038731 1274.915035
55.94494825989018 -3.184995363492046 SW 55.944736127855826 -3.185207495526402 1434.831592 1360.775038
55.944736127855826 -3.185207495526402 SW 55.94452399582147 -3.1854196275607576 1434.831592 1359.525038
55.94452399582147 -3.1854196275607576 SW 55.944311863787114 -3.1856317595951134 1434.831592 1358.275038
55.944311863787114 -3.1856317595951134 SW 55.94409973175276 -3.185843891629469 1434.831592 1357.025038
55.94409973175276 -3.185843891629469 SW 55.9438875997184 -3.186056023663825 1434.831592 1355.775038
55.9438875997184 -3.186056023663825 SW 55.943675467684045 -3.1862681556981807 1434.831592 1354.525038
55.943675467684045 -3.1862681556981807 SW 55.94346333564969 -3.1864802877325364 1434.831592 1353.275038
55.94346333564969 -3.1864802877325364 SSW 55.94318617178993 -3.186595092762246 1434.831592 1352.025038
55.94318617178993 -3.186595092762246 SW 55.942974039755576 -3.1868072247966017 1434.831592 1350.775038
55.942974039755576 -3.1868072247966017 SSW 55.94269687589582 -3.1869220298263112 1434.831592 1349.525038
55.94269687589582 -3.1869220298263112 SW 55.94248474386146 -3.187134161860667 1458.858247 1465.371764
55.94248474386146 -3.187134161860667 WNW 55.942599548891174 -3.1874113257204204 1458.858247 1464.121764
55.942599548891174 -3.1874113257204204 WNW 55.942714353920884 -3.187688489580174 1458.858247 1462.871764
55.942714353920884 -3.187688489580174 WNW 55.942829158950595 -3.187965653439927 1458.858247 1461.621764
55.942829158950595 -3.187965653439927 WNW 55.942943963980305 -3.1882428172996806 1458.858247 1460.371764
55.942943963980305 -3.1882428172996806 WNW 55.943058769010015 -3.188519981159434 1458.858247 1459.121764
55.943058769010015 -3.188519981159434 WNW 55.943173574039726 -3.1887971450191874 1458.858247 1457.871764
55.943173574039726 -3.1887971450191874 WNW 55.943288379069436 -3.189074308878941 1458.858247 1456.621764
55.943288379069436 -3.189074308878941 WNW 55.94340318409915 -3.1893514727386942 1458.858247 1455.371764
55.94340318409915 -3.1893514727386942 WNW 55.94351798912886 -3.1896286365984476 1458.858247 1454.121764
55.94351798912886 -3.1896286365984476 WNW 55.94363279415857 -3.189905800458201 1458.858247 1452.871764
55.94363279415857 -3.189905800458201 WNW 55.94374759918828 -3.1901829643179545 1458.858247 1451.621764
55.94374759918828 -3.1901829643179545 W 55.94374759918828 -3.1904829643179546 1458.858247 1450.371764
55.94374759918828 -3.1904829643179546 WNW 55.94386240421799 -3.190760128177708 1458.858247 1449.121764
55.94386240421799 -3.190760128177708 W 55.94386240421799 -3.1910601281777082 1458.858247 1447.871764
55.94386240421799 -3.1910601281777082 WNW 55.9439772092477 -3.1913372920374616 1458.858247 1446.621764
55.9439772092477 -3.1913372920374616 W 55.9439772092477 -3.191637292037462 1458.858247 1445.371764
55.9439772092477 -3.191637292037462 NW 55.944189341282055 -3.1918494240718176 1474.513454 1484.885191
55.944189341282055 -3.1918494240718176 E 55.944189341282055 -3.1915494240718174 1474.513454 1483.635191
55.944189341282055 -3.1915494240718174 E 55.944189341282055 -3.191249424071817 1474.513454 1482.385191
55.944189341282055 -3.191249424071817 ESE 55.944074536252344 -3.190972260212064 1474.513454 1481.135191
55.944074536252344 -3.190972260212064 E 55.944074536252344 -3.1906722602120636 1474.513454 1479.885191
55.944074536252344 -3.1906722602120636 ESE 55.943959731222634 -3.1903950963523102 1496.807568 1489.693755
55.943959731222634 -3.1903950963523102 SSE 55.94368256736288 -3.1902802913226007 1496.807568 1488.443755
55.94368256736288 -3.1902802913226007 ESE 55.94356776233317 -3.1900031274628473 1496.807568 1487.193755
55.94356776233317 -3.1900031274628473 S 55.943267762333164 -3.1900031274628473 1496.807568 1485.943755
55.943267762333164 -3.1900031274628473 E 55.943267762333164 -3.189703127462847 1496.807568 1484.693755
55.943267762333164 -3.189703127462847 NE 55.94347989436752 -3.1894909954284913 1496.807568 1483.443755
