55.944425 -3.188396 ENE 55.94453980502971 -3.1881188361402466 0.000000 248.750000
55.94453980502971 -3.1881188361402466 ENE 55.94465461005942 -3.187841672280493 0.000000 247.500000
55.94465461005942 -3.187841672280493 ENE 55.944769415089134 -3.18756450842074 0.000000 246.250000
55.944769415089134 -3.18756450842074 ENE 55.944884220118844 -3.1872873445609864 0.000000 245.000000
55.944884220118844 -3.1872873445609864 ENE 55.944999025148554 -3.187010180701233 49.270928 256.824749
55.944999025148554 -3.187010180701233 ENE 55.945113830178265 -3.1867330168414796 0.000000 131.704170
55.945113830178265 -3.1867330168414796 ENE 55.945228635207975 -3.186455852981726 0.000000 130.454170
55.945228635207975 -3.186455852981726 ENE 55.945343440237686 -3.1861786891219728 0.000000 129.204170
55.945343440237686 -3.1861786891219728 ENE 55.945458245267396 -3.1859015252622194 0.000000 127.954170
55.945458245267396 -3.1859015252622194 S 55.94515824526739 -3.1859015252622194 113.887452 161.557950
55.94515824526739 -3.1859015252622194 S 55.94485824526739 -3.1859015252622194 220.206845 177.434411
55.94485824526739 -3.1859015252622194 S 55.94455824526739 -3.1859015252622194 235.925669 269.476424
55.94455824526739 -3.1859015252622194 SSE 55.94428108140763 -3.18578672023251 235.925669 268.226424
55.94428108140763 -3.18578672023251 S 55.94398108140763 -3.18578672023251 235.925669 266.976424
55.94398108140763 -3.18578672023251 SSE 55.94370391754787 -3.1856719152028004 235.925669 265.726424
55.94370391754787 -3.1856719152028004 S 55.94340391754787 -3.1856719152028004 313.140754 273.632146
55.94340391754787 -3.1856719152028004 SSE 55.94312675368811 -3.185557110173091 313.140754 272.382146
55.94312675368811 -3.185557110173091 NW 55.94333888572247 -3.1857692422074466 348.280399 331.473396
55.94333888572247 -3.1857692422074466 NW 55.943551017756825 -3.1859813742418024 348.280399 330.223396
55.943551017756825 -3.1859813742418024 NW 55.94376314979118 -3.186193506276158 348.280399 328.973396
55.94376314979118 -3.186193506276158 NW 55.94397528182554 -3.186405638310514 379.942102 407.294762
55.94397528182554 -3.186405638310514 NW 55.94418741385989 -3.1866177703448697 379.942102 406.044762
55.94418741385989 -3.1866177703448697 WNW 55.944302218889604 -3.186894934204623 490.551071 476.206273
55.944302218889604 -3.186894934204623 NW 55.94451435092396 -3.187107066238979 490.551071 474.956273
55.94451435092396 -3.187107066238979 WNW 55.94462915595367 -3.1873842300987323 490.551071 473.706273
55.94462915595367 -3.1873842300987323 NW 55.94484128798803 -3.187596362133088 490.551071 472.456273
55.94484128798803 -3.187596362133088 WNW 55.94495609301774 -3.1878735259928415 490.551071 471.206273
55.94495609301774 -3.1878735259928415 NW 55.94516822505209 -3.1880856580271972 490.551071 469.956273
55.94516822505209 -3.1880856580271972 WNW 55.945283030081804 -3.1883628218869506 490.551071 468.706273
55.945283030081804 -3.1883628218869506 NW 55.94549516211616 -3.1885749539213064 490.551071 467.456273
55.94549516211616 -3.1885749539213064 WNW 55.94560996714587 -3.18885211778106 490.551071 466.206273
55.94560996714587 -3.18885211778106 SSE 55.945332803286114 -3.1887373127513503 512.444268 565.945188
55.945332803286114 -3.1887373127513503 SSE 55.94505563942636 -3.188622507721641 512.444268 564.695188
55.94505563942636 -3.188622507721641 SSE 55.9447784755666 -3.1885077026919313 479.309119 488.995770
55.9447784755666 -3.1885077026919313 SSE 55.944501311706844 -3.188392897662222 479.309119 487.745770
55.944501311706844 -3.188392897662222 SSE 55.94422414784709 -3.1882780926325123 479.309119 486.495770
55.94422414784709 -3.1882780926325123 SE 55.94401201581273 -3.1880659605981565 479.309119 485.245770
55.94401201581273 -3.1880659605981565 WNW 55.94412682084244 -3.18834312445791 552.678506 561.324607
55.94412682084244 -3.18834312445791 WNW 55.94424162587215 -3.1886202883176633 552.678506 560.074607
55.94424162587215 -3.1886202883176633 WNW 55.94435643090186 -3.1888974521774167 528.850784 534.928672
55.94435643090186 -3.1888974521774167 WNW 55.94447123593157 -3.18917461603717 528.850784 533.678672
55.94447123593157 -3.18917461603717 WNW 55.94458604096128 -3.1894517798969235 528.850784 532.428672
55.94458604096128 -3.1894517798969235 WNW 55.944700845990994 -3.189728943756677 528.850784 531.178672
55.944700845990994 -3.189728943756677 WNW 55.944815651020704 -3.1900061076164303 624.932858 564.513758
55.944815651020704 -3.1900061076164303 W 55.944815651020704 -3.1903061076164305 624.932858 563.263758
55.944815651020704 -3.1903061076164305 WNW 55.944930456050415 -3.190583271476184 685.730583 598.531866
55.944930456050415 -3.190583271476184 W 55.944930456050415 -3.190883271476184 685.730583 597.281866
55.944930456050415 -3.190883271476184 WNW 55.945045261080125 -3.1911604353359375 685.730583 596.031866
55.945045261080125 -3.1911604353359375 W 55.945045261080125 -3.1914604353359377 749.660510 712.661476
55.945045261080125 -3.1914604353359377 WNW 55.945160066109835 -3.191737599195691 749.660510 711.411476
55.945160066109835 -3.191737599195691 W 55.945160066109835 -3.1920375991956913 749.660510 710.161476
55.945160066109835 -3.1920375991956913 WNW 55.945274871139546 -3.1923147630554447 749.660510 708.911476
55.945274871139546 -3.1923147630554447 ESE 55.945160066109835 -3.1920375991956913 835.086687 745.675273
55.945160066109835 -3.1920375991956913 ESE 55.945045261080125 -3.191760435335938 835.086687 744.425273
55.945045261080125 -3.191760435335938 ESE 55.944930456050415 -3.1914832714761845 835.086687 743.175273
55.944930456050415 -3.1914832714761845 ESE 55.944815651020704 -3.191206107616431 835.086687 741.925273
55.944815651020704 -3.191206107616431 ESE 55.944700845990994 -3.1909289437566777 835.086687 740.675273
55.944700845990994 -3.1909289437566777 E 55.944700845990994 -3.1906289437566775 835.086687 739.425273
55.944700845990994 -3.1906289437566775 ESE 55.94458604096128 -3.190351779896924 835.086687 738.175273
55.94458604096128 -3.190351779896924 E 55.94458604096128 -3.190051779896924 835.086687 736.925273
55.94458604096128 -3.190051779896924 SW 55.94437390892693 -3.1902639119312797 845.864189 797.417495
55.94437390892693 -3.1902639119312797 WSW 55.94425910389722 -3.190541075791033 845.864189 796.167495
55.94425910389722 -3.190541075791033 SW 55.94404697186286 -3.190753207825389 845.864189 794.917495
55.94404697186286 -3.190753207825389 WSW 55.94393216683315 -3.1910303716851423 845.864189 793.667495
55.94393216683315 -3.1910303716851423 SW 55.943720034798794 -3.191242503719498 845.864189 792.417495
55.943720034798794 -3.191242503719498 ESE 55.943605229769084 -3.1909653398597446 907.561700 812.532040
55.943605229769084 -3.1909653398597446 ESE 55.94349042473937 -3.190688175999991 907.561700 811.282040
55.94349042473937 -3.190688175999991 ESE 55.94337561970966 -3.190411012140238 907.561700 810.032040
55.94337561970966 -3.190411012140238 ESE 55.94326081467995 -3.1901338482804844 907.561700 808.782040
55.94326081467995 -3.1901338482804844 E 55.94326081467995 -3.189833848280484 907.561700 807.532040
55.94326081467995 -3.189833848280484 ESE 55.94314600965024 -3.189556684420731 862.166240 791.585418
55.94314600965024 -3.189556684420731 E 55.94314600965024 -3.1892566844207306 862.166240 790.335418
55.94314600965024 -3.1892566844207306 ESE 55.94303120462053 -3.188979520560977 862.166240 789.085418
55.94303120462053 -3.188979520560977 E 55.94303120462053 -3.188679520560977 862.166240 787.835418
55.94303120462053 -3.188679520560977 ESE 55.94291639959082 -3.1884023567012236 862.166240 786.585418
55.94291639959082 -3.1884023567012236 E 55.94291639959082 -3.1881023567012234 862.166240 785.335418
55.94291639959082 -3.1881023567012234 ESE 55.94280159456111 -3.18782519284147 862.166240 784.085418
55.94280159456111 -3.18782519284147 E 55.94280159456111 -3.18752519284147 862.166240 782.835418
55.94280159456111 -3.18752519284147 ESE 55.9426867895314 -3.1872480289817164 862.166240 781.585418
55.9426867895314 -3.1872480289817164 E 55.9426867895314 -3.1869480289817163 862.166240 780.335418
55.9426867895314 -3.1869480289817163 NW 55.94289892156576 -3.187160161016072 886.192895 896.182144
55.94289892156576 -3.187160161016072 NW 55.94311105360011 -3.187372293050428 886.192895 894.932144
55.94311105360011 -3.187372293050428 NW 55.94332318563447 -3.1875844250847836 886.192895 893.682144
55.94332318563447 -3.1875844250847836 NW 55.943535317668825 -3.1877965571191393 886.192895 892.432144
55.943535317668825 -3.1877965571191393 NW 55.94374744970318 -3.188008689153495 886.192895 891.182144
55.94374744970318 -3.188008689153495 WNW 55.94386225473289 -3.1882858530132485 886.192895 889.932144
55.94386225473289 -3.1882858530132485 NW 55.94407438676725 -3.1884979850476043 886.192895 888.682144
55.94407438676725 -3.1884979850476043 WNW 55.94418919179696 -3.1887751489073577 886.192895 887.432144
55.94418919179696 -3.1887751489073577 NW 55.944401323831315 -3.1889872809417135 886.192895 886.182144
55.944401323831315 -3.1889872809417135 WNW 55.944516128861025 -3.189264444801467 886.192895 884.932144
55.944516128861025 -3.189264444801467 NW 55.94472826089538 -3.1894765768358226 886.192895 883.682144
55.94472826089538 -3.1894765768358226 WNW 55.94484306592509 -3.189753740695576 886.192895 882.432144
55.94484306592509 -3.189753740695576 NW 55.94505519795945 -3.189965872729932 886.192895 881.182144
55.94505519795945 -3.189965872729932 WNW 55.94517000298916 -3.190243036589685 886.192895 879.932144
55.94517000298916 -3.190243036589685 SSW 55.9448928391294 -3.1903578416193947 1001.965276 964.739339
55.9448928391294 -3.1903578416193947 SSW 55.944615675269645 -3.1904726466491042 1001.965276 963.489339
55.944615675269645 -3.1904726466491042 SSW 55.94433851140989 -3.1905874516788137 1001.965276 962.239339
55.94433851140989 -3.1905874516788137 SSW 55.94406134755013 -3.1907022567085233 1001.965276 960.989339
55.94406134755013 -3.1907022567085233 SSW 55.943784183690376 -3.1908170617382328 1024.259390 970.797903
55.943784183690376 -3.1908170617382328 SSW 55.94350701983062 -3.1909318667679423 1024.259390 969.547903
55.94350701983062 -3.1909318667679423 S 55.943207019830616 -3.1909318667679423 1024.259390 968.297903
55.943207019830616 -3.1909318667679423 SSW 55.94292985597086 -3.191046671797652 1024.259390 967.047903
55.94292985597086 -3.191046671797652 NE 55.943141988005216 -3.190834539763296 1101.914808 1049.289782
55.943141988005216 -3.190834539763296 NE 55.94335412003957 -3.1906224077289402 1101.914808 1048.039782
55.94335412003957 -3.1906224077289402 NNE 55.94363128389933 -3.1905076026992307 1101.914808 1046.789782
55.94363128389933 -3.1905076026992307 NE 55.943843415933685 -3.190295470664875 1101.914808 1045.539782
55.943843415933685 -3.190295470664875 NNE 55.94412057979344 -3.1901806656351654 1101.914808 1044.289782
55.94412057979344 -3.1901806656351654 NE 55.9443327118278 -3.1899685336008097 1101.914808 1043.039782
55.9443327118278 -3.1899685336008097 NNE 55.944609875687554 -3.1898537285711 1101.914808 1041.789782
55.944609875687554 -3.1898537285711 NE 55.94482200772191 -3.1896415965367444 1101.914808 1040.539782
55.94482200772191 -3.1896415965367444 NNE 55.94509917158167 -3.189526791507035 1101.914808 1039.289782
55.94509917158167 -3.189526791507035 NE 55.94531130361602 -3.189314659472679 1101.914808 1038.039782
55.94531130361602 -3.189314659472679 NNE 55.94558846747578 -3.1891998544429696 1101.914808 1036.789782
55.94558846747578 -3.1891998544429696 E 55.94558846747578 -3.1888998544429694 1182.545296 1151.386260
55.94558846747578 -3.1888998544429694 E 55.94558846747578 -3.1885998544429692 1182.545296 1150.136260
55.94558846747578 -3.1885998544429692 E 55.94558846747578 -3.188299854442969 1182.545296 1148.886260
55.94558846747578 -3.188299854442969 ENE 55.94570327250549 -3.1880226905832156 1182.545296 1147.636260
55.94570327250549 -3.1880226905832156 E 55.94570327250549 -3.1877226905832154 1182.545296 1146.386260
55.94570327250549 -3.1877226905832154 WSW 55.94558846747578 -3.187999854442969 1193.379279 1227.705350
55.94558846747578 -3.187999854442969 WSW 55.94547366244607 -3.1882770183027223 1193.379279 1226.455350
55.94547366244607 -3.1882770183027223 WSW 55.94535885741636 -3.1885541821624757 1193.379279 1225.205350
55.94535885741636 -3.1885541821624757 WSW 55.94524405238665 -3.188831346022229 1193.379279 1223.955350
55.94524405238665 -3.188831346022229 WSW 55.94512924735694 -3.1891085098819825 1193.379279 1222.705350
55.94512924735694 -3.1891085098819825 WSW 55.94501444232723 -3.189385673741736 1193.379279 1221.455350
55.94501444232723 -3.189385673741736 WSW 55.94489963729752 -3.1896628376014893 1193.379279 1220.205350
55.94489963729752 -3.1896628376014893 WSW 55.94478483226781 -3.1899400014612427 1193.379279 1218.955350
55.94478483226781 -3.1899400014612427 W 55.94478483226781 -3.190240001461243 1193.379279 1217.705350
55.94478483226781 -3.190240001461243 WSW 55.9446700272381 -3.1905171653209963 1193.379279 1216.455350
55.9446700272381 -3.1905171653209963 W 55.9446700272381 -3.1908171653209965 1193.379279 1215.205350
55.9446700272381 -3.1908171653209965 WSW 55.944555222208386 -3.19109432918075 1193.379279 1213.955350
55.944555222208386 -3.19109432918075 W 55.944555222208386 -3.19139432918075 1193.379279 1212.705350
55.944555222208386 -3.19139432918075 W 55.944555222208386 -3.1916943291807502 1285.474132 1216.550514
55.944555222208386 -3.1916943291807502 ESE 55.944440417178676 -3.191417165320997 1374.632878 1318.091319
55.944440417178676 -3.191417165320997 ESE 55.944325612148965 -3.1911400014612434 1374.632878 1316.841319
55.944325612148965 -3.1911400014612434 ESE 55.944210807119255 -3.19086283760149 1374.632878 1315.591319
55.944210807119255 -3.19086283760149 ESE 55.944096002089545 -3.1905856737417366 1374.632878 1314.341319
55.944096002089545 -3.1905856737417366 ESE 55.943981197059834 -3.1903085098819832 1374.632878 1313.091319
55.943981197059834 -3.1903085098819832 ESE 55.943866392030124 -3.19003134602223 1374.632878 1311.841319
55.943866392030124 -3.19003134602223 ESE 55.94375158700041 -3.1897541821624764 1374.632878 1310.591319
55.94375158700041 -3.1897541821624764 ESE 55.9436367819707 -3.189477018302723 1374.632878 1309.341319
55.9436367819707 -3.189477018302723 ESE 55.94352197694099 -3.1891998544429696 1374.632878 1308.091319
55.94352197694099 -3.1891998544429696 WNW 55.9436367819707 -3.189477018302723 1431.271438 1390.503360
55.9436367819707 -3.189477018302723 W 55.9436367819707 -3.189777018302723 1431.271438 1389.253360
55.9436367819707 -3.189777018302723 WNW 55.94375158700041 -3.1900541821624766 1431.271438 1388.003360
55.94375158700041 -3.1900541821624766 W 55.94375158700041 -3.190354182162477 1431.271438 1386.753360
55.94375158700041 -3.190354182162477 WNW 55.943866392030124 -3.19063134602223 1431.271438 1385.503360
55.943866392030124 -3.19063134602223 W 55.943866392030124 -3.1909313460222304 1431.271438 1384.253360
55.943866392030124 -3.1909313460222304 WNW 55.943981197059834 -3.191208509881984 1431.271438 1383.003360
55.943981197059834 -3.191208509881984 W 55.943981197059834 -3.191508509881984 1431.271438 1381.753360
55.943981197059834 -3.191508509881984 ENE 55.944096002089545 -3.1912313460222306 1475.585478 1386.116994
55.944096002089545 -3.1912313460222306 ENE 55.944210807119255 -3.190954182162477 1475.585478 1384.866994
55.944210807119255 -3.190954182162477 ENE 55.944325612148965 -3.1906770183027238 1475.585478 1383.616994
55.944325612148965 -3.1906770183027238 ENE 55.944440417178676 -3.1903998544429704 1475.585478 1382.366994
55.944440417178676 -3.1903998544429704 ENE 55.944555222208386 -3.190122690583217 1475.585478 1381.116994
55.944555222208386 -3.190122690583217 ENE 55.9446700272381 -3.1898455267234636 1475.585478 1379.866994
55.9446700272381 -3.1898455267234636 ENE 55.94478483226781 -3.18956836286371 1475.585478 1378.616994
55.94478483226781 -3.18956836286371 ENE 55.94489963729752 -3.1892911990039567 1475.585478 1377.366994
55.94489963729752 -3.1892911990039567 E 55.94489963729752 -3.1889911990039566 1475.585478 1376.116994
55.94489963729752 -3.1889911990039566 ENE 55.94501444232723 -3.188714035144203 1475.585478 1374.866994
55.94501444232723 -3.188714035144203 E 55.94501444232723 -3.188414035144203 1475.585478 1373.616994
55.94501444232723 -3.188414035144203 ENE 55.94512924735694 -3.1881368712844496 1475.585478 1372.366994
55.94512924735694 -3.1881368712844496 E 55.94512924735694 -3.1878368712844494 1475.585478 1371.116994
55.94512924735694 -3.1878368712844494 ENE 55.94524405238665 -3.187559707424696 1475.585478 1369.866994
55.94524405238665 -3.187559707424696 E 55.94524405238665 -3.1872597074246958 1475.585478 1368.616994
55.94524405238665 -3.1872597074246958 ENE 55.94535885741636 -3.1869825435649424 1475.585478 1367.366994
55.94535885741636 -3.1869825435649424 E 55.94535885741636 -3.186682543564942 1475.585478 1366.116994
55.94535885741636 -3.186682543564942 ENE 55.94547366244607 -3.186405379705189 1384.927718 1342.831295
55.94547366244607 -3.186405379705189 E 55.94547366244607 -3.1861053797051886 1384.927718 1341.581295
55.94547366244607 -3.1861053797051886 ENE 55.94558846747578 -3.185828215845435 1384.927718 1340.331295
55.94558846747578 -3.185828215845435 E 55.94558846747578 -3.185528215845435 1384.927718 1339.081295
55.94558846747578 -3.185528215845435 ENE 55.94570327250549 -3.1852510519856816 1384.927718 1337.831295
55.94570327250549 -3.1852510519856816 E 55.94570327250549 -3.1849510519856814 1384.927718 1336.581295
55.94570327250549 -3.1849510519856814 ENE 55.9458180775352 -3.184673888125928 1384.927718 1335.331295
55.9458180775352 -3.184673888125928 E 55.9458180775352 -3.184373888125928 1384.927718 1334.081295
55.9458180775352 -3.184373888125928 W 55.9458180775352 -3.184673888125928 1454.386232 1448.915691
55.9458180775352 -3.184673888125928 E 55.9458180775352 -3.184373888125928 1454.386232 1447.665691
55.9458180775352 -3.184373888125928 WSW 55.94570327250549 -3.184651051985681 1454.386232 1446.415691
55.94570327250549 -3.184651051985681 WSW 55.94558846747578 -3.1849282158454346 1454.386232 1445.165691
55.94558846747578 -3.1849282158454346 WSW 55.94547366244607 -3.185205379705188 1454.386232 1443.915691
55.94547366244607 -3.185205379705188 WSW 55.94535885741636 -3.1854825435649414 1454.386232 1442.665691
55.94535885741636 -3.1854825435649414 WSW 55.94524405238665 -3.185759707424695 1454.386232 1441.415691
55.94524405238665 -3.185759707424695 WSW 55.94512924735694 -3.1860368712844482 1454.386232 1440.165691
55.94512924735694 -3.1860368712844482 WSW 55.94501444232723 -3.1863140351442016 1454.386232 1438.915691
55.94501444232723 -3.1863140351442016 WSW 55.94489963729752 -3.186591199003955 1454.386232 1437.665691
55.94489963729752 -3.186591199003955 SW 55.94468750526316 -3.186803331038311 1454.386232 1436.415691
55.94468750526316 -3.186803331038311 WSW 55.94457270023345 -3.187080494898064 1454.386232 1435.165691
55.94457270023345 -3.187080494898064 SW 55.944360568199095 -3.18729262693242 1454.386232 1433.915691
55.944360568199095 -3.18729262693242 WSW 55.944245763169384 -3.1875697907921734 1454.386232 1432.665691
55.944245763169384 -3.1875697907921734 SW 55.94403363113503 -3.187781922826529 1454.386232 1431.415691
55.94403363113503 -3.187781922826529 WSW 55.94391882610532 -3.1880590866862826 1454.386232 1430.165691
55.94391882610532 -3.1880590866862826 SW 55.94370669407096 -3.1882712187206383 1454.386232 1428.915691
55.94370669407096 -3.1882712187206383 WSW 55.94359188904125 -3.1885483825803917 1454.386232 1427.665691
55.94359188904125 -3.1885483825803917 SW 55.943379757006895 -3.1887605146147475 1454.386232 1426.415691
55.943379757006895 -3.1887605146147475 WSW 55.943264951977184 -3.189037678474501 1454.386232 1425.165691
55.943264951977184 -3.189037678474501 SW 55.94305281994283 -3.1892498105088567 1454.386232 1423.915691
55.94305281994283 -3.1892498105088567 WSW 55.94293801491312 -3.18952697436861 1454.386232 1422.665691
55.94293801491312 -3.18952697436861 SW 55.94272588287876 -3.189739106402966 1454.386232 1421.415691
55.94272588287876 -3.189739106402966 ENE 55.94284068790847 -3.1894619425432125 1503.824665 1489.998414
55.94284068790847 -3.1894619425432125 ENE 55.94295549293818 -3.189184778683459 1503.824665 1488.748414
55.94295549293818 -3.189184778683459 ENE 55.94307029796789 -3.1889076148237057 1503.824665 1487.498414
55.94307029796789 -3.1889076148237057 E 55.94307029796789 -3.1886076148237055 1503.824665 1486.248414
55.94307029796789 -3.1886076148237055 ENE 55.9431851029976 -3.188330450963952 1503.824665 1484.998414
55.9431851029976 -3.188330450963952 E 55.9431851029976 -3.188030450963952 1503.824665 1483.748414
55.9431851029976 -3.188030450963952 ENE 55.94329990802731 -3.1877532871041985 1503.824665 1482.498414
55.94329990802731 -3.1877532871041985 E 55.94329990802731 -3.1874532871041983 1503.824665 1481.248414
55.94329990802731 -3.1874532871041983 ENE 55.943414713057024 -3.187176123244445 1503.824665 1479.998414
55.943414713057024 -3.187176123244445 E 55.943414713057024 -3.1868761232444447 1498.998061 1419.705141
55.943414713057024 -3.1868761232444447 ENE 55.943529518086734 -3.1865989593846913 1498.998061 1418.455141
55.943529518086734 -3.1865989593846913 E 55.943529518086734 -3.186298959384691 1498.998061 1417.205141
55.943529518086734 -3.186298959384691 ENE 55.943644323116445 -3.1860217955249377 1498.998061 1415.955141
55.943644323116445 -3.1860217955249377 E 55.943644323116445 -3.1857217955249375 1498.998061 1414.705141
55.943644323116445 -3.1857217955249375 ENE 55.943759128146155 -3.185444631665184 1498.998061 1413.455141
55.943759128146155 -3.185444631665184 E 55.943759128146155 -3.185144631665184 1498.998061 1412.205141
55.943759128146155 -3.185144631665184 ENE 55.943873933175865 -3.1848674678054305 1498.998061 1410.955141
55.943873933175865 -3.1848674678054305 E 55.943873933175865 -3.1845674678054303 1498.998061 1409.705141
55.943873933175865 -3.1845674678054303 N 55.94417393317587 -3.1845674678054303 1584.873858 1484.469857
55.94417393317587 -3.1845674678054303 NNW 55.944451097035625 -3.18468227283514 1584.873858 1483.219857
55.944451097035625 -3.18468227283514 N 55.94475109703563 -3.18468227283514 1584.873858 1481.969857
55.94475109703563 -3.18468227283514 NNW 55.945028260895384 -3.1847970778648493 1584.873858 1480.719857
55.945028260895384 -3.1847970778648493 W 55.945028260895384 -3.1850970778648495 1617.666719 1566.579860
55.945028260895384 -3.1850970778648495 W 55.945028260895384 -3.1853970778648497 1567.559118 1446.800207
55.945028260895384 -3.1853970778648497 W 55.945028260895384 -3.18569707786485 1567.559118 1445.550207
55.945028260895384 -3.18569707786485 W 55.945028260895384 -3.18599707786485 1567.559118 1444.300207
55.945028260895384 -3.18599707786485 W 55.945028260895384 -3.1862970778648503 1567.559118 1443.050207
55.945028260895384 -3.1862970778648503 W 55.945028260895384 -3.1865970778648505 1567.559118 1441.800207
55.945028260895384 -3.1865970778648505 W 55.945028260895384 -3.1868970778648507 1567.559118 1440.550207
55.945028260895384 -3.1868970778648507 WSW 55.944913455865674 -3.187174241724604 1512.816760 1439.300207
55.944913455865674 -3.187174241724604 W 55.944913455865674 -3.1874742417246043 1512.816760 1438.050207
55.944913455865674 -3.1874742417246043 WSW 55.94479865083596 -3.1877514055843577 1512.816760 1436.800207
55.94479865083596 -3.1877514055843577 W 55.94479865083596 -3.188051405584358 1512.816760 1435.550207
55.94479865083596 -3.188051405584358 WSW 55.94468384580625 -3.1883285694441112 1512.816760 1434.300207
55.94468384580625 -3.1883285694441112 W 55.94468384580625 -3.1886285694441114 1512.816760 1433.050207
55.94468384580625 -3.1886285694441114 WSW 55.94456904077654 -3.188905733303865 1512.816760 1431.800207
55.94456904077654 -3.188905733303865 W 55.94456904077654 -3.189205733303865 1512.816760 1430.550207
55.94456904077654 -3.189205733303865 WSW 55.94445423574683 -3.1894828971636184 1512.816760 1429.300207
55.94445423574683 -3.1894828971636184 W 55.94445423574683 -3.1897828971636186 1512.816760 1428.050207
55.94445423574683 -3.1897828971636186 WSW 55.94433943071712 -3.190060061023372 1512.816760 1426.800207
55.94433943071712 -3.190060061023372 W 55.94433943071712 -3.190360061023372 1512.816760 1425.550207
55.94433943071712 -3.190360061023372 WSW 55.94422462568741 -3.1906372248831256 1512.816760 1424.300207
55.94422462568741 -3.1906372248831256 W 55.94422462568741 -3.190937224883126 1512.816760 1423.050207
55.94422462568741 -3.190937224883126 WSW 55.9441098206577 -3.191214388742879 1512.816760 1421.800207
55.9441098206577 -3.191214388742879 W 55.9441098206577 -3.1915143887428794 1512.816760 1420.550207
55.9441098206577 -3.1915143887428794 WSW 55.94399501562799 -3.191791552602633 1528.471967 1460.063634
55.94399501562799 -3.191791552602633 WSW 55.94388021059828 -3.192068716462386 1528.471967 1458.813634
55.94388021059828 -3.192068716462386 WNW 55.94399501562799 -3.1923458803221396 1528.471967 1457.563634
55.94399501562799 -3.1923458803221396 SSW 55.943717851768234 -3.192460685351849 1447.851167 1364.942426
55.943717851768234 -3.192460685351849 NW 55.94392998380259 -3.192672817386205 1447.851167 1363.692426
55.94392998380259 -3.192672817386205 W 55.94392998380259 -3.192972817386205 1447.851167 1362.442426
55.94392998380259 -3.192972817386205 S 55.94362998380259 -3.192972817386205 1447.851167 1361.192426
55.94362998380259 -3.192972817386205 NNE 55.943907147662344 -3.1928580123564956 1447.851167 1359.942426
