55.944425 -3.188396 ENE 55.94453980502971 -3.1881188361402466 0.000000 248.750000
55.94453980502971 -3.1881188361402466 ENE 55.94465461005942 -3.187841672280493 0.000000 247.500000
55.94465461005942 -3.187841672280493 ENE 55.944769415089134 -3.18756450842074 0.000000 246.250000
55.944769415089134 -3.18756450842074 ENE 55.944884220118844 -3.1872873445609864 0.000000 245.000000
55.944884220118844 -3.1872873445609864 ENE 55.944999025148554 -3.187010180701233 49.270928 256.824749
55.944999025148554 -3.187010180701233 ENE 55.945113830178265 -3.1867330168414796 0.000000 131.704170
55.945113830178265 -3.1867330168414796 ENE 55.945228635207975 -3.186455852981726 0.000000 130.454170
55.945228635207975 -3.186455852981726 ENE 55.945343440237686 -3.1861786891219728 0.000000 129.204170
55.945343440237686 -3.1861786891219728 ENE 55.945458245267396 -3.1859015252622194 0.000000 127.954170
55.945458245267396 -3.1859015252622194 S 55.94515824526739 -3.1859015252622194 113.887452 161.557950
55.94515824526739 -3.1859015252622194 S 55.94485824526739 -3.1859015252622194 220.206845 177.434411
55.94485824526739 -3.1859015252622194 S 55.94455824526739 -3.1859015252622194 235.925669 269.476424
55.94455824526739 -3.1859015252622194 SSE 55.94428108140763 -3.18578672023251 235.925669 268.226424
55.94428108140763 -3.18578672023251 S 55.94398108140763 -3.18578672023251 235.925669 266.976424
55.94398108140763 -3.18578672023251 SSE 55.94370391754787 -3.1856719152028004 235.925669 265.726424
55.94370391754787 -3.1856719152028004 S 55.94340391754787 -3.1856719152028004 313.140754 273.632146
55.94340391754787 -3.1856719152028004 SSE 55.94312675368811 -3.185557110173091 313.140754 272.382146
55.94312675368811 -3.185557110173091 NW 55.94333888572247 -3.1857692422074466 348.280399 331.473396
55.94333888572247 -3.1857692422074466 NW 55.943551017756825 -3.1859813742418024 348.280399 330.223396
55.943551017756825 -3.1859813742418024 NW 55.94376314979118 -3.186193506276158 348.280399 328.973396
55.94376314979118 -3.186193506276158 NW 55.94397528182554 -3.186405638310514 379.942102 407.294762
55.94397528182554 -3.186405638310514 NW 55.94418741385989 -3.1866177703448697 379.942102 406.044762
55.94418741385989 -3.1866177703448697 NNW 55.94446457771965 -3.186732575374579 490.551071 476.206273
55.94446457771965 -3.186732575374579 NW 55.944676709754006 -3.186944707408935 486.104222 370.707341
55.944676709754006 -3.186944707408935 NNW 55.94495387361376 -3.1870595124386445 486.104222 369.457341
55.94495387361376 -3.1870595124386445 NW 55.94516600564812 -3.1872716444730003 431.361864 368.207341
55.94516600564812 -3.1872716444730003 NNW 55.945443169507875 -3.1873864495027098 431.361864 366.957341
55.945443169507875 -3.1873864495027098 NW 55.94565530154223 -3.1875985815370655 431.361864 365.707341
55.94565530154223 -3.1875985815370655 WSW 55.94554049651252 -3.187875745396819 442.195847 447.026431
55.94554049651252 -3.187875745396819 WSW 55.94542569148281 -3.1881529092565724 442.195847 445.776431
55.94542569148281 -3.1881529092565724 WSW 55.9453108864531 -3.1884300731163258 442.195847 444.526431
55.9453108864531 -3.1884300731163258 WSW 55.94519608142339 -3.188707236976079 442.195847 443.276431
55.94519608142339 -3.188707236976079 WSW 55.94508127639368 -3.1889844008358326 442.195847 442.026431
55.94508127639368 -3.1889844008358326 WSW 55.94496647136397 -3.189261564695586 442.195847 440.776431
55.94496647136397 -3.189261564695586 WSW 55.94485166633426 -3.1895387285553394 442.195847 439.526431
55.94485166633426 -3.1895387285553394 WSW 55.94473686130455 -3.189815892415093 538.277922 472.861517
55.94473686130455 -3.189815892415093 W 55.94473686130455 -3.190115892415093 538.277922 471.611517
55.94473686130455 -3.190115892415093 SE 55.94452472927019 -3.189903760380737 599.075647 506.879626
55.94452472927019 -3.189903760380737 SE 55.944312597235836 -3.1896916283463814 609.853149 567.371847
55.944312597235836 -3.1896916283463814 SE 55.94410046520148 -3.1894794963120257 609.853149 566.121847
55.94410046520148 -3.1894794963120257 SSE 55.94382330134172 -3.189364691282316 609.853149 564.871847
55.94382330134172 -3.189364691282316 SE 55.94361116930737 -3.1891525592479604 609.853149 563.621847
55.94361116930737 -3.1891525592479604 E 55.94361116930737 -3.18885255924796 666.491709 646.033889
55.94361116930737 -3.18885255924796 E 55.94361116930737 -3.18855255924796 666.491709 644.783889
55.94361116930737 -3.18855255924796 E 55.94361116930737 -3.18825255924796 666.491709 643.533889
55.94361116930737 -3.18825255924796 E 55.94361116930737 -3.1879525592479596 666.491709 642.283889
55.94361116930737 -3.1879525592479596 E 55.94361116930737 -3.1876525592479594 666.491709 641.033889
55.94361116930737 -3.1876525592479594 E 55.94361116930737 -3.1873525592479592 666.491709 639.783889
55.94361116930737 -3.1873525592479592 E 55.94361116930737 -3.187052559247959 661.665105 579.490615
55.94361116930737 -3.187052559247959 E 55.94361116930737 -3.186752559247959 661.665105 578.240615
55.94361116930737 -3.186752559247959 E 55.94361116930737 -3.1864525592479587 661.665105 576.990615
55.94361116930737 -3.1864525592479587 E 55.94361116930737 -3.1861525592479585 661.665105 575.740615
55.94361116930737 -3.1861525592479585 ENE 55.94372597433708 -3.185875395388205 661.665105 574.490615
55.94372597433708 -3.185875395388205 E 55.94372597433708 -3.185575395388205 661.665105 573.240615
55.94372597433708 -3.185575395388205 ENE 55.94384077936679 -3.1852982315284515 661.665105 571.990615
55.94384077936679 -3.1852982315284515 E 55.94384077936679 -3.1849982315284513 661.665105 570.740615
55.94384077936679 -3.1849982315284513 ENE 55.9439555843965 -3.184721067668698 661.665105 569.490615
55.9439555843965 -3.184721067668698 W 55.9439555843965 -3.185021067668698 747.540902 644.255332
55.9439555843965 -3.185021067668698 W 55.9439555843965 -3.1853210676686983 747.540902 643.005332
55.9439555843965 -3.1853210676686983 W 55.9439555843965 -3.1856210676686985 747.540902 641.755332
55.9439555843965 -3.1856210676686985 W 55.9439555843965 -3.1859210676686986 747.540902 640.505332
55.9439555843965 -3.1859210676686986 W 55.9439555843965 -3.186221067668699 747.540902 639.255332
55.9439555843965 -3.186221067668699 W 55.9439555843965 -3.186521067668699 747.540902 638.005332
55.9439555843965 -3.186521067668699 W 55.9439555843965 -3.186821067668699 747.540902 636.755332
55.9439555843965 -3.186821067668699 W 55.9439555843965 -3.1871210676686994 747.540902 635.505332
55.9439555843965 -3.1871210676686994 W 55.9439555843965 -3.1874210676686996 747.540902 634.255332
55.9439555843965 -3.1874210676686996 W 55.9439555843965 -3.1877210676687 747.540902 633.005332
55.9439555843965 -3.1877210676687 W 55.9439555843965 -3.1880210676687 747.540902 631.755332
55.9439555843965 -3.1880210676687 W 55.9439555843965 -3.1883210676687 820.910289 707.834168
55.9439555843965 -3.1883210676687 W 55.9439555843965 -3.1886210676687003 820.910289 706.584168
55.9439555843965 -3.1886210676687003 W 55.9439555843965 -3.1889210676687005 820.910289 705.334168
55.9439555843965 -3.1889210676687005 WNW 55.94407038942621 -3.189198231528454 820.910289 704.084168
55.94407038942621 -3.189198231528454 W 55.94407038942621 -3.189498231528454 820.910289 702.834168
55.94407038942621 -3.189498231528454 WNW 55.94418519445592 -3.1897753953882075 820.910289 701.584168
55.94418519445592 -3.1897753953882075 W 55.94418519445592 -3.1900753953882077 820.910289 700.334168
55.94418519445592 -3.1900753953882077 WNW 55.94429999948563 -3.190352559247961 820.910289 699.084168
55.94429999948563 -3.190352559247961 W 55.94429999948563 -3.1906525592479613 820.910289 697.834168
55.94429999948563 -3.1906525592479613 WNW 55.94441480451534 -3.1909297231077147 820.910289 696.584168
55.94441480451534 -3.1909297231077147 W 55.94441480451534 -3.191229723107715 820.910289 695.334168
55.94441480451534 -3.191229723107715 WNW 55.94452960954505 -3.1915068869674683 820.910289 694.084168
55.94452960954505 -3.1915068869674683 SE 55.944317477510694 -3.1912947549331125 913.005142 697.929332
55.944317477510694 -3.1912947549331125 SE 55.94410534547634 -3.1910826228987568 913.005142 696.679332
55.94410534547634 -3.1910826228987568 SE 55.94389321344198 -3.190870490864401 913.005142 695.429332
55.94389321344198 -3.190870490864401 SE 55.943681081407625 -3.1906583588300452 913.005142 694.179332
55.943681081407625 -3.1906583588300452 SE 55.94346894937327 -3.1904462267956895 913.005142 692.929332
55.94346894937327 -3.1904462267956895 SE 55.94325681733891 -3.1902340947613337 913.005142 691.679332
55.94325681733891 -3.1902340947613337 SSE 55.942979653479156 -3.190119289731624 913.005142 690.429332
55.942979653479156 -3.190119289731624 SE 55.9427675214448 -3.1899071576972684 867.609682 674.482711
55.9427675214448 -3.1899071576972684 NW 55.942979653479156 -3.190119289731624 917.048115 743.065434
55.942979653479156 -3.190119289731624 NW 55.94319178551351 -3.19033142176598 917.048115 741.815434
55.94319178551351 -3.19033142176598 NW 55.94340391754787 -3.1905435538003357 917.048115 740.565434
55.94340391754787 -3.1905435538003357 NW 55.943616049582225 -3.1907556858346915 917.048115 739.315434
55.943616049582225 -3.1907556858346915 NW 55.94382818161658 -3.1909678178690473 917.048115 738.065434
55.94382818161658 -3.1909678178690473 NW 55.94404031365094 -3.191179949903403 917.048115 736.815434
55.94404031365094 -3.191179949903403 NW 55.944252445685294 -3.191392081937759 917.048115 735.565434
55.944252445685294 -3.191392081937759 NW 55.94446457771965 -3.1916042139721146 917.048115 734.315434
55.94446457771965 -3.1916042139721146 NNW 55.944741741579406 -3.191719019001824 917.048115 733.065434
55.944741741579406 -3.191719019001824 NW 55.94495387361376 -3.19193115103618 1006.206861 834.606239
55.94495387361376 -3.19193115103618 WNW 55.94506867864347 -3.1922083148959333 1006.206861 833.356239
55.94506867864347 -3.1922083148959333 NW 55.94528081067783 -3.192420446930289 1006.206861 832.106239
55.94528081067783 -3.192420446930289 E 55.94528081067783 -3.192120446930289 1091.633037 868.870036
55.94528081067783 -3.192120446930289 E 55.94528081067783 -3.1918204469302887 1091.633037 867.620036
55.94528081067783 -3.1918204469302887 E 55.94528081067783 -3.1915204469302885 1091.633037 866.370036
55.94528081067783 -3.1915204469302885 E 55.94528081067783 -3.1912204469302883 1091.633037 865.120036
55.94528081067783 -3.1912204469302883 E 55.94528081067783 -3.190920446930288 1155.562964 981.749646
55.94528081067783 -3.190920446930288 E 55.94528081067783 -3.190620446930288 1155.562964 980.499646
55.94528081067783 -3.190620446930288 E 55.94528081067783 -3.1903204469302877 1155.562964 979.249646
55.94528081067783 -3.1903204469302877 E 55.94528081067783 -3.1900204469302875 1271.335345 1064.056841
55.94528081067783 -3.1900204469302875 E 55.94528081067783 -3.1897204469302873 1271.335345 1062.806841
55.94528081067783 -3.1897204469302873 E 55.94528081067783 -3.189420446930287 1271.335345 1061.556841
55.94528081067783 -3.189420446930287 E 55.94528081067783 -3.189120446930287 1271.335345 1060.306841
55.94528081067783 -3.189120446930287 E 55.94528081067783 -3.1888204469302868 1271.335345 1059.056841
55.94528081067783 -3.1888204469302868 E 55.94528081067783 -3.1885204469302866 1271.335345 1057.806841
55.94528081067783 -3.1885204469302866 E 55.94528081067783 -3.1882204469302864 1271.335345 1056.556841
55.94528081067783 -3.1882204469302864 E 55.94528081067783 -3.187920446930286 1271.335345 1055.306841
55.94528081067783 -3.187920446930286 E 55.94528081067783 -3.187620446930286 1271.335345 1054.056841
55.94528081067783 -3.187620446930286 E 55.94528081067783 -3.187320446930286 1271.335345 1052.806841
55.94528081067783 -3.187320446930286 E 55.94528081067783 -3.1870204469302856 1271.335345 1051.556841
55.94528081067783 -3.1870204469302856 E 55.94528081067783 -3.1867204469302854 1271.335345 1050.306841
55.94528081067783 -3.1867204469302854 E 55.94528081067783 -3.1864204469302853 1271.335345 1049.056841
55.94528081067783 -3.1864204469302853 E 55.94528081067783 -3.186120446930285 1271.335345 1047.806841
55.94528081067783 -3.186120446930285 E 55.94528081067783 -3.185820446930285 1271.335345 1046.556841
55.94528081067783 -3.185820446930285 ESE 55.94516600564812 -3.1855432830705315 1271.335345 1045.306841
55.94516600564812 -3.1855432830705315 E 55.94516600564812 -3.1852432830705313 1271.335345 1044.056841
55.94516600564812 -3.1852432830705313 ESE 55.94505120061841 -3.184966119210778 1271.335345 1042.806841
55.94505120061841 -3.184966119210778 SW 55.94483906858405 -3.1851782512451337 1304.128207 1128.666844
55.94483906858405 -3.1851782512451337 SW 55.944626936549696 -3.1853903832794894 1304.128207 1127.416844
55.944626936549696 -3.1853903832794894 SW 55.94441480451534 -3.185602515313845 1304.128207 1126.166844
55.94441480451534 -3.185602515313845 SW 55.94420267248098 -3.185814647348201 1304.128207 1124.916844
55.94420267248098 -3.185814647348201 SW 55.94399054044663 -3.1860267793825567 1304.128207 1123.666844
55.94399054044663 -3.1860267793825567 SW 55.94377840841227 -3.1862389114169125 1304.128207 1122.416844
55.94377840841227 -3.1862389114169125 SW 55.943566276377915 -3.1864510434512683 1304.128207 1121.166844
55.943566276377915 -3.1864510434512683 SSW 55.94328911251816 -3.186565848480978 1304.128207 1119.916844
55.94328911251816 -3.186565848480978 SW 55.9430769804838 -3.1867779805153336 1304.128207 1118.666844
55.9430769804838 -3.1867779805153336 SSW 55.942799816624046 -3.186892785545043 1304.128207 1117.416844
55.942799816624046 -3.186892785545043 NE 55.9430119486584 -3.1866806535106873 1328.154862 1233.263570
55.9430119486584 -3.1866806535106873 NE 55.94322408069276 -3.1864685214763315 1328.154862 1232.013570
55.94322408069276 -3.1864685214763315 NE 55.943436212727114 -3.1862563894419758 1328.154862 1230.763570
55.943436212727114 -3.1862563894419758 NE 55.94364834476147 -3.18604425740762 1328.154862 1229.513570
55.94364834476147 -3.18604425740762 NE 55.94386047679583 -3.185832125373264 1328.154862 1228.263570
55.94386047679583 -3.185832125373264 NE 55.94407260883018 -3.1856199933389084 1328.154862 1227.013570
55.94407260883018 -3.1856199933389084 NE 55.94428474086454 -3.1854078613045527 1328.154862 1225.763570
55.94428474086454 -3.1854078613045527 NE 55.944496872898895 -3.185195729270197 1328.154862 1224.513570
55.944496872898895 -3.185195729270197 NNE 55.94477403675865 -3.1850809242404874 1328.154862 1223.263570
55.94477403675865 -3.1850809242404874 NE 55.94498616879301 -3.1848687922061316 1328.154862 1222.013570
55.94498616879301 -3.1848687922061316 NNE 55.945263332652765 -3.184753987176422 1328.154862 1220.763570
55.945263332652765 -3.184753987176422 NE 55.94547546468712 -3.1845418551420663 1328.154862 1219.513570
55.94547546468712 -3.1845418551420663 NNE 55.94575262854688 -3.184427050112357 1328.154862 1218.263570
55.94575262854688 -3.184427050112357 WSW 55.94563782351717 -3.1847042139721102 1397.613376 1333.097966
55.94563782351717 -3.1847042139721102 WSW 55.94552301848746 -3.1849813778318636 1397.613376 1331.847966
55.94552301848746 -3.1849813778318636 WSW 55.945408213457746 -3.185258541691617 1397.613376 1330.597966
55.945408213457746 -3.185258541691617 WSW 55.945293408428036 -3.1855357055513704 1397.613376 1329.347966
55.945293408428036 -3.1855357055513704 WSW 55.945178603398325 -3.185812869411124 1397.613376 1328.097966
55.945178603398325 -3.185812869411124 WSW 55.945063798368615 -3.1860900332708773 1397.613376 1326.847966
55.945063798368615 -3.1860900332708773 WSW 55.944948993338905 -3.1863671971306307 1397.613376 1325.597966
55.944948993338905 -3.1863671971306307 WSW 55.944834188309194 -3.186644360990384 1397.613376 1324.347966
55.944834188309194 -3.186644360990384 WSW 55.944719383279484 -3.1869215248501375 1397.613376 1323.097966
55.944719383279484 -3.1869215248501375 WSW 55.94460457824977 -3.187198688709891 1397.613376 1321.847966
55.94460457824977 -3.187198688709891 WSW 55.94448977322006 -3.1874758525696443 1397.613376 1320.597966
55.94448977322006 -3.1874758525696443 W 55.94448977322006 -3.1877758525696445 1397.613376 1319.347966
55.94448977322006 -3.1877758525696445 WSW 55.94437496819035 -3.188053016429398 1397.613376 1318.097966
55.94437496819035 -3.188053016429398 W 55.94437496819035 -3.188353016429398 1397.613376 1316.847966
55.94437496819035 -3.188353016429398 WSW 55.94426016316064 -3.1886301802891515 1397.613376 1315.597966
55.94426016316064 -3.1886301802891515 W 55.94426016316064 -3.1889301802891517 1373.785654 1290.452031
55.94426016316064 -3.1889301802891517 WSW 55.94414535813093 -3.189207344148905 1373.785654 1289.202031
55.94414535813093 -3.189207344148905 W 55.94414535813093 -3.1895073441489052 1373.785654 1287.952031
55.94414535813093 -3.1895073441489052 WSW 55.94403055310122 -3.1897845080086586 1373.785654 1286.702031
55.94403055310122 -3.1897845080086586 W 55.94403055310122 -3.190084508008659 1373.785654 1285.452031
55.94403055310122 -3.190084508008659 WSW 55.94391574807151 -3.1903616718684122 1373.785654 1284.202031
55.94391574807151 -3.1903616718684122 W 55.94391574807151 -3.1906616718684124 1396.079768 1294.010595
55.94391574807151 -3.1906616718684124 WSW 55.9438009430418 -3.190938835728166 1396.079768 1292.760595
55.9438009430418 -3.190938835728166 W 55.9438009430418 -3.191238835728166 1396.079768 1291.510595
55.9438009430418 -3.191238835728166 WNW 55.94391574807151 -3.1915159995879194 1457.777279 1311.625139
55.94391574807151 -3.1915159995879194 NE 55.94412788010587 -3.1913038675535637 1502.091319 1315.988773
55.94412788010587 -3.1913038675535637 NE 55.94434001214022 -3.191091735519208 1502.091319 1314.738773
55.94434001214022 -3.191091735519208 NE 55.94455214417458 -3.190879603484852 1502.091319 1313.488773
55.94455214417458 -3.190879603484852 ENE 55.94466694920429 -3.1906024396250987 1502.091319 1312.238773
55.94466694920429 -3.1906024396250987 NE 55.944879081238646 -3.190390307590743 1502.091319 1310.988773
55.944879081238646 -3.190390307590743 ENE 55.94499388626836 -3.1901131437309895 1502.091319 1309.738773
55.94499388626836 -3.1901131437309895 NE 55.94520601830271 -3.1899010116966338 1502.091319 1308.488773
55.94520601830271 -3.1899010116966338 ENE 55.94532082333242 -3.1896238478368804 1502.091319 1307.238773
55.94532082333242 -3.1896238478368804 NE 55.94553295536678 -3.1894117158025246 1502.091319 1305.988773
55.94553295536678 -3.1894117158025246 ENE 55.94564776039649 -3.189134551942771 1502.091319 1304.738773
55.94564776039649 -3.189134551942771 SSW 55.94537059653673 -3.1892493569724807 1582.721807 1419.335250
55.94537059653673 -3.1892493569724807 SW 55.94515846450238 -3.1894614890068365 1582.721807 1418.085250
55.94515846450238 -3.1894614890068365 SSW 55.94488130064262 -3.189576294036546 1582.721807 1416.835250
55.94488130064262 -3.189576294036546 SW 55.944669168608264 -3.1897884260709017 1582.721807 1415.585250
55.944669168608264 -3.1897884260709017 SSW 55.94439200474851 -3.1899032311006112 1582.721807 1414.335250
55.94439200474851 -3.1899032311006112 SW 55.94417987271415 -3.190115363134967 1582.721807 1413.085250
55.94417987271415 -3.190115363134967 SSW 55.943902708854395 -3.1902301681646765 1582.721807 1411.835250
55.943902708854395 -3.1902301681646765 SW 55.94369057682004 -3.1904423001990323 1582.721807 1410.585250
55.94369057682004 -3.1904423001990323 SSW 55.94341341296028 -3.190557105228742 1582.721807 1409.335250
55.94341341296028 -3.190557105228742 SW 55.943201280925926 -3.1907692372630976 1582.721807 1408.085250
55.943201280925926 -3.1907692372630976 SSW 55.94292411706617 -3.190884042292807 1582.721807 1406.835250
55.94292411706617 -3.190884042292807 SW 55.94271198503181 -3.191096174327163 1582.721807 1405.585250
55.94271198503181 -3.191096174327163 NE 55.94292411706617 -3.190884042292807 1660.377225 1487.827130
55.94292411706617 -3.190884042292807 SW 55.94271198503181 -3.191096174327163 1660.377225 1486.577130
55.94271198503181 -3.191096174327163 NNW 55.94298914889157 -3.1912109793568724 1660.377225 1485.327130
55.94298914889157 -3.1912109793568724 NNW 55.94326631275133 -3.191325784386582 1660.377225 1484.077130
55.94326631275133 -3.191325784386582 NNW 55.94354347661108 -3.1914405894162914 1591.924248 1478.877474
55.94354347661108 -3.1914405894162914 NNW 55.94382064047084 -3.191555394446001 1591.924248 1477.627474
55.94382064047084 -3.191555394446001 NW 55.944032772505196 -3.1917675264803567 1591.924248 1476.377474
55.944032772505196 -3.1917675264803567 ENE 55.944147577534906 -3.1914903626206033 1607.579455 1515.890901
55.944147577534906 -3.1914903626206033 ENE 55.94426238256462 -3.19121319876085 1607.579455 1514.640901
55.94426238256462 -3.19121319876085 ENE 55.94437718759433 -3.1909360349010965 1607.579455 1513.390901
55.94437718759433 -3.1909360349010965 ENE 55.94449199262404 -3.190658871041343 1607.579455 1512.140901
55.94449199262404 -3.190658871041343 ENE 55.94460679765375 -3.1903817071815896 1607.579455 1510.890901
55.94460679765375 -3.1903817071815896 ENE 55.94472160268346 -3.1901045433218362 1607.579455 1509.640901
55.94472160268346 -3.1901045433218362 NE 55.944933734717814 -3.1898924112874805 1607.579455 1508.390901
55.944933734717814 -3.1898924112874805 ENE 55.945048539747525 -3.189615247427727 1607.579455 1507.140901
55.945048539747525 -3.189615247427727 NE 55.94526067178188 -3.1894031153933713 1607.579455 1505.890901
55.94526067178188 -3.1894031153933713 ENE 55.94537547681159 -3.189125951533618 1607.579455 1504.640901
55.94537547681159 -3.189125951533618 NE 55.94558760884595 -3.188913819499262 1607.579455 1503.390901
55.94558760884595 -3.188913819499262 ENE 55.94570241387566 -3.1886366556395087 1629.472652 1603.129816
55.94570241387566 -3.1886366556395087 S 55.945402413875655 -3.1886366556395087 1629.472652 1601.879816
55.945402413875655 -3.1886366556395087 SSE 55.9451252500159 -3.188521850609799 1629.472652 1600.629816
55.9451252500159 -3.188521850609799 NNE 55.945402413875655 -3.1884070455800897 1629.472652 1599.379816
55.945402413875655 -3.1884070455800897 SSE 55.9451252500159 -3.18829224055038 1629.472652 1598.129816
55.9451252500159 -3.18829224055038 W 55.9451252500159 -3.1885922405503804 1629.472652 1596.879816
55.9451252500159 -3.1885922405503804 NNW 55.945402413875655 -3.18870704558009 1596.337503 1521.180398
55.945402413875655 -3.18870704558009 SSE 55.9451252500159 -3.1885922405503804 1596.337503 1519.930398
55.9451252500159 -3.1885922405503804 NE 55.945337382050255 -3.1883801085160246 1596.337503 1518.680398
55.945337382050255 -3.1883801085160246 S 55.94503738205025 -3.1883801085160246 1596.337503 1517.430398
55.94503738205025 -3.1883801085160246 SSE 55.944760218190495 -3.188265303486315 1596.337503 1516.180398
55.944760218190495 -3.188265303486315 SW 55.94454808615614 -3.188477435520671 1596.337503 1514.930398
55.94454808615614 -3.188477435520671 W 55.94454808615614 -3.188777435520671 1596.337503 1513.680398
55.94454808615614 -3.188777435520671 WSW 55.94443328112643 -3.1890545993804245 1596.337503 1512.430398
55.94443328112643 -3.1890545993804245 SE 55.94422114909207 -3.1888424673460687 1596.337503 1511.180398
55.94422114909207 -3.1888424673460687 NNW 55.94449831295183 -3.188957272375778 1596.337503 1509.930398
55.94449831295183 -3.188957272375778 W 55.94449831295183 -3.1892572723757784 1596.337503 1508.680398
55.94449831295183 -3.1892572723757784 SSW 55.94422114909207 -3.189372077405488 1596.337503 1507.430398
55.94422114909207 -3.189372077405488 NNW 55.94449831295183 -3.1894868824351974 1596.337503 1506.180398
55.94449831295183 -3.1894868824351974 NNE 55.944775476811586 -3.189372077405488 1596.337503 1504.930398
55.944775476811586 -3.189372077405488 E 55.944775476811586 -3.1890720774054877 1596.337503 1503.680398
55.944775476811586 -3.1890720774054877 WSW 55.944660671781875 -3.189349241265241 1596.337503 1502.430398
55.944660671781875 -3.189349241265241 NNE 55.94493783564163 -3.1892344362355316 1596.337503 1501.180398
55.94493783564163 -3.1892344362355316 SSE 55.944660671781875 -3.189119631205822 1596.337503 1499.930398
55.944660671781875 -3.189119631205822 WNW 55.944775476811586 -3.1893967950655755 1596.337503 1498.680398
55.944775476811586 -3.1893967950655755 WNW 55.944890281841296 -3.189673958925329 1596.337503 1497.430398
55.944890281841296 -3.189673958925329 SSE 55.94461311798154 -3.1895591538956194 1596.337503 1496.180398
55.94461311798154 -3.1895591538956194 NE 55.944825250015896 -3.1893470218612636 1596.337503 1494.930398
55.944825250015896 -3.1893470218612636 NE 55.94503738205025 -3.189134889826908 1596.337503 1493.680398
55.94503738205025 -3.189134889826908 N 55.945337382050255 -3.189134889826908 1596.337503 1492.430398
55.945337382050255 -3.189134889826908 NW 55.94554951408461 -3.1893470218612636 1596.337503 1491.180398
55.94554951408461 -3.1893470218612636 W 55.94554951408461 -3.189647021861264 1596.337503 1489.930398
55.94554951408461 -3.189647021861264 W 55.94554951408461 -3.189947021861264 1596.337503 1488.680398
55.94554951408461 -3.189947021861264 ENE 55.94566431911432 -3.1896698580015106 1596.337503 1487.430398
55.94566431911432 -3.1896698580015106 WNW 55.94577912414403 -3.189947021861264 1596.337503 1486.180398
55.94577912414403 -3.189947021861264 S 55.94547912414403 -3.189947021861264 1596.337503 1484.930398
55.94547912414403 -3.189947021861264 N 55.94577912414403 -3.189947021861264 1596.337503 1483.680398
