55.944425 -3.188396 ENE 55.94453980502971 -3.1881188361402466 0.000000 248.750000
55.94453980502971 -3.1881188361402466 ENE 55.94465461005942 -3.187841672280493 0.000000 247.500000
55.94465461005942 -3.187841672280493 ENE 55.944769415089134 -3.18756450842074 0.000000 246.250000
55.944769415089134 -3.18756450842074 ENE 55.944884220118844 -3.1872873445609864 0.000000 245.000000
55.944884220118844 -3.1872873445609864 ENE 55.944999025148554 -3.187010180701233 49.270928 256.824749
55.944999025148554 -3.187010180701233 ENE 55.945113830178265 -3.1867330168414796 0.000000 131.704170
55.945113830178265 -3.1867330168414796 ENE 55.945228635207975 -3.186455852981726 0.000000 130.454170
55.945228635207975 -3.186455852981726 ENE 55.945343440237686 -3.1861786891219728 0.000000 129.204170
55.945343440237686 -3.1861786891219728 ENE 55.945458245267396 -3.1859015252622194 0.000000 127.954170
55.945458245267396 -3.1859015252622194 S 55.94515824526739 -3.1859015252622194 113.887452 161.557950
55.94515824526739 -3.1859015252622194 S 55.94485824526739 -3.1859015252622194 220.206845 177.434411
55.94485824526739 -3.1859015252622194 S 55.94455824526739 -3.1859015252622194 235.925669 269.476424
55.94455824526739 -3.1859015252622194 SSE 55.94428108140763 -3.18578672023251 235.925669 268.226424
55.94428108140763 -3.18578672023251 S 55.94398108140763 -3.18578672023251 235.925669 266.976424
55.94398108140763 -3.18578672023251 SSE 55.94370391754787 -3.1856719152028004 235.925669 265.726424
55.94370391754787 -3.1856719152028004 S 55.94340391754787 -3.1856719152028004 313.140754 273.632146
55.94340391754787 -3.1856719152028004 SSE 55.94312675368811 -3.185557110173091 313.140754 272.382146
55.94312675368811 -3.185557110173091 W 55.94312675368811 -3.185857110173091 348.280399 331.473396
55.94312675368811 -3.185857110173091 W 55.94312675368811 -3.1861571101730912 348.280399 330.223396
55.94312675368811 -3.1861571101730912 W 55.94312675368811 -3.1864571101730914 348.280399 328.973396
55.94312675368811 -3.1864571101730914 W 55.94312675368811 -3.1867571101730916 348.280399 327.723396
55.94312675368811 -3.1867571101730916 W 55.94312675368811 -3.187057110173092 348.280399 326.473396
55.94312675368811 -3.187057110173092 W 55.94312675368811 -3.187357110173092 348.280399 325.223396
55.94312675368811 -3.187357110173092 W 55.94312675368811 -3.187657110173092 348.280399 323.973396
55.94312675368811 -3.187657110173092 WSW 55.9430119486584 -3.1879342740328456 348.280399 322.723396
55.9430119486584 -3.1879342740328456 W 55.9430119486584 -3.1882342740328458 348.280399 321.473396
55.9430119486584 -3.1882342740328458 WSW 55.94289714362869 -3.188511437892599 348.280399 320.223396
55.94289714362869 -3.188511437892599 W 55.94289714362869 -3.1888114378925994 348.280399 318.973396
55.94289714362869 -3.1888114378925994 WSW 55.94278233859898 -3.1890886017523528 348.280399 317.723396
55.94278233859898 -3.1890886017523528 W 55.94278233859898 -3.189388601752353 348.280399 316.473396
55.94278233859898 -3.189388601752353 WSW 55.94266753356927 -3.1896657656121064 348.280399 315.223396
55.94266753356927 -3.1896657656121064 N 55.94296753356927 -3.1896657656121064 397.718831 383.806119
55.94296753356927 -3.1896657656121064 N 55.943267533569276 -3.1896657656121064 397.718831 382.556119
55.943267533569276 -3.1896657656121064 N 55.94356753356928 -3.1896657656121064 397.718831 381.306119
55.94356753356928 -3.1896657656121064 N 55.94386753356928 -3.1896657656121064 397.718831 380.056119
55.94386753356928 -3.1896657656121064 N 55.944167533569285 -3.1896657656121064 397.718831 378.806119
55.944167533569285 -3.1896657656121064 N 55.94446753356929 -3.1896657656121064 397.718831 377.556119
55.94446753356929 -3.1896657656121064 N 55.94476753356929 -3.1896657656121064 493.800906 410.891205
55.94476753356929 -3.1896657656121064 ESE 55.94465272853958 -3.189388601752353 493.800906 409.641205
55.94465272853958 -3.189388601752353 ESE 55.94453792350987 -3.1891114378925995 493.800906 408.391205
55.94453792350987 -3.1891114378925995 ESE 55.94442311848016 -3.188834274032846 493.800906 407.141205
55.94442311848016 -3.188834274032846 ESE 55.94430831345045 -3.1885571101730927 469.973184 381.995270
55.94430831345045 -3.1885571101730927 SE 55.94409618141609 -3.188344978138737 469.973184 380.745270
55.94409618141609 -3.188344978138737 WSW 55.94398137638638 -3.1886221419984904 543.342571 456.824107
55.94398137638638 -3.1886221419984904 WSW 55.94386657135667 -3.1888993058582438 543.342571 455.574107
55.94386657135667 -3.1888993058582438 WSW 55.94375176632696 -3.189176469717997 543.342571 454.324107
55.94375176632696 -3.189176469717997 WSW 55.94363696129725 -3.1894536335777506 543.342571 453.074107
55.94363696129725 -3.1894536335777506 WSW 55.94352215626754 -3.189730797437504 543.342571 451.824107
55.94352215626754 -3.189730797437504 WSW 55.94340735123783 -3.1900079612972574 543.342571 450.574107
55.94340735123783 -3.1900079612972574 WSW 55.94329254620812 -3.190285125157011 543.342571 449.324107
55.94329254620812 -3.190285125157011 SW 55.943080414173764 -3.1904972571913666 543.342571 448.074107
55.943080414173764 -3.1904972571913666 WSW 55.94296560914405 -3.19077442105112 543.342571 446.824107
55.94296560914405 -3.19077442105112 SW 55.9427534771097 -3.1909865530854757 543.342571 445.574107
55.9427534771097 -3.1909865530854757 NNW 55.943030640969454 -3.1911013581151852 620.997988 527.815986
55.943030640969454 -3.1911013581151852 NNW 55.94330780482921 -3.1912161631448948 620.997988 526.565986
55.94330780482921 -3.1912161631448948 NNW 55.94358496868897 -3.1913309681746043 552.545012 521.366330
55.94358496868897 -3.1913309681746043 NNW 55.94386213254872 -3.1914457732043138 614.242524 541.480875
55.94386213254872 -3.1914457732043138 NNW 55.94413929640848 -3.1915605782340233 658.556564 545.844508
55.94413929640848 -3.1915605782340233 N 55.94443929640848 -3.1915605782340233 674.211771 585.357936
55.94443929640848 -3.1915605782340233 ESE 55.94432449137877 -3.19128341437427 766.306624 589.203099
55.94432449137877 -3.19128341437427 ESE 55.94420968634906 -3.1910062505145165 766.306624 587.953099
55.94420968634906 -3.1910062505145165 ESE 55.94409488131935 -3.190729086654763 766.306624 586.703099
55.94409488131935 -3.190729086654763 ESE 55.94398007628964 -3.1904519227950097 766.306624 585.453099
55.94398007628964 -3.1904519227950097 ESE 55.94386527125993 -3.1901747589352563 788.600738 595.261663
55.94386527125993 -3.1901747589352563 ESE 55.94375046623022 -3.189897595075503 788.600738 594.011663
55.94375046623022 -3.189897595075503 ESE 55.94363566120051 -3.1896204312157495 788.600738 592.761663
55.94363566120051 -3.1896204312157495 ESE 55.9435208561708 -3.189343267355996 788.600738 591.511663
55.9435208561708 -3.189343267355996 ESE 55.94340605114109 -3.1890661034962426 788.600738 590.261663
55.94340605114109 -3.1890661034962426 WNW 55.9435208561708 -3.189343267355996 845.239298 672.673705
55.9435208561708 -3.189343267355996 WNW 55.94363566120051 -3.1896204312157495 845.239298 671.423705
55.94363566120051 -3.1896204312157495 WNW 55.94375046623022 -3.189897595075503 845.239298 670.173705
55.94375046623022 -3.189897595075503 WNW 55.94386527125993 -3.1901747589352563 845.239298 668.923705
55.94386527125993 -3.1901747589352563 WNW 55.94398007628964 -3.1904519227950097 845.239298 667.673705
55.94398007628964 -3.1904519227950097 WNW 55.94409488131935 -3.190729086654763 845.239298 666.423705
55.94409488131935 -3.190729086654763 NW 55.94430701335371 -3.190941218689119 845.239298 665.173705
55.94430701335371 -3.190941218689119 WNW 55.94442181838342 -3.1912183825488722 845.239298 663.923705
55.94442181838342 -3.1912183825488722 NW 55.944633950417774 -3.191430514583228 845.239298 662.673705
55.944633950417774 -3.191430514583228 WNW 55.944748755447485 -3.1917076784429814 845.239298 661.423705
55.944748755447485 -3.1917076784429814 NW 55.94496088748184 -3.191919810477337 934.398044 762.964509
55.94496088748184 -3.191919810477337 WNW 55.94507569251155 -3.1921969743370906 934.398044 761.714509
55.94507569251155 -3.1921969743370906 NW 55.94528782454591 -3.1924091063714464 934.398044 760.464509
55.94528782454591 -3.1924091063714464 E 55.94528782454591 -3.192109106371446 1019.824221 797.228307
55.94528782454591 -3.192109106371446 E 55.94528782454591 -3.191809106371446 1019.824221 795.978307
55.94528782454591 -3.191809106371446 E 55.94528782454591 -3.191509106371446 1019.824221 794.728307
55.94528782454591 -3.191509106371446 E 55.94528782454591 -3.1912091063714456 1019.824221 793.478307
55.94528782454591 -3.1912091063714456 E 55.94528782454591 -3.1909091063714454 1083.754148 910.107916
55.94528782454591 -3.1909091063714454 E 55.94528782454591 -3.1906091063714452 1083.754148 908.857916
55.94528782454591 -3.1906091063714452 E 55.94528782454591 -3.190309106371445 1083.754148 907.607916
55.94528782454591 -3.190309106371445 E 55.94528782454591 -3.190009106371445 1199.526529 992.415111
55.94528782454591 -3.190009106371445 E 55.94528782454591 -3.1897091063714447 1199.526529 991.165111
55.94528782454591 -3.1897091063714447 ENE 55.94540262957562 -3.1894319425116913 1199.526529 989.915111
55.94540262957562 -3.1894319425116913 E 55.94540262957562 -3.189131942511691 1199.526529 988.665111
55.94540262957562 -3.189131942511691 ENE 55.94551743460533 -3.1888547786519377 1199.526529 987.415111
55.94551743460533 -3.1888547786519377 E 55.94551743460533 -3.1885547786519375 1221.419726 1087.154026
55.94551743460533 -3.1885547786519375 ENE 55.94563223963504 -3.188277614792184 1221.419726 1085.904026
55.94563223963504 -3.188277614792184 E 55.94563223963504 -3.187977614792184 1221.419726 1084.654026
55.94563223963504 -3.187977614792184 ENE 55.94574704466475 -3.1877004509324305 1221.419726 1083.404026
55.94574704466475 -3.1877004509324305 ESE 55.94563223963504 -3.187423287072677 1232.253709 1164.723117
55.94563223963504 -3.187423287072677 ESE 55.94551743460533 -3.1871461232129237 1232.253709 1163.473117
55.94551743460533 -3.1871461232129237 ESE 55.94540262957562 -3.1868689593531703 1232.253709 1162.223117
55.94540262957562 -3.1868689593531703 ESE 55.94528782454591 -3.186591795493417 1232.253709 1160.973117
55.94528782454591 -3.186591795493417 SE 55.94507569251155 -3.186379663459061 1232.253709 1159.723117
55.94507569251155 -3.186379663459061 ESE 55.94496088748184 -3.1861024995993077 1232.253709 1158.473117
55.94496088748184 -3.1861024995993077 SE 55.944748755447485 -3.185890367564952 1232.253709 1157.223117
55.944748755447485 -3.185890367564952 ESE 55.944633950417774 -3.1856132037051985 1232.253709 1155.973117
55.944633950417774 -3.1856132037051985 SE 55.94442181838342 -3.1854010716708427 1232.253709 1154.723117
55.94442181838342 -3.1854010716708427 ESE 55.94430701335371 -3.1851239078110893 1232.253709 1153.473117
55.94430701335371 -3.1851239078110893 SE 55.94409488131935 -3.1849117757767336 1232.253709 1152.223117
55.94409488131935 -3.1849117757767336 ESE 55.94398007628964 -3.18463461191698 1232.253709 1150.973117
55.94398007628964 -3.18463461191698 N 55.944280076289644 -3.18463461191698 1318.129506 1225.737833
55.944280076289644 -3.18463461191698 N 55.94458007628965 -3.18463461191698 1318.129506 1224.487833
55.94458007628965 -3.18463461191698 NNW 55.9448572401494 -3.1847494169466897 1318.129506 1223.237833
55.9448572401494 -3.1847494169466897 NNE 55.94513440400916 -3.18463461191698 1350.922367 1309.097836
55.94513440400916 -3.18463461191698 NNE 55.945411567868916 -3.1845198068872707 1350.922367 1307.847836
55.945411567868916 -3.1845198068872707 NNE 55.94568873172867 -3.184405001857561 1350.922367 1306.597836
55.94568873172867 -3.184405001857561 SW 55.94547659969432 -3.184617133891917 1420.380881 1421.432232
55.94547659969432 -3.184617133891917 SW 55.94526446765996 -3.1848292659262727 1420.380881 1420.182232
55.94526446765996 -3.1848292659262727 SW 55.945052335625604 -3.1850413979606285 1370.273280 1300.402579
55.945052335625604 -3.1850413979606285 SW 55.94484020359125 -3.1852535299949842 1370.273280 1299.152579
55.94484020359125 -3.1852535299949842 SW 55.94462807155689 -3.18546566202934 1370.273280 1297.902579
55.94462807155689 -3.18546566202934 SW 55.944415939522536 -3.185677794063696 1370.273280 1296.652579
55.944415939522536 -3.185677794063696 SW 55.94420380748818 -3.1858899260980515 1370.273280 1295.402579
55.94420380748818 -3.1858899260980515 SW 55.94399167545382 -3.1861020581324073 1370.273280 1294.152579
55.94399167545382 -3.1861020581324073 SSW 55.94371451159407 -3.186216863162117 1370.273280 1292.902579
55.94371451159407 -3.186216863162117 SW 55.94350237955971 -3.1864289951964726 1401.934983 1371.223945
55.94350237955971 -3.1864289951964726 SSW 55.943225215699954 -3.186543800226182 1401.934983 1369.973945
55.943225215699954 -3.186543800226182 SW 55.9430130836656 -3.186755932260538 1401.934983 1368.723945
55.9430130836656 -3.186755932260538 SSW 55.94273591980584 -3.1868707372902474 1401.934983 1367.473945
55.94273591980584 -3.1868707372902474 SW 55.942523787771485 -3.187082869324603 1425.961638 1483.320670
55.942523787771485 -3.187082869324603 NNW 55.94280095163124 -3.1871976743543127 1425.961638 1482.070670
55.94280095163124 -3.1871976743543127 NNW 55.943078115491 -3.187312479384022 1425.961638 1480.820670
55.943078115491 -3.187312479384022 NW 55.943290247525354 -3.187524611418378 1425.961638 1479.570670
55.943290247525354 -3.187524611418378 NNW 55.94356741138511 -3.1876394164480875 1425.961638 1478.320670
55.94356741138511 -3.1876394164480875 NW 55.94377954341947 -3.1878515484824432 1425.961638 1477.070670
55.94377954341947 -3.1878515484824432 NNW 55.94405670727922 -3.1879663535121527 1425.961638 1475.820670
55.94405670727922 -3.1879663535121527 NW 55.94426883931358 -3.1881784855465085 1400.019230 1464.402189
55.94426883931358 -3.1881784855465085 NNW 55.944546003173336 -3.188293290576218 1400.019230 1463.152189
55.944546003173336 -3.188293290576218 NW 55.94475813520769 -3.188505422610574 1400.019230 1461.902189
55.94475813520769 -3.188505422610574 NNW 55.94503529906745 -3.1886202276402833 1400.019230 1460.652189
55.94503529906745 -3.1886202276402833 NW 55.945247431101805 -3.188832359674639 1366.884080 1384.952771
55.945247431101805 -3.188832359674639 NNW 55.94552459496156 -3.1889471647043486 1366.884080 1383.702771
55.94552459496156 -3.1889471647043486 WSW 55.94540978993185 -3.189224328564102 1366.884080 1382.452771
55.94540978993185 -3.189224328564102 SW 55.945197657897495 -3.1894364605984578 1366.884080 1381.202771
55.945197657897495 -3.1894364605984578 WSW 55.945082852867785 -3.189713624458211 1366.884080 1379.952771
55.945082852867785 -3.189713624458211 SW 55.94487072083343 -3.189925756492567 1366.884080 1378.702771
55.94487072083343 -3.189925756492567 WSW 55.94475591580372 -3.1902029203523203 1366.884080 1377.452771
55.94475591580372 -3.1902029203523203 NE 55.944968047838074 -3.1899907883179646 1427.681806 1412.720879
55.944968047838074 -3.1899907883179646 NE 55.94518017987243 -3.189778656283609 1427.681806 1411.470879
55.94518017987243 -3.189778656283609 NE 55.94539231190679 -3.189566524249253 1427.681806 1410.220879
55.94539231190679 -3.189566524249253 ENE 55.9455071169365 -3.1892893603894996 1427.681806 1408.970879
55.9455071169365 -3.1892893603894996 NE 55.94571924897085 -3.189077228355144 1427.681806 1407.720879
55.94571924897085 -3.189077228355144 ESE 55.94560444394114 -3.1888000644953904 1508.312294 1522.317357
55.94560444394114 -3.1888000644953904 ESE 55.94548963891143 -3.188522900635637 1508.312294 1521.067357
55.94548963891143 -3.188522900635637 SE 55.945277506877076 -3.1883107686012813 1508.312294 1519.817357
55.945277506877076 -3.1883107686012813 ESE 55.945162701847366 -3.188033604741528 1508.312294 1518.567357
55.945162701847366 -3.188033604741528 SE 55.94495056981301 -3.187821472707172 1508.312294 1517.317357
55.94495056981301 -3.187821472707172 ESE 55.9448357647833 -3.1875443088474187 1508.312294 1516.067357
55.9448357647833 -3.1875443088474187 SE 55.94462363274894 -3.187332176813063 1508.312294 1514.817357
55.94462363274894 -3.187332176813063 ESE 55.94450882771923 -3.1870550129533095 1508.312294 1513.567357
55.94450882771923 -3.1870550129533095 SE 55.944296695684876 -3.1868428809189537 1508.312294 1512.317357
55.944296695684876 -3.1868428809189537 ESE 55.944181890655166 -3.1865657170592003 1618.921263 1582.478868
55.944181890655166 -3.1865657170592003 W 55.944181890655166 -3.1868657170592005 1618.921263 1581.228868
55.944181890655166 -3.1868657170592005 W 55.944181890655166 -3.1871657170592007 1618.921263 1579.978868
55.944181890655166 -3.1871657170592007 W 55.944181890655166 -3.187465717059201 1618.921263 1578.728868
55.944181890655166 -3.187465717059201 W 55.944181890655166 -3.187765717059201 1618.921263 1577.478868
55.944181890655166 -3.187765717059201 W 55.944181890655166 -3.1880657170592013 1618.921263 1576.228868
55.944181890655166 -3.1880657170592013 W 55.944181890655166 -3.1883657170592015 1618.921263 1574.978868
55.944181890655166 -3.1883657170592015 WNW 55.944296695684876 -3.188642880918955 1618.921263 1573.728868
55.944296695684876 -3.188642880918955 W 55.944296695684876 -3.188942880918955 1618.921263 1572.478868
55.944296695684876 -3.188942880918955 WNW 55.94441150071459 -3.1892200447787085 1618.921263 1571.228868
55.94441150071459 -3.1892200447787085 W 55.94441150071459 -3.1895200447787087 1618.921263 1569.978868
55.94441150071459 -3.1895200447787087 WNW 55.9445263057443 -3.189797208638462 1618.921263 1568.728868
55.9445263057443 -3.189797208638462 W 55.9445263057443 -3.1900972086384622 1618.921263 1567.478868
55.9445263057443 -3.1900972086384622 ENE 55.94464111077401 -3.189820044778709 1629.698765 1627.971090
55.94464111077401 -3.189820044778709 NE 55.944853242808364 -3.189607912744353 1629.698765 1626.721090
55.944853242808364 -3.189607912744353 NE 55.94506537484272 -3.1893957807099973 1629.698765 1625.471090
55.94506537484272 -3.1893957807099973 NNW 55.94534253870248 -3.189510585739707 1629.698765 1624.221090
55.94534253870248 -3.189510585739707 W 55.94534253870248 -3.189810585739707 1629.698765 1622.971090
55.94534253870248 -3.189810585739707 ESE 55.945227733672766 -3.1895334218799536 1629.698765 1621.721090
55.945227733672766 -3.1895334218799536 ESE 55.945112928643056 -3.1892562580202 1629.698765 1620.471090
55.945112928643056 -3.1892562580202 N 55.94541292864306 -3.1892562580202 1629.698765 1619.221090
55.94541292864306 -3.1892562580202 SW 55.9452007966087 -3.189468390054556 1629.698765 1617.971090
55.9452007966087 -3.189468390054556 W 55.9452007966087 -3.189768390054556 1629.698765 1616.721090
55.9452007966087 -3.189768390054556 NE 55.94541292864306 -3.1895562580202004 1629.698765 1615.471090
55.94541292864306 -3.1895562580202004 NNE 55.945690092502815 -3.189441452990491 1629.698765 1614.221090
55.945690092502815 -3.189441452990491 N 55.94599009250282 -3.189441452990491 1629.698765 1612.971090
55.94599009250282 -3.189441452990491 WNW 55.94610489753253 -3.1897186168502443 1629.698765 1611.721090
55.94610489753253 -3.1897186168502443 SSW 55.94582773367277 -3.189833421879954 1629.698765 1610.471090
55.94582773367277 -3.189833421879954 NNW 55.94610489753253 -3.1899482269096633 1629.698765 1609.221090
55.94610489753253 -3.1899482269096633 SW 55.94589276549817 -3.190160358944019 1629.698765 1607.971090
55.94589276549817 -3.190160358944019 NW 55.94610489753253 -3.190372490978375 1505.930574 1532.093232
55.94610489753253 -3.190372490978375 SE 55.94589276549817 -3.190160358944019 1505.930574 1530.843232
55.94589276549817 -3.190160358944019 NW 55.94610489753253 -3.190372490978375 1505.930574 1529.593232
55.94610489753253 -3.190372490978375 SE 55.94589276549817 -3.190160358944019 1505.930574 1528.343232
55.94589276549817 -3.190160358944019 SSW 55.945615601638416 -3.1902751639737286 1505.930574 1527.093232
55.945615601638416 -3.1902751639737286 WNW 55.945730406668126 -3.190552327833482 1505.930574 1525.843232
55.945730406668126 -3.190552327833482 ESE 55.945615601638416 -3.1902751639737286 1505.930574 1524.593232
55.945615601638416 -3.1902751639737286 NW 55.94582773367277 -3.1904872960080843 1505.930574 1523.343232
55.94582773367277 -3.1904872960080843 WSW 55.94571292864306 -3.1907644598678377 1505.930574 1522.093232
55.94571292864306 -3.1907644598678377 E 55.94571292864306 -3.1904644598678376 1505.930574 1520.843232
55.94571292864306 -3.1904644598678376 ENE 55.94582773367277 -3.190187296008084 1505.930574 1519.593232
55.94582773367277 -3.190187296008084 NE 55.94603986570713 -3.1899751639737284 1505.930574 1518.343232
55.94603986570713 -3.1899751639737284 WNW 55.94615467073684 -3.190252327833482 1505.930574 1517.093232
55.94615467073684 -3.190252327833482 ENE 55.94626947576655 -3.1899751639737284 1505.930574 1515.843232
55.94626947576655 -3.1899751639737284 SW 55.94605734373219 -3.190187296008084 1505.930574 1514.593232
55.94605734373219 -3.190187296008084 SSW 55.945780179872436 -3.1903021010377937 1505.930574 1513.343232
55.945780179872436 -3.1903021010377937 ENE 55.94589498490215 -3.1900249371780403 1505.930574 1512.093232
55.94589498490215 -3.1900249371780403 WNW 55.94600978993186 -3.1903021010377937 1505.930574 1510.843232
55.94600978993186 -3.1903021010377937 SSE 55.9457326260721 -3.190187296008084 1505.930574 1509.593232
55.9457326260721 -3.190187296008084 WSW 55.94561782104239 -3.1904644598678376 1505.930574 1508.343232
55.94561782104239 -3.1904644598678376 W 55.94561782104239 -3.1907644598678377 1505.930574 1507.093232
55.94561782104239 -3.1907644598678377 N 55.94591782104239 -3.1907644598678377 1505.930574 1505.843232
55.94591782104239 -3.1907644598678377 SSE 55.945640657182636 -3.1906496548381282 1505.930574 1504.593232
55.945640657182636 -3.1906496548381282 NE 55.94585278921699 -3.1904375228037725 1505.930574 1503.343232
55.94585278921699 -3.1904375228037725 WSW 55.94573798418728 -3.190714686663526 1505.930574 1502.093232
55.94573798418728 -3.190714686663526 NE 55.94595011622164 -3.19050255462917 1505.930574 1500.843232
55.94595011622164 -3.19050255462917 NW 55.946162248255995 -3.190714686663526 1505.930574 1499.593232
55.946162248255995 -3.190714686663526 N 55.946462248256 -3.190714686663526 1505.930574 1498.343232
55.946462248256 -3.190714686663526 NNE 55.946739412115754 -3.1905998816338164 1505.930574 1497.093232
55.946739412115754 -3.1905998816338164 NNW 55.94701657597551 -3.190714686663526 1505.930574 1495.843232
55.94701657597551 -3.190714686663526 NE 55.94722870800987 -3.19050255462917 1505.930574 1494.593232
55.94722870800987 -3.19050255462917 NNW 55.94750587186962 -3.1906173596588796 1505.930574 1493.343232
55.94750587186962 -3.1906173596588796 E 55.94750587186962 -3.1903173596588794 1505.930574 1492.093232
55.94750587186962 -3.1903173596588794 N 55.947805871869626 -3.1903173596588794 1505.930574 1490.843232
55.947805871869626 -3.1903173596588794 ESE 55.947691066839916 -3.190040195799126 1505.930574 1489.593232
55.947691066839916 -3.190040195799126 N 55.94799106683992 -3.190040195799126 1505.930574 1488.343232
55.94799106683992 -3.190040195799126 WNW 55.94810587186963 -3.1903173596588794 1505.930574 1487.093232
55.94810587186963 -3.1903173596588794 S 55.947805871869626 -3.1903173596588794 1505.930574 1485.843232
55.947805871869626 -3.1903173596588794 E 55.947805871869626 -3.1900173596588792 1505.930574 1484.593232
55.947805871869626 -3.1900173596588792 SE 55.94759373983527 -3.1898052276245235 1505.930574 1483.343232
55.94759373983527 -3.1898052276245235 NE 55.947805871869626 -3.1895930955901677 1505.930574 1482.093232
55.947805871869626 -3.1895930955901677 SW 55.94759373983527 -3.1898052276245235 1505.930574 1480.843232
55.94759373983527 -3.1898052276245235 SE 55.947381607800914 -3.1895930955901677 1505.930574 1479.593232
55.947381607800914 -3.1895930955901677 SSW 55.94710444394116 -3.189707900619877 1505.930574 1478.343232
55.94710444394116 -3.189707900619877 SE 55.9468923119068 -3.1894957685855214 1505.930574 1477.093232
55.9468923119068 -3.1894957685855214 SW 55.946680179872445 -3.189707900619877 1505.930574 1475.843232
55.946680179872445 -3.189707900619877 NNE 55.9469573437322 -3.1895930955901677 1505.930574 1474.593232
55.9469573437322 -3.1895930955901677 SSE 55.946680179872445 -3.189478290560458 1505.930574 1473.343232
55.946680179872445 -3.189478290560458 W 55.946680179872445 -3.1897782905604584 1505.930574 1472.093232
55.946680179872445 -3.1897782905604584 SW 55.94646804783809 -3.189990422594814 1505.930574 1470.843232
55.94646804783809 -3.189990422594814 E 55.94646804783809 -3.189690422594814 1505.930574 1469.593232
55.94646804783809 -3.189690422594814 ENE 55.9465828528678 -3.1894132587350605 1505.930574 1468.343232
55.9465828528678 -3.1894132587350605 SSW 55.94630568900804 -3.18952806376477 1505.930574 1467.093232
55.94630568900804 -3.18952806376477 NE 55.9465178210424 -3.1893159317304143 1505.930574 1465.843232
55.9465178210424 -3.1893159317304143 SE 55.94630568900804 -3.1891037996960585 1505.930574 1464.593232
55.94630568900804 -3.1891037996960585 NNE 55.9465828528678 -3.188988994666349 1505.930574 1463.343232
55.9465828528678 -3.188988994666349 SSE 55.94630568900804 -3.1888741896366395 1505.930574 1462.093232
55.94630568900804 -3.1888741896366395 W 55.94630568900804 -3.1891741896366397 1505.930574 1460.843232
55.94630568900804 -3.1891741896366397 SSE 55.946028525148286 -3.18905938460693 1505.930574 1459.593232
55.946028525148286 -3.18905938460693 ENE 55.946143330177996 -3.1887822207471768 1505.930574 1458.343232
