55.944425 -3.188396 ENE 55.94453980502971 -3.1881188361402466 0.000000 248.750000
55.94453980502971 -3.1881188361402466 ENE 55.94465461005942 -3.187841672280493 0.000000 247.500000
55.94465461005942 -3.187841672280493 ENE 55.944769415089134 -3.18756450842074 0.000000 246.250000
55.944769415089134 -3.18756450842074 ENE 55.944884220118844 -3.1872873445609864 0.000000 245.000000
55.944884220118844 -3.1872873445609864 ENE 55.944999025148554 -3.187010180701233 49.270928 256.824749
55.944999025148554 -3.187010180701233 ENE 55.945113830178265 -3.1867330168414796 0.000000 131.704170
55.945113830178265 -3.1867330168414796 ENE 55.945228635207975 -3.186455852981726 0.000000 130.454170
55.945228635207975 -3.186455852981726 ENE 55.945343440237686 -3.1861786891219728 0.000000 129.204170
55.945343440237686 -3.1861786891219728 ENE 55.945458245267396 -3.1859015252622194 0.000000 127.954170
55.945458245267396 -3.1859015252622194 S 55.94515824526739 -3.1859015252622194 113.887452 161.557950
55.94515824526739 -3.1859015252622194 S 55.94485824526739 -3.1859015252622194 220.206845 177.434411
55.94485824526739 -3.1859015252622194 S 55.94455824526739 -3.1859015252622194 235.925669 269.476424
55.94455824526739 -3.1859015252622194 SSE 55.94428108140763 -3.18578672023251 235.925669 268.226424
55.94428108140763 -3.18578672023251 S 55.94398108140763 -3.18578672023251 235.925669 266.976424
55.94398108140763 -3.18578672023251 SSE 55.94370391754787 -3.1856719152028004 235.925669 265.726424
55.94370391754787 -3.1856719152028004 S 55.94340391754787 -3.1856719152028004 313.140754 273.632146
55.94340391754787 -3.1856719152028004 SSE 55.94312675368811 -3.185557110173091 313.140754 272.382146
55.94312675368811 -3.185557110173091 W 55.94312675368811 -3.185857110173091 348.280399 331.473396
55.94312675368811 -3.185857110173091 W 55.94312675368811 -3.1861571101730912 348.280399 330.223396
55.94312675368811 -3.1861571101730912 W 55.94312675368811 -3.1864571101730914 348.280399 328.973396
55.94312675368811 -3.1864571101730914 W 55.94312675368811 -3.1867571101730916 348.280399 327.723396
55.94312675368811 -3.1867571101730916 W 55.94312675368811 -3.187057110173092 348.280399 326.473396
55.94312675368811 -3.187057110173092 W 55.94312675368811 -3.187357110173092 348.280399 325.223396
55.94312675368811 -3.187357110173092 W 55.94312675368811 -3.187657110173092 348.280399 323.973396
55.94312675368811 -3.187657110173092 WNW 55.94324155871782 -3.1879342740328456 348.280399 322.723396
55.94324155871782 -3.1879342740328456 W 55.94324155871782 -3.1882342740328458 348.280399 321.473396
55.94324155871782 -3.1882342740328458 WNW 55.94335636374753 -3.188511437892599 348.280399 320.223396
55.94335636374753 -3.188511437892599 W 55.94335636374753 -3.1888114378925994 348.280399 318.973396
55.94335636374753 -3.1888114378925994 WNW 55.94347116877724 -3.1890886017523528 348.280399 317.723396
55.94347116877724 -3.1890886017523528 NW 55.9436833008116 -3.1893007337867085 404.918959 400.135438
55.9436833008116 -3.1893007337867085 NW 55.943895432845956 -3.1895128658210643 404.918959 398.885438
55.943895432845956 -3.1895128658210643 NW 55.94410756488031 -3.18972499785542 404.918959 397.635438
55.94410756488031 -3.18972499785542 NW 55.94431969691467 -3.189937129889776 404.918959 396.385438
55.94431969691467 -3.189937129889776 NW 55.944531828949025 -3.1901492619241316 415.696461 456.877659
55.944531828949025 -3.1901492619241316 NW 55.94474396098338 -3.1903613939584874 415.696461 455.627659
55.94474396098338 -3.1903613939584874 WNW 55.94485876601309 -3.190638557818241 476.494186 490.895768
55.94485876601309 -3.190638557818241 NW 55.94507089804745 -3.1908506898525966 476.494186 489.645768
55.94507089804745 -3.1908506898525966 WNW 55.94518570307716 -3.19112785371235 476.494186 488.395768
55.94518570307716 -3.19112785371235 ENE 55.94530050810687 -3.1908506898525966 540.424113 605.025378
55.94530050810687 -3.1908506898525966 ENE 55.94541531313658 -3.190573525992843 540.424113 603.775378
55.94541531313658 -3.190573525992843 E 55.94541531313658 -3.190273525992843 540.424113 602.525378
55.94541531313658 -3.190273525992843 ENE 55.94553011816629 -3.1899963621330896 656.196494 687.332573
55.94553011816629 -3.1899963621330896 E 55.94553011816629 -3.1896963621330894 656.196494 686.082573
55.94553011816629 -3.1896963621330894 ENE 55.945644923196 -3.189419198273336 656.196494 684.832573
55.945644923196 -3.189419198273336 E 55.945644923196 -3.189119198273336 656.196494 683.582573
55.945644923196 -3.189119198273336 WSW 55.94553011816629 -3.189396362133089 736.826982 798.179050
55.94553011816629 -3.189396362133089 WSW 55.94541531313658 -3.1896735259928426 736.826982 796.929050
55.94541531313658 -3.1896735259928426 WSW 55.94530050810687 -3.189950689852596 736.826982 795.679050
55.94530050810687 -3.189950689852596 WSW 55.94518570307716 -3.1902278537123494 736.826982 794.429050
55.94518570307716 -3.1902278537123494 WSW 55.94507089804745 -3.190505017572103 736.826982 793.179050
55.94507089804745 -3.190505017572103 WSW 55.94495609301774 -3.190782181431856 736.826982 791.929050
55.94495609301774 -3.190782181431856 WSW 55.94484128798803 -3.1910593452916096 736.826982 790.679050
55.94484128798803 -3.1910593452916096 WSW 55.944726482958316 -3.191336509151363 736.826982 789.429050
55.944726482958316 -3.191336509151363 WSW 55.944611677928606 -3.1916136730111164 736.826982 788.179050
55.944611677928606 -3.1916136730111164 SE 55.94439954589425 -3.1914015409767607 825.985728 889.719855
55.94439954589425 -3.1914015409767607 SE 55.94418741385989 -3.191189408942405 918.080582 893.565019
55.94418741385989 -3.191189408942405 SE 55.94397528182554 -3.190977276908049 918.080582 892.315019
55.94397528182554 -3.190977276908049 SE 55.94376314979118 -3.1907651448736933 918.080582 891.065019
55.94376314979118 -3.1907651448736933 SE 55.943551017756825 -3.1905530128393376 918.080582 889.815019
55.943551017756825 -3.1905530128393376 SE 55.94333888572247 -3.190340880804982 918.080582 888.565019
55.94333888572247 -3.190340880804982 SE 55.94312675368811 -3.190128748770626 918.080582 887.315019
55.94312675368811 -3.190128748770626 SSE 55.942849589828356 -3.1900139437409165 872.685121 871.368397
55.942849589828356 -3.1900139437409165 NNW 55.94312675368811 -3.190128748770626 922.123554 939.951121
55.94312675368811 -3.190128748770626 NNW 55.94340391754787 -3.1902435538003355 922.123554 938.701121
55.94340391754787 -3.1902435538003355 NNW 55.943681081407625 -3.190358358830045 922.123554 937.451121
55.943681081407625 -3.190358358830045 NNW 55.94395824526738 -3.1904731638597545 922.123554 936.201121
55.94395824526738 -3.1904731638597545 SSW 55.943681081407625 -3.190587968889464 944.417668 946.009684
55.943681081407625 -3.190587968889464 SSW 55.94340391754787 -3.1907027739191736 944.417668 944.759684
55.94340391754787 -3.1907027739191736 SSW 55.94312675368811 -3.190817578948883 944.417668 943.509684
55.94312675368811 -3.190817578948883 SSW 55.942849589828356 -3.1909323839785926 944.417668 942.259684
55.942849589828356 -3.1909323839785926 ENE 55.942964394858066 -3.190655220118839 1022.073085 1024.501564
55.942964394858066 -3.190655220118839 ENE 55.94307919988778 -3.1903780562590858 1022.073085 1023.251564
55.94307919988778 -3.1903780562590858 ENE 55.94319400491749 -3.1901008923993324 1022.073085 1022.001564
55.94319400491749 -3.1901008923993324 ENE 55.9433088099472 -3.189823728539579 1022.073085 1020.751564
55.9433088099472 -3.189823728539579 ENE 55.94342361497691 -3.1895465646798256 1022.073085 1019.501564
55.94342361497691 -3.1895465646798256 ENE 55.94353842000662 -3.189269400820072 1022.073085 1018.251564
55.94353842000662 -3.189269400820072 ENE 55.94365322503633 -3.1889922369603187 1022.073085 1017.001564
55.94365322503633 -3.1889922369603187 ENE 55.94376803006604 -3.1887150731005653 1022.073085 1015.751564
55.94376803006604 -3.1887150731005653 ENE 55.94388283509575 -3.188437909240812 1022.073085 1014.501564
55.94388283509575 -3.188437909240812 ENE 55.94399764012546 -3.1881607453810585 1022.073085 1013.251564
55.94399764012546 -3.1881607453810585 NNE 55.944274803985216 -3.188045940351349 1095.442473 1089.330400
55.944274803985216 -3.188045940351349 NNE 55.94455196784497 -3.1879311353216395 1069.500064 1077.911918
55.94455196784497 -3.1879311353216395 NNE 55.94482913170473 -3.18781633029193 1069.500064 1076.661918
55.94482913170473 -3.18781633029193 NNE 55.945106295564486 -3.1877015252622205 1069.500064 1075.411918
55.945106295564486 -3.1877015252622205 N 55.94540629556449 -3.1877015252622205 1069.500064 1074.161918
55.94540629556449 -3.1877015252622205 NNE 55.945683459424245 -3.187586720232511 1069.500064 1072.911918
55.945683459424245 -3.187586720232511 ESE 55.945568654394535 -3.1873095563727576 1080.334047 1154.231009
55.945568654394535 -3.1873095563727576 ESE 55.945453849364824 -3.187032392513004 1080.334047 1152.981009
55.945453849364824 -3.187032392513004 ESE 55.945339044335114 -3.186755228653251 1080.334047 1151.731009
55.945339044335114 -3.186755228653251 ESE 55.945224239305404 -3.1864780647934974 1080.334047 1150.481009
55.945224239305404 -3.1864780647934974 SE 55.94501210727105 -3.1862659327591416 1080.334047 1149.231009
55.94501210727105 -3.1862659327591416 ESE 55.94489730224134 -3.185988768899388 1080.334047 1147.981009
55.94489730224134 -3.185988768899388 SE 55.94468517020698 -3.1857766368650324 1080.334047 1146.731009
55.94468517020698 -3.1857766368650324 ESE 55.94457036517727 -3.185499473005279 1080.334047 1145.481009
55.94457036517727 -3.185499473005279 SE 55.944358233142914 -3.1852873409709233 1080.334047 1144.231009
55.944358233142914 -3.1852873409709233 ESE 55.944243428113204 -3.18501017711117 1080.334047 1142.981009
55.944243428113204 -3.18501017711117 SE 55.94403129607885 -3.184798045076814 1080.334047 1141.731009
55.94403129607885 -3.184798045076814 W 55.94403129607885 -3.1850980450768143 1166.209844 1216.495725
55.94403129607885 -3.1850980450768143 W 55.94403129607885 -3.1853980450768145 1166.209844 1215.245725
55.94403129607885 -3.1853980450768145 W 55.94403129607885 -3.1856980450768146 1166.209844 1213.995725
55.94403129607885 -3.1856980450768146 W 55.94403129607885 -3.185998045076815 1166.209844 1212.745725
55.94403129607885 -3.185998045076815 WNW 55.94414610110856 -3.1862752089365682 1166.209844 1211.495725
55.94414610110856 -3.1862752089365682 W 55.94414610110856 -3.1865752089365684 1166.209844 1210.245725
55.94414610110856 -3.1865752089365684 SSE 55.9438689372488 -3.186460403906859 1276.818813 1280.407237
55.9438689372488 -3.186460403906859 W 55.9438689372488 -3.186760403906859 1308.480517 1358.728602
55.9438689372488 -3.186760403906859 W 55.9438689372488 -3.1870604039068593 1308.480517 1357.478602
55.9438689372488 -3.1870604039068593 W 55.9438689372488 -3.1873604039068595 1308.480517 1356.228602
55.9438689372488 -3.1873604039068595 W 55.9438689372488 -3.1876604039068597 1308.480517 1354.978602
55.9438689372488 -3.1876604039068597 W 55.9438689372488 -3.18796040390686 1308.480517 1353.728602
55.9438689372488 -3.18796040390686 W 55.9438689372488 -3.18826040390686 1308.480517 1352.478602
55.9438689372488 -3.18826040390686 W 55.9438689372488 -3.1885604039068602 1308.480517 1351.228602
55.9438689372488 -3.1885604039068602 W 55.9438689372488 -3.1888604039068604 1308.480517 1349.978602
55.9438689372488 -3.1888604039068604 W 55.9438689372488 -3.1891604039068606 1308.480517 1348.728602
55.9438689372488 -3.1891604039068606 W 55.9438689372488 -3.189460403906861 1308.480517 1347.478602
55.9438689372488 -3.189460403906861 W 55.9438689372488 -3.189760403906861 1308.480517 1346.228602
55.9438689372488 -3.189760403906861 W 55.9438689372488 -3.190060403906861 1308.480517 1344.978602
55.9438689372488 -3.190060403906861 W 55.9438689372488 -3.1903604039068614 1308.480517 1343.728602
55.9438689372488 -3.1903604039068614 W 55.9438689372488 -3.1906604039068616 1308.480517 1342.478602
55.9438689372488 -3.1906604039068616 W 55.9438689372488 -3.1909604039068618 1308.480517 1341.228602
55.9438689372488 -3.1909604039068618 WNW 55.94398374227851 -3.191237567766615 1308.480517 1339.978602
55.94398374227851 -3.191237567766615 W 55.94398374227851 -3.1915375677666153 1352.794557 1344.342236
55.94398374227851 -3.1915375677666153 ENE 55.94409854730822 -3.191260403906862 1352.794557 1343.092236
55.94409854730822 -3.191260403906862 ENE 55.94421335233793 -3.1909832400471085 1352.794557 1341.842236
55.94421335233793 -3.1909832400471085 ENE 55.94432815736764 -3.190706076187355 1352.794557 1340.592236
55.94432815736764 -3.190706076187355 ENE 55.94444296239735 -3.1904289123276017 1352.794557 1339.342236
55.94444296239735 -3.1904289123276017 ENE 55.944557767427064 -3.1901517484678483 1352.794557 1338.092236
55.944557767427064 -3.1901517484678483 ENE 55.944672572456774 -3.189874584608095 1352.794557 1336.842236
55.944672572456774 -3.189874584608095 ENE 55.944787377486485 -3.1895974207483415 1448.876631 1370.177322
55.944787377486485 -3.1895974207483415 E 55.944787377486485 -3.1892974207483413 1448.876631 1368.927322
55.944787377486485 -3.1892974207483413 ENE 55.944902182516195 -3.189020256888588 1448.876631 1367.677322
55.944902182516195 -3.189020256888588 E 55.944902182516195 -3.1887202568885877 1448.876631 1366.427322
55.944902182516195 -3.1887202568885877 ENE 55.945016987545905 -3.1884430930288343 1415.741482 1290.727904
55.945016987545905 -3.1884430930288343 E 55.945016987545905 -3.188143093028834 1415.741482 1289.477904
55.945016987545905 -3.188143093028834 ENE 55.945131792575616 -3.1878659291690807 1415.741482 1288.227904
55.945131792575616 -3.1878659291690807 E 55.945131792575616 -3.1875659291690805 1415.741482 1286.977904
55.945131792575616 -3.1875659291690805 ENE 55.945246597605326 -3.187288765309327 1415.741482 1285.727904
55.945246597605326 -3.187288765309327 E 55.945246597605326 -3.186988765309327 1415.741482 1284.477904
55.945246597605326 -3.186988765309327 ENE 55.94536140263504 -3.1867116014495735 1360.999124 1283.227904
55.94536140263504 -3.1867116014495735 E 55.94536140263504 -3.1864116014495734 1270.341364 1259.942205
55.94536140263504 -3.1864116014495734 ENE 55.94547620766475 -3.18613443758982 1270.341364 1258.692205
55.94547620766475 -3.18613443758982 E 55.94547620766475 -3.1858344375898198 1270.341364 1257.442205
55.94547620766475 -3.1858344375898198 ENE 55.94559101269446 -3.1855572737300664 1270.341364 1256.192205
55.94559101269446 -3.1855572737300664 E 55.94559101269446 -3.185257273730066 1270.341364 1254.942205
55.94559101269446 -3.185257273730066 ENE 55.94570581772417 -3.1849801098703128 1270.341364 1253.692205
55.94570581772417 -3.1849801098703128 E 55.94570581772417 -3.1846801098703126 1270.341364 1252.442205
55.94570581772417 -3.1846801098703126 ENE 55.94582062275388 -3.184402946010559 1270.341364 1251.192205
55.94582062275388 -3.184402946010559 W 55.94582062275388 -3.1847029460105594 1339.799878 1366.026601
55.94582062275388 -3.1847029460105594 W 55.94582062275388 -3.1850029460105596 1339.799878 1364.776601
55.94582062275388 -3.1850029460105596 W 55.94582062275388 -3.1853029460105597 1339.799878 1363.526601
55.94582062275388 -3.1853029460105597 W 55.94582062275388 -3.18560294601056 1339.799878 1362.276601
55.94582062275388 -3.18560294601056 W 55.94582062275388 -3.18590294601056 1339.799878 1361.026601
55.94582062275388 -3.18590294601056 W 55.94582062275388 -3.1862029460105603 1259.492680 1274.046004
55.94582062275388 -3.1862029460105603 W 55.94582062275388 -3.1865029460105605 1259.256951 1170.970470
55.94582062275388 -3.1865029460105605 W 55.94582062275388 -3.1868029460105607 1259.256951 1169.720470
55.94582062275388 -3.1868029460105607 W 55.94582062275388 -3.187102946010561 1259.256951 1168.470470
55.94582062275388 -3.187102946010561 W 55.94582062275388 -3.187402946010561 1259.256951 1167.220470
55.94582062275388 -3.187402946010561 W 55.94582062275388 -3.1877029460105613 1259.256951 1165.970470
55.94582062275388 -3.1877029460105613 W 55.94582062275388 -3.1880029460105614 1259.256951 1164.720470
55.94582062275388 -3.1880029460105614 W 55.94582062275388 -3.1883029460105616 1259.256951 1163.470470
55.94582062275388 -3.1883029460105616 W 55.94582062275388 -3.188602946010562 1259.256951 1162.220470
55.94582062275388 -3.188602946010562 W 55.94582062275388 -3.188902946010562 1259.256951 1160.970470
55.94582062275388 -3.188902946010562 W 55.94582062275388 -3.189202946010562 1281.150148 1260.709385
55.94582062275388 -3.189202946010562 W 55.94582062275388 -3.1895029460105624 1281.150148 1259.459385
55.94582062275388 -3.1895029460105624 W 55.94582062275388 -3.1898029460105626 1281.150148 1258.209385
55.94582062275388 -3.1898029460105626 WSW 55.94570581772417 -3.190080109870316 1281.150148 1256.959385
55.94570581772417 -3.190080109870316 W 55.94570581772417 -3.190380109870316 1157.381957 1181.081527
55.94570581772417 -3.190380109870316 WSW 55.94559101269446 -3.1906572737300696 1157.381957 1179.831527
55.94559101269446 -3.1906572737300696 W 55.94559101269446 -3.1909572737300698 1157.381957 1178.581527
55.94559101269446 -3.1909572737300698 WSW 55.94547620766475 -3.191234437589823 1157.381957 1177.331527
55.94547620766475 -3.191234437589823 W 55.94547620766475 -3.1915344375898234 1157.381957 1176.081527
55.94547620766475 -3.1915344375898234 WSW 55.94536140263504 -3.1918116014495768 1157.381957 1174.831527
55.94536140263504 -3.1918116014495768 W 55.94536140263504 -3.192111601449577 1157.381957 1173.581527
55.94536140263504 -3.192111601449577 WSW 55.945246597605326 -3.1923887653093304 1157.381957 1172.331527
55.945246597605326 -3.1923887653093304 E 55.945246597605326 -3.19208876530933 1242.808133 1209.095325
55.945246597605326 -3.19208876530933 E 55.945246597605326 -3.19178876530933 1242.808133 1207.845325
55.945246597605326 -3.19178876530933 E 55.945246597605326 -3.19148876530933 1242.808133 1206.595325
55.945246597605326 -3.19148876530933 E 55.945246597605326 -3.1911887653093296 1242.808133 1205.345325
55.945246597605326 -3.1911887653093296 E 55.945246597605326 -3.1908887653093294 1242.808133 1204.095325
55.945246597605326 -3.1908887653093294 E 55.945246597605326 -3.1905887653093292 1242.808133 1202.845325
55.945246597605326 -3.1905887653093292 E 55.945246597605326 -3.190288765309329 1242.808133 1201.595325
55.945246597605326 -3.190288765309329 E 55.945246597605326 -3.189988765309329 1242.808133 1200.345325
55.945246597605326 -3.189988765309329 E 55.945246597605326 -3.1896887653093287 1242.808133 1199.095325
55.945246597605326 -3.1896887653093287 E 55.945246597605326 -3.1893887653093285 1242.808133 1197.845325
55.945246597605326 -3.1893887653093285 E 55.945246597605326 -3.1890887653093283 1242.808133 1196.595325
55.945246597605326 -3.1890887653093283 E 55.945246597605326 -3.188788765309328 1242.808133 1195.345325
55.945246597605326 -3.188788765309328 E 55.945246597605326 -3.188488765309328 1242.808133 1194.095325
55.945246597605326 -3.188488765309328 E 55.945246597605326 -3.1881887653093277 1242.808133 1192.845325
55.945246597605326 -3.1881887653093277 E 55.945246597605326 -3.1878887653093275 1242.808133 1191.595325
55.945246597605326 -3.1878887653093275 E 55.945246597605326 -3.1875887653093273 1242.808133 1190.345325
55.945246597605326 -3.1875887653093273 E 55.945246597605326 -3.187288765309327 1242.808133 1189.095325
55.945246597605326 -3.187288765309327 E 55.945246597605326 -3.186988765309327 1242.808133 1187.845325
55.945246597605326 -3.186988765309327 E 55.945246597605326 -3.1866887653093268 1242.808133 1186.595325
55.945246597605326 -3.1866887653093268 E 55.945246597605326 -3.1863887653093266 1242.808133 1185.345325
55.945246597605326 -3.1863887653093266 E 55.945246597605326 -3.1860887653093264 1242.808133 1184.095325
55.945246597605326 -3.1860887653093264 E 55.945246597605326 -3.185788765309326 1242.808133 1182.845325
55.945246597605326 -3.185788765309326 E 55.945246597605326 -3.185488765309326 1242.808133 1181.595325
55.945246597605326 -3.185488765309326 ESE 55.945131792575616 -3.1852116014495726 1242.808133 1180.345325
55.945131792575616 -3.1852116014495726 E 55.945131792575616 -3.1849116014495724 1192.700532 1060.565671
55.945131792575616 -3.1849116014495724 WSW 55.945016987545905 -3.185188765309326 1192.700532 1059.315671
55.945016987545905 -3.185188765309326 WSW 55.944902182516195 -3.1854659291690792 1192.700532 1058.065671
55.944902182516195 -3.1854659291690792 W 55.944902182516195 -3.1857659291690794 1192.700532 1056.815671
55.944902182516195 -3.1857659291690794 WSW 55.944787377486485 -3.186043093028833 1192.700532 1055.565671
55.944787377486485 -3.186043093028833 W 55.944787377486485 -3.186343093028833 1192.700532 1054.315671
55.944787377486485 -3.186343093028833 WSW 55.944672572456774 -3.1866202568885864 1192.700532 1053.065671
55.944672572456774 -3.1866202568885864 W 55.944672572456774 -3.1869202568885866 1192.700532 1051.815671
55.944672572456774 -3.1869202568885866 WSW 55.944557767427064 -3.18719742074834 1192.700532 1050.565671
55.944557767427064 -3.18719742074834 W 55.944557767427064 -3.18749742074834 1192.700532 1049.315671
55.944557767427064 -3.18749742074834 WSW 55.94444296239735 -3.1877745846080936 1192.700532 1048.065671
55.94444296239735 -3.1877745846080936 W 55.94444296239735 -3.188074584608094 1192.700532 1046.815671
55.94444296239735 -3.188074584608094 WSW 55.94432815736764 -3.188351748467847 1192.700532 1045.565671
55.94432815736764 -3.188351748467847 W 55.94432815736764 -3.1886517484678474 1192.700532 1044.315671
55.94432815736764 -3.1886517484678474 WSW 55.94421335233793 -3.188928912327601 1168.872809 1019.169737
55.94421335233793 -3.188928912327601 W 55.94421335233793 -3.189228912327601 1168.872809 1017.919737
55.94421335233793 -3.189228912327601 WSW 55.94409854730822 -3.1895060761873544 1168.872809 1016.669737
55.94409854730822 -3.1895060761873544 W 55.94409854730822 -3.1898060761873546 1168.872809 1015.419737
55.94409854730822 -3.1898060761873546 WSW 55.94398374227851 -3.190083240047108 1168.872809 1014.169737
55.94398374227851 -3.190083240047108 W 55.94398374227851 -3.190383240047108 1168.872809 1012.919737
55.94398374227851 -3.190383240047108 WSW 55.9438689372488 -3.1906604039068616 1168.872809 1011.669737
55.9438689372488 -3.1906604039068616 W 55.9438689372488 -3.1909604039068618 1168.872809 1010.419737
55.9438689372488 -3.1909604039068618 WSW 55.94375413221909 -3.191237567766615 1168.872809 1009.169737
55.94375413221909 -3.191237567766615 W 55.94375413221909 -3.1915375677666153 1230.570321 1029.284281
55.94375413221909 -3.1915375677666153 E 55.94375413221909 -3.191237567766615 1230.570321 1028.034281
55.94375413221909 -3.191237567766615 ESE 55.94363932718938 -3.1909604039068618 1230.570321 1026.784281
55.94363932718938 -3.1909604039068618 ESE 55.94352452215967 -3.1906832400471083 1230.570321 1025.534281
55.94352452215967 -3.1906832400471083 ESE 55.94340971712996 -3.190406076187355 1230.570321 1024.284281
55.94340971712996 -3.190406076187355 ESE 55.94329491210025 -3.1901289123276015 1230.570321 1023.034281
55.94329491210025 -3.1901289123276015 ESE 55.94318010707054 -3.189851748467848 1230.570321 1021.784281
55.94318010707054 -3.189851748467848 E 55.94318010707054 -3.189551748467848 1230.570321 1020.534281
55.94318010707054 -3.189551748467848 ESE 55.94306530204083 -3.1892745846080945 1230.570321 1019.284281
55.94306530204083 -3.1892745846080945 E 55.94306530204083 -3.1889745846080944 1230.570321 1018.034281
55.94306530204083 -3.1889745846080944 ESE 55.94295049701112 -3.188697420748341 1230.570321 1016.784281
55.94295049701112 -3.188697420748341 E 55.94295049701112 -3.1883974207483408 1230.570321 1015.534281
55.94295049701112 -3.1883974207483408 ESE 55.94283569198141 -3.1881202568885874 1230.570321 1014.284281
55.94283569198141 -3.1881202568885874 E 55.94283569198141 -3.187820256888587 1230.570321 1013.034281
55.94283569198141 -3.187820256888587 ESE 55.9427208869517 -3.1875430930288338 1230.570321 1011.784281
55.9427208869517 -3.1875430930288338 E 55.9427208869517 -3.1872430930288336 1230.570321 1010.534281
55.9427208869517 -3.1872430930288336 ESE 55.94260608192199 -3.18696592916908 1230.570321 1009.284281
55.94260608192199 -3.18696592916908 NE 55.94281821395634 -3.1867537971347244 1254.596976 1125.131007
55.94281821395634 -3.1867537971347244 NE 55.9430303459907 -3.1865416651003686 1223.130146 1064.233337
55.9430303459907 -3.1865416651003686 NE 55.943242478025056 -3.186329533066013 1223.130146 1062.983337
55.943242478025056 -3.186329533066013 NE 55.94345461005941 -3.186117401031657 1223.130146 1061.733337
55.94345461005941 -3.186117401031657 NE 55.94366674209377 -3.1859052689973013 1223.130146 1060.483337
55.94366674209377 -3.1859052689973013 NE 55.943878874128124 -3.1856931369629455 1223.130146 1059.233337
55.943878874128124 -3.1856931369629455 NE 55.94409100616248 -3.1854810049285898 1223.130146 1057.983337
55.94409100616248 -3.1854810049285898 NE 55.94430313819684 -3.185268872894234 1223.130146 1056.733337
55.94430313819684 -3.185268872894234 NNE 55.94458030205659 -3.1851540678645245 1223.130146 1055.483337
55.94458030205659 -3.1851540678645245 NE 55.94479243409095 -3.1849419358301687 1223.130146 1054.233337
55.94479243409095 -3.1849419358301687 NNE 55.945069597950706 -3.184827130800459 1223.130146 1052.983337
55.945069597950706 -3.184827130800459 E 55.945069597950706 -3.184527130800459 1255.923008 1138.843340
55.945069597950706 -3.184527130800459 WSW 55.944954792920996 -3.1848042946602124 1255.923008 1137.593340
