55.944425 -3.188396 ENE 55.94453980502971 -3.1881188361402466 0.000000 248.750000
55.94453980502971 -3.1881188361402466 ENE 55.94465461005942 -3.187841672280493 0.000000 247.500000
55.94465461005942 -3.187841672280493 ENE 55.944769415089134 -3.18756450842074 0.000000 246.250000
55.944769415089134 -3.18756450842074 ENE 55.944884220118844 -3.1872873445609864 0.000000 245.000000
55.944884220118844 -3.1872873445609864 ENE 55.944999025148554 -3.187010180701233 49.270928 256.824749
55.944999025148554 -3.187010180701233 ENE 55.945113830178265 -3.1867330168414796 0.000000 131.704170
55.945113830178265 -3.1867330168414796 ENE 55.945228635207975 -3.186455852981726 0.000000 130.454170
55.945228635207975 -3.186455852981726 ENE 55.945343440237686 -3.1861786891219728 0.000000 129.204170
55.945343440237686 -3.1861786891219728 ENE 55.945458245267396 -3.1859015252622194 0.000000 127.954170
55.945458245267396 -3.1859015252622194 S 55.94515824526739 -3.1859015252622194 113.887452 161.557950
55.94515824526739 -3.1859015252622194 S 55.94485824526739 -3.1859015252622194 220.206845 177.434411
55.94485824526739 -3.1859015252622194 S 55.94455824526739 -3.1859015252622194 235.925669 269.476424
55.94455824526739 -3.1859015252622194 SSE 55.94428108140763 -3.18578672023251 235.925669 268.226424
55.94428108140763 -3.18578672023251 S 55.94398108140763 -3.18578672023251 235.925669 266.976424
55.94398108140763 -3.18578672023251 SSE 55.94370391754787 -3.1856719152028004 235.925669 265.726424
55.94370391754787 -3.1856719152028004 S 55.94340391754787 -3.1856719152028004 313.140754 273.632146
55.94340391754787 -3.1856719152028004 SSE 55.94312675368811 -3.185557110173091 313.140754 272.382146
55.94312675368811 -3.185557110173091 NNE 55.94340391754787 -3.1854423051433813 348.280399 331.473396
55.94340391754787 -3.1854423051433813 NNE 55.943681081407625 -3.185327500113672 348.280399 330.223396
55.943681081407625 -3.185327500113672 NNE 55.94395824526738 -3.1852126950839623 348.280399 328.973396
55.94395824526738 -3.1852126950839623 NNE 55.94423540912714 -3.185097890054253 348.280399 327.723396
55.94423540912714 -3.185097890054253 NNE 55.944512572986895 -3.1849830850245433 348.280399 326.473396
55.944512572986895 -3.1849830850245433 NNE 55.94478973684665 -3.184868279994834 348.280399 325.223396
55.94478973684665 -3.184868279994834 NNE 55.94506690070641 -3.1847534749651243 348.280399 323.973396
55.94506690070641 -3.1847534749651243 WSW 55.9449520956767 -3.1850306388248777 381.073260 409.833400
55.9449520956767 -3.1850306388248777 WSW 55.94483729064699 -3.185307802684631 381.073260 408.583400
55.94483729064699 -3.185307802684631 WSW 55.94472248561728 -3.1855849665443845 381.073260 407.333400
55.94472248561728 -3.1855849665443845 WSW 55.944607680587566 -3.185862130404138 381.073260 406.083400
55.944607680587566 -3.185862130404138 WSW 55.944492875557856 -3.1861392942638913 381.073260 404.833400
55.944492875557856 -3.1861392942638913 WSW 55.944378070528145 -3.1864164581236447 381.073260 403.583400
55.944378070528145 -3.1864164581236447 WSW 55.944263265498435 -3.186693621983398 376.626411 298.084467
55.944263265498435 -3.186693621983398 WSW 55.944148460468725 -3.1869707858431515 487.235380 368.245978
55.944148460468725 -3.1869707858431515 WSW 55.944033655439014 -3.187247949702905 487.235380 366.995978
55.944033655439014 -3.187247949702905 WSW 55.943918850409304 -3.1875251135626583 487.235380 365.745978
55.943918850409304 -3.1875251135626583 WSW 55.94380404537959 -3.1878022774224117 487.235380 364.495978
55.94380404537959 -3.1878022774224117 WSW 55.94368924034988 -3.188079441282165 487.235380 363.245978
55.94368924034988 -3.188079441282165 WSW 55.94357443532017 -3.1883566051419185 487.235380 361.995978
55.94357443532017 -3.1883566051419185 WSW 55.94345963029046 -3.188633769001672 487.235380 360.745978
55.94345963029046 -3.188633769001672 W 55.94345963029046 -3.188933769001672 487.235380 359.495978
55.94345963029046 -3.188933769001672 NW 55.94367176232482 -3.189145901036028 543.873940 441.908020
55.94367176232482 -3.189145901036028 NW 55.943883894359175 -3.1893580330703837 543.873940 440.658020
55.943883894359175 -3.1893580330703837 NW 55.94409602639353 -3.1895701651047395 543.873940 439.408020
55.94409602639353 -3.1895701651047395 NNW 55.94437319025329 -3.189684970134449 543.873940 438.158020
55.94437319025329 -3.189684970134449 NW 55.944585322287644 -3.1898971021688047 543.873940 436.908020
55.944585322287644 -3.1898971021688047 NNW 55.9448624861474 -3.1900119071985142 554.651442 497.400241
55.9448624861474 -3.1900119071985142 NW 55.945074618181756 -3.19022403923287 554.651442 496.150241
55.945074618181756 -3.19022403923287 ESE 55.944959813152046 -3.1899468753731166 670.423824 580.957436
55.944959813152046 -3.1899468753731166 ESE 55.944845008122336 -3.189669711513363 670.423824 579.707436
55.944845008122336 -3.189669711513363 ESE 55.944730203092625 -3.18939254765361 766.505898 613.042522
55.944730203092625 -3.18939254765361 ESE 55.944615398062915 -3.1891153837938564 766.505898 611.792522
55.944615398062915 -3.1891153837938564 ESE 55.944500593033204 -3.188838219934103 766.505898 610.542522
55.944500593033204 -3.188838219934103 ESE 55.944385788003494 -3.1885610560743496 742.678176 585.396588
55.944385788003494 -3.1885610560743496 ESE 55.944270982973784 -3.188283892214596 742.678176 584.146588
55.944270982973784 -3.188283892214596 ESE 55.94415617794407 -3.188006728354843 742.678176 582.896588
55.94415617794407 -3.188006728354843 E 55.94415617794407 -3.1877067283548426 716.735767 571.478106
55.94415617794407 -3.1877067283548426 ESE 55.94404137291436 -3.187429564495089 716.735767 570.228106
55.94404137291436 -3.187429564495089 E 55.94404137291436 -3.187129564495089 716.735767 568.978106
55.94404137291436 -3.187129564495089 ESE 55.94392656788465 -3.1868524006353356 716.735767 567.728106
55.94392656788465 -3.1868524006353356 E 55.94392656788465 -3.1865524006353354 716.735767 566.478106
55.94392656788465 -3.1865524006353354 WSW 55.94381176285494 -3.186829564495089 748.397471 644.799471
55.94381176285494 -3.186829564495089 WSW 55.94369695782523 -3.187106728354842 748.397471 643.549471
55.94369695782523 -3.187106728354842 WSW 55.94358215279552 -3.1873838922145956 743.570867 583.256198
55.94358215279552 -3.1873838922145956 WSW 55.94346734776581 -3.187661056074349 743.570867 582.006198
55.94346734776581 -3.187661056074349 WSW 55.9433525427361 -3.1879382199341024 743.570867 580.756198
55.9433525427361 -3.1879382199341024 WSW 55.94323773770639 -3.188215383793856 743.570867 579.506198
55.94323773770639 -3.188215383793856 WSW 55.94312293267668 -3.1884925476536092 743.570867 578.256198
55.94312293267668 -3.1884925476536092 WSW 55.94300812764697 -3.1887697115133626 743.570867 577.006198
55.94300812764697 -3.1887697115133626 WSW 55.94289332261726 -3.189046875373116 743.570867 575.756198
55.94289332261726 -3.189046875373116 WSW 55.94277851758755 -3.1893240392328694 743.570867 574.506198
55.94277851758755 -3.1893240392328694 WSW 55.94266371255784 -3.189601203092623 743.570867 573.256198
55.94266371255784 -3.189601203092623 W 55.94266371255784 -3.189901203092623 743.570867 572.006198
55.94266371255784 -3.189901203092623 NNW 55.942940876417595 -3.1900160081223325 793.009299 640.588921
55.942940876417595 -3.1900160081223325 NNW 55.94321804027735 -3.190130813152042 747.613839 624.642300
55.94321804027735 -3.190130813152042 NNW 55.94349520413711 -3.1902456181817516 747.613839 623.392300
55.94349520413711 -3.1902456181817516 NNW 55.943772367996864 -3.190360423211461 747.613839 622.142300
55.943772367996864 -3.190360423211461 NNW 55.94404953185662 -3.1904752282411706 747.613839 620.892300
55.94404953185662 -3.1904752282411706 NNW 55.94432669571638 -3.19059003327088 769.907953 630.700864
55.94432669571638 -3.19059003327088 NNW 55.944603859576134 -3.1907048383005896 769.907953 629.450864
55.944603859576134 -3.1907048383005896 NW 55.94481599161049 -3.1909169703349454 769.907953 628.200864
55.94481599161049 -3.1909169703349454 NNW 55.945093155470246 -3.191031775364655 769.907953 626.950864
55.945093155470246 -3.191031775364655 NW 55.9453052875046 -3.1912439073990106 769.907953 625.700864
55.9453052875046 -3.1912439073990106 S 55.9450052875046 -3.1912439073990106 833.837880 742.330473
55.9450052875046 -3.1912439073990106 S 55.9447052875046 -3.1912439073990106 833.837880 741.080473
55.9447052875046 -3.1912439073990106 S 55.944405287504594 -3.1912439073990106 833.837880 739.830473
55.944405287504594 -3.1912439073990106 S 55.94410528750459 -3.1912439073990106 833.837880 738.580473
55.94410528750459 -3.1912439073990106 S 55.94380528750459 -3.1912439073990106 833.837880 737.330473
55.94380528750459 -3.1912439073990106 S 55.943505287504586 -3.1912439073990106 895.535391 757.445018
55.943505287504586 -3.1912439073990106 SSE 55.94322812364483 -3.191129102369301 827.082415 752.245362
55.94322812364483 -3.191129102369301 S 55.942928123644826 -3.191129102369301 827.082415 750.995362
55.942928123644826 -3.191129102369301 E 55.942928123644826 -3.190829102369301 904.737833 833.237241
55.942928123644826 -3.190829102369301 E 55.942928123644826 -3.1905291023693008 904.737833 831.987241
55.942928123644826 -3.1905291023693008 E 55.942928123644826 -3.1902291023693006 904.737833 830.737241
55.942928123644826 -3.1902291023693006 E 55.942928123644826 -3.1899291023693004 904.737833 829.487241
55.942928123644826 -3.1899291023693004 E 55.942928123644826 -3.1896291023693 904.737833 828.237241
55.942928123644826 -3.1896291023693 E 55.942928123644826 -3.1893291023693 904.737833 826.987241
55.942928123644826 -3.1893291023693 E 55.942928123644826 -3.1890291023693 904.737833 825.737241
55.942928123644826 -3.1890291023693 E 55.942928123644826 -3.1887291023692996 904.737833 824.487241
55.942928123644826 -3.1887291023692996 E 55.942928123644826 -3.1884291023692994 904.737833 823.237241
55.942928123644826 -3.1884291023692994 E 55.942928123644826 -3.1881291023692993 904.737833 821.987241
55.942928123644826 -3.1881291023692993 ESE 55.942813318615116 -3.187851938509546 904.737833 820.737241
55.942813318615116 -3.187851938509546 E 55.942813318615116 -3.1875519385095457 904.737833 819.487241
55.942813318615116 -3.1875519385095457 ESE 55.942698513585405 -3.1872747746497923 904.737833 818.237241
55.942698513585405 -3.1872747746497923 E 55.942698513585405 -3.186974774649792 904.737833 816.987241
55.942698513585405 -3.186974774649792 NW 55.94291064561976 -3.187186906684148 928.764488 932.833967
55.94291064561976 -3.187186906684148 NW 55.94312277765412 -3.1873990387185036 928.764488 931.583967
55.94312277765412 -3.1873990387185036 NW 55.943334909688474 -3.1876111707528594 928.764488 930.333967
55.943334909688474 -3.1876111707528594 NW 55.94354704172283 -3.187823302787215 928.764488 929.083967
55.94354704172283 -3.187823302787215 NNW 55.94382420558259 -3.1879381078169247 928.764488 927.833967
55.94382420558259 -3.1879381078169247 NW 55.94403633761694 -3.1881502398512804 928.764488 926.583967
55.94403633761694 -3.1881502398512804 NNW 55.9443135014767 -3.18826504488099 1002.133875 1002.662803
55.9443135014767 -3.18826504488099 NNW 55.944590665336456 -3.1883798499106994 1002.133875 1001.412803
55.944590665336456 -3.1883798499106994 NNW 55.94486782919621 -3.188494654940409 1002.133875 1000.162803
55.94486782919621 -3.188494654940409 NW 55.94507996123057 -3.1887067869747647 968.998725 924.463385
55.94507996123057 -3.1887067869747647 NNW 55.945357125090325 -3.1888215920044742 968.998725 923.213385
55.945357125090325 -3.1888215920044742 NW 55.94556925712468 -3.18903372403883 968.998725 921.963385
55.94556925712468 -3.18903372403883 SW 55.945357125090325 -3.189245856073186 1049.629213 1036.559863
55.945357125090325 -3.189245856073186 WSW 55.945242320060615 -3.189523019932939 1049.629213 1035.309863
55.945242320060615 -3.189523019932939 SW 55.94503018802626 -3.189735151967295 1049.629213 1034.059863
55.94503018802626 -3.189735151967295 WSW 55.94491538299655 -3.1900123158270484 1049.629213 1032.809863
55.94491538299655 -3.1900123158270484 SW 55.94470325096219 -3.190224447861404 1049.629213 1031.559863
55.94470325096219 -3.190224447861404 W 55.94470325096219 -3.1905244478614043 1110.426939 1066.827971
55.94470325096219 -3.1905244478614043 WSW 55.94458844593248 -3.1908016117211577 1110.426939 1065.577971
55.94458844593248 -3.1908016117211577 W 55.94458844593248 -3.191101611721158 1110.426939 1064.327971
55.94458844593248 -3.191101611721158 WSW 55.94447364090277 -3.1913787755809113 1110.426939 1063.077971
55.94447364090277 -3.1913787755809113 W 55.94447364090277 -3.1916787755809115 1202.521792 1066.923135
55.94447364090277 -3.1916787755809115 NW 55.94468577293713 -3.1918909076152673 1291.680538 1168.463940
55.94468577293713 -3.1918909076152673 NW 55.944897904971484 -3.192103039649623 1291.680538 1167.213940
55.944897904971484 -3.192103039649623 NW 55.94511003700584 -3.192315171683979 1291.680538 1165.963940
55.94511003700584 -3.192315171683979 E 55.94511003700584 -3.1920151716839786 1377.106715 1202.727737
55.94511003700584 -3.1920151716839786 E 55.94511003700584 -3.1917151716839784 1377.106715 1201.477737
55.94511003700584 -3.1917151716839784 E 55.94511003700584 -3.1914151716839783 1377.106715 1200.227737
55.94511003700584 -3.1914151716839783 E 55.94511003700584 -3.191115171683978 1377.106715 1198.977737
55.94511003700584 -3.191115171683978 E 55.94511003700584 -3.190815171683978 1377.106715 1197.727737
55.94511003700584 -3.190815171683978 E 55.94511003700584 -3.1905151716839777 1377.106715 1196.477737
55.94511003700584 -3.1905151716839777 ESE 55.94499523197613 -3.1902380078242243 1377.106715 1195.227737
55.94499523197613 -3.1902380078242243 E 55.94499523197613 -3.189938007824224 1377.106715 1193.977737
55.94499523197613 -3.189938007824224 ESE 55.94488042694642 -3.1896608439644707 1377.106715 1192.727737
55.94488042694642 -3.1896608439644707 E 55.94488042694642 -3.1893608439644705 1377.106715 1191.477737
55.94488042694642 -3.1893608439644705 ESE 55.94476562191671 -3.189083680104717 1377.106715 1190.227737
55.94476562191671 -3.189083680104717 E 55.94476562191671 -3.188783680104717 1377.106715 1188.977737
55.94476562191671 -3.188783680104717 ESE 55.944650816887 -3.1885065162449635 1377.106715 1187.727737
55.944650816887 -3.1885065162449635 E 55.944650816887 -3.1882065162449633 1377.106715 1186.477737
55.944650816887 -3.1882065162449633 ESE 55.94453601185729 -3.18792935238521 1377.106715 1185.227737
55.94453601185729 -3.18792935238521 E 55.94453601185729 -3.1876293523852097 1377.106715 1183.977737
55.94453601185729 -3.1876293523852097 ESE 55.94442120682758 -3.1873521885254563 1377.106715 1182.727737
55.94442120682758 -3.1873521885254563 E 55.94442120682758 -3.187052188525456 1377.106715 1181.477737
55.94442120682758 -3.187052188525456 ESE 55.94430640179787 -3.1867750246657027 1377.106715 1180.227737
55.94430640179787 -3.1867750246657027 E 55.94430640179787 -3.1864750246657025 1377.106715 1178.977737
55.94430640179787 -3.1864750246657025 ESE 55.94419159676816 -3.186197860805949 1377.106715 1177.727737
55.94419159676816 -3.186197860805949 E 55.94419159676816 -3.185897860805949 1377.106715 1176.477737
55.94419159676816 -3.185897860805949 ESE 55.944076791738446 -3.1856206969461955 1377.106715 1175.227737
55.944076791738446 -3.1856206969461955 E 55.944076791738446 -3.1853206969461954 1377.106715 1173.977737
55.944076791738446 -3.1853206969461954 ESE 55.943961986708736 -3.185043533086442 1377.106715 1172.727737
55.943961986708736 -3.185043533086442 E 55.943961986708736 -3.1847435330864418 1377.106715 1171.477737
55.943961986708736 -3.1847435330864418 WNW 55.944076791738446 -3.185020696946195 1462.982512 1246.242454
55.944076791738446 -3.185020696946195 WNW 55.94419159676816 -3.1852978608059486 1462.982512 1244.992454
55.94419159676816 -3.1852978608059486 WNW 55.94430640179787 -3.185575024665702 1462.982512 1243.742454
55.94430640179787 -3.185575024665702 WNW 55.94442120682758 -3.1858521885254554 1462.982512 1242.492454
55.94442120682758 -3.1858521885254554 WNW 55.94453601185729 -3.186129352385209 1462.982512 1241.242454
55.94453601185729 -3.186129352385209 WNW 55.944650816887 -3.186406516244962 1462.982512 1239.992454
55.944650816887 -3.186406516244962 WNW 55.94476562191671 -3.1866836801047156 1462.982512 1238.742454
55.94476562191671 -3.1866836801047156 WNW 55.94488042694642 -3.186960843964469 1462.982512 1237.492454
55.94488042694642 -3.186960843964469 WNW 55.94499523197613 -3.1872380078242224 1408.240153 1236.242454
55.94499523197613 -3.1872380078242224 WNW 55.94511003700584 -3.187515171683976 1408.240153 1234.992454
55.94511003700584 -3.187515171683976 WNW 55.94522484203555 -3.187792335543729 1408.240153 1233.742454
55.94522484203555 -3.187792335543729 WNW 55.94533964706526 -3.1880694994034826 1408.240153 1232.492454
55.94533964706526 -3.1880694994034826 WNW 55.94545445209497 -3.188346663263236 1408.240153 1231.242454
55.94545445209497 -3.188346663263236 WNW 55.94556925712468 -3.1886238271229894 1408.240153 1229.992454
55.94556925712468 -3.1886238271229894 E 55.94556925712468 -3.1883238271229892 1430.133350 1329.731368
55.94556925712468 -3.1883238271229892 ENE 55.94568406215439 -3.188046663263236 1430.133350 1328.481368
55.94568406215439 -3.188046663263236 E 55.94568406215439 -3.1877466632632356 1430.133350 1327.231368
55.94568406215439 -3.1877466632632356 E 55.94568406215439 -3.1874466632632354 1440.967333 1408.550459
55.94568406215439 -3.1874466632632354 E 55.94568406215439 -3.1871466632632353 1440.967333 1407.300459
55.94568406215439 -3.1871466632632353 E 55.94568406215439 -3.186846663263235 1440.967333 1406.050459
55.94568406215439 -3.186846663263235 E 55.94568406215439 -3.186546663263235 1440.967333 1404.800459
55.94568406215439 -3.186546663263235 E 55.94568406215439 -3.1862466632632347 1350.309573 1381.514760
55.94568406215439 -3.1862466632632347 E 55.94568406215439 -3.1859466632632345 1350.073844 1278.439227
55.94568406215439 -3.1859466632632345 E 55.94568406215439 -3.1856466632632343 1350.073844 1277.189227
55.94568406215439 -3.1856466632632343 E 55.94568406215439 -3.185346663263234 1350.073844 1275.939227
55.94568406215439 -3.185346663263234 E 55.94568406215439 -3.185046663263234 1350.073844 1274.689227
55.94568406215439 -3.185046663263234 ENE 55.9457988671841 -3.1847694994034805 1350.073844 1273.439227
55.9457988671841 -3.1847694994034805 E 55.9457988671841 -3.1844694994034803 1350.073844 1272.189227
55.9457988671841 -3.1844694994034803 WSW 55.94568406215439 -3.1847466632632337 1419.532358 1387.023623
55.94568406215439 -3.1847466632632337 WSW 55.94556925712468 -3.185023827122987 1419.532358 1385.773623
55.94556925712468 -3.185023827122987 WSW 55.94545445209497 -3.1853009909827406 1419.532358 1384.523623
55.94545445209497 -3.1853009909827406 WSW 55.94533964706526 -3.185578154842494 1419.532358 1383.273623
55.94533964706526 -3.185578154842494 WSW 55.94522484203555 -3.1858553187022474 1419.532358 1382.023623
55.94522484203555 -3.1858553187022474 WSW 55.94511003700584 -3.1861324825620008 1419.532358 1380.773623
55.94511003700584 -3.1861324825620008 W 55.94511003700584 -3.186432482562001 1419.532358 1379.523623
55.94511003700584 -3.186432482562001 WSW 55.94499523197613 -3.1867096464217544 1419.532358 1378.273623
55.94499523197613 -3.1867096464217544 W 55.94499523197613 -3.1870096464217545 1419.532358 1377.023623
55.94499523197613 -3.1870096464217545 WSW 55.94488042694642 -3.187286810281508 1419.532358 1375.773623
55.94488042694642 -3.187286810281508 W 55.94488042694642 -3.187586810281508 1419.532358 1374.523623
55.94488042694642 -3.187586810281508 WSW 55.94476562191671 -3.1878639741412615 1419.532358 1373.273623
55.94476562191671 -3.1878639741412615 W 55.94476562191671 -3.1881639741412617 1419.532358 1372.023623
55.94476562191671 -3.1881639741412617 WSW 55.944650816887 -3.188441138001015 1419.532358 1370.773623
55.944650816887 -3.188441138001015 W 55.944650816887 -3.1887411380010153 1419.532358 1369.523623
55.944650816887 -3.1887411380010153 WSW 55.94453601185729 -3.1890183018607687 1419.532358 1368.273623
55.94453601185729 -3.1890183018607687 W 55.94453601185729 -3.189318301860769 1419.532358 1367.023623
55.94453601185729 -3.189318301860769 WSW 55.94442120682758 -3.1895954657205223 1419.532358 1365.773623
55.94442120682758 -3.1895954657205223 W 55.94442120682758 -3.1898954657205225 1419.532358 1364.523623
55.94442120682758 -3.1898954657205225 WSW 55.94430640179787 -3.190172629580276 1419.532358 1363.273623
55.94430640179787 -3.190172629580276 W 55.94430640179787 -3.190472629580276 1419.532358 1362.023623
55.94430640179787 -3.190472629580276 WSW 55.94419159676816 -3.1907497934400295 1419.532358 1360.773623
55.94419159676816 -3.1907497934400295 W 55.94419159676816 -3.1910497934400297 1419.532358 1359.523623
55.94419159676816 -3.1910497934400297 WSW 55.944076791738446 -3.191326957299783 1419.532358 1358.273623
55.944076791738446 -3.191326957299783 W 55.944076791738446 -3.1916269572997833 1463.846398 1362.637257
55.944076791738446 -3.1916269572997833 WSW 55.943961986708736 -3.1919041211595367 1479.501605 1402.150684
55.943961986708736 -3.1919041211595367 W 55.943961986708736 -3.192204121159537 1479.501605 1400.900684
55.943961986708736 -3.192204121159537 NNE 55.94423915056849 -3.1920893161298274 1479.501605 1399.650684
55.94423915056849 -3.1920893161298274 E 55.94423915056849 -3.191789316129827 1479.501605 1398.400684
55.94423915056849 -3.191789316129827 WSW 55.94412434553878 -3.1920664799895806 1479.501605 1397.150684
55.94412434553878 -3.1920664799895806 NNE 55.94440150939854 -3.191951674959871 1479.501605 1395.900684
55.94440150939854 -3.191951674959871 W 55.94440150939854 -3.1922516749598713 1479.501605 1394.650684
55.94440150939854 -3.1922516749598713 NNE 55.944678673258295 -3.1921368699301618 1479.501605 1393.400684
55.944678673258295 -3.1921368699301618 SW 55.94446654122394 -3.1923490019645175 1479.501605 1392.150684
55.94446654122394 -3.1923490019645175 W 55.94446654122394 -3.1926490019645177 1479.501605 1390.900684
55.94446654122394 -3.1926490019645177 W 55.94446654122394 -3.192949001964518 1479.501605 1389.650684
55.94446654122394 -3.192949001964518 WSW 55.94435173619423 -3.1932261658242713 1479.501605 1388.400684
55.94435173619423 -3.1932261658242713 SSW 55.94407457233447 -3.193340970853981 1479.501605 1387.150684
55.94407457233447 -3.193340970853981 ENE 55.94418937736418 -3.1930638069942274 1479.501605 1385.900684
55.94418937736418 -3.1930638069942274 S 55.94388937736418 -3.1930638069942274 1479.501605 1384.650684
55.94388937736418 -3.1930638069942274 S 55.94358937736418 -3.1930638069942274 1479.501605 1383.400684
55.94358937736418 -3.1930638069942274 SSW 55.94331221350442 -3.193178612023937 1479.501605 1382.150684
55.94331221350442 -3.193178612023937 WSW 55.94319740847471 -3.1934557758836903 1479.501605 1380.900684
55.94319740847471 -3.1934557758836903 NW 55.943409540509066 -3.193667907918046 1479.501605 1379.650684
55.943409540509066 -3.193667907918046 WSW 55.943294735479355 -3.1939450717777995 1479.501605 1378.400684
55.943294735479355 -3.1939450717777995 SSE 55.9430175716196 -3.19383026674809 1479.501605 1377.150684
55.9430175716196 -3.19383026674809 NE 55.943229703653955 -3.1936181347137342 1479.501605 1375.900684
55.943229703653955 -3.1936181347137342 NE 55.94344183568831 -3.1934060026793785 1479.501605 1374.650684
55.94344183568831 -3.1934060026793785 WSW 55.9433270306586 -3.193683166539132 1479.501605 1373.400684
55.9433270306586 -3.193683166539132 W 55.9433270306586 -3.193983166539132 1479.501605 1372.150684
55.9433270306586 -3.193983166539132 ESE 55.94321222562889 -3.1937060026793787 1479.501605 1370.900684
55.94321222562889 -3.1937060026793787 SSE 55.942935061769134 -3.193591197649669 1479.501605 1369.650684
55.942935061769134 -3.193591197649669 SSE 55.94265789790938 -3.1934763926199596 1479.501605 1368.400684
55.94265789790938 -3.1934763926199596 E 55.94265789790938 -3.1931763926199594 1479.501605 1367.150684
55.94265789790938 -3.1931763926199594 SE 55.94244576587502 -3.1929642605856037 1479.501605 1365.900684
55.94244576587502 -3.1929642605856037 E 55.94244576587502 -3.1926642605856035 1479.501605 1364.650684
55.94244576587502 -3.1926642605856035 ENE 55.94256057090473 -3.19238709672585 1479.501605 1363.400684
55.94256057090473 -3.19238709672585 NNE 55.94283773476449 -3.1922722916961406 1479.501605 1362.150684
55.94283773476449 -3.1922722916961406 N 55.94313773476449 -3.1922722916961406 1458.191962 1360.853675
55.94313773476449 -3.1922722916961406 N 55.943437734764494 -3.1922722916961406 1458.191962 1359.603675
55.943437734764494 -3.1922722916961406 ESE 55.943322929734784 -3.191995127836387 1458.191962 1358.353675
55.943322929734784 -3.191995127836387 NE 55.94353506176914 -3.1917829958020314 1458.191962 1357.103675
55.94353506176914 -3.1917829958020314 NE 55.943747193803496 -3.1915708637676756 1458.191962 1355.853675
55.943747193803496 -3.1915708637676756 NNW 55.94402435766325 -3.191685668797385 1458.191962 1354.603675
55.94402435766325 -3.191685668797385 WNW 55.94413916269296 -3.1919628326571385 1458.191962 1353.353675
55.94413916269296 -3.1919628326571385 WSW 55.94402435766325 -3.192239996516892 1458.191962 1352.103675
55.94402435766325 -3.192239996516892 WSW 55.94390955263354 -3.1925171603766453 1458.191962 1350.853675
55.94390955263354 -3.1925171603766453 NW 55.9441216846679 -3.192729292411001 1377.571162 1258.232466
