55.944425 -3.188396 ENE 55.94453980502971 -3.1881188361402466 0.000000 248.750000
55.94453980502971 -3.1881188361402466 ENE 55.94465461005942 -3.187841672280493 0.000000 247.500000
55.94465461005942 -3.187841672280493 ENE 55.944769415089134 -3.18756450842074 0.000000 246.250000
55.944769415089134 -3.18756450842074 ENE 55.944884220118844 -3.1872873445609864 0.000000 245.000000
55.944884220118844 -3.1872873445609864 ENE 55.944999025148554 -3.187010180701233 49.270928 256.824749
55.944999025148554 -3.187010180701233 ENE 55.945113830178265 -3.1867330168414796 0.000000 131.704170
55.945113830178265 -3.1867330168414796 ENE 55.945228635207975 -3.186455852981726 0.000000 130.454170
55.945228635207975 -3.186455852981726 ENE 55.945343440237686 -3.1861786891219728 0.000000 129.204170
55.945343440237686 -3.1861786891219728 ENE 55.945458245267396 -3.1859015252622194 0.000000 127.954170
55.945458245267396 -3.1859015252622194 S 55.94515824526739 -3.1859015252622194 113.887452 161.557950
55.94515824526739 -3.1859015252622194 S 55.94485824526739 -3.1859015252622194 220.206845 177.434411
55.94485824526739 -3.1859015252622194 S 55.94455824526739 -3.1859015252622194 235.925669 269.476424
55.94455824526739 -3.1859015252622194 SSE 55.94428108140763 -3.18578672023251 235.925669 268.226424
55.94428108140763 -3.18578672023251 S 55.94398108140763 -3.18578672023251 235.925669 266.976424
55.94398108140763 -3.18578672023251 SSE 55.94370391754787 -3.1856719152028004 235.925669 265.726424
55.94370391754787 -3.1856719152028004 S 55.94340391754787 -3.1856719152028004 313.140754 273.632146
55.94340391754787 -3.1856719152028004 SSE 55.94312675368811 -3.185557110173091 313.140754 272.382146
55.94312675368811 -3.185557110173091 WNW 55.94324155871782 -3.1858342740328442 348.280399 331.473396
55.94324155871782 -3.1858342740328442 WNW 55.94335636374753 -3.1861114378925977 348.280399 330.223396
55.94335636374753 -3.1861114378925977 WNW 55.94347116877724 -3.186388601752351 348.280399 328.973396
55.94347116877724 -3.186388601752351 WNW 55.943585973806954 -3.1866657656121045 348.280399 327.723396
55.943585973806954 -3.1866657656121045 WNW 55.943700778836664 -3.186942929471858 348.280399 326.473396
55.943700778836664 -3.186942929471858 WNW 55.943815583866375 -3.1872200933316113 343.453795 266.180123
55.943815583866375 -3.1872200933316113 WNW 55.943930388896085 -3.1874972571913647 343.453795 264.930123
55.943930388896085 -3.1874972571913647 W 55.943930388896085 -3.187797257191365 343.453795 263.680123
55.943930388896085 -3.187797257191365 WNW 55.944045193925795 -3.1880744210511183 343.453795 262.430123
55.944045193925795 -3.1880744210511183 WNW 55.944159998955506 -3.1883515849108717 416.823182 338.508960
55.944159998955506 -3.1883515849108717 WNW 55.944274803985216 -3.188628748770625 416.823182 337.258960
55.944274803985216 -3.188628748770625 WNW 55.94438960901493 -3.1889059126303785 392.995460 312.113025
55.94438960901493 -3.1889059126303785 WNW 55.94450441404464 -3.189183076490132 392.995460 310.863025
55.94450441404464 -3.189183076490132 WNW 55.94461921907435 -3.1894602403498853 392.995460 309.613025
55.94461921907435 -3.1894602403498853 WNW 55.94473402410406 -3.1897374042096387 489.077534 342.948111
55.94473402410406 -3.1897374042096387 WNW 55.94484882913377 -3.190014568069392 489.077534 341.698111
55.94484882913377 -3.190014568069392 WNW 55.94496363416348 -3.1902917319291455 489.077534 340.448111
55.94496363416348 -3.1902917319291455 WNW 55.94507843919319 -3.190568895788899 489.077534 339.198111
55.94507843919319 -3.190568895788899 WNW 55.9451932442229 -3.1908460596486523 489.077534 337.948111
55.9451932442229 -3.1908460596486523 WNW 55.94530804925261 -3.1911232235084057 489.077534 336.698111
55.94530804925261 -3.1911232235084057 ESE 55.9451932442229 -3.1908460596486523 553.007461 453.327720
55.9451932442229 -3.1908460596486523 ESE 55.94507843919319 -3.190568895788899 553.007461 452.077720
55.94507843919319 -3.190568895788899 E 55.94507843919319 -3.1902688957888987 553.007461 450.827720
55.94507843919319 -3.1902688957888987 ESE 55.94496363416348 -3.1899917319291453 668.779843 535.634915
55.94496363416348 -3.1899917319291453 E 55.94496363416348 -3.189691731929145 668.779843 534.384915
55.94496363416348 -3.189691731929145 ESE 55.94484882913377 -3.1894145680693917 668.779843 533.134915
55.94484882913377 -3.1894145680693917 E 55.94484882913377 -3.1891145680693915 668.779843 531.884915
55.94484882913377 -3.1891145680693915 ESE 55.94473402410406 -3.188837404209638 668.779843 530.634915
55.94473402410406 -3.188837404209638 E 55.94473402410406 -3.188537404209638 635.644693 454.935497
55.94473402410406 -3.188537404209638 ESE 55.94461921907435 -3.1882602403498845 635.644693 453.685497
55.94461921907435 -3.1882602403498845 E 55.94461921907435 -3.1879602403498843 635.644693 452.435497
55.94461921907435 -3.1879602403498843 ESE 55.94450441404464 -3.187683076490131 635.644693 451.185497
55.94450441404464 -3.187683076490131 E 55.94450441404464 -3.1873830764901308 635.644693 449.935497
55.94450441404464 -3.1873830764901308 ESE 55.94438960901493 -3.1871059126303773 635.644693 448.685497
55.94438960901493 -3.1871059126303773 E 55.94438960901493 -3.186805912630377 635.644693 447.435497
55.94438960901493 -3.186805912630377 ESE 55.944274803985216 -3.1865287487706238 746.253663 517.597009
55.944274803985216 -3.1865287487706238 E 55.944274803985216 -3.1862287487706236 741.806813 412.098076
55.944274803985216 -3.1862287487706236 ESE 55.944159998955506 -3.18595158491087 741.806813 410.848076
55.944159998955506 -3.18595158491087 E 55.944159998955506 -3.18565158491087 741.806813 409.598076
55.944159998955506 -3.18565158491087 ESE 55.944045193925795 -3.1853744210511166 741.806813 408.348076
55.944045193925795 -3.1853744210511166 E 55.944045193925795 -3.1850744210511164 741.806813 407.098076
55.944045193925795 -3.1850744210511164 ESE 55.943930388896085 -3.184797257191363 741.806813 405.848076
55.943930388896085 -3.184797257191363 E 55.943930388896085 -3.184497257191363 827.682610 480.612792
55.943930388896085 -3.184497257191363 W 55.943930388896085 -3.184797257191363 827.682610 479.362792
55.943930388896085 -3.184797257191363 W 55.943930388896085 -3.185097257191363 827.682610 478.112792
55.943930388896085 -3.185097257191363 W 55.943930388896085 -3.1853972571913634 827.682610 476.862792
55.943930388896085 -3.1853972571913634 W 55.943930388896085 -3.1856972571913635 827.682610 475.612792
55.943930388896085 -3.1856972571913635 W 55.943930388896085 -3.1859972571913637 827.682610 474.362792
55.943930388896085 -3.1859972571913637 W 55.943930388896085 -3.186297257191364 827.682610 473.112792
55.943930388896085 -3.186297257191364 W 55.943930388896085 -3.186597257191364 859.344314 551.434158
55.943930388896085 -3.186597257191364 WSW 55.943815583866375 -3.1868744210511175 859.344314 550.184158
55.943815583866375 -3.1868744210511175 W 55.943815583866375 -3.1871744210511177 859.344314 548.934158
55.943815583866375 -3.1871744210511177 WSW 55.943700778836664 -3.187451584910871 859.344314 547.684158
55.943700778836664 -3.187451584910871 W 55.943700778836664 -3.1877515849108713 859.344314 546.434158
55.943700778836664 -3.1877515849108713 WSW 55.943585973806954 -3.1880287487706247 859.344314 545.184158
55.943585973806954 -3.1880287487706247 W 55.943585973806954 -3.188328748770625 859.344314 543.934158
55.943585973806954 -3.188328748770625 WSW 55.94347116877724 -3.1886059126303783 859.344314 542.684158
55.94347116877724 -3.1886059126303783 W 55.94347116877724 -3.1889059126303785 859.344314 541.434158
55.94347116877724 -3.1889059126303785 WNW 55.943585973806954 -3.189183076490132 915.982874 623.846199
55.943585973806954 -3.189183076490132 WNW 55.943700778836664 -3.1894602403498853 915.982874 622.596199
55.943700778836664 -3.1894602403498853 WNW 55.943815583866375 -3.1897374042096387 915.982874 621.346199
55.943815583866375 -3.1897374042096387 WNW 55.943930388896085 -3.190014568069392 915.982874 620.096199
55.943930388896085 -3.190014568069392 WNW 55.944045193925795 -3.1902917319291455 915.982874 618.846199
55.944045193925795 -3.1902917319291455 WNW 55.944159998955506 -3.190568895788899 938.276988 628.654763
55.944159998955506 -3.190568895788899 WNW 55.944274803985216 -3.1908460596486523 938.276988 627.404763
55.944274803985216 -3.1908460596486523 WNW 55.94438960901493 -3.1911232235084057 938.276988 626.154763
55.94438960901493 -3.1911232235084057 WNW 55.94450441404464 -3.191400387368159 938.276988 624.904763
55.94450441404464 -3.191400387368159 NW 55.94471654607899 -3.191612519402515 1030.371841 628.749927
55.94471654607899 -3.191612519402515 WNW 55.944831351108704 -3.1918896832622683 1119.530587 730.290732
55.944831351108704 -3.1918896832622683 NW 55.94504348314306 -3.192101815296624 1119.530587 729.040732
55.94504348314306 -3.192101815296624 WNW 55.94515828817277 -3.1923789791563775 1119.530587 727.790732
55.94515828817277 -3.1923789791563775 ESE 55.94504348314306 -3.192101815296624 1204.956764 764.554529
55.94504348314306 -3.192101815296624 ESE 55.94492867811335 -3.1918246514368707 1204.956764 763.304529
55.94492867811335 -3.1918246514368707 ESE 55.94481387308364 -3.1915474875771173 1204.956764 762.054529
55.94481387308364 -3.1915474875771173 ESE 55.94469906805393 -3.191270323717364 1204.956764 760.804529
55.94469906805393 -3.191270323717364 ESE 55.94458426302422 -3.1909931598576105 1204.956764 759.554529
55.94458426302422 -3.1909931598576105 ESE 55.94446945799451 -3.190715995997857 1204.956764 758.304529
55.94446945799451 -3.190715995997857 ESE 55.9443546529648 -3.1904388321381036 1204.956764 757.054529
55.9443546529648 -3.1904388321381036 ESE 55.94423984793509 -3.1901616682783502 1204.956764 755.804529
55.94423984793509 -3.1901616682783502 ESE 55.94412504290538 -3.189884504418597 1204.956764 754.554529
55.94412504290538 -3.189884504418597 ESE 55.944010237875666 -3.1896073405588434 1204.956764 753.304529
55.944010237875666 -3.1896073405588434 ESE 55.943895432845956 -3.18933017669909 1204.956764 752.054529
55.943895432845956 -3.18933017669909 ESE 55.943780627816245 -3.1890530128393366 1204.956764 750.804529
55.943780627816245 -3.1890530128393366 ESE 55.943665822786535 -3.188775848979583 1204.956764 749.554529
55.943665822786535 -3.188775848979583 ESE 55.943551017756825 -3.18849868511983 1204.956764 748.304529
55.943551017756825 -3.18849868511983 ESE 55.943436212727114 -3.1882215212600764 1204.956764 747.054529
55.943436212727114 -3.1882215212600764 ESE 55.943321407697404 -3.187944357400323 1204.956764 745.804529
55.943321407697404 -3.187944357400323 SE 55.94310927566305 -3.1877322253659672 1204.956764 744.554529
55.94310927566305 -3.1877322253659672 ESE 55.94299447063334 -3.187455061506214 1204.956764 743.304529
55.94299447063334 -3.187455061506214 SE 55.94278233859898 -3.187242929471858 1204.956764 742.054529
55.94278233859898 -3.187242929471858 ESE 55.94266753356927 -3.1869657656121047 1204.956764 740.804529
55.94266753356927 -3.1869657656121047 W 55.94266753356927 -3.187265765612105 1228.983419 856.651255
55.94266753356927 -3.187265765612105 W 55.94266753356927 -3.187565765612105 1228.983419 855.401255
55.94266753356927 -3.187565765612105 W 55.94266753356927 -3.187865765612105 1228.983419 854.151255
55.94266753356927 -3.187865765612105 W 55.94266753356927 -3.1881657656121054 1228.983419 852.901255
55.94266753356927 -3.1881657656121054 W 55.94266753356927 -3.1884657656121056 1228.983419 851.651255
55.94266753356927 -3.1884657656121056 W 55.94266753356927 -3.188765765612106 1228.983419 850.401255
55.94266753356927 -3.188765765612106 W 55.94266753356927 -3.189065765612106 1228.983419 849.151255
55.94266753356927 -3.189065765612106 W 55.94266753356927 -3.189365765612106 1228.983419 847.901255
55.94266753356927 -3.189365765612106 W 55.94266753356927 -3.1896657656121064 1228.983419 846.651255
55.94266753356927 -3.1896657656121064 NNW 55.94294469742903 -3.189780570641816 1278.421851 915.233978
55.94294469742903 -3.189780570641816 NNW 55.943221861288784 -3.1898953756715254 1233.026391 899.287357
55.943221861288784 -3.1898953756715254 NNW 55.94349902514854 -3.190010180701235 1233.026391 898.037357
55.94349902514854 -3.190010180701235 NNW 55.9437761890083 -3.1901249857309444 1233.026391 896.787357
55.9437761890083 -3.1901249857309444 NNW 55.94405335286805 -3.190239790760654 1233.026391 895.537357
55.94405335286805 -3.190239790760654 N 55.944353352868056 -3.190239790760654 1233.026391 894.287357
55.944353352868056 -3.190239790760654 NNW 55.94463051672781 -3.1903545957903634 1233.026391 893.037357
55.94463051672781 -3.1903545957903634 ENE 55.94474532175752 -3.19007743193061 1293.824116 928.305465
55.94474532175752 -3.19007743193061 E 55.94474532175752 -3.18977743193061 1304.601618 988.797687
55.94474532175752 -3.18977743193061 E 55.94474532175752 -3.1894774319306096 1304.601618 987.547687
55.94474532175752 -3.1894774319306096 ENE 55.94486012678723 -3.189200268070856 1304.601618 986.297687
55.94486012678723 -3.189200268070856 E 55.94486012678723 -3.188900268070856 1304.601618 985.047687
55.94486012678723 -3.188900268070856 ENE 55.944974931816944 -3.1886231042111026 1304.601618 983.797687
55.944974931816944 -3.1886231042111026 E 55.944974931816944 -3.1883231042111024 1304.601618 982.547687
55.944974931816944 -3.1883231042111024 ENE 55.945089736846654 -3.188045940351349 1304.601618 981.297687
55.945089736846654 -3.188045940351349 E 55.945089736846654 -3.187745940351349 1304.601618 980.047687
55.945089736846654 -3.187745940351349 ENE 55.945204541876365 -3.1874687764915954 1304.601618 978.797687
55.945204541876365 -3.1874687764915954 E 55.945204541876365 -3.1871687764915952 1304.601618 977.547687
55.945204541876365 -3.1871687764915952 ENE 55.945319346906075 -3.186891612631842 1304.601618 976.297687
55.945319346906075 -3.186891612631842 E 55.945319346906075 -3.1865916126318417 1304.601618 975.047687
55.945319346906075 -3.1865916126318417 ENE 55.945434151935785 -3.1863144487720882 1213.943858 951.761988
55.945434151935785 -3.1863144487720882 E 55.945434151935785 -3.186014448772088 1213.943858 950.511988
55.945434151935785 -3.186014448772088 ENE 55.945548956965496 -3.1857372849123347 1213.943858 949.261988
55.945548956965496 -3.1857372849123347 E 55.945548956965496 -3.1854372849123345 1213.943858 948.011988
55.945548956965496 -3.1854372849123345 ENE 55.945663761995206 -3.185160121052581 1213.943858 946.761988
55.945663761995206 -3.185160121052581 E 55.945663761995206 -3.184860121052581 1213.943858 945.511988
55.945663761995206 -3.184860121052581 ENE 55.94577856702492 -3.1845829571928275 1213.943858 944.261988
55.94577856702492 -3.1845829571928275 E 55.94577856702492 -3.1842829571928273 1283.402372 1059.096384
55.94577856702492 -3.1842829571928273 W 55.94577856702492 -3.1845829571928275 1283.402372 1057.846384
55.94577856702492 -3.1845829571928275 W 55.94577856702492 -3.1848829571928277 1283.402372 1056.596384
55.94577856702492 -3.1848829571928277 W 55.94577856702492 -3.185182957192828 1283.402372 1055.346384
55.94577856702492 -3.185182957192828 W 55.94577856702492 -3.185482957192828 1283.402372 1054.096384
55.94577856702492 -3.185482957192828 W 55.94577856702492 -3.1857829571928282 1283.402372 1052.846384
55.94577856702492 -3.1857829571928282 W 55.94577856702492 -3.1860829571928284 1283.402372 1051.596384
55.94577856702492 -3.1860829571928284 W 55.94577856702492 -3.1863829571928286 1203.095174 964.615787
55.94577856702492 -3.1863829571928286 W 55.94577856702492 -3.186682957192829 1202.859445 861.540254
55.94577856702492 -3.186682957192829 W 55.94577856702492 -3.186982957192829 1202.859445 860.290254
55.94577856702492 -3.186982957192829 W 55.94577856702492 -3.187282957192829 1202.859445 859.040254
55.94577856702492 -3.187282957192829 W 55.94577856702492 -3.1875829571928294 1202.859445 857.790254
55.94577856702492 -3.1875829571928294 W 55.94577856702492 -3.1878829571928295 1213.693428 939.109344
55.94577856702492 -3.1878829571928295 W 55.94577856702492 -3.1881829571928297 1213.693428 937.859344
55.94577856702492 -3.1881829571928297 WSW 55.945663761995206 -3.188460121052583 1213.693428 936.609344
55.945663761995206 -3.188460121052583 W 55.945663761995206 -3.1887601210525833 1213.693428 935.359344
55.945663761995206 -3.1887601210525833 W 55.945663761995206 -3.1890601210525835 1235.586625 1035.098259
55.945663761995206 -3.1890601210525835 NW 55.94587589402956 -3.1892722530869393 1316.217113 1149.694737
55.94587589402956 -3.1892722530869393 SE 55.945663761995206 -3.1890601210525835 1316.217113 1148.444737
55.945663761995206 -3.1890601210525835 WSW 55.945548956965496 -3.189337284912337 1316.217113 1147.194737
55.945548956965496 -3.189337284912337 WSW 55.945434151935785 -3.1896144487720903 1316.217113 1145.944737
55.945434151935785 -3.1896144487720903 WSW 55.945319346906075 -3.1898916126318437 1316.217113 1144.694737
55.945319346906075 -3.1898916126318437 SW 55.94510721487172 -3.1901037446661995 1316.217113 1143.444737
55.94510721487172 -3.1901037446661995 WSW 55.94499240984201 -3.190380908525953 1316.217113 1142.194737
55.94499240984201 -3.190380908525953 SW 55.94478027780765 -3.1905930405603087 1316.217113 1140.944737
55.94478027780765 -3.1905930405603087 WSW 55.94466547277794 -3.190870204420062 1316.217113 1139.694737
55.94466547277794 -3.190870204420062 SW 55.944453340743586 -3.191082336454418 1316.217113 1138.444737
55.944453340743586 -3.191082336454418 WSW 55.944338535713875 -3.1913595003141713 1316.217113 1137.194737
55.944338535713875 -3.1913595003141713 SW 55.94412640367952 -3.191571632348527 1316.217113 1135.944737
55.94412640367952 -3.191571632348527 WSW 55.94401159864981 -3.1918487962082804 1331.872320 1175.458164
55.94401159864981 -3.1918487962082804 E 55.94401159864981 -3.1915487962082802 1331.872320 1174.208164
55.94401159864981 -3.1915487962082802 E 55.94401159864981 -3.19124879620828 1376.186360 1178.571797
55.94401159864981 -3.19124879620828 E 55.94401159864981 -3.19094879620828 1376.186360 1177.321797
55.94401159864981 -3.19094879620828 E 55.94401159864981 -3.1906487962082797 1376.186360 1176.071797
55.94401159864981 -3.1906487962082797 E 55.94401159864981 -3.1903487962082795 1376.186360 1174.821797
55.94401159864981 -3.1903487962082795 E 55.94401159864981 -3.1900487962082793 1376.186360 1173.571797
55.94401159864981 -3.1900487962082793 ENE 55.94412640367952 -3.189771632348526 1376.186360 1172.321797
55.94412640367952 -3.189771632348526 E 55.94412640367952 -3.1894716323485257 1376.186360 1171.071797
55.94412640367952 -3.1894716323485257 ENE 55.94424120870923 -3.1891944684887723 1376.186360 1169.821797
55.94424120870923 -3.1891944684887723 E 55.94424120870923 -3.188894468488772 1376.186360 1168.571797
55.94424120870923 -3.188894468488772 ENE 55.94435601373894 -3.1886173046290187 1376.186360 1167.321797
55.94435601373894 -3.1886173046290187 E 55.94435601373894 -3.1883173046290185 1376.186360 1166.071797
55.94435601373894 -3.1883173046290185 ENE 55.94447081876865 -3.188040140769265 1376.186360 1164.821797
55.94447081876865 -3.188040140769265 E 55.94447081876865 -3.187740140769265 1376.186360 1163.571797
55.94447081876865 -3.187740140769265 ENE 55.94458562379836 -3.1874629769095115 1376.186360 1162.321797
55.94458562379836 -3.1874629769095115 E 55.94458562379836 -3.1871629769095113 1376.186360 1161.071797
55.94458562379836 -3.1871629769095113 ENE 55.94470042882807 -3.186885813049758 1376.186360 1159.821797
55.94470042882807 -3.186885813049758 E 55.94470042882807 -3.1865858130497577 1376.186360 1158.571797
55.94470042882807 -3.1865858130497577 ENE 55.94481523385778 -3.1863086491900043 1376.186360 1157.321797
55.94481523385778 -3.1863086491900043 E 55.94481523385778 -3.186008649190004 1376.186360 1156.071797
55.94481523385778 -3.186008649190004 ENE 55.94493003888749 -3.1857314853302507 1376.186360 1154.821797
55.94493003888749 -3.1857314853302507 E 55.94493003888749 -3.1854314853302506 1376.186360 1153.571797
55.94493003888749 -3.1854314853302506 ENE 55.9450448439172 -3.185154321470497 1376.186360 1152.321797
55.9450448439172 -3.185154321470497 E 55.9450448439172 -3.184854321470497 1376.186360 1151.071797
55.9450448439172 -3.184854321470497 ENE 55.94515964894691 -3.1845771576107436 1408.979221 1236.931801
55.94515964894691 -3.1845771576107436 WSW 55.9450448439172 -3.184854321470497 1408.979221 1235.681801
55.9450448439172 -3.184854321470497 WSW 55.94493003888749 -3.1851314853302504 1408.979221 1234.431801
55.94493003888749 -3.1851314853302504 W 55.94493003888749 -3.1854314853302506 1408.979221 1233.181801
55.94493003888749 -3.1854314853302506 WSW 55.94481523385778 -3.185708649190004 1408.979221 1231.931801
55.94481523385778 -3.185708649190004 W 55.94481523385778 -3.186008649190004 1408.979221 1230.681801
55.94481523385778 -3.186008649190004 WSW 55.94470042882807 -3.1862858130497576 1408.979221 1229.431801
55.94470042882807 -3.1862858130497576 W 55.94470042882807 -3.1865858130497577 1408.979221 1228.181801
55.94470042882807 -3.1865858130497577 WSW 55.94458562379836 -3.186862976909511 1408.979221 1226.931801
55.94458562379836 -3.186862976909511 W 55.94458562379836 -3.1871629769095113 1408.979221 1225.681801
55.94458562379836 -3.1871629769095113 WSW 55.94447081876865 -3.1874401407692647 1408.979221 1224.431801
55.94447081876865 -3.1874401407692647 W 55.94447081876865 -3.187740140769265 1408.979221 1223.181801
55.94447081876865 -3.187740140769265 WSW 55.94435601373894 -3.1880173046290183 1408.979221 1221.931801
55.94435601373894 -3.1880173046290183 W 55.94435601373894 -3.1883173046290185 1383.036813 1210.513319
55.94435601373894 -3.1883173046290185 WSW 55.94424120870923 -3.188594468488772 1383.036813 1209.263319
55.94424120870923 -3.188594468488772 W 55.94424120870923 -3.188894468488772 1383.036813 1208.013319
55.94424120870923 -3.188894468488772 WSW 55.94412640367952 -3.1891716323485255 1383.036813 1206.763319
55.94412640367952 -3.1891716323485255 W 55.94412640367952 -3.1894716323485257 1383.036813 1205.513319
55.94412640367952 -3.1894716323485257 WSW 55.94401159864981 -3.189748796208279 1383.036813 1204.263319
55.94401159864981 -3.189748796208279 W 55.94401159864981 -3.1900487962082793 1383.036813 1203.013319
55.94401159864981 -3.1900487962082793 WSW 55.9438967936201 -3.1903259600680327 1383.036813 1201.763319
55.9438967936201 -3.1903259600680327 W 55.9438967936201 -3.190625960068033 1383.036813 1200.513319
55.9438967936201 -3.190625960068033 WSW 55.94378198859039 -3.1909031239277863 1383.036813 1199.263319
55.94378198859039 -3.1909031239277863 W 55.94378198859039 -3.1912031239277865 1383.036813 1198.013319
55.94378198859039 -3.1912031239277865 WSW 55.94366718356068 -3.19148028778754 1444.734324 1218.127863
55.94366718356068 -3.19148028778754 SSE 55.94339001970092 -3.1913654827578304 1444.734324 1216.877863
55.94339001970092 -3.1913654827578304 SSE 55.943112855841164 -3.191250677728121 1376.281348 1211.678207
55.943112855841164 -3.191250677728121 SSE 55.94283569198141 -3.1911358726984114 1376.281348 1210.428207
55.94283569198141 -3.1911358726984114 SSE 55.94255852812165 -3.191021067668702 1453.936766 1292.670086
55.94255852812165 -3.191021067668702 ENE 55.94267333315136 -3.1907439038089485 1453.936766 1291.420086
55.94267333315136 -3.1907439038089485 SW 55.942461201117005 -3.1909560358433042 1453.936766 1290.170086
55.942461201117005 -3.1909560358433042 N 55.94276120111701 -3.1909560358433042 1453.936766 1288.920086
55.94276120111701 -3.1909560358433042 SSW 55.94248403725725 -3.1910708408730137 1453.936766 1287.670086
55.94248403725725 -3.1910708408730137 SSW 55.942206873397495 -3.1911856459027232 1453.936766 1286.420086
55.942206873397495 -3.1911856459027232 N 55.9425068733975 -3.1911856459027232 1453.936766 1285.170086
55.9425068733975 -3.1911856459027232 E 55.9425068733975 -3.190885645902723 1453.936766 1283.920086
55.9425068733975 -3.190885645902723 NE 55.942719005431854 -3.1906735138683673 1453.936766 1282.670086
55.942719005431854 -3.1906735138683673 SE 55.9425068733975 -3.1904613818340115 1453.936766 1281.420086
55.9425068733975 -3.1904613818340115 N 55.9428068733975 -3.1904613818340115 1453.936766 1280.170086
55.9428068733975 -3.1904613818340115 ENE 55.94292167842721 -3.190184217974258 1453.936766 1278.920086
55.94292167842721 -3.190184217974258 WSW 55.9428068733975 -3.1904613818340115 1453.936766 1277.670086
55.9428068733975 -3.1904613818340115 SE 55.942594741363145 -3.1902492497996557 1453.936766 1276.420086
55.942594741363145 -3.1902492497996557 NE 55.9428068733975 -3.1900371177653 1453.936766 1275.170086
55.9428068733975 -3.1900371177653 ENE 55.94292167842721 -3.1897599539055466 1453.936766 1273.920086
55.94292167842721 -3.1897599539055466 SSE 55.942644514567455 -3.189645148875837 1453.936766 1272.670086
55.942644514567455 -3.189645148875837 NE 55.94285664660181 -3.1894330168414813 1453.936766 1271.420086
55.94285664660181 -3.1894330168414813 WSW 55.9427418415721 -3.1897101807012347 1453.936766 1270.170086
55.9427418415721 -3.1897101807012347 N 55.943041841572104 -3.1897101807012347 1453.936766 1268.920086
55.943041841572104 -3.1897101807012347 W 55.943041841572104 -3.190010180701235 1453.936766 1267.670086
55.943041841572104 -3.190010180701235 SW 55.94282970953775 -3.1902223127355906 1453.936766 1266.420086
55.94282970953775 -3.1902223127355906 SSW 55.94255254567799 -3.1903371177653 1453.936766 1265.170086
55.94255254567799 -3.1903371177653 WSW 55.94243774064828 -3.1906142816250536 1453.936766 1263.920086
