55.944425 -3.188396 ENE 55.94453980502971 -3.1881188361402466 0.000000 248.750000
55.94453980502971 -3.1881188361402466 ENE 55.94465461005942 -3.187841672280493 0.000000 247.500000
55.94465461005942 -3.187841672280493 ENE 55.944769415089134 -3.18756450842074 0.000000 246.250000
55.944769415089134 -3.18756450842074 ENE 55.944884220118844 -3.1872873445609864 0.000000 245.000000
55.944884220118844 -3.1872873445609864 ENE 55.944999025148554 -3.187010180701233 49.270928 256.824749
55.944999025148554 -3.187010180701233 ENE 55.945113830178265 -3.1867330168414796 0.000000 131.704170
55.945113830178265 -3.1867330168414796 ENE 55.945228635207975 -3.186455852981726 0.000000 130.454170
55.945228635207975 -3.186455852981726 ENE 55.945343440237686 -3.1861786891219728 0.000000 129.204170
55.945343440237686 -3.1861786891219728 ENE 55.945458245267396 -3.1859015252622194 0.000000 127.954170
55.945458245267396 -3.1859015252622194 S 55.94515824526739 -3.1859015252622194 113.887452 161.557950
55.94515824526739 -3.1859015252622194 S 55.94485824526739 -3.1859015252622194 220.206845 177.434411
55.94485824526739 -3.1859015252622194 S 55.94455824526739 -3.1859015252622194 235.925669 269.476424
55.94455824526739 -3.1859015252622194 SSE 55.94428108140763 -3.18578672023251 235.925669 268.226424
55.94428108140763 -3.18578672023251 S 55.94398108140763 -3.18578672023251 235.925669 266.976424
55.94398108140763 -3.18578672023251 SSE 55.94370391754787 -3.1856719152028004 235.925669 265.726424
55.94370391754787 -3.1856719152028004 S 55.94340391754787 -3.1856719152028004 313.140754 273.632146
55.94340391754787 -3.1856719152028004 SSE 55.94312675368811 -3.185557110173091 313.140754 272.382146
55.94312675368811 -3.185557110173091 W 55.94312675368811 -3.185857110173091 348.280399 331.473396
55.94312675368811 -3.185857110173091 W 55.94312675368811 -3.1861571101730912 348.280399 330.223396
55.94312675368811 -3.1861571101730912 W 55.94312675368811 -3.1864571101730914 348.280399 328.973396
55.94312675368811 -3.1864571101730914 W 55.94312675368811 -3.1867571101730916 348.280399 327.723396
55.94312675368811 -3.1867571101730916 W 55.94312675368811 -3.187057110173092 348.280399 326.473396
55.94312675368811 -3.187057110173092 W 55.94312675368811 -3.187357110173092 348.280399 325.223396
55.94312675368811 -3.187357110173092 W 55.94312675368811 -3.187657110173092 348.280399 323.973396
55.94312675368811 -3.187657110173092 WNW 55.94324155871782 -3.1879342740328456 348.280399 322.723396
55.94324155871782 -3.1879342740328456 W 55.94324155871782 -3.1882342740328458 348.280399 321.473396
55.94324155871782 -3.1882342740328458 WNW 55.94335636374753 -3.188511437892599 348.280399 320.223396
55.94335636374753 -3.188511437892599 W 55.94335636374753 -3.1888114378925994 348.280399 318.973396
55.94335636374753 -3.1888114378925994 WNW 55.94347116877724 -3.1890886017523528 348.280399 317.723396
55.94347116877724 -3.1890886017523528 ESE 55.94335636374753 -3.1888114378925994 404.918959 400.135438
55.94335636374753 -3.1888114378925994 ESE 55.94324155871782 -3.188534274032846 404.918959 398.885438
55.94324155871782 -3.188534274032846 ESE 55.94312675368811 -3.1882571101730925 404.918959 397.635438
55.94312675368811 -3.1882571101730925 ESE 55.9430119486584 -3.187979946313339 404.918959 396.385438
55.9430119486584 -3.187979946313339 ESE 55.94289714362869 -3.1877027824535857 404.918959 395.135438
55.94289714362869 -3.1877027824535857 ESE 55.94278233859898 -3.1874256185938323 404.918959 393.885438
55.94278233859898 -3.1874256185938323 ESE 55.94266753356927 -3.187148454734079 404.918959 392.635438
55.94266753356927 -3.187148454734079 WNW 55.94278233859898 -3.1874256185938323 428.945614 508.482163
55.94278233859898 -3.1874256185938323 WNW 55.94289714362869 -3.1877027824535857 428.945614 507.232163
55.94289714362869 -3.1877027824535857 WNW 55.9430119486584 -3.187979946313339 428.945614 505.982163
55.9430119486584 -3.187979946313339 WNW 55.94312675368811 -3.1882571101730925 428.945614 504.732163
55.94312675368811 -3.1882571101730925 WNW 55.94324155871782 -3.188534274032846 428.945614 503.482163
55.94324155871782 -3.188534274032846 WNW 55.94335636374753 -3.1888114378925994 428.945614 502.232163
55.94335636374753 -3.1888114378925994 WNW 55.94347116877724 -3.1890886017523528 428.945614 500.982163
55.94347116877724 -3.1890886017523528 WNW 55.943585973806954 -3.189365765612106 428.945614 499.732163
55.943585973806954 -3.189365765612106 WNW 55.943700778836664 -3.1896429294718596 428.945614 498.482163
55.943700778836664 -3.1896429294718596 WNW 55.943815583866375 -3.189920093331613 428.945614 497.232163
55.943815583866375 -3.189920093331613 WNW 55.943930388896085 -3.1901972571913664 428.945614 495.982163
55.943930388896085 -3.1901972571913664 WNW 55.944045193925795 -3.19047442105112 428.945614 494.732163
55.944045193925795 -3.19047442105112 WNW 55.944159998955506 -3.190751584910873 451.239728 504.540727
55.944159998955506 -3.190751584910873 WNW 55.944274803985216 -3.1910287487706266 451.239728 503.290727
55.944274803985216 -3.1910287487706266 WNW 55.94438960901493 -3.19130591263038 451.239728 502.040727
55.94438960901493 -3.19130591263038 WNW 55.94450441404464 -3.1915830764901334 451.239728 500.790727
55.94450441404464 -3.1915830764901334 ENE 55.94461921907435 -3.19130591263038 543.334581 504.635891
55.94461921907435 -3.19130591263038 ENE 55.94473402410406 -3.1910287487706266 543.334581 503.385891
55.94473402410406 -3.1910287487706266 ENE 55.94484882913377 -3.190751584910873 543.334581 502.135891
55.94484882913377 -3.190751584910873 ENE 55.94496363416348 -3.19047442105112 543.334581 500.885891
55.94496363416348 -3.19047442105112 ENE 55.94507843919319 -3.1901972571913664 543.334581 499.635891
55.94507843919319 -3.1901972571913664 ENE 55.9451932442229 -3.189920093331613 659.106963 584.443086
55.9451932442229 -3.189920093331613 ENE 55.94530804925261 -3.1896429294718596 659.106963 583.193086
55.94530804925261 -3.1896429294718596 ENE 55.94542285428232 -3.189365765612106 659.106963 581.943086
55.94542285428232 -3.189365765612106 ENE 55.94553765931203 -3.1890886017523528 659.106963 580.693086
55.94553765931203 -3.1890886017523528 ENE 55.94565246434174 -3.1888114378925994 739.737451 695.289564
55.94565246434174 -3.1888114378925994 SE 55.945440332307385 -3.1885993058582436 761.630647 795.028478
55.945440332307385 -3.1885993058582436 ESE 55.945325527277674 -3.18832214199849 761.630647 793.778478
55.945325527277674 -3.18832214199849 SE 55.94511339524332 -3.1881100099641344 761.630647 792.528478
55.94511339524332 -3.1881100099641344 ESE 55.94499859021361 -3.187832846104381 761.630647 791.278478
55.94499859021361 -3.187832846104381 SE 55.94478645817925 -3.1876207140700252 761.630647 790.028478
55.94478645817925 -3.1876207140700252 ESE 55.94467165314954 -3.187343550210272 761.630647 788.778478
55.94467165314954 -3.187343550210272 SE 55.944459521115185 -3.187131418175916 761.630647 787.528478
55.944459521115185 -3.187131418175916 ESE 55.944344716085475 -3.1868542543161626 761.630647 786.278478
55.944344716085475 -3.1868542543161626 W 55.944344716085475 -3.187154254316163 872.239617 856.439990
55.944344716085475 -3.187154254316163 W 55.944344716085475 -3.187454254316163 872.239617 855.189990
55.944344716085475 -3.187454254316163 W 55.944344716085475 -3.187754254316163 872.239617 853.939990
55.944344716085475 -3.187754254316163 W 55.944344716085475 -3.1880542543161634 872.239617 852.689990
55.944344716085475 -3.1880542543161634 W 55.944344716085475 -3.1883542543161636 846.297208 841.271508
55.944344716085475 -3.1883542543161636 W 55.944344716085475 -3.188654254316164 846.297208 840.021508
55.944344716085475 -3.188654254316164 W 55.944344716085475 -3.188954254316164 822.469486 814.875573
55.944344716085475 -3.188954254316164 W 55.944344716085475 -3.189254254316164 822.469486 813.625573
55.944344716085475 -3.189254254316164 W 55.944344716085475 -3.1895542543161644 822.469486 812.375573
55.944344716085475 -3.1895542543161644 W 55.944344716085475 -3.1898542543161645 822.469486 811.125573
55.944344716085475 -3.1898542543161645 W 55.944344716085475 -3.1901542543161647 822.469486 809.875573
55.944344716085475 -3.1901542543161647 W 55.944344716085475 -3.190454254316165 833.246988 870.367795
55.944344716085475 -3.190454254316165 W 55.944344716085475 -3.190754254316165 833.246988 869.117795
55.944344716085475 -3.190754254316165 WNW 55.944459521115185 -3.1910314181759185 833.246988 867.867795
55.944459521115185 -3.1910314181759185 W 55.944459521115185 -3.1913314181759187 833.246988 866.617795
55.944459521115185 -3.1913314181759187 WNW 55.944574326144895 -3.191608582035672 833.246988 865.367795
55.944574326144895 -3.191608582035672 ENE 55.944689131174606 -3.1913314181759187 922.405734 966.908600
55.944689131174606 -3.1913314181759187 ENE 55.944803936204316 -3.1910542543161653 922.405734 965.658600
55.944803936204316 -3.1910542543161653 ENE 55.94491874123403 -3.190777090456412 922.405734 964.408600
55.94491874123403 -3.190777090456412 ENE 55.94503354626374 -3.1904999265966585 922.405734 963.158600
55.94503354626374 -3.1904999265966585 ENE 55.94514835129345 -3.190222762736905 922.405734 961.908600
55.94514835129345 -3.190222762736905 ENE 55.94526315632316 -3.1899455988771517 922.405734 960.658600
55.94526315632316 -3.1899455988771517 ENE 55.94537796135287 -3.1896684350173983 922.405734 959.408600
55.94537796135287 -3.1896684350173983 E 55.94537796135287 -3.189368435017398 922.405734 958.158600
55.94537796135287 -3.189368435017398 ENE 55.94549276638258 -3.1890912711576447 922.405734 956.908600
55.94549276638258 -3.1890912711576447 E 55.94549276638258 -3.1887912711576445 922.405734 955.658600
55.94549276638258 -3.1887912711576445 ENE 55.94560757141229 -3.188514107297891 922.405734 954.408600
55.94560757141229 -3.188514107297891 E 55.94560757141229 -3.188214107297891 922.405734 953.158600
55.94560757141229 -3.188214107297891 ENE 55.945722376442 -3.1879369434381375 922.405734 951.908600
55.945722376442 -3.1879369434381375 E 55.945722376442 -3.1876369434381373 922.405734 950.658600
55.945722376442 -3.1876369434381373 SW 55.94551024440764 -3.187849075472493 933.239717 1031.977690
55.94551024440764 -3.187849075472493 SW 55.94529811237329 -3.188061207506849 933.239717 1030.727690
55.94529811237329 -3.188061207506849 SW 55.94508598033893 -3.1882733395412046 933.239717 1029.477690
55.94508598033893 -3.1882733395412046 SW 55.944873848304574 -3.1884854715755604 933.239717 1028.227690
55.944873848304574 -3.1884854715755604 SW 55.94466171627022 -3.188697603609916 900.104568 952.528272
55.94466171627022 -3.188697603609916 SW 55.94444958423586 -3.188909735644272 900.104568 951.278272
55.94444958423586 -3.188909735644272 SW 55.944237452201506 -3.1891218676786277 900.104568 950.028272
55.944237452201506 -3.1891218676786277 SW 55.94402532016715 -3.1893339997129835 900.104568 948.778272
55.94402532016715 -3.1893339997129835 SW 55.94381318813279 -3.1895461317473393 900.104568 947.528272
55.94381318813279 -3.1895461317473393 SW 55.94360105609844 -3.189758263781695 900.104568 946.278272
55.94360105609844 -3.189758263781695 WSW 55.94348625106873 -3.1900354276414484 900.104568 945.028272
55.94348625106873 -3.1900354276414484 SW 55.94327411903437 -3.190247559675804 900.104568 943.778272
55.94327411903437 -3.190247559675804 WSW 55.94315931400466 -3.1905247235355576 900.104568 942.528272
55.94315931400466 -3.1905247235355576 SW 55.942947181970304 -3.1907368555699134 900.104568 941.278272
55.942947181970304 -3.1907368555699134 WSW 55.94283237694059 -3.191014019429667 900.104568 940.028272
55.94283237694059 -3.191014019429667 N 55.943132376940596 -3.191014019429667 977.759985 1022.270151
55.943132376940596 -3.191014019429667 N 55.9434323769406 -3.191014019429667 909.307009 1017.070495
55.9434323769406 -3.191014019429667 N 55.9437323769406 -3.191014019429667 909.307009 1015.820495
55.9437323769406 -3.191014019429667 N 55.944032376940605 -3.191014019429667 971.004520 1035.935040
55.944032376940605 -3.191014019429667 N 55.94433237694061 -3.191014019429667 971.004520 1034.685040
55.94433237694061 -3.191014019429667 N 55.94463237694061 -3.191014019429667 971.004520 1033.435040
55.94463237694061 -3.191014019429667 NNW 55.94490954080037 -3.1911288244593763 971.004520 1032.185040
55.94490954080037 -3.1911288244593763 N 55.94520954080037 -3.1911288244593763 971.004520 1030.935040
55.94520954080037 -3.1911288244593763 W 55.94520954080037 -3.1914288244593765 1034.934447 1147.564650
55.94520954080037 -3.1914288244593765 W 55.94520954080037 -3.1917288244593767 1034.934447 1146.314650
55.94520954080037 -3.1917288244593767 W 55.94520954080037 -3.192028824459377 1034.934447 1145.064650
55.94520954080037 -3.192028824459377 W 55.94520954080037 -3.192328824459377 1034.934447 1143.814650
55.94520954080037 -3.192328824459377 E 55.94520954080037 -3.192028824459377 1120.360624 1180.578447
55.94520954080037 -3.192028824459377 E 55.94520954080037 -3.1917288244593767 1120.360624 1179.328447
55.94520954080037 -3.1917288244593767 E 55.94520954080037 -3.1914288244593765 1120.360624 1178.078447
55.94520954080037 -3.1914288244593765 E 55.94520954080037 -3.1911288244593763 1120.360624 1176.828447
55.94520954080037 -3.1911288244593763 E 55.94520954080037 -3.190828824459376 1120.360624 1175.578447
55.94520954080037 -3.190828824459376 ESE 55.94509473577066 -3.1905516605996227 1120.360624 1174.328447
55.94509473577066 -3.1905516605996227 E 55.94509473577066 -3.1902516605996225 1120.360624 1173.078447
55.94509473577066 -3.1902516605996225 ESE 55.94497993074095 -3.189974496739869 1120.360624 1171.828447
55.94497993074095 -3.189974496739869 E 55.94497993074095 -3.189674496739869 1120.360624 1170.578447
55.94497993074095 -3.189674496739869 ESE 55.94486512571124 -3.1893973328801155 1120.360624 1169.328447
55.94486512571124 -3.1893973328801155 E 55.94486512571124 -3.1890973328801153 1120.360624 1168.078447
55.94486512571124 -3.1890973328801153 ESE 55.94475032068153 -3.188820169020362 1120.360624 1166.828447
55.94475032068153 -3.188820169020362 E 55.94475032068153 -3.1885201690203617 1120.360624 1165.578447
55.94475032068153 -3.1885201690203617 ESE 55.94463551565182 -3.1882430051606083 1120.360624 1164.328447
55.94463551565182 -3.1882430051606083 E 55.94463551565182 -3.187943005160608 1120.360624 1163.078447
55.94463551565182 -3.187943005160608 ESE 55.94452071062211 -3.1876658413008547 1120.360624 1161.828447
55.94452071062211 -3.1876658413008547 E 55.94452071062211 -3.1873658413008545 1120.360624 1160.578447
55.94452071062211 -3.1873658413008545 ESE 55.9444059055924 -3.187088677441101 1120.360624 1159.328447
55.9444059055924 -3.187088677441101 E 55.9444059055924 -3.186788677441101 1120.360624 1158.078447
55.9444059055924 -3.186788677441101 ESE 55.94429110056269 -3.1865115135813475 1115.913774 1052.579514
55.94429110056269 -3.1865115135813475 E 55.94429110056269 -3.1862115135813474 1115.913774 1051.329514
55.94429110056269 -3.1862115135813474 ESE 55.944176295532976 -3.185934349721594 1115.913774 1050.079514
55.944176295532976 -3.185934349721594 E 55.944176295532976 -3.1856343497215938 1115.913774 1048.829514
55.944176295532976 -3.1856343497215938 ESE 55.944061490503266 -3.1853571858618404 1115.913774 1047.579514
55.944061490503266 -3.1853571858618404 E 55.944061490503266 -3.18505718586184 1115.913774 1046.329514
55.944061490503266 -3.18505718586184 ESE 55.943946685473556 -3.1847800220020868 1115.913774 1045.079514
55.943946685473556 -3.1847800220020868 E 55.943946685473556 -3.1844800220020866 1201.789571 1119.844231
55.943946685473556 -3.1844800220020866 NNW 55.94422384933331 -3.184594827031796 1201.789571 1118.594231
55.94422384933331 -3.184594827031796 NNW 55.94450101319307 -3.1847096320615056 1201.789571 1117.344231
55.94450101319307 -3.1847096320615056 N 55.94480101319307 -3.1847096320615056 1201.789571 1116.094231
55.94480101319307 -3.1847096320615056 NNW 55.94507817705283 -3.184824437091215 1201.789571 1114.844231
55.94507817705283 -3.184824437091215 SW 55.94486604501847 -3.185036569125571 1234.582433 1200.704234
55.94486604501847 -3.185036569125571 SW 55.944653912984116 -3.1852487011599266 1234.582433 1199.454234
55.944653912984116 -3.1852487011599266 SW 55.94444178094976 -3.1854608331942824 1234.582433 1198.204234
55.94444178094976 -3.1854608331942824 WSW 55.94432697592005 -3.185737997054036 1234.582433 1196.954234
55.94432697592005 -3.185737997054036 SW 55.94411484388569 -3.1859501290883916 1234.582433 1195.704234
55.94411484388569 -3.1859501290883916 WSW 55.94400003885598 -3.186227292948145 1234.582433 1194.454234
55.94400003885598 -3.186227292948145 W 55.94400003885598 -3.186527292948145 1266.244136 1272.775600
55.94400003885598 -3.186527292948145 W 55.94400003885598 -3.1868272929481454 1266.244136 1271.525600
55.94400003885598 -3.1868272929481454 W 55.94400003885598 -3.1871272929481456 1266.244136 1270.275600
55.94400003885598 -3.1871272929481456 W 55.94400003885598 -3.1874272929481458 1266.244136 1269.025600
55.94400003885598 -3.1874272929481458 W 55.94400003885598 -3.187727292948146 1266.244136 1267.775600
55.94400003885598 -3.187727292948146 W 55.94400003885598 -3.188027292948146 1266.244136 1266.525600
55.94400003885598 -3.188027292948146 W 55.94400003885598 -3.1883272929481463 1339.613523 1342.604436
55.94400003885598 -3.1883272929481463 W 55.94400003885598 -3.1886272929481465 1339.613523 1341.354436
55.94400003885598 -3.1886272929481465 W 55.94400003885598 -3.1889272929481467 1339.613523 1340.104436
55.94400003885598 -3.1889272929481467 W 55.94400003885598 -3.189227292948147 1339.613523 1338.854436
55.94400003885598 -3.189227292948147 W 55.94400003885598 -3.189527292948147 1339.613523 1337.604436
55.94400003885598 -3.189527292948147 W 55.94400003885598 -3.1898272929481473 1339.613523 1336.354436
55.94400003885598 -3.1898272929481473 W 55.94400003885598 -3.1901272929481475 1339.613523 1335.104436
55.94400003885598 -3.1901272929481475 W 55.94400003885598 -3.1904272929481476 1339.613523 1333.854436
55.94400003885598 -3.1904272929481476 W 55.94400003885598 -3.190727292948148 1339.613523 1332.604436
55.94400003885598 -3.190727292948148 W 55.94400003885598 -3.191027292948148 1339.613523 1331.354436
55.94400003885598 -3.191027292948148 W 55.94400003885598 -3.191327292948148 1339.613523 1330.104436
55.94400003885598 -3.191327292948148 W 55.94400003885598 -3.1916272929481484 1383.927563 1334.468070
55.94400003885598 -3.1916272929481484 ENE 55.94411484388569 -3.191350129088395 1399.582770 1373.981497
55.94411484388569 -3.191350129088395 ENE 55.9442296489154 -3.1910729652286416 1399.582770 1372.731497
55.9442296489154 -3.1910729652286416 ENE 55.944344453945114 -3.190795801368888 1399.582770 1371.481497
55.944344453945114 -3.190795801368888 ENE 55.944459258974824 -3.190518637509135 1399.582770 1370.231497
55.944459258974824 -3.190518637509135 ENE 55.944574064004534 -3.1902414736493814 1399.582770 1368.981497
55.944574064004534 -3.1902414736493814 ENE 55.944688869034245 -3.189964309789628 1460.380496 1404.249606
55.944688869034245 -3.189964309789628 ENE 55.944803674063955 -3.1896871459298746 1460.380496 1402.999606
55.944803674063955 -3.1896871459298746 E 55.944803674063955 -3.1893871459298744 1556.462570 1436.334691
55.944803674063955 -3.1893871459298744 ENE 55.944918479093666 -3.189109982070121 1556.462570 1435.084691
55.944918479093666 -3.189109982070121 E 55.944918479093666 -3.188809982070121 1556.462570 1433.834691
55.944918479093666 -3.188809982070121 ENE 55.945033284123376 -3.1885328182103674 1556.462570 1432.584691
55.945033284123376 -3.1885328182103674 E 55.945033284123376 -3.188232818210367 1556.462570 1431.334691
55.945033284123376 -3.188232818210367 ENE 55.945148089153086 -3.187955654350614 1556.462570 1430.084691
55.945148089153086 -3.187955654350614 E 55.945148089153086 -3.1876556543506136 1556.462570 1428.834691
55.945148089153086 -3.1876556543506136 ENE 55.9452628941828 -3.18737849049086 1556.462570 1427.584691
55.9452628941828 -3.18737849049086 E 55.9452628941828 -3.18707849049086 1556.462570 1426.334691
55.9452628941828 -3.18707849049086 ENE 55.94537769921251 -3.1868013266311066 1501.720212 1425.084691
55.94537769921251 -3.1868013266311066 E 55.94537769921251 -3.1865013266311064 1501.720212 1423.834691
55.94537769921251 -3.1865013266311064 ENE 55.94549250424222 -3.186224162771353 1411.062452 1400.548993
55.94549250424222 -3.186224162771353 E 55.94549250424222 -3.185924162771353 1411.062452 1399.298993
55.94549250424222 -3.185924162771353 ENE 55.94560730927193 -3.1856469989115994 1411.062452 1398.048993
55.94560730927193 -3.1856469989115994 E 55.94560730927193 -3.1853469989115992 1411.062452 1396.798993
55.94560730927193 -3.1853469989115992 ENE 55.94572211430164 -3.185069835051846 1411.062452 1395.548993
55.94572211430164 -3.185069835051846 E 55.94572211430164 -3.1847698350518456 1411.062452 1394.298993
55.94572211430164 -3.1847698350518456 ENE 55.94583691933135 -3.1844926711920922 1411.062452 1393.048993
55.94583691933135 -3.1844926711920922 WSW 55.94572211430164 -3.1847698350518456 1480.520966 1507.883389
55.94572211430164 -3.1847698350518456 WSW 55.94560730927193 -3.185046998911599 1480.520966 1506.633389
55.94560730927193 -3.185046998911599 WSW 55.94549250424222 -3.1853241627713524 1480.520966 1505.383389
55.94549250424222 -3.1853241627713524 WSW 55.94537769921251 -3.185601326631106 1480.520966 1504.133389
55.94537769921251 -3.185601326631106 WSW 55.9452628941828 -3.1858784904908592 1480.520966 1502.883389
55.9452628941828 -3.1858784904908592 WSW 55.945148089153086 -3.1861556543506127 1480.520966 1501.633389
55.945148089153086 -3.1861556543506127 SW 55.94493595711873 -3.1863677863849684 1480.520966 1500.383389
55.94493595711873 -3.1863677863849684 WSW 55.94482115208902 -3.186644950244722 1480.520966 1499.133389
55.94482115208902 -3.186644950244722 SW 55.94460902005466 -3.1868570822790776 1480.520966 1497.883389
55.94460902005466 -3.1868570822790776 WSW 55.94449421502495 -3.187134246138831 1480.520966 1496.633389
55.94449421502495 -3.187134246138831 SW 55.9442820829906 -3.187346378173187 1480.520966 1495.383389
55.9442820829906 -3.187346378173187 WSW 55.94416727796089 -3.18762354203294 1480.520966 1494.133389
55.94416727796089 -3.18762354203294 SW 55.94395514592653 -3.187835674067296 1480.520966 1492.883389
55.94395514592653 -3.187835674067296 WSW 55.94384034089682 -3.1881128379270494 1480.520966 1491.633389
55.94384034089682 -3.1881128379270494 SW 55.943628208862464 -3.188324969961405 1480.520966 1490.383389
55.943628208862464 -3.188324969961405 WSW 55.94351340383275 -3.1886021338211585 1480.520966 1489.133389
55.94351340383275 -3.1886021338211585 SW 55.9433012717984 -3.1888142658555143 1480.520966 1487.883389
55.9433012717984 -3.1888142658555143 WSW 55.94318646676869 -3.1890914297152677 1480.520966 1486.633389
55.94318646676869 -3.1890914297152677 SW 55.94297433473433 -3.1893035617496235 1480.520966 1485.383389
55.94297433473433 -3.1893035617496235 WSW 55.94285952970462 -3.189580725609377 1480.520966 1484.133389
55.94285952970462 -3.189580725609377 SW 55.942647397670264 -3.1897928576437327 1480.520966 1482.883389
55.942647397670264 -3.1897928576437327 WNW 55.942762202699974 -3.190070021503486 1529.959398 1551.466112
55.942762202699974 -3.190070021503486 WNW 55.942877007729685 -3.1903471853632395 1529.959398 1550.216112
55.942877007729685 -3.1903471853632395 ENE 55.942991812759395 -3.190070021503486 1529.959398 1548.966112
55.942991812759395 -3.190070021503486 N 55.9432918127594 -3.190070021503486 1484.563938 1533.019491
55.9432918127594 -3.190070021503486 NNE 55.943568976619154 -3.1899552164737766 1484.563938 1531.769491
55.943568976619154 -3.1899552164737766 S 55.94326897661915 -3.1899552164737766 1484.563938 1530.519491
55.94326897661915 -3.1899552164737766 NNW 55.94354614047891 -3.190070021503486 1484.563938 1529.269491
55.94354614047891 -3.190070021503486 NNW 55.943823304338665 -3.1901848265331956 1484.563938 1528.019491
55.943823304338665 -3.1901848265331956 SE 55.94361117230431 -3.18997269449884 1484.563938 1526.769491
55.94361117230431 -3.18997269449884 ENE 55.94372597733402 -3.1896955306390864 1484.563938 1525.519491
55.94372597733402 -3.1896955306390864 SW 55.94351384529966 -3.189907662673442 1484.563938 1524.269491
55.94351384529966 -3.189907662673442 SSW 55.943236681439906 -3.1900224677031517 1484.563938 1523.019491
55.943236681439906 -3.1900224677031517 NNE 55.94351384529966 -3.189907662673442 1484.563938 1521.769491
55.94351384529966 -3.189907662673442 WNW 55.94362865032937 -3.1901848265331956 1484.563938 1520.519491
55.94362865032937 -3.1901848265331956 NE 55.94384078236373 -3.18997269449884 1484.563938 1519.269491
55.94384078236373 -3.18997269449884 E 55.94384078236373 -3.1896726944988396 1484.563938 1518.019491
55.94384078236373 -3.1896726944988396 SSE 55.94356361850397 -3.18955788946913 1484.563938 1516.769491
55.94356361850397 -3.18955788946913 W 55.94356361850397 -3.1898578894691303 1484.563938 1515.519491
55.94356361850397 -3.1898578894691303 NW 55.94377575053833 -3.190070021503486 1484.563938 1514.269491
55.94377575053833 -3.190070021503486 WNW 55.94389055556804 -3.1903471853632395 1484.563938 1513.019491
55.94389055556804 -3.1903471853632395 ENE 55.94400536059775 -3.190070021503486 1484.563938 1511.769491
55.94400536059775 -3.190070021503486 ENE 55.94412016562746 -3.1897928576437327 1484.563938 1510.519491
