55.944425 -3.188396 ENE 55.94453980502971 -3.1881188361402466 0.000000 248.750000
55.94453980502971 -3.1881188361402466 ENE 55.94465461005942 -3.187841672280493 0.000000 247.500000
55.94465461005942 -3.187841672280493 ENE 55.944769415089134 -3.18756450842074 0.000000 246.250000
55.944769415089134 -3.18756450842074 ENE 55.944884220118844 -3.1872873445609864 0.000000 245.000000
55.944884220118844 -3.1872873445609864 ENE 55.944999025148554 -3.187010180701233 49.270928 256.824749
55.944999025148554 -3.187010180701233 ENE 55.945113830178265 -3.1867330168414796 0.000000 131.704170
55.945113830178265 -3.1867330168414796 ENE 55.945228635207975 -3.186455852981726 0.000000 130.454170
55.945228635207975 -3.186455852981726 ENE 55.945343440237686 -3.1861786891219728 0.000000 129.204170
55.945343440237686 -3.1861786891219728 ENE 55.945458245267396 -3.1859015252622194 0.000000 127.954170
55.945458245267396 -3.1859015252622194 S 55.94515824526739 -3.1859015252622194 113.887452 161.557950
55.94515824526739 -3.1859015252622194 S 55.94485824526739 -3.1859015252622194 220.206845 177.434411
55.94485824526739 -3.1859015252622194 S 55.94455824526739 -3.1859015252622194 235.925669 269.476424
55.94455824526739 -3.1859015252622194 SSE 55.94428108140763 -3.18578672023251 235.925669 268.226424
55.94428108140763 -3.18578672023251 S 55.94398108140763 -3.18578672023251 235.925669 266.976424
55.94398108140763 -3.18578672023251 SSE 55.94370391754787 -3.1856719152028004 235.925669 265.726424
55.94370391754787 -3.1856719152028004 S 55.94340391754787 -3.1856719152028004 313.140754 273.632146
55.94340391754787 -3.1856719152028004 SSE 55.94312675368811 -3.185557110173091 313.140754 272.382146
55.94312675368811 -3.185557110173091 WNW 55.94324155871782 -3.1858342740328442 348.280399 331.473396
55.94324155871782 -3.1858342740328442 WNW 55.94335636374753 -3.1861114378925977 348.280399 330.223396
55.94335636374753 -3.1861114378925977 WNW 55.94347116877724 -3.186388601752351 348.280399 328.973396
55.94347116877724 -3.186388601752351 WNW 55.943585973806954 -3.1866657656121045 348.280399 327.723396
55.943585973806954 -3.1866657656121045 WNW 55.943700778836664 -3.186942929471858 348.280399 326.473396
55.943700778836664 -3.186942929471858 WNW 55.943815583866375 -3.1872200933316113 343.453795 266.180123
55.943815583866375 -3.1872200933316113 WNW 55.943930388896085 -3.1874972571913647 343.453795 264.930123
55.943930388896085 -3.1874972571913647 W 55.943930388896085 -3.187797257191365 343.453795 263.680123
55.943930388896085 -3.187797257191365 WNW 55.944045193925795 -3.1880744210511183 343.453795 262.430123
55.944045193925795 -3.1880744210511183 ENE 55.944159998955506 -3.187797257191365 416.823182 338.508960
55.944159998955506 -3.187797257191365 ENE 55.944274803985216 -3.1875200933316115 416.823182 337.258960
55.944274803985216 -3.1875200933316115 ENE 55.94438960901493 -3.187242929471858 416.823182 336.008960
55.94438960901493 -3.187242929471858 ENE 55.94450441404464 -3.1869657656121047 416.823182 334.758960
55.94450441404464 -3.1869657656121047 ENE 55.94461921907435 -3.1866886017523512 416.823182 333.508960
55.94461921907435 -3.1866886017523512 ENE 55.94473402410406 -3.186411437892598 416.823182 332.258960
55.94473402410406 -3.186411437892598 ENE 55.94484882913377 -3.1861342740328444 416.823182 331.008960
55.94484882913377 -3.1861342740328444 ENE 55.94496363416348 -3.185857110173091 416.823182 329.758960
55.94496363416348 -3.185857110173091 ENE 55.94507843919319 -3.1855799463133376 416.823182 328.508960
55.94507843919319 -3.1855799463133376 ENE 55.9451932442229 -3.1853027824535842 416.823182 327.258960
55.9451932442229 -3.1853027824535842 NE 55.945405376257256 -3.1850906504192285 416.823182 326.008960
55.945405376257256 -3.1850906504192285 ENE 55.945520181286966 -3.184813486559475 366.715580 206.229306
55.945520181286966 -3.184813486559475 NE 55.94573231332132 -3.1846013545251193 366.715580 204.979306
55.94573231332132 -3.1846013545251193 W 55.94573231332132 -3.1849013545251195 436.174094 319.813702
55.94573231332132 -3.1849013545251195 W 55.94573231332132 -3.1852013545251197 436.174094 318.563702
55.94573231332132 -3.1852013545251197 W 55.94573231332132 -3.18550135452512 436.174094 317.313702
55.94573231332132 -3.18550135452512 W 55.94573231332132 -3.18580135452512 436.174094 316.063702
55.94573231332132 -3.18580135452512 W 55.94573231332132 -3.18610135452512 436.174094 314.813702
55.94573231332132 -3.18610135452512 W 55.94573231332132 -3.1864013545251204 355.866896 227.833105
55.94573231332132 -3.1864013545251204 W 55.94573231332132 -3.1867013545251206 355.631168 124.757572
55.94573231332132 -3.1867013545251206 W 55.94573231332132 -3.187001354525121 264.973408 101.471873
55.94573231332132 -3.187001354525121 W 55.94573231332132 -3.187301354525121 264.973408 100.221873
55.94573231332132 -3.187301354525121 W 55.94573231332132 -3.187601354525121 264.973408 98.971873
55.94573231332132 -3.187601354525121 W 55.94573231332132 -3.1879013545251214 275.807391 180.290963
55.94573231332132 -3.1879013545251214 W 55.94573231332132 -3.1882013545251215 275.807391 179.040963
55.94573231332132 -3.1882013545251215 W 55.94573231332132 -3.1885013545251217 275.807391 177.790963
55.94573231332132 -3.1885013545251217 W 55.94573231332132 -3.188801354525122 275.807391 176.540963
55.94573231332132 -3.188801354525122 W 55.94573231332132 -3.189101354525122 297.700587 276.279878
55.94573231332132 -3.189101354525122 WSW 55.94561750829161 -3.1893785183848755 378.331075 390.876356
55.94561750829161 -3.1893785183848755 W 55.94561750829161 -3.1896785183848757 378.331075 389.626356
55.94561750829161 -3.1896785183848757 WSW 55.9455027032619 -3.189955682244629 378.331075 388.376356
55.9455027032619 -3.189955682244629 W 55.9455027032619 -3.1902556822446293 378.331075 387.126356
55.9455027032619 -3.1902556822446293 WSW 55.94538789823219 -3.1905328461043827 378.331075 385.876356
55.94538789823219 -3.1905328461043827 W 55.94538789823219 -3.190832846104383 494.103457 470.683551
55.94538789823219 -3.190832846104383 WSW 55.94527309320248 -3.1911100099641363 494.103457 469.433551
55.94527309320248 -3.1911100099641363 WNW 55.94538789823219 -3.1913871738238897 558.033384 586.063160
55.94538789823219 -3.1913871738238897 SSE 55.945110734372435 -3.19127236879418 558.033384 584.813160
55.945110734372435 -3.19127236879418 SSE 55.94483357051268 -3.1911575637644707 558.033384 583.563160
55.94483357051268 -3.1911575637644707 SSE 55.94455640665292 -3.191042758734761 558.033384 582.313160
55.94455640665292 -3.191042758734761 SSE 55.944279242793165 -3.1909279537050517 558.033384 581.063160
55.944279242793165 -3.1909279537050517 SSE 55.94400207893341 -3.190813148675342 558.033384 579.813160
55.94400207893341 -3.190813148675342 SE 55.94378994689905 -3.1906010166409864 558.033384 578.563160
55.94378994689905 -3.1906010166409864 SSE 55.943512783039296 -3.190486211611277 558.033384 577.313160
55.943512783039296 -3.190486211611277 SE 55.94330065100494 -3.190274079576921 558.033384 576.063160
55.94330065100494 -3.190274079576921 SSE 55.94302348714518 -3.1901592745472116 558.033384 574.813160
55.94302348714518 -3.1901592745472116 SE 55.94281135511083 -3.189947142512856 512.637923 558.866539
55.94281135511083 -3.189947142512856 NW 55.94302348714518 -3.1901592745472116 562.076356 627.449262
55.94302348714518 -3.1901592745472116 NW 55.94323561917954 -3.1903714065815674 562.076356 626.199262
55.94323561917954 -3.1903714065815674 NW 55.943447751213895 -3.190583538615923 562.076356 624.949262
55.943447751213895 -3.190583538615923 NW 55.94365988324825 -3.190795670650279 562.076356 623.699262
55.94365988324825 -3.190795670650279 NW 55.94387201528261 -3.1910078026846347 562.076356 622.449262
55.94387201528261 -3.1910078026846347 NW 55.944084147316964 -3.1912199347189905 562.076356 621.199262
55.944084147316964 -3.1912199347189905 NW 55.94429627935132 -3.1914320667533462 562.076356 619.949262
55.94429627935132 -3.1914320667533462 NW 55.94450841138568 -3.191644198787702 654.171209 623.794426
55.94450841138568 -3.191644198787702 NW 55.94472054342003 -3.1918563308220578 743.329955 725.335231
55.94472054342003 -3.1918563308220578 NW 55.94493267545439 -3.1920684628564135 743.329955 724.085231
55.94493267545439 -3.1920684628564135 NW 55.945144807488745 -3.1922805948907693 743.329955 722.835231
55.945144807488745 -3.1922805948907693 ESE 55.945030002459035 -3.192003431031016 828.756132 759.599028
55.945030002459035 -3.192003431031016 ESE 55.944915197429324 -3.1917262671712625 828.756132 758.349028
55.944915197429324 -3.1917262671712625 SE 55.94470306539497 -3.1915141351369067 828.756132 757.099028
55.94470306539497 -3.1915141351369067 ESE 55.94458826036526 -3.1912369712771533 828.756132 755.849028
55.94458826036526 -3.1912369712771533 SE 55.9443761283309 -3.1910248392427976 828.756132 754.599028
55.9443761283309 -3.1910248392427976 ESE 55.94426132330119 -3.190747675383044 828.756132 753.349028
55.94426132330119 -3.190747675383044 SE 55.944049191266835 -3.1905355433486884 828.756132 752.099028
55.944049191266835 -3.1905355433486884 ESE 55.943934386237125 -3.190258379488935 851.050245 761.907592
55.943934386237125 -3.190258379488935 ESE 55.943819581207414 -3.1899812156291816 851.050245 760.657592
55.943819581207414 -3.1899812156291816 ESE 55.943704776177704 -3.189704051769428 851.050245 759.407592
55.943704776177704 -3.189704051769428 ESE 55.94358997114799 -3.1894268879096748 851.050245 758.157592
55.94358997114799 -3.1894268879096748 ESE 55.94347516611828 -3.1891497240499214 851.050245 756.907592
55.94347516611828 -3.1891497240499214 WSW 55.94336036108857 -3.1894268879096748 907.688806 839.319633
55.94336036108857 -3.1894268879096748 WSW 55.94324555605886 -3.189704051769428 907.688806 838.069633
55.94324555605886 -3.189704051769428 WSW 55.94313075102915 -3.1899812156291816 907.688806 836.819633
55.94313075102915 -3.1899812156291816 WSW 55.94301594599944 -3.190258379488935 907.688806 835.569633
55.94301594599944 -3.190258379488935 WSW 55.94290114096973 -3.1905355433486884 907.688806 834.319633
55.94290114096973 -3.1905355433486884 WSW 55.94278633594002 -3.190812707208442 907.688806 833.069633
55.94278633594002 -3.190812707208442 WSW 55.94267153091031 -3.191089871068195 907.688806 831.819633
55.94267153091031 -3.191089871068195 NNE 55.94294869477007 -3.1909750660384857 985.344223 914.061513
55.94294869477007 -3.1909750660384857 ENE 55.94306349979978 -3.1906979021787323 985.344223 912.811513
55.94306349979978 -3.1906979021787323 ENE 55.94317830482949 -3.190420738318979 985.344223 911.561513
55.94317830482949 -3.190420738318979 ENE 55.9432931098592 -3.1901435744592255 985.344223 910.311513
55.9432931098592 -3.1901435744592255 ENE 55.94340791488891 -3.189866410599472 985.344223 909.061513
55.94340791488891 -3.189866410599472 ENE 55.94352271991862 -3.1895892467397187 985.344223 907.811513
55.94352271991862 -3.1895892467397187 ENE 55.94363752494833 -3.1893120828799653 985.344223 906.561513
55.94363752494833 -3.1893120828799653 ENE 55.94375232997804 -3.189034919020212 985.344223 905.311513
55.94375232997804 -3.189034919020212 ENE 55.94386713500775 -3.1887577551604585 985.344223 904.061513
55.94386713500775 -3.1887577551604585 ENE 55.94398194003746 -3.188480591300705 985.344223 902.811513
55.94398194003746 -3.188480591300705 ENE 55.94409674506717 -3.1882034274409516 985.344223 901.561513
55.94409674506717 -3.1882034274409516 ENE 55.94421155009688 -3.1879262635811982 985.344223 900.311513
55.94421155009688 -3.1879262635811982 ENE 55.94432635512659 -3.187649099721445 959.401815 888.893031
55.94432635512659 -3.187649099721445 ENE 55.9444411601563 -3.1873719358616914 959.401815 887.643031
55.9444411601563 -3.1873719358616914 ENE 55.94455596518601 -3.187094772001938 959.401815 886.393031
55.94455596518601 -3.187094772001938 ENE 55.94467077021572 -3.1868176081421846 959.401815 885.143031
55.94467077021572 -3.1868176081421846 E 55.94467077021572 -3.1865176081421844 959.401815 883.893031
55.94467077021572 -3.1865176081421844 ENE 55.94478557524543 -3.186240444282431 959.401815 882.643031
55.94478557524543 -3.186240444282431 E 55.94478557524543 -3.185940444282431 959.401815 881.393031
55.94478557524543 -3.185940444282431 ENE 55.94490038027514 -3.1856632804226774 959.401815 880.143031
55.94490038027514 -3.1856632804226774 E 55.94490038027514 -3.1853632804226772 959.401815 878.893031
55.94490038027514 -3.1853632804226772 ENE 55.945015185304854 -3.185086116562924 959.401815 877.643031
55.945015185304854 -3.185086116562924 E 55.945015185304854 -3.1847861165629237 959.401815 876.393031
55.945015185304854 -3.1847861165629237 S 55.94471518530485 -3.1847861165629237 992.194676 962.253034
55.94471518530485 -3.1847861165629237 SSE 55.944438021445094 -3.184671311533214 992.194676 961.003034
55.944438021445094 -3.184671311533214 S 55.94413802144509 -3.184671311533214 992.194676 959.753034
55.94413802144509 -3.184671311533214 W 55.94413802144509 -3.1849713115332143 1078.070473 1034.517750
55.94413802144509 -3.1849713115332143 W 55.94413802144509 -3.1852713115332145 1078.070473 1033.267750
55.94413802144509 -3.1852713115332145 WSW 55.94402321641538 -3.185548475392968 1078.070473 1032.017750
55.94402321641538 -3.185548475392968 W 55.94402321641538 -3.185848475392968 1078.070473 1030.767750
55.94402321641538 -3.185848475392968 WSW 55.94390841138567 -3.1861256392527215 1078.070473 1029.517750
55.94390841138567 -3.1861256392527215 W 55.94390841138567 -3.1864256392527217 1078.070473 1028.267750
55.94390841138567 -3.1864256392527217 WNW 55.94402321641538 -3.186702803112475 1109.732177 1106.589116
55.94402321641538 -3.186702803112475 WNW 55.94413802144509 -3.1869799669722285 1220.341146 1176.750627
55.94413802144509 -3.1869799669722285 WNW 55.9442528264748 -3.187257130831982 1220.341146 1175.500627
55.9442528264748 -3.187257130831982 W 55.9442528264748 -3.187557130831982 1220.341146 1174.250627
55.9442528264748 -3.187557130831982 WNW 55.94436763150451 -3.1878342946917355 1220.341146 1173.000627
55.94436763150451 -3.1878342946917355 W 55.94436763150451 -3.1881342946917357 1220.341146 1171.750627
55.94436763150451 -3.1881342946917357 WNW 55.94448243653422 -3.188411458551489 1220.341146 1170.500627
55.94448243653422 -3.188411458551489 W 55.94448243653422 -3.1887114585514893 1220.341146 1169.250627
55.94448243653422 -3.1887114585514893 WNW 55.94459724156393 -3.1889886224112427 1196.513424 1144.104693
55.94459724156393 -3.1889886224112427 W 55.94459724156393 -3.189288622411243 1196.513424 1142.854693
55.94459724156393 -3.189288622411243 WNW 55.944712046593644 -3.1895657862709963 1196.513424 1141.604693
55.944712046593644 -3.1895657862709963 WSW 55.94459724156393 -3.1898429501307497 1292.595498 1174.939778
55.94459724156393 -3.1898429501307497 SE 55.94438510952958 -3.189630818096394 1292.595498 1173.689778
55.94438510952958 -3.189630818096394 ESE 55.94427030449987 -3.1893536542366405 1292.595498 1172.439778
55.94427030449987 -3.1893536542366405 SE 55.94405817246551 -3.1891415222022848 1292.595498 1171.189778
55.94405817246551 -3.1891415222022848 ESE 55.9439433674358 -3.1888643583425313 1292.595498 1169.939778
55.9439433674358 -3.1888643583425313 SE 55.943731235401444 -3.1886522263081756 1292.595498 1168.689778
55.943731235401444 -3.1886522263081756 ESE 55.94361643037173 -3.188375062448422 1292.595498 1167.439778
55.94361643037173 -3.188375062448422 SE 55.94340429833738 -3.1881629304140664 1292.595498 1166.189778
55.94340429833738 -3.1881629304140664 ESE 55.94328949330767 -3.187885766554313 1292.595498 1164.939778
55.94328949330767 -3.187885766554313 SE 55.94307736127331 -3.187673634519957 1292.595498 1163.689778
55.94307736127331 -3.187673634519957 ESE 55.9429625562436 -3.187396470660204 1292.595498 1162.439778
55.9429625562436 -3.187396470660204 SE 55.942750424209244 -3.187184338625848 1292.595498 1161.189778
55.942750424209244 -3.187184338625848 WNW 55.942865229238954 -3.1874615024856015 1316.622153 1277.036504
55.942865229238954 -3.1874615024856015 WNW 55.942980034268665 -3.187738666345355 1316.622153 1275.786504
55.942980034268665 -3.187738666345355 WNW 55.943094839298375 -3.1880158302051083 1316.622153 1274.536504
55.943094839298375 -3.1880158302051083 WNW 55.943209644328086 -3.1882929940648617 1316.622153 1273.286504
55.943209644328086 -3.1882929940648617 W 55.943209644328086 -3.188592994064862 1316.622153 1272.036504
55.943209644328086 -3.188592994064862 WNW 55.943324449357796 -3.1888701579246153 1316.622153 1270.786504
55.943324449357796 -3.1888701579246153 W 55.943324449357796 -3.1891701579246154 1316.622153 1269.536504
55.943324449357796 -3.1891701579246154 WNW 55.943439254387506 -3.189447321784369 1316.622153 1268.286504
55.943439254387506 -3.189447321784369 W 55.943439254387506 -3.189747321784369 1316.622153 1267.036504
55.943439254387506 -3.189747321784369 WNW 55.94355405941722 -3.1900244856441224 1316.622153 1265.786504
55.94355405941722 -3.1900244856441224 W 55.94355405941722 -3.1903244856441226 1316.622153 1264.536504
55.94355405941722 -3.1903244856441226 WNW 55.94366886444693 -3.190601649503876 1316.622153 1263.286504
55.94366886444693 -3.190601649503876 W 55.94366886444693 -3.1909016495038762 1316.622153 1262.036504
55.94366886444693 -3.1909016495038762 WNW 55.94378366947664 -3.1911788133636296 1316.622153 1260.786504
55.94378366947664 -3.1911788133636296 NE 55.943995801510994 -3.190966681329274 1378.319665 1280.901049
55.943995801510994 -3.190966681329274 NE 55.94420793354535 -3.190754549294918 1378.319665 1279.651049
55.94420793354535 -3.190754549294918 NE 55.944420065579706 -3.1905424172605623 1378.319665 1278.401049
55.944420065579706 -3.1905424172605623 NE 55.94463219761406 -3.1903302852262065 1378.319665 1277.151049
55.94463219761406 -3.1903302852262065 NE 55.94484432964842 -3.1901181531918508 1439.117390 1312.419157
55.94484432964842 -3.1901181531918508 SW 55.94463219761406 -3.1903302852262065 1439.117390 1311.169157
55.94463219761406 -3.1903302852262065 WSW 55.94451739258435 -3.19060744908596 1439.117390 1309.919157
55.94451739258435 -3.19060744908596 WSW 55.94440258755464 -3.1908846129457134 1439.117390 1308.669157
55.94440258755464 -3.1908846129457134 WSW 55.94428778252493 -3.1911617768054668 1439.117390 1307.419157
55.94428778252493 -3.1911617768054668 WSW 55.94417297749522 -3.19143894066522 1439.117390 1306.169157
55.94417297749522 -3.19143894066522 WSW 55.94405817246551 -3.1917161045249736 1439.117390 1304.919157
55.94405817246551 -3.1917161045249736 ENE 55.94417297749522 -3.19143894066522 1454.772597 1344.432584
55.94417297749522 -3.19143894066522 ENE 55.94428778252493 -3.1911617768054668 1454.772597 1343.182584
55.94428778252493 -3.1911617768054668 ENE 55.94440258755464 -3.1908846129457134 1454.772597 1341.932584
55.94440258755464 -3.1908846129457134 E 55.94440258755464 -3.190584612945713 1454.772597 1340.682584
55.94440258755464 -3.190584612945713 ENE 55.94451739258435 -3.1903074490859598 1454.772597 1339.432584
55.94451739258435 -3.1903074490859598 E 55.94451739258435 -3.1900074490859596 1454.772597 1338.182584
55.94451739258435 -3.1900074490859596 WSW 55.94440258755464 -3.190284612945713 1465.550099 1398.674806
55.94440258755464 -3.190284612945713 WSW 55.94428778252493 -3.1905617768054664 1465.550099 1397.424806
55.94428778252493 -3.1905617768054664 WSW 55.94417297749522 -3.19083894066522 1465.550099 1396.174806
55.94417297749522 -3.19083894066522 WSW 55.94405817246551 -3.191116104524973 1465.550099 1394.924806
55.94405817246551 -3.191116104524973 WSW 55.9439433674358 -3.1913932683847266 1465.550099 1393.674806
55.9439433674358 -3.1913932683847266 SW 55.943731235401444 -3.1916054004190824 1509.864139 1398.038440
55.943731235401444 -3.1916054004190824 NNE 55.9440083992612 -3.191490595389373 1509.864139 1396.788440
55.9440083992612 -3.191490595389373 NNE 55.94428556312096 -3.1913757903596633 1509.864139 1395.538440
55.94428556312096 -3.1913757903596633 ESE 55.944170758091246 -3.19109862649991 1509.864139 1394.288440
55.944170758091246 -3.19109862649991 SSW 55.94389359423149 -3.1912134315296194 1509.864139 1393.038440
55.94389359423149 -3.1912134315296194 NNW 55.944170758091246 -3.191328236559329 1509.864139 1391.788440
55.944170758091246 -3.191328236559329 NW 55.9443828901256 -3.1915403685936847 1509.864139 1390.538440
55.9443828901256 -3.1915403685936847 WSW 55.94426808509589 -3.191817532453438 1509.864139 1389.288440
55.94426808509589 -3.191817532453438 W 55.94426808509589 -3.1921175324534383 1509.864139 1388.038440
55.94426808509589 -3.1921175324534383 NNW 55.94454524895565 -3.192232337483148 1509.864139 1386.788440
55.94454524895565 -3.192232337483148 ENE 55.94466005398536 -3.1919551736233944 1509.864139 1385.538440
55.94466005398536 -3.1919551736233944 SSE 55.9443828901256 -3.191840368593685 1509.864139 1384.288440
55.9443828901256 -3.191840368593685 SW 55.944170758091246 -3.1920525006280407 1509.864139 1383.038440
55.944170758091246 -3.1920525006280407 ESE 55.944055953061536 -3.1917753367682873 1509.864139 1381.788440
55.944055953061536 -3.1917753367682873 WSW 55.943941148031826 -3.1920525006280407 1509.864139 1380.538440
55.943941148031826 -3.1920525006280407 NNE 55.94421831189158 -3.191937695598331 1509.864139 1379.288440
55.94421831189158 -3.191937695598331 S 55.94391831189158 -3.191937695598331 1509.864139 1378.038440
55.94391831189158 -3.191937695598331 ENE 55.94403311692129 -3.1916605317385778 1509.864139 1376.788440
55.94403311692129 -3.1916605317385778 WNW 55.944147921951 -3.191937695598331 1509.864139 1375.538440
55.944147921951 -3.191937695598331 W 55.944147921951 -3.1922376955983314 1509.864139 1374.288440
55.944147921951 -3.1922376955983314 W 55.944147921951 -3.1925376955983316 1509.864139 1373.038440
55.944147921951 -3.1925376955983316 SSE 55.94387075809124 -3.192422890568622 1509.864139 1371.788440
55.94387075809124 -3.192422890568622 NNW 55.944147921951 -3.1925376955983316 1429.243339 1279.167231
55.944147921951 -3.1925376955983316 NE 55.944360053985356 -3.192325563563976 1429.243339 1277.917231
55.944360053985356 -3.192325563563976 SE 55.944147921951 -3.19211343152962 1429.243339 1276.667231
55.944147921951 -3.19211343152962 NNE 55.94442508581076 -3.1919986264999105 1429.243339 1275.417231
55.94442508581076 -3.1919986264999105 NNE 55.94470224967051 -3.191883821470201 1429.243339 1274.167231
55.94470224967051 -3.191883821470201 NW 55.94491438170487 -3.1920959535045568 1429.243339 1272.917231
55.94491438170487 -3.1920959535045568 E 55.94491438170487 -3.1917959535045566 1429.243339 1271.667231
55.94491438170487 -3.1917959535045566 WSW 55.94479957667516 -3.19207311736431 1429.243339 1270.417231
55.94479957667516 -3.19207311736431 SW 55.9445874446408 -3.1922852493986658 1429.243339 1269.167231
55.9445874446408 -3.1922852493986658 S 55.9442874446408 -3.1922852493986658 1429.243339 1267.917231
55.9442874446408 -3.1922852493986658 WSW 55.94417263961109 -3.192562413258419 1429.243339 1266.667231
55.94417263961109 -3.192562413258419 E 55.94417263961109 -3.192262413258419 1429.243339 1265.417231
55.94417263961109 -3.192262413258419 ESE 55.94405783458138 -3.1919852493986656 1429.243339 1264.167231
55.94405783458138 -3.1919852493986656 E 55.94405783458138 -3.1916852493986654 1429.243339 1262.917231
55.94405783458138 -3.1916852493986654 WSW 55.94394302955167 -3.191962413258419 1429.243339 1261.667231
55.94394302955167 -3.191962413258419 S 55.943643029551666 -3.191962413258419 1429.243339 1260.417231
55.943643029551666 -3.191962413258419 WSW 55.943528224521955 -3.192239577118172 1429.243339 1259.167231
55.943528224521955 -3.192239577118172 ESE 55.943413419492245 -3.191962413258419 1429.243339 1257.917231
55.943413419492245 -3.191962413258419 SE 55.94320128745789 -3.191750281224063 1429.243339 1256.667231
55.94320128745789 -3.191750281224063 W 55.94320128745789 -3.192050281224063 1429.243339 1255.417231
55.94320128745789 -3.192050281224063 S 55.942901287457886 -3.192050281224063 1429.243339 1254.167231
55.942901287457886 -3.192050281224063 S 55.94260128745788 -3.192050281224063 1407.933696 1252.870222
55.94260128745788 -3.192050281224063 NE 55.94281341949224 -3.1918381491897074 1407.933696 1251.620222
55.94281341949224 -3.1918381491897074 NW 55.943025551526596 -3.192050281224063 1407.933696 1250.370222
55.943025551526596 -3.192050281224063 NE 55.94323768356095 -3.1918381491897074 1407.933696 1249.120222
55.94323768356095 -3.1918381491897074 NW 55.94344981559531 -3.192050281224063 1407.933696 1247.870222
55.94344981559531 -3.192050281224063 SW 55.94323768356095 -3.192262413258419 1407.933696 1246.620222
55.94323768356095 -3.192262413258419 NNE 55.94351484742071 -3.1921476082287095 1407.933696 1245.370222
55.94351484742071 -3.1921476082287095 WNW 55.94362965245042 -3.192424772088463 1407.933696 1244.120222
55.94362965245042 -3.192424772088463 N 55.94392965245042 -3.192424772088463 1407.933696 1242.870222
55.94392965245042 -3.192424772088463 ESE 55.94381484742071 -3.1921476082287095 1407.933696 1241.620222
55.94381484742071 -3.1921476082287095 E 55.94381484742071 -3.1918476082287093 1407.933696 1240.370222
55.94381484742071 -3.1918476082287093 NNW 55.94409201128047 -3.191962413258419 1407.933696 1239.120222
55.94409201128047 -3.191962413258419 NNW 55.944369175140224 -3.1920772182881283 1407.933696 1237.870222
55.944369175140224 -3.1920772182881283 NNE 55.94464633899998 -3.191962413258419 1407.933696 1236.620222
