55.944425 -3.188396 ENE 55.94453980502971 -3.1881188361402466 0.000000 248.750000
55.94453980502971 -3.1881188361402466 ENE 55.94465461005942 -3.187841672280493 0.000000 247.500000
55.94465461005942 -3.187841672280493 ENE 55.944769415089134 -3.18756450842074 0.000000 246.250000
55.944769415089134 -3.18756450842074 ENE 55.944884220118844 -3.1872873445609864 0.000000 245.000000
55.944884220118844 -3.1872873445609864 ENE 55.944999025148554 -3.187010180701233 49.270928 256.824749
55.944999025148554 -3.187010180701233 ENE 55.945113830178265 -3.1867330168414796 0.000000 131.704170
55.945113830178265 -3.1867330168414796 ENE 55.945228635207975 -3.186455852981726 0.000000 130.454170
55.945228635207975 -3.186455852981726 ENE 55.945343440237686 -3.1861786891219728 0.000000 129.204170
55.945343440237686 -3.1861786891219728 ENE 55.945458245267396 -3.1859015252622194 0.000000 127.954170
55.945458245267396 -3.1859015252622194 S 55.94515824526739 -3.1859015252622194 113.887452 161.557950
55.94515824526739 -3.1859015252622194 S 55.94485824526739 -3.1859015252622194 220.206845 177.434411
55.94485824526739 -3.1859015252622194 S 55.94455824526739 -3.1859015252622194 235.925669 269.476424
55.94455824526739 -3.1859015252622194 SSE 55.94428108140763 -3.18578672023251 235.925669 268.226424
55.94428108140763 -3.18578672023251 S 55.94398108140763 -3.18578672023251 235.925669 266.976424
55.94398108140763 -3.18578672023251 SSE 55.94370391754787 -3.1856719152028004 235.925669 265.726424
55.94370391754787 -3.1856719152028004 S 55.94340391754787 -3.1856719152028004 313.140754 273.632146
55.94340391754787 -3.1856719152028004 SSE 55.94312675368811 -3.185557110173091 313.140754 272.382146
55.94312675368811 -3.185557110173091 WNW 55.94324155871782 -3.1858342740328442 348.280399 331.473396
55.94324155871782 -3.1858342740328442 WNW 55.94335636374753 -3.1861114378925977 348.280399 330.223396
55.94335636374753 -3.1861114378925977 WNW 55.94347116877724 -3.186388601752351 348.280399 328.973396
55.94347116877724 -3.186388601752351 WNW 55.943585973806954 -3.1866657656121045 348.280399 327.723396
55.943585973806954 -3.1866657656121045 WNW 55.943700778836664 -3.186942929471858 348.280399 326.473396
55.943700778836664 -3.186942929471858 WNW 55.943815583866375 -3.1872200933316113 343.453795 266.180123
55.943815583866375 -3.1872200933316113 WNW 55.943930388896085 -3.1874972571913647 343.453795 264.930123
55.943930388896085 -3.1874972571913647 W 55.943930388896085 -3.187797257191365 343.453795 263.680123
55.943930388896085 -3.187797257191365 WNW 55.944045193925795 -3.1880744210511183 343.453795 262.430123
55.944045193925795 -3.1880744210511183 WSW 55.943930388896085 -3.1883515849108717 416.823182 338.508960
55.943930388896085 -3.1883515849108717 WNW 55.944045193925795 -3.188628748770625 416.823182 337.258960
55.944045193925795 -3.188628748770625 WNW 55.944159998955506 -3.1889059126303785 416.823182 336.008960
55.944159998955506 -3.1889059126303785 WNW 55.944274803985216 -3.189183076490132 392.995460 310.863025
55.944274803985216 -3.189183076490132 WNW 55.94438960901493 -3.1894602403498853 392.995460 309.613025
55.94438960901493 -3.1894602403498853 WNW 55.94450441404464 -3.1897374042096387 392.995460 308.363025
55.94450441404464 -3.1897374042096387 WNW 55.94461921907435 -3.190014568069392 489.077534 341.698111
55.94461921907435 -3.190014568069392 WNW 55.94473402410406 -3.1902917319291455 499.855036 402.190332
55.94473402410406 -3.1902917319291455 WNW 55.94484882913377 -3.190568895788899 560.652761 437.458441
55.94484882913377 -3.190568895788899 NW 55.945060961168124 -3.1907810278232547 560.652761 436.208441
55.945060961168124 -3.1907810278232547 WNW 55.945175766197835 -3.191058191683008 560.652761 434.958441
55.945175766197835 -3.191058191683008 W 55.945175766197835 -3.1913581916830083 624.582688 551.588050
55.945175766197835 -3.1913581916830083 W 55.945175766197835 -3.1916581916830085 624.582688 550.338050
55.945175766197835 -3.1916581916830085 W 55.945175766197835 -3.1919581916830086 624.582688 549.088050
55.945175766197835 -3.1919581916830086 WNW 55.945290571227545 -3.192235355542762 624.582688 547.838050
55.945290571227545 -3.192235355542762 E 55.945290571227545 -3.191935355542762 710.008865 584.601848
55.945290571227545 -3.191935355542762 E 55.945290571227545 -3.1916353555427617 710.008865 583.351848
55.945290571227545 -3.1916353555427617 E 55.945290571227545 -3.1913353555427615 710.008865 582.101848
55.945290571227545 -3.1913353555427615 E 55.945290571227545 -3.1910353555427613 710.008865 580.851848
55.945290571227545 -3.1910353555427613 E 55.945290571227545 -3.190735355542761 710.008865 579.601848
55.945290571227545 -3.190735355542761 E 55.945290571227545 -3.190435355542761 710.008865 578.351848
55.945290571227545 -3.190435355542761 ESE 55.945175766197835 -3.1901581916830075 825.781246 663.159043
55.945175766197835 -3.1901581916830075 ENE 55.945290571227545 -3.189881027823254 825.781246 661.909043
55.945290571227545 -3.189881027823254 ENE 55.945405376257256 -3.1896038639635007 825.781246 660.659043
55.945405376257256 -3.1896038639635007 E 55.945405376257256 -3.1893038639635005 825.781246 659.409043
55.945405376257256 -3.1893038639635005 ENE 55.945520181286966 -3.189026700103747 825.781246 658.159043
55.945520181286966 -3.189026700103747 E 55.945520181286966 -3.188726700103747 906.411734 772.755520
55.945520181286966 -3.188726700103747 ENE 55.945634986316676 -3.1884495362439935 928.304931 872.494435
55.945634986316676 -3.1884495362439935 E 55.945634986316676 -3.1881495362439933 928.304931 871.244435
55.945634986316676 -3.1881495362439933 ENE 55.94574979134639 -3.18787237238424 928.304931 869.994435
55.94574979134639 -3.18787237238424 E 55.94574979134639 -3.1875723723842397 928.304931 868.744435
55.94574979134639 -3.1875723723842397 W 55.94574979134639 -3.18787237238424 939.138914 950.063526
55.94574979134639 -3.18787237238424 E 55.94574979134639 -3.1875723723842397 939.138914 948.813526
55.94574979134639 -3.1875723723842397 E 55.94574979134639 -3.1872723723842395 939.138914 947.563526
55.94574979134639 -3.1872723723842395 E 55.94574979134639 -3.1869723723842394 939.138914 946.313526
55.94574979134639 -3.1869723723842394 E 55.94574979134639 -3.186672372384239 939.138914 945.063526
55.94574979134639 -3.186672372384239 E 55.94574979134639 -3.186372372384239 848.481153 921.777827
55.94574979134639 -3.186372372384239 E 55.94574979134639 -3.186072372384239 848.245425 818.702294
55.94574979134639 -3.186072372384239 E 55.94574979134639 -3.1857723723842386 767.938227 731.721696
55.94574979134639 -3.1857723723842386 E 55.94574979134639 -3.1854723723842384 767.938227 730.471696
55.94574979134639 -3.1854723723842384 E 55.94574979134639 -3.1851723723842382 767.938227 729.221696
55.94574979134639 -3.1851723723842382 E 55.94574979134639 -3.184872372384238 767.938227 727.971696
55.94574979134639 -3.184872372384238 E 55.94574979134639 -3.184572372384238 767.938227 726.721696
55.94574979134639 -3.184572372384238 WSW 55.945634986316676 -3.1848495362439913 837.396741 841.556092
55.945634986316676 -3.1848495362439913 WSW 55.945520181286966 -3.1851267001037447 837.396741 840.306092
55.945520181286966 -3.1851267001037447 WSW 55.945405376257256 -3.185403863963498 837.396741 839.056092
55.945405376257256 -3.185403863963498 WSW 55.945290571227545 -3.1856810278232515 837.396741 837.806092
55.945290571227545 -3.1856810278232515 WSW 55.945175766197835 -3.185958191683005 837.396741 836.556092
55.945175766197835 -3.185958191683005 WSW 55.945060961168124 -3.1862353555427583 837.396741 835.306092
55.945060961168124 -3.1862353555427583 WSW 55.944946156138414 -3.1865125194025117 837.396741 834.056092
55.944946156138414 -3.1865125194025117 WSW 55.944831351108704 -3.186789683262265 837.396741 832.806092
55.944831351108704 -3.186789683262265 WSW 55.94471654607899 -3.1870668471220185 837.396741 831.556092
55.94471654607899 -3.1870668471220185 WSW 55.94460174104928 -3.187344010981772 837.396741 830.306092
55.94460174104928 -3.187344010981772 SW 55.94438960901493 -3.1875561430161277 837.396741 829.056092
55.94438960901493 -3.1875561430161277 WSW 55.944274803985216 -3.187833306875881 837.396741 827.806092
55.944274803985216 -3.187833306875881 SW 55.94406267195086 -3.188045438910237 837.396741 826.556092
55.94406267195086 -3.188045438910237 WSW 55.94394786692115 -3.1883226027699902 811.454332 815.137611
55.94394786692115 -3.1883226027699902 SW 55.94373573488679 -3.188534734804346 811.454332 813.887611
55.94373573488679 -3.188534734804346 WSW 55.94362092985708 -3.1888118986640994 811.454332 812.637611
55.94362092985708 -3.1888118986640994 SW 55.94340879782273 -3.189024030698455 811.454332 811.387611
55.94340879782273 -3.189024030698455 E 55.94340879782273 -3.188724030698455 868.092893 893.799652
55.94340879782273 -3.188724030698455 E 55.94340879782273 -3.188424030698455 868.092893 892.549652
55.94340879782273 -3.188424030698455 ENE 55.94352360285244 -3.1881468668387014 868.092893 891.299652
55.94352360285244 -3.1881468668387014 E 55.94352360285244 -3.187846866838701 868.092893 890.049652
55.94352360285244 -3.187846866838701 ENE 55.94363840788215 -3.187569702978948 868.092893 888.799652
55.94363840788215 -3.187569702978948 E 55.94363840788215 -3.1872697029789476 868.092893 887.549652
55.94363840788215 -3.1872697029789476 ENE 55.94375321291186 -3.1869925391191942 868.092893 886.299652
55.94375321291186 -3.1869925391191942 E 55.94375321291186 -3.186692539119194 868.092893 885.049652
55.94375321291186 -3.186692539119194 ENE 55.94386801794157 -3.1864153752594406 868.092893 883.799652
55.94386801794157 -3.1864153752594406 W 55.94386801794157 -3.186715375259441 899.754596 962.121018
55.94386801794157 -3.186715375259441 W 55.94386801794157 -3.187015375259441 899.754596 960.871018
55.94386801794157 -3.187015375259441 W 55.94386801794157 -3.187315375259441 899.754596 959.621018
55.94386801794157 -3.187315375259441 W 55.94386801794157 -3.1876153752594414 899.754596 958.371018
55.94386801794157 -3.1876153752594414 W 55.94386801794157 -3.1879153752594416 899.754596 957.121018
55.94386801794157 -3.1879153752594416 W 55.94386801794157 -3.1882153752594418 899.754596 955.871018
55.94386801794157 -3.1882153752594418 W 55.94386801794157 -3.188515375259442 899.754596 954.621018
55.94386801794157 -3.188515375259442 W 55.94386801794157 -3.188815375259442 899.754596 953.371018
55.94386801794157 -3.188815375259442 W 55.94386801794157 -3.1891153752594423 899.754596 952.121018
55.94386801794157 -3.1891153752594423 W 55.94386801794157 -3.1894153752594425 899.754596 950.871018
55.94386801794157 -3.1894153752594425 W 55.94386801794157 -3.1897153752594427 899.754596 949.621018
55.94386801794157 -3.1897153752594427 W 55.94386801794157 -3.190015375259443 899.754596 948.371018
55.94386801794157 -3.190015375259443 W 55.94386801794157 -3.190315375259443 899.754596 947.121018
55.94386801794157 -3.190315375259443 W 55.94386801794157 -3.1906153752594433 922.048710 956.929582
55.94386801794157 -3.1906153752594433 W 55.94386801794157 -3.1909153752594435 922.048710 955.679582
55.94386801794157 -3.1909153752594435 WSW 55.94375321291186 -3.191192539119197 922.048710 954.429582
55.94375321291186 -3.191192539119197 E 55.94375321291186 -3.1908925391191967 983.746221 974.544126
55.94375321291186 -3.1908925391191967 E 55.94375321291186 -3.1905925391191965 983.746221 973.294126
55.94375321291186 -3.1905925391191965 E 55.94375321291186 -3.1902925391191963 983.746221 972.044126
55.94375321291186 -3.1902925391191963 E 55.94375321291186 -3.189992539119196 983.746221 970.794126
55.94375321291186 -3.189992539119196 E 55.94375321291186 -3.189692539119196 983.746221 969.544126
55.94375321291186 -3.189692539119196 E 55.94375321291186 -3.1893925391191957 983.746221 968.294126
55.94375321291186 -3.1893925391191957 E 55.94375321291186 -3.1890925391191955 983.746221 967.044126
55.94375321291186 -3.1890925391191955 E 55.94375321291186 -3.1887925391191954 983.746221 965.794126
55.94375321291186 -3.1887925391191954 ENE 55.94386801794157 -3.188515375259442 983.746221 964.544126
55.94386801794157 -3.188515375259442 E 55.94386801794157 -3.1882153752594418 983.746221 963.294126
55.94386801794157 -3.1882153752594418 ENE 55.94398282297128 -3.1879382113996884 983.746221 962.044126
55.94398282297128 -3.1879382113996884 E 55.94398282297128 -3.187638211399688 983.746221 960.794126
55.94398282297128 -3.187638211399688 ENE 55.94409762800099 -3.1873610475399348 983.746221 959.544126
55.94409762800099 -3.1873610475399348 E 55.94409762800099 -3.1870610475399346 983.746221 958.294126
55.94409762800099 -3.1870610475399346 ENE 55.9442124330307 -3.186783883680181 983.746221 957.044126
55.9442124330307 -3.186783883680181 W 55.9442124330307 -3.1870838836801814 1094.355190 1027.205637
55.9442124330307 -3.1870838836801814 W 55.9442124330307 -3.1873838836801816 1094.355190 1025.955637
55.9442124330307 -3.1873838836801816 W 55.9442124330307 -3.1876838836801817 1094.355190 1024.705637
55.9442124330307 -3.1876838836801817 W 55.9442124330307 -3.187983883680182 1094.355190 1023.455637
55.9442124330307 -3.187983883680182 W 55.9442124330307 -3.188283883680182 1094.355190 1022.205637
55.9442124330307 -3.188283883680182 W 55.9442124330307 -3.1885838836801823 1094.355190 1020.955637
55.9442124330307 -3.1885838836801823 W 55.9442124330307 -3.1888838836801825 1094.355190 1019.705637
55.9442124330307 -3.1888838836801825 W 55.9442124330307 -3.1891838836801827 1094.355190 1018.455637
55.9442124330307 -3.1891838836801827 W 55.9442124330307 -3.189483883680183 1094.355190 1017.205637
55.9442124330307 -3.189483883680183 W 55.9442124330307 -3.189783883680183 1094.355190 1015.955637
55.9442124330307 -3.189783883680183 W 55.9442124330307 -3.1900838836801833 1094.355190 1014.705637
55.9442124330307 -3.1900838836801833 W 55.9442124330307 -3.1903838836801834 1094.355190 1013.455637
55.9442124330307 -3.1903838836801834 W 55.9442124330307 -3.1906838836801836 1094.355190 1012.205637
55.9442124330307 -3.1906838836801836 W 55.9442124330307 -3.190983883680184 1094.355190 1010.955637
55.9442124330307 -3.190983883680184 WSW 55.94409762800099 -3.1912610475399372 1094.355190 1009.705637
55.94409762800099 -3.1912610475399372 W 55.94409762800099 -3.1915610475399374 1094.355190 1008.455637
55.94409762800099 -3.1915610475399374 ESE 55.94398282297128 -3.191283883680184 1110.010397 1047.969065
55.94398282297128 -3.191283883680184 ESE 55.94386801794157 -3.1910067198204306 1154.324438 1052.332698
55.94386801794157 -3.1910067198204306 ESE 55.94375321291186 -3.190729555960677 1154.324438 1051.082698
55.94375321291186 -3.190729555960677 ESE 55.94363840788215 -3.190452392100924 1154.324438 1049.832698
55.94363840788215 -3.190452392100924 ESE 55.94352360285244 -3.1901752282411704 1154.324438 1048.582698
55.94352360285244 -3.1901752282411704 ESE 55.94340879782273 -3.189898064381417 1154.324438 1047.332698
55.94340879782273 -3.189898064381417 ESE 55.943293992793016 -3.1896209005216636 1154.324438 1046.082698
55.943293992793016 -3.1896209005216636 ESE 55.943179187763306 -3.18934373666191 1154.324438 1044.832698
55.943179187763306 -3.18934373666191 ESE 55.943064382733596 -3.1890665728021568 1154.324438 1043.582698
55.943064382733596 -3.1890665728021568 ESE 55.942949577703885 -3.1887894089424034 1154.324438 1042.332698
55.942949577703885 -3.1887894089424034 E 55.942949577703885 -3.188489408942403 1154.324438 1041.082698
55.942949577703885 -3.188489408942403 ESE 55.942834772674175 -3.1882122450826498 1154.324438 1039.832698
55.942834772674175 -3.1882122450826498 E 55.942834772674175 -3.1879122450826496 1154.324438 1038.582698
55.942834772674175 -3.1879122450826496 ESE 55.942719967644464 -3.187635081222896 1154.324438 1037.332698
55.942719967644464 -3.187635081222896 E 55.942719967644464 -3.187335081222896 1154.324438 1036.082698
55.942719967644464 -3.187335081222896 ESE 55.942605162614754 -3.1870579173631426 1154.324438 1034.832698
55.942605162614754 -3.1870579173631426 ENE 55.942719967644464 -3.186780753503389 1178.351093 1150.679424
55.942719967644464 -3.186780753503389 ENE 55.942834772674175 -3.186503589643636 1146.884263 1089.781754
55.942834772674175 -3.186503589643636 ENE 55.942949577703885 -3.1862264257838824 1146.884263 1088.531754
55.942949577703885 -3.1862264257838824 ENE 55.943064382733596 -3.185949261924129 1146.884263 1087.281754
55.943064382733596 -3.185949261924129 ENE 55.943179187763306 -3.1856720980643756 1146.884263 1086.031754
55.943179187763306 -3.1856720980643756 NE 55.94339131979766 -3.18545996603002 1146.884263 1084.781754
55.94339131979766 -3.18545996603002 ENE 55.94350612482737 -3.1851828021702664 1146.884263 1083.531754
55.94350612482737 -3.1851828021702664 NE 55.94371825686173 -3.1849706701359106 1146.884263 1082.281754
55.94371825686173 -3.1849706701359106 ENE 55.94383306189144 -3.184693506276157 1146.884263 1081.031754
55.94383306189144 -3.184693506276157 W 55.94383306189144 -3.1849935062761574 1232.760060 1155.796470
55.94383306189144 -3.1849935062761574 W 55.94383306189144 -3.1852935062761576 1232.760060 1154.546470
55.94383306189144 -3.1852935062761576 W 55.94383306189144 -3.185593506276158 1232.760060 1153.296470
55.94383306189144 -3.185593506276158 W 55.94383306189144 -3.185893506276158 1232.760060 1152.046470
55.94383306189144 -3.185893506276158 W 55.94383306189144 -3.186193506276158 1232.760060 1150.796470
55.94383306189144 -3.186193506276158 W 55.94383306189144 -3.1864935062761583 1232.760060 1149.546470
55.94383306189144 -3.1864935062761583 W 55.94383306189144 -3.1867935062761585 1232.760060 1148.296470
55.94383306189144 -3.1867935062761585 W 55.94383306189144 -3.1870935062761587 1232.760060 1147.046470
55.94383306189144 -3.1870935062761587 W 55.94383306189144 -3.187393506276159 1232.760060 1145.796470
55.94383306189144 -3.187393506276159 W 55.94383306189144 -3.187693506276159 1232.760060 1144.546470
55.94383306189144 -3.187693506276159 W 55.94383306189144 -3.1879935062761593 1232.760060 1143.296470
55.94383306189144 -3.1879935062761593 W 55.94383306189144 -3.1882935062761595 1232.760060 1142.046470
55.94383306189144 -3.1882935062761595 WNW 55.94394786692115 -3.188570670135913 1232.760060 1140.796470
55.94394786692115 -3.188570670135913 W 55.94394786692115 -3.188870670135913 1232.760060 1139.546470
55.94394786692115 -3.188870670135913 WNW 55.94406267195086 -3.1891478339956665 1232.760060 1138.296470
55.94406267195086 -3.1891478339956665 W 55.94406267195086 -3.1894478339956667 1232.760060 1137.046470
55.94406267195086 -3.1894478339956667 WNW 55.94417747698057 -3.18972499785542 1232.760060 1135.796470
55.94417747698057 -3.18972499785542 W 55.94417747698057 -3.1900249978554203 1232.760060 1134.546470
55.94417747698057 -3.1900249978554203 WNW 55.94429228201028 -3.1903021617151737 1232.760060 1133.296470
55.94429228201028 -3.1903021617151737 W 55.94429228201028 -3.190602161715174 1232.760060 1132.046470
55.94429228201028 -3.190602161715174 WNW 55.94440708703999 -3.1908793255749273 1232.760060 1130.796470
55.94440708703999 -3.1908793255749273 W 55.94440708703999 -3.1911793255749275 1232.760060 1129.546470
55.94440708703999 -3.1911793255749275 WNW 55.9445218920697 -3.191456489434681 1232.760060 1128.296470
55.9445218920697 -3.191456489434681 SSE 55.944244728209945 -3.1913416844049713 1324.854913 1132.141634
55.944244728209945 -3.1913416844049713 S 55.94394472820994 -3.1913416844049713 1324.854913 1130.891634
55.94394472820994 -3.1913416844049713 SSE 55.943667564350186 -3.191226879375262 1324.854913 1129.641634
55.943667564350186 -3.191226879375262 S 55.94336756435018 -3.191226879375262 1324.854913 1128.391634
55.94336756435018 -3.191226879375262 SSE 55.943090400490426 -3.1911120743455523 1256.401937 1123.191978
55.943090400490426 -3.1911120743455523 S 55.94279040049042 -3.1911120743455523 1256.401937 1121.941978
55.94279040049042 -3.1911120743455523 SSE 55.94251323663067 -3.190997269315843 1334.057355 1204.183857
55.94251323663067 -3.190997269315843 E 55.94251323663067 -3.1906972693158426 1334.057355 1202.933857
55.94251323663067 -3.1906972693158426 E 55.94251323663067 -3.1903972693158424 1334.057355 1201.683857
55.94251323663067 -3.1903972693158424 ENE 55.94262804166038 -3.190120105456089 1334.057355 1200.433857
55.94262804166038 -3.190120105456089 E 55.94262804166038 -3.189820105456089 1334.057355 1199.183857
55.94262804166038 -3.189820105456089 NW 55.942840173694734 -3.1900322374904446 1383.495787 1267.766580
55.942840173694734 -3.1900322374904446 NW 55.94305230572909 -3.1902443695248004 1383.495787 1266.516580
55.94305230572909 -3.1902443695248004 NW 55.943264437763446 -3.190456501559156 1383.495787 1265.266580
55.943264437763446 -3.190456501559156 NW 55.9434765697978 -3.190668633593512 1383.495787 1264.016580
55.9434765697978 -3.190668633593512 NW 55.94368870183216 -3.1908807656278677 1383.495787 1262.766580
55.94368870183216 -3.1908807656278677 NW 55.943900833866515 -3.1910928976622235 1383.495787 1261.516580
55.943900833866515 -3.1910928976622235 NW 55.94411296590087 -3.1913050296965793 1383.495787 1260.266580
55.94411296590087 -3.1913050296965793 NW 55.94432509793523 -3.191517161730935 1383.495787 1259.016580
55.94432509793523 -3.191517161730935 E 55.94432509793523 -3.191217161730935 1383.495787 1257.766580
55.94432509793523 -3.191217161730935 E 55.94432509793523 -3.1909171617309346 1383.495787 1256.516580
55.94432509793523 -3.1909171617309346 E 55.94432509793523 -3.1906171617309345 1383.495787 1255.266580
55.94432509793523 -3.1906171617309345 E 55.94432509793523 -3.1903171617309343 1383.495787 1254.016580
55.94432509793523 -3.1903171617309343 E 55.94432509793523 -3.190017161730934 1383.495787 1252.766580
55.94432509793523 -3.190017161730934 E 55.94432509793523 -3.189717161730934 1383.495787 1251.516580
55.94432509793523 -3.189717161730934 E 55.94432509793523 -3.1894171617309337 1383.495787 1250.266580
55.94432509793523 -3.1894171617309337 E 55.94432509793523 -3.1891171617309335 1383.495787 1249.016580
55.94432509793523 -3.1891171617309335 E 55.94432509793523 -3.1888171617309333 1383.495787 1247.766580
55.94432509793523 -3.1888171617309333 E 55.94432509793523 -3.188517161730933 1383.495787 1246.516580
55.94432509793523 -3.188517161730933 ENE 55.94443990296494 -3.1882399978711797 1383.495787 1245.266580
55.94443990296494 -3.1882399978711797 E 55.94443990296494 -3.1879399978711795 1383.495787 1244.016580
55.94443990296494 -3.1879399978711795 ENE 55.94455470799465 -3.187662834011426 1383.495787 1242.766580
55.94455470799465 -3.187662834011426 E 55.94455470799465 -3.187362834011426 1383.495787 1241.516580
55.94455470799465 -3.187362834011426 ENE 55.94466951302436 -3.1870856701516725 1383.495787 1240.266580
55.94466951302436 -3.1870856701516725 E 55.94466951302436 -3.1867856701516724 1383.495787 1239.016580
55.94466951302436 -3.1867856701516724 ENE 55.94478431805407 -3.186508506291919 1383.495787 1237.766580
55.94478431805407 -3.186508506291919 E 55.94478431805407 -3.1862085062919188 1383.495787 1236.516580
55.94478431805407 -3.1862085062919188 ENE 55.94489912308378 -3.1859313424321654 1383.495787 1235.266580
55.94489912308378 -3.1859313424321654 E 55.94489912308378 -3.185631342432165 1383.495787 1234.016580
55.94489912308378 -3.185631342432165 ENE 55.94501392811349 -3.1853541785724118 1383.495787 1232.766580
55.94501392811349 -3.1853541785724118 E 55.94501392811349 -3.1850541785724116 1383.495787 1231.516580
55.94501392811349 -3.1850541785724116 ENE 55.9451287331432 -3.184777014712658 1333.388186 1111.736927
55.9451287331432 -3.184777014712658 SSW 55.94485156928344 -3.1848918197423677 1366.181047 1197.596930
55.94485156928344 -3.1848918197423677 W 55.94485156928344 -3.185191819742368 1366.181047 1196.346930
55.94485156928344 -3.185191819742368 SW 55.94463943724909 -3.1854039517767236 1366.181047 1195.096930
55.94463943724909 -3.1854039517767236 SSE 55.94436227338933 -3.185289146747014 1366.181047 1193.846930
55.94436227338933 -3.185289146747014 NNE 55.94463943724909 -3.1851743417173046 1366.181047 1192.596930
55.94463943724909 -3.1851743417173046 NNE 55.944916601108844 -3.185059536687595 1366.181047 1191.346930
55.944916601108844 -3.185059536687595 NNW 55.9451937649686 -3.1851743417173046 1366.181047 1190.096930
55.9451937649686 -3.1851743417173046 E 55.9451937649686 -3.1848743417173044 1366.181047 1188.846930
55.9451937649686 -3.1848743417173044 SE 55.944981632934244 -3.1846622096829487 1366.181047 1187.596930
55.944981632934244 -3.1846622096829487 W 55.944981632934244 -3.184962209682949 1366.181047 1186.346930
55.944981632934244 -3.184962209682949 SW 55.94476950089989 -3.1851743417173046 1366.181047 1185.096930
55.94476950089989 -3.1851743417173046 WSW 55.94465469587018 -3.185451505577058 1366.181047 1183.846930
55.94465469587018 -3.185451505577058 SE 55.94444256383582 -3.1852393735427023 1366.181047 1182.596930
55.94444256383582 -3.1852393735427023 NW 55.94465469587018 -3.185451505577058 1366.181047 1181.346930
55.94465469587018 -3.185451505577058 WNW 55.94476950089989 -3.1857286694368114 1366.181047 1180.096930
55.94476950089989 -3.1857286694368114 WNW 55.9448843059296 -3.186005833296565 1366.181047 1178.846930
55.9448843059296 -3.186005833296565 WNW 55.94499911095931 -3.1862829971563182 1366.181047 1177.596930
55.94499911095931 -3.1862829971563182 WNW 55.94511391598902 -3.1865601610160716 1366.181047 1176.346930
