55.944425 -3.188396 ENE 55.94453980502971 -3.1881188361402466 0.000000 248.750000
55.94453980502971 -3.1881188361402466 ENE 55.94465461005942 -3.187841672280493 0.000000 247.500000
55.94465461005942 -3.187841672280493 ENE 55.944769415089134 -3.18756450842074 0.000000 246.250000
55.944769415089134 -3.18756450842074 ENE 55.944884220118844 -3.1872873445609864 0.000000 245.000000
55.944884220118844 -3.1872873445609864 ENE 55.944999025148554 -3.187010180701233 49.270928 256.824749
55.944999025148554 -3.187010180701233 ENE 55.945113830178265 -3.1867330168414796 0.000000 131.704170
55.945113830178265 -3.1867330168414796 ENE 55.945228635207975 -3.186455852981726 0.000000 130.454170
55.945228635207975 -3.186455852981726 ENE 55.945343440237686 -3.1861786891219728 0.000000 129.204170
55.945343440237686 -3.1861786891219728 ENE 55.945458245267396 -3.1859015252622194 0.000000 127.954170
55.945458245267396 -3.1859015252622194 S 55.94515824526739 -3.1859015252622194 113.887452 161.557950
55.94515824526739 -3.1859015252622194 S 55.94485824526739 -3.1859015252622194 220.206845 177.434411
55.94485824526739 -3.1859015252622194 S 55.94455824526739 -3.1859015252622194 235.925669 269.476424
55.94455824526739 -3.1859015252622194 SSE 55.94428108140763 -3.18578672023251 235.925669 268.226424
55.94428108140763 -3.18578672023251 S 55.94398108140763 -3.18578672023251 235.925669 266.976424
55.94398108140763 -3.18578672023251 SSE 55.94370391754787 -3.1856719152028004 235.925669 265.726424
55.94370391754787 -3.1856719152028004 S 55.94340391754787 -3.1856719152028004 313.140754 273.632146
55.94340391754787 -3.1856719152028004 SSE 55.94312675368811 -3.185557110173091 313.140754 272.382146
55.94312675368811 -3.185557110173091 WNW 55.94324155871782 -3.1858342740328442 348.280399 331.473396
55.94324155871782 -3.1858342740328442 WNW 55.94335636374753 -3.1861114378925977 348.280399 330.223396
55.94335636374753 -3.1861114378925977 WNW 55.94347116877724 -3.186388601752351 348.280399 328.973396
55.94347116877724 -3.186388601752351 WNW 55.943585973806954 -3.1866657656121045 348.280399 327.723396
55.943585973806954 -3.1866657656121045 WNW 55.943700778836664 -3.186942929471858 348.280399 326.473396
55.943700778836664 -3.186942929471858 WNW 55.943815583866375 -3.1872200933316113 343.453795 266.180123
55.943815583866375 -3.1872200933316113 WNW 55.943930388896085 -3.1874972571913647 343.453795 264.930123
55.943930388896085 -3.1874972571913647 WNW 55.944045193925795 -3.187774421051118 343.453795 263.680123
55.944045193925795 -3.187774421051118 WNW 55.944159998955506 -3.1880515849108715 343.453795 262.430123
55.944159998955506 -3.1880515849108715 WNW 55.944274803985216 -3.188328748770625 317.511386 251.011641
55.944274803985216 -3.188328748770625 WNW 55.94438960901493 -3.1886059126303783 317.511386 249.761641
55.94438960901493 -3.1886059126303783 WNW 55.94450441404464 -3.1888830764901317 293.683664 224.615706
55.94450441404464 -3.1888830764901317 WNW 55.94461921907435 -3.189160240349885 293.683664 223.365706
55.94461921907435 -3.189160240349885 W 55.94461921907435 -3.1894602403498853 293.683664 222.115706
55.94461921907435 -3.1894602403498853 E 55.94461921907435 -3.189160240349885 389.765739 255.450792
55.94461921907435 -3.189160240349885 E 55.94461921907435 -3.188860240349885 389.765739 254.200792
55.94461921907435 -3.188860240349885 E 55.94461921907435 -3.1885602403498847 389.765739 252.950792
55.94461921907435 -3.1885602403498847 ESE 55.94450441404464 -3.1882830764901313 389.765739 251.700792
55.94450441404464 -3.1882830764901313 E 55.94450441404464 -3.187983076490131 389.765739 250.450792
55.94450441404464 -3.187983076490131 ESE 55.94438960901493 -3.1877059126303777 389.765739 249.200792
55.94438960901493 -3.1877059126303777 E 55.94438960901493 -3.1874059126303775 389.765739 247.950792
55.94438960901493 -3.1874059126303775 ESE 55.944274803985216 -3.187128748770624 389.765739 246.700792
55.944274803985216 -3.187128748770624 E 55.944274803985216 -3.186828748770624 389.765739 245.450792
55.944274803985216 -3.186828748770624 WNW 55.94438960901493 -3.1871059126303773 500.374708 315.612303
55.94438960901493 -3.1871059126303773 WNW 55.94450441404464 -3.1873830764901308 500.374708 314.362303
55.94450441404464 -3.1873830764901308 WNW 55.94461921907435 -3.187660240349884 500.374708 313.112303
55.94461921907435 -3.187660240349884 W 55.94461921907435 -3.1879602403498843 500.374708 311.862303
55.94461921907435 -3.1879602403498843 WNW 55.94473402410406 -3.1882374042096377 500.374708 310.612303
55.94473402410406 -3.1882374042096377 W 55.94473402410406 -3.188537404209638 500.374708 309.362303
55.94473402410406 -3.188537404209638 WNW 55.94484882913377 -3.1888145680693913 467.239559 233.662885
55.94484882913377 -3.1888145680693913 W 55.94484882913377 -3.1891145680693915 467.239559 232.412885
55.94484882913377 -3.1891145680693915 WNW 55.94496363416348 -3.189391731929145 467.239559 231.162885
55.94496363416348 -3.189391731929145 W 55.94496363416348 -3.189691731929145 467.239559 229.912885
55.94496363416348 -3.189691731929145 WNW 55.94507843919319 -3.1899688957888985 467.239559 228.662885
55.94507843919319 -3.1899688957888985 W 55.94507843919319 -3.1902688957888987 467.239559 227.412885
55.94507843919319 -3.1902688957888987 WNW 55.9451932442229 -3.190546059648652 583.011940 312.220080
55.9451932442229 -3.190546059648652 W 55.9451932442229 -3.1908460596486523 583.011940 310.970080
55.9451932442229 -3.1908460596486523 WNW 55.94530804925261 -3.1911232235084057 583.011940 309.720080
55.94530804925261 -3.1911232235084057 W 55.94530804925261 -3.191423223508406 646.941867 426.349690
55.94530804925261 -3.191423223508406 W 55.94530804925261 -3.191723223508406 646.941867 425.099690
55.94530804925261 -3.191723223508406 W 55.94530804925261 -3.1920232235084063 646.941867 423.849690
55.94530804925261 -3.1920232235084063 W 55.94530804925261 -3.1923232235084065 646.941867 422.599690
55.94530804925261 -3.1923232235084065 E 55.94530804925261 -3.1920232235084063 732.368043 459.363487
55.94530804925261 -3.1920232235084063 E 55.94530804925261 -3.191723223508406 732.368043 458.113487
55.94530804925261 -3.191723223508406 E 55.94530804925261 -3.191423223508406 732.368043 456.863487
55.94530804925261 -3.191423223508406 E 55.94530804925261 -3.1911232235084057 732.368043 455.613487
55.94530804925261 -3.1911232235084057 E 55.94530804925261 -3.1908232235084055 732.368043 454.363487
55.94530804925261 -3.1908232235084055 ENE 55.94542285428232 -3.190546059648652 732.368043 453.113487
55.94542285428232 -3.190546059648652 E 55.94542285428232 -3.190246059648652 732.368043 451.863487
55.94542285428232 -3.190246059648652 ENE 55.94553765931203 -3.1899688957888985 732.368043 450.613487
55.94553765931203 -3.1899688957888985 E 55.94553765931203 -3.1896688957888983 732.368043 449.363487
55.94553765931203 -3.1896688957888983 ENE 55.94565246434174 -3.189391731929145 732.368043 448.113487
55.94565246434174 -3.189391731929145 E 55.94565246434174 -3.1890917319291447 732.368043 446.863487
55.94565246434174 -3.1890917319291447 SW 55.945440332307385 -3.1893038639635005 812.998531 561.459965
55.945440332307385 -3.1893038639635005 SW 55.94522820027303 -3.1895159959978563 812.998531 560.209965
55.94522820027303 -3.1895159959978563 SW 55.94501606823867 -3.189728128032212 812.998531 558.959965
55.94501606823867 -3.189728128032212 WSW 55.94490126320896 -3.1900052918919655 812.998531 557.709965
55.94490126320896 -3.1900052918919655 SW 55.944689131174606 -3.1902174239263212 812.998531 556.459965
55.944689131174606 -3.1902174239263212 SE 55.94447699914025 -3.1900052918919655 873.796257 591.728073
55.94447699914025 -3.1900052918919655 ENE 55.94459180416996 -3.189728128032212 884.573758 652.220295
55.94459180416996 -3.189728128032212 ENE 55.94470660919967 -3.1894509641724587 884.573758 650.970295
55.94470660919967 -3.1894509641724587 ENE 55.94482141422938 -3.1891738003127053 884.573758 649.720295
55.94482141422938 -3.1891738003127053 ENE 55.94493621925909 -3.188896636452952 884.573758 648.470295
55.94493621925909 -3.188896636452952 E 55.94493621925909 -3.1885966364529517 884.573758 647.220295
55.94493621925909 -3.1885966364529517 ENE 55.9450510242888 -3.1883194725931983 884.573758 645.970295
55.9450510242888 -3.1883194725931983 E 55.9450510242888 -3.188019472593198 884.573758 644.720295
55.9450510242888 -3.188019472593198 ENE 55.94516582931851 -3.1877423087334447 884.573758 643.470295
55.94516582931851 -3.1877423087334447 E 55.94516582931851 -3.1874423087334445 884.573758 642.220295
55.94516582931851 -3.1874423087334445 ENE 55.94528063434822 -3.187165144873691 884.573758 640.970295
55.94528063434822 -3.187165144873691 E 55.94528063434822 -3.186865144873691 884.573758 639.720295
55.94528063434822 -3.186865144873691 ENE 55.94539543937793 -3.1865879810139375 884.573758 638.470295
55.94539543937793 -3.1865879810139375 E 55.94539543937793 -3.1862879810139373 793.915998 615.184596
55.94539543937793 -3.1862879810139373 ENE 55.94551024440764 -3.186010817154184 793.915998 613.934596
55.94551024440764 -3.186010817154184 E 55.94551024440764 -3.1857108171541837 793.915998 612.684596
55.94551024440764 -3.1857108171541837 ENE 55.94562504943735 -3.1854336532944303 793.915998 611.434596
55.94562504943735 -3.1854336532944303 E 55.94562504943735 -3.18513365329443 793.915998 610.184596
55.94562504943735 -3.18513365329443 ENE 55.945739854467064 -3.1848564894346767 793.915998 608.934596
55.945739854467064 -3.1848564894346767 E 55.945739854467064 -3.1845564894346765 793.915998 607.684596
55.945739854467064 -3.1845564894346765 W 55.945739854467064 -3.1848564894346767 863.374512 722.518993
55.945739854467064 -3.1848564894346767 W 55.945739854467064 -3.185156489434677 863.374512 721.268993
55.945739854467064 -3.185156489434677 W 55.945739854467064 -3.185456489434677 863.374512 720.018993
55.945739854467064 -3.185456489434677 W 55.945739854467064 -3.1857564894346773 863.374512 718.768993
55.945739854467064 -3.1857564894346773 W 55.945739854467064 -3.1860564894346775 863.374512 717.518993
55.945739854467064 -3.1860564894346775 W 55.945739854467064 -3.1863564894346776 783.067314 630.538395
55.945739854467064 -3.1863564894346776 W 55.945739854467064 -3.186656489434678 782.831586 527.462862
55.945739854467064 -3.186656489434678 W 55.945739854467064 -3.186956489434678 782.831586 526.212862
55.945739854467064 -3.186956489434678 W 55.945739854467064 -3.187256489434678 782.831586 524.962862
55.945739854467064 -3.187256489434678 W 55.945739854467064 -3.1875564894346784 782.831586 523.712862
55.945739854467064 -3.1875564894346784 W 55.945739854467064 -3.1878564894346786 793.665569 605.031952
55.945739854467064 -3.1878564894346786 W 55.945739854467064 -3.1881564894346788 793.665569 603.781952
55.945739854467064 -3.1881564894346788 W 55.945739854467064 -3.188456489434679 793.665569 602.531952
55.945739854467064 -3.188456489434679 WSW 55.94562504943735 -3.1887336532944324 793.665569 601.281952
55.94562504943735 -3.1887336532944324 SSE 55.9453478855776 -3.188618848264723 815.558765 701.020867
55.9453478855776 -3.188618848264723 SSE 55.94507072171784 -3.1885040432350134 815.558765 699.770867
55.94507072171784 -3.1885040432350134 SSE 55.944793557858084 -3.188389238205304 815.558765 698.520867
55.944793557858084 -3.188389238205304 SSE 55.94451639399833 -3.1882744331755943 815.558765 697.270867
55.94451639399833 -3.1882744331755943 SE 55.94430426196397 -3.1880623011412386 815.558765 696.020867
55.94430426196397 -3.1880623011412386 SSE 55.944027098104215 -3.187947496111529 815.558765 694.770867
55.944027098104215 -3.187947496111529 SE 55.94381496606986 -3.1877353640771733 815.558765 693.520867
55.94381496606986 -3.1877353640771733 SSE 55.9435378022101 -3.1876205590474638 815.558765 692.270867
55.9435378022101 -3.1876205590474638 SE 55.943325670175746 -3.187408427013108 815.558765 691.020867
55.943325670175746 -3.187408427013108 SSE 55.94304850631599 -3.1872936219833985 815.558765 689.770867
55.94304850631599 -3.1872936219833985 SE 55.94283637428163 -3.1870814899490427 815.558765 688.520867
55.94283637428163 -3.1870814899490427 W 55.94283637428163 -3.187381489949043 839.585420 804.367593
55.94283637428163 -3.187381489949043 W 55.94283637428163 -3.187681489949043 839.585420 803.117593
55.94283637428163 -3.187681489949043 W 55.94283637428163 -3.1879814899490433 839.585420 801.867593
55.94283637428163 -3.1879814899490433 W 55.94283637428163 -3.1882814899490435 839.585420 800.617593
55.94283637428163 -3.1882814899490435 W 55.94283637428163 -3.1885814899490437 839.585420 799.367593
55.94283637428163 -3.1885814899490437 W 55.94283637428163 -3.188881489949044 839.585420 798.117593
55.94283637428163 -3.188881489949044 W 55.94283637428163 -3.189181489949044 839.585420 796.867593
55.94283637428163 -3.189181489949044 WSW 55.94272156925192 -3.1894586538087975 839.585420 795.617593
55.94272156925192 -3.1894586538087975 W 55.94272156925192 -3.1897586538087976 839.585420 794.367593
55.94272156925192 -3.1897586538087976 NW 55.94293370128628 -3.1899707858431534 889.023853 862.950316
55.94293370128628 -3.1899707858431534 WNW 55.94304850631599 -3.190247949702907 843.628392 847.003695
55.94304850631599 -3.190247949702907 NW 55.943260638350345 -3.1904600817372626 843.628392 845.753695
55.943260638350345 -3.1904600817372626 WNW 55.943375443380056 -3.190737245597016 843.628392 844.503695
55.943375443380056 -3.190737245597016 NW 55.94358757541441 -3.1909493776313718 843.628392 843.253695
55.94358757541441 -3.1909493776313718 WNW 55.94370238044412 -3.191226541491125 843.628392 842.003695
55.94370238044412 -3.191226541491125 NNW 55.94397954430388 -3.1913413465208347 905.325904 862.118239
55.94397954430388 -3.1913413465208347 E 55.94397954430388 -3.1910413465208345 949.639944 866.481873
55.94397954430388 -3.1910413465208345 E 55.94397954430388 -3.1907413465208343 949.639944 865.231873
55.94397954430388 -3.1907413465208343 E 55.94397954430388 -3.190441346520834 949.639944 863.981873
55.94397954430388 -3.190441346520834 E 55.94397954430388 -3.190141346520834 971.934058 873.790436
55.94397954430388 -3.190141346520834 ENE 55.94409434933359 -3.1898641826610805 971.934058 872.540436
55.94409434933359 -3.1898641826610805 E 55.94409434933359 -3.1895641826610803 971.934058 871.290436
55.94409434933359 -3.1895641826610803 ENE 55.9442091543633 -3.189287018801327 971.934058 870.040436
55.9442091543633 -3.189287018801327 E 55.9442091543633 -3.1889870188013267 971.934058 868.790436
55.9442091543633 -3.1889870188013267 ENE 55.94432395939301 -3.1887098549415733 971.934058 867.540436
55.94432395939301 -3.1887098549415733 E 55.94432395939301 -3.188409854941573 971.934058 866.290436
55.94432395939301 -3.188409854941573 ENE 55.94443876442272 -3.1881326910818197 971.934058 865.040436
55.94443876442272 -3.1881326910818197 E 55.94443876442272 -3.1878326910818195 971.934058 863.790436
55.94443876442272 -3.1878326910818195 ENE 55.94455356945243 -3.187555527222066 971.934058 862.540436
55.94455356945243 -3.187555527222066 E 55.94455356945243 -3.187255527222066 971.934058 861.290436
55.94455356945243 -3.187255527222066 ENE 55.94466837448214 -3.1869783633623125 971.934058 860.040436
55.94466837448214 -3.1869783633623125 E 55.94466837448214 -3.1866783633623124 971.934058 858.790436
55.94466837448214 -3.1866783633623124 ENE 55.94478317951185 -3.186401199502559 971.934058 857.540436
55.94478317951185 -3.186401199502559 E 55.94478317951185 -3.1861011995025588 971.934058 856.290436
55.94478317951185 -3.1861011995025588 ENE 55.94489798454156 -3.1858240356428054 971.934058 855.040436
55.94489798454156 -3.1858240356428054 E 55.94489798454156 -3.185524035642805 971.934058 853.790436
55.94489798454156 -3.185524035642805 ENE 55.94501278957127 -3.1852468717830518 971.934058 852.540436
55.94501278957127 -3.1852468717830518 E 55.94501278957127 -3.1849468717830516 971.934058 851.290436
55.94501278957127 -3.1849468717830516 WSW 55.94489798454156 -3.185224035642805 1004.726919 937.150440
55.94489798454156 -3.185224035642805 WSW 55.94478317951185 -3.1855011995025584 1004.726919 935.900440
55.94478317951185 -3.1855011995025584 WSW 55.94466837448214 -3.185778363362312 1004.726919 934.650440
55.94466837448214 -3.185778363362312 WSW 55.94455356945243 -3.186055527222065 1004.726919 933.400440
55.94455356945243 -3.186055527222065 WSW 55.94443876442272 -3.1863326910818186 1004.726919 932.150440
55.94443876442272 -3.1863326910818186 WSW 55.94432395939301 -3.186609854941572 1004.726919 930.900440
55.94432395939301 -3.186609854941572 WSW 55.9442091543633 -3.1868870188013254 1000.280070 825.401507
55.9442091543633 -3.1868870188013254 W 55.9442091543633 -3.1871870188013256 1000.280070 824.151507
55.9442091543633 -3.1871870188013256 WSW 55.94409434933359 -3.187464182661079 1000.280070 822.901507
55.94409434933359 -3.187464182661079 W 55.94409434933359 -3.187764182661079 1000.280070 821.651507
55.94409434933359 -3.187764182661079 WSW 55.94397954430388 -3.1880413465208326 1000.280070 820.401507
55.94397954430388 -3.1880413465208326 WSW 55.94386473927417 -3.188318510380586 1073.649457 896.480344
55.94386473927417 -3.188318510380586 WSW 55.94374993424446 -3.1885956742403394 1073.649457 895.230344
55.94374993424446 -3.1885956742403394 SW 55.9435378022101 -3.188807806274695 1073.649457 893.980344
55.9435378022101 -3.188807806274695 WSW 55.94342299718039 -3.1890849701344486 1073.649457 892.730344
55.94342299718039 -3.1890849701344486 WNW 55.9435378022101 -3.189362133994202 1130.288017 975.142385
55.9435378022101 -3.189362133994202 WNW 55.94365260723981 -3.1896392978539554 1130.288017 973.892385
55.94365260723981 -3.1896392978539554 W 55.94365260723981 -3.1899392978539556 1130.288017 972.642385
55.94365260723981 -3.1899392978539556 WNW 55.94376741226952 -3.190216461713709 1130.288017 971.392385
55.94376741226952 -3.190216461713709 W 55.94376741226952 -3.190516461713709 1130.288017 970.142385
55.94376741226952 -3.190516461713709 WNW 55.94388221729923 -3.1907936255734626 1130.288017 968.892385
55.94388221729923 -3.1907936255734626 W 55.94388221729923 -3.1910936255734628 1130.288017 967.642385
55.94388221729923 -3.1910936255734628 WNW 55.943997022328944 -3.191370789433216 1130.288017 966.392385
55.943997022328944 -3.191370789433216 W 55.943997022328944 -3.1916707894332164 1130.288017 965.142385
55.943997022328944 -3.1916707894332164 SSE 55.94371985846919 -3.191555984403507 1145.943224 1004.655813
55.94371985846919 -3.191555984403507 SSE 55.94344269460943 -3.1914411793737973 1145.943224 1003.405813
55.94344269460943 -3.1914411793737973 SSE 55.943165530749674 -3.191326374344088 1145.943224 1002.155813
55.943165530749674 -3.191326374344088 SSE 55.94288836688992 -3.1912115693143783 1077.490248 996.956157
55.94288836688992 -3.1912115693143783 E 55.94288836688992 -3.190911569314378 1155.145666 1079.198036
55.94288836688992 -3.190911569314378 E 55.94288836688992 -3.190611569314378 1155.145666 1077.948036
55.94288836688992 -3.190611569314378 E 55.94288836688992 -3.1903115693143778 1155.145666 1076.698036
55.94288836688992 -3.1903115693143778 E 55.94288836688992 -3.1900115693143776 1155.145666 1075.448036
55.94288836688992 -3.1900115693143776 E 55.94288836688992 -3.1897115693143774 1155.145666 1074.198036
55.94288836688992 -3.1897115693143774 ENE 55.94300317191963 -3.189434405454624 1155.145666 1072.948036
55.94300317191963 -3.189434405454624 E 55.94300317191963 -3.189134405454624 1155.145666 1071.698036
55.94300317191963 -3.189134405454624 ENE 55.94311797694934 -3.1888572415948704 1155.145666 1070.448036
55.94311797694934 -3.1888572415948704 E 55.94311797694934 -3.18855724159487 1155.145666 1069.198036
55.94311797694934 -3.18855724159487 ENE 55.94323278197905 -3.188280077735117 1155.145666 1067.948036
55.94323278197905 -3.188280077735117 E 55.94323278197905 -3.1879800777351166 1155.145666 1066.698036
55.94323278197905 -3.1879800777351166 ENE 55.94334758700876 -3.187702913875363 1155.145666 1065.448036
55.94334758700876 -3.187702913875363 E 55.94334758700876 -3.187402913875363 1155.145666 1064.198036
55.94334758700876 -3.187402913875363 ENE 55.94346239203847 -3.1871257500156096 1155.145666 1062.948036
55.94346239203847 -3.1871257500156096 E 55.94346239203847 -3.1868257500156094 1155.145666 1061.698036
55.94346239203847 -3.1868257500156094 ENE 55.94357719706818 -3.186548586155856 1155.145666 1060.448036
55.94357719706818 -3.186548586155856 E 55.94357719706818 -3.186248586155856 1155.145666 1059.198036
55.94357719706818 -3.186248586155856 ENE 55.94369200209789 -3.1859714222961024 1155.145666 1057.948036
55.94369200209789 -3.1859714222961024 E 55.94369200209789 -3.1856714222961022 1155.145666 1056.698036
55.94369200209789 -3.1856714222961022 ENE 55.9438068071276 -3.185394258436349 1155.145666 1055.448036
55.9438068071276 -3.185394258436349 E 55.9438068071276 -3.1850942584363486 1155.145666 1054.198036
55.9438068071276 -3.1850942584363486 ENE 55.94392161215731 -3.1848170945765952 1155.145666 1052.948036
55.94392161215731 -3.1848170945765952 W 55.94392161215731 -3.1851170945765954 1241.021463 1127.712752
55.94392161215731 -3.1851170945765954 W 55.94392161215731 -3.1854170945765956 1241.021463 1126.462752
55.94392161215731 -3.1854170945765956 W 55.94392161215731 -3.185717094576596 1241.021463 1125.212752
55.94392161215731 -3.185717094576596 W 55.94392161215731 -3.186017094576596 1241.021463 1123.962752
55.94392161215731 -3.186017094576596 W 55.94392161215731 -3.186317094576596 1241.021463 1122.712752
55.94392161215731 -3.186317094576596 W 55.94392161215731 -3.1866170945765964 1272.683166 1201.034118
55.94392161215731 -3.1866170945765964 W 55.94392161215731 -3.1869170945765966 1272.683166 1199.784118
55.94392161215731 -3.1869170945765966 W 55.94392161215731 -3.1872170945765967 1272.683166 1198.534118
55.94392161215731 -3.1872170945765967 W 55.94392161215731 -3.187517094576597 1272.683166 1197.284118
55.94392161215731 -3.187517094576597 W 55.94392161215731 -3.187817094576597 1272.683166 1196.034118
55.94392161215731 -3.187817094576597 W 55.94392161215731 -3.1881170945765973 1272.683166 1194.784118
55.94392161215731 -3.1881170945765973 W 55.94392161215731 -3.1884170945765975 1272.683166 1193.534118
55.94392161215731 -3.1884170945765975 W 55.94392161215731 -3.1887170945765977 1272.683166 1192.284118
55.94392161215731 -3.1887170945765977 WNW 55.94403641718702 -3.188994258436351 1272.683166 1191.034118
55.94403641718702 -3.188994258436351 W 55.94403641718702 -3.1892942584363513 1272.683166 1189.784118
55.94403641718702 -3.1892942584363513 WNW 55.94415122221673 -3.1895714222961047 1272.683166 1188.534118
55.94415122221673 -3.1895714222961047 W 55.94415122221673 -3.189871422296105 1272.683166 1187.284118
55.94415122221673 -3.189871422296105 WNW 55.94426602724644 -3.1901485861558583 1272.683166 1186.034118
55.94426602724644 -3.1901485861558583 W 55.94426602724644 -3.1904485861558585 1272.683166 1184.784118
55.94426602724644 -3.1904485861558585 WNW 55.94438083227615 -3.190725750015612 1272.683166 1183.534118
55.94438083227615 -3.190725750015612 W 55.94438083227615 -3.191025750015612 1272.683166 1182.284118
55.94438083227615 -3.191025750015612 WNW 55.94449563730586 -3.1913029138753655 1272.683166 1181.034118
55.94449563730586 -3.1913029138753655 W 55.94449563730586 -3.1916029138753657 1364.778020 1184.879282
55.94449563730586 -3.1916029138753657 NW 55.94470776934022 -3.1918150459097214 1453.936766 1286.420086
55.94470776934022 -3.1918150459097214 SE 55.94449563730586 -3.1916029138753657 1453.936766 1285.170086
55.94449563730586 -3.1916029138753657 NNW 55.94477280116562 -3.191717718905075 1453.936766 1283.920086
55.94477280116562 -3.191717718905075 ENE 55.94488760619533 -3.1914405550453218 1453.936766 1282.670086
55.94488760619533 -3.1914405550453218 WSW 55.94477280116562 -3.191717718905075 1453.936766 1281.420086
55.94477280116562 -3.191717718905075 NE 55.944984933199976 -3.1915055868707194 1453.936766 1280.170086
55.944984933199976 -3.1915055868707194 NNE 55.94526209705973 -3.19139078184101 1453.936766 1278.920086
55.94526209705973 -3.19139078184101 NE 55.94547422909409 -3.191178649806654 1453.936766 1277.670086
55.94547422909409 -3.191178649806654 NE 55.945686361128445 -3.1909665177722983 1453.936766 1276.420086
55.945686361128445 -3.1909665177722983 SSE 55.94540919726869 -3.190851712742589 1453.936766 1275.170086
55.94540919726869 -3.190851712742589 N 55.94570919726869 -3.190851712742589 1453.936766 1273.920086
55.94570919726869 -3.190851712742589 NE 55.94592132930305 -3.190639580708233 1453.936766 1272.670086
55.94592132930305 -3.190639580708233 NE 55.9461334613374 -3.1904274486738773 1453.936766 1271.420086
55.9461334613374 -3.1904274486738773 ENE 55.946248266367114 -3.190150284814124 1453.936766 1270.170086
55.946248266367114 -3.190150284814124 W 55.946248266367114 -3.190450284814124 1453.936766 1268.920086
55.946248266367114 -3.190450284814124 WNW 55.946363071396824 -3.1907274486738775 1453.936766 1267.670086
55.946363071396824 -3.1907274486738775 NW 55.94657520343118 -3.1909395807082332 1453.936766 1266.420086
55.94657520343118 -3.1909395807082332 SE 55.946363071396824 -3.1907274486738775 1453.936766 1265.170086
55.946363071396824 -3.1907274486738775 W 55.946363071396824 -3.1910274486738777 1453.936766 1263.920086
