55.944425 -3.188396 ENE 55.94453980502971 -3.1881188361402466 0.000000 248.750000
55.94453980502971 -3.1881188361402466 ENE 55.94465461005942 -3.187841672280493 0.000000 247.500000
55.94465461005942 -3.187841672280493 ENE 55.944769415089134 -3.18756450842074 0.000000 246.250000
55.944769415089134 -3.18756450842074 ENE 55.944884220118844 -3.1872873445609864 0.000000 245.000000
55.944884220118844 -3.1872873445609864 ENE 55.944999025148554 -3.187010180701233 49.270928 256.824749
55.944999025148554 -3.187010180701233 ENE 55.945113830178265 -3.1867330168414796 0.000000 131.704170
55.945113830178265 -3.1867330168414796 ENE 55.945228635207975 -3.186455852981726 0.000000 130.454170
55.945228635207975 -3.186455852981726 ENE 55.945343440237686 -3.1861786891219728 0.000000 129.204170
55.945343440237686 -3.1861786891219728 ENE 55.945458245267396 -3.1859015252622194 0.000000 127.954170
55.945458245267396 -3.1859015252622194 S 55.94515824526739 -3.1859015252622194 113.887452 161.557950
55.94515824526739 -3.1859015252622194 S 55.94485824526739 -3.1859015252622194 220.206845 177.434411
55.94485824526739 -3.1859015252622194 S 55.94455824526739 -3.1859015252622194 235.925669 269.476424
55.94455824526739 -3.1859015252622194 SSE 55.94428108140763 -3.18578672023251 235.925669 268.226424
55.94428108140763 -3.18578672023251 S 55.94398108140763 -3.18578672023251 235.925669 266.976424
55.94398108140763 -3.18578672023251 SSE 55.94370391754787 -3.1856719152028004 235.925669 265.726424
55.94370391754787 -3.1856719152028004 S 55.94340391754787 -3.1856719152028004 313.140754 273.632146
55.94340391754787 -3.1856719152028004 SSE 55.94312675368811 -3.185557110173091 313.140754 272.382146
55.94312675368811 -3.185557110173091 NNE 55.94340391754787 -3.1854423051433813 348.280399 331.473396
55.94340391754787 -3.1854423051433813 NNE 55.943681081407625 -3.185327500113672 348.280399 330.223396
55.943681081407625 -3.185327500113672 NNE 55.94395824526738 -3.1852126950839623 348.280399 328.973396
55.94395824526738 -3.1852126950839623 NNE 55.94423540912714 -3.185097890054253 348.280399 327.723396
55.94423540912714 -3.185097890054253 NNE 55.944512572986895 -3.1849830850245433 348.280399 326.473396
55.944512572986895 -3.1849830850245433 NNE 55.94478973684665 -3.184868279994834 348.280399 325.223396
55.94478973684665 -3.184868279994834 NNE 55.94506690070641 -3.1847534749651243 348.280399 323.973396
55.94506690070641 -3.1847534749651243 NNE 55.945344064566164 -3.184638669935415 381.073260 409.833400
55.945344064566164 -3.184638669935415 NNE 55.94562122842592 -3.1845238649057053 381.073260 408.583400
55.94562122842592 -3.1845238649057053 W 55.94562122842592 -3.1848238649057055 450.531774 523.417796
55.94562122842592 -3.1848238649057055 WSW 55.94550642339621 -3.185101028765459 450.531774 522.167796
55.94550642339621 -3.185101028765459 W 55.94550642339621 -3.185401028765459 450.531774 520.917796
55.94550642339621 -3.185401028765459 WSW 55.9453916183665 -3.1856781926252125 450.531774 519.667796
55.9453916183665 -3.1856781926252125 W 55.9453916183665 -3.1859781926252126 450.531774 518.417796
55.9453916183665 -3.1859781926252126 WSW 55.94527681333679 -3.186255356484966 450.531774 517.167796
55.94527681333679 -3.186255356484966 W 55.94527681333679 -3.1865553564849662 450.531774 515.917796
55.94527681333679 -3.1865553564849662 WSW 55.94516200830708 -3.1868325203447196 450.531774 514.667796
55.94516200830708 -3.1868325203447196 W 55.94516200830708 -3.18713252034472 395.789416 513.417796
55.94516200830708 -3.18713252034472 WSW 55.94504720327737 -3.1874096842044732 395.789416 512.167796
55.94504720327737 -3.1874096842044732 W 55.94504720327737 -3.1877096842044734 395.789416 510.917796
55.94504720327737 -3.1877096842044734 WSW 55.94493239824766 -3.187986848064227 395.789416 509.667796
55.94493239824766 -3.187986848064227 W 55.94493239824766 -3.188286848064227 395.789416 508.417796
55.94493239824766 -3.188286848064227 WSW 55.94481759321795 -3.1885640119239804 395.789416 507.167796
55.94481759321795 -3.1885640119239804 W 55.94481759321795 -3.1888640119239806 362.654267 431.468378
55.94481759321795 -3.1888640119239806 WSW 55.94470278818824 -3.189141175783734 362.654267 430.218378
55.94470278818824 -3.189141175783734 W 55.94470278818824 -3.189441175783734 362.654267 428.968378
55.94470278818824 -3.189441175783734 WSW 55.94458798315853 -3.1897183396434876 458.736342 462.303463
55.94458798315853 -3.1897183396434876 W 55.94458798315853 -3.190018339643488 458.736342 461.053463
55.94458798315853 -3.190018339643488 E 55.94458798315853 -3.1897183396434876 469.513843 521.545685
55.94458798315853 -3.1897183396434876 E 55.94458798315853 -3.1894183396434874 469.513843 520.295685
55.94458798315853 -3.1894183396434874 E 55.94458798315853 -3.1891183396434872 469.513843 519.045685
55.94458798315853 -3.1891183396434872 E 55.94458798315853 -3.188818339643487 469.513843 517.795685
55.94458798315853 -3.188818339643487 E 55.94458798315853 -3.188518339643487 469.513843 516.545685
55.94458798315853 -3.188518339643487 ESE 55.94447317812882 -3.1882411757837334 469.513843 515.295685
55.94447317812882 -3.1882411757837334 E 55.94447317812882 -3.1879411757837333 469.513843 514.045685
55.94447317812882 -3.1879411757837333 ESE 55.94435837309911 -3.18766401192398 469.513843 512.795685
55.94435837309911 -3.18766401192398 E 55.94435837309911 -3.1873640119239797 469.513843 511.545685
55.94435837309911 -3.1873640119239797 ESE 55.944243568069396 -3.1870868480642263 469.513843 510.295685
55.944243568069396 -3.1870868480642263 E 55.944243568069396 -3.186786848064226 469.513843 509.045685
55.944243568069396 -3.186786848064226 S 55.94394356806939 -3.186786848064226 580.122813 579.207197
55.94394356806939 -3.186786848064226 S 55.94364356806939 -3.186786848064226 580.122813 577.957197
55.94364356806939 -3.186786848064226 SSW 55.943366404209634 -3.1869016530939356 580.122813 576.707197
55.943366404209634 -3.1869016530939356 S 55.94306640420963 -3.1869016530939356 580.122813 575.457197
55.94306640420963 -3.1869016530939356 SSW 55.942789240349875 -3.187016458123645 580.122813 574.207197
55.942789240349875 -3.187016458123645 WNW 55.942904045379585 -3.1872936219833985 604.149468 690.053922
55.942904045379585 -3.1872936219833985 WNW 55.943018850409295 -3.187570785843152 604.149468 688.803922
55.943018850409295 -3.187570785843152 WNW 55.943133655439006 -3.1878479497029053 604.149468 687.553922
55.943133655439006 -3.1878479497029053 WNW 55.943248460468716 -3.1881251135626587 604.149468 686.303922
55.943248460468716 -3.1881251135626587 WNW 55.94336326549843 -3.188402277422412 604.149468 685.053922
55.94336326549843 -3.188402277422412 NW 55.94357539753278 -3.188614409456768 604.149468 683.803922
55.94357539753278 -3.188614409456768 WNW 55.94369020256249 -3.1888915733165213 604.149468 682.553922
55.94369020256249 -3.1888915733165213 NW 55.94390233459685 -3.189103705350877 604.149468 681.303922
55.94390233459685 -3.189103705350877 WNW 55.94401713962656 -3.1893808692106305 604.149468 680.053922
55.94401713962656 -3.1893808692106305 NW 55.944229271660916 -3.1895930012449862 604.149468 678.803922
55.944229271660916 -3.1895930012449862 WNW 55.944344076690626 -3.1898701651047396 604.149468 677.553922
55.944344076690626 -3.1898701651047396 NW 55.94455620872498 -3.1900822971390954 604.149468 676.303922
55.94455620872498 -3.1900822971390954 E 55.94455620872498 -3.1897822971390952 604.149468 675.053922
55.94455620872498 -3.1897822971390952 E 55.94455620872498 -3.189482297139095 604.149468 673.803922
55.94455620872498 -3.189482297139095 E 55.94455620872498 -3.189182297139095 604.149468 672.553922
55.94455620872498 -3.189182297139095 E 55.94455620872498 -3.1888822971390947 604.149468 671.303922
55.94455620872498 -3.1888822971390947 E 55.94455620872498 -3.1885822971390945 604.149468 670.053922
55.94455620872498 -3.1885822971390945 E 55.94455620872498 -3.1882822971390943 604.149468 668.803922
55.94455620872498 -3.1882822971390943 E 55.94455620872498 -3.187982297139094 604.149468 667.553922
55.94455620872498 -3.187982297139094 E 55.94455620872498 -3.187682297139094 604.149468 666.303922
55.94455620872498 -3.187682297139094 ESE 55.94444140369527 -3.1874051332793405 604.149468 665.053922
55.94444140369527 -3.1874051332793405 E 55.94444140369527 -3.1871051332793403 604.149468 663.803922
55.94444140369527 -3.1871051332793403 ESE 55.94432659866556 -3.186827969419587 604.149468 662.553922
55.94432659866556 -3.186827969419587 E 55.94432659866556 -3.1865279694195867 604.149468 661.303922
55.94432659866556 -3.1865279694195867 ESE 55.94421179363585 -3.1862508055598333 599.702618 555.804990
55.94421179363585 -3.1862508055598333 E 55.94421179363585 -3.185950805559833 599.702618 554.554990
55.94421179363585 -3.185950805559833 ESE 55.94409698860614 -3.1856736417000797 599.702618 553.304990
55.94409698860614 -3.1856736417000797 E 55.94409698860614 -3.1853736417000795 599.702618 552.054990
55.94409698860614 -3.1853736417000795 ESE 55.94398218357643 -3.185096477840326 599.702618 550.804990
55.94398218357643 -3.185096477840326 E 55.94398218357643 -3.184796477840326 599.702618 549.554990
55.94398218357643 -3.184796477840326 WNW 55.94409698860614 -3.1850736417000793 685.578416 624.319706
55.94409698860614 -3.1850736417000793 WNW 55.94421179363585 -3.1853508055598327 685.578416 623.069706
55.94421179363585 -3.1853508055598327 WNW 55.94432659866556 -3.185627969419586 685.578416 621.819706
55.94432659866556 -3.185627969419586 WNW 55.94444140369527 -3.1859051332793396 685.578416 620.569706
55.94444140369527 -3.1859051332793396 WNW 55.94455620872498 -3.186182297139093 685.578416 619.319706
55.94455620872498 -3.186182297139093 WNW 55.94467101375469 -3.1864594609988464 685.578416 618.069706
55.94467101375469 -3.1864594609988464 WNW 55.9447858187844 -3.1867366248585998 685.578416 616.819706
55.9447858187844 -3.1867366248585998 WNW 55.944900623814114 -3.187013788718353 685.578416 615.569706
55.944900623814114 -3.187013788718353 WNW 55.945015428843824 -3.1872909525781066 685.578416 614.319706
55.945015428843824 -3.1872909525781066 WNW 55.945130233873535 -3.18756811643786 685.578416 613.069706
55.945130233873535 -3.18756811643786 WNW 55.945245038903245 -3.1878452802976134 685.578416 611.819706
55.945245038903245 -3.1878452802976134 WNW 55.945359843932955 -3.188122444157367 685.578416 610.569706
55.945359843932955 -3.188122444157367 WNW 55.945474648962666 -3.18839960801712 685.578416 609.319706
55.945474648962666 -3.18839960801712 WNW 55.945589453992376 -3.1886767718768736 685.578416 608.069706
55.945589453992376 -3.1886767718768736 WNW 55.94570425902209 -3.188953935736627 707.471612 707.808621
55.94570425902209 -3.188953935736627 S 55.945404259022084 -3.188953935736627 788.102100 822.405098
55.945404259022084 -3.188953935736627 S 55.94510425902208 -3.188953935736627 788.102100 821.155098
55.94510425902208 -3.188953935736627 S 55.94480425902208 -3.188953935736627 788.102100 819.905098
55.94480425902208 -3.188953935736627 S 55.944504259022075 -3.188953935736627 788.102100 818.655098
55.944504259022075 -3.188953935736627 S 55.94420425902207 -3.188953935736627 764.274378 793.509164
55.94420425902207 -3.188953935736627 S 55.94390425902207 -3.188953935736627 764.274378 792.259164
55.94390425902207 -3.188953935736627 SSW 55.94362709516231 -3.1890687407663365 764.274378 791.009164
55.94362709516231 -3.1890687407663365 ENE 55.94374190019202 -3.188791576906583 820.912938 873.421205
55.94374190019202 -3.188791576906583 ENE 55.943856705221734 -3.1885144130468297 820.912938 872.171205
55.943856705221734 -3.1885144130468297 ENE 55.943971510251444 -3.1882372491870763 820.912938 870.921205
55.943971510251444 -3.1882372491870763 WNW 55.944086315281154 -3.1885144130468297 894.282325 947.000042
55.944086315281154 -3.1885144130468297 WNW 55.944201120310865 -3.188791576906583 894.282325 945.750042
55.944201120310865 -3.188791576906583 WNW 55.944315925340575 -3.1890687407663365 894.282325 944.500042
55.944315925340575 -3.1890687407663365 WNW 55.944430730370286 -3.18934590462609 894.282325 943.250042
55.944430730370286 -3.18934590462609 WNW 55.944545535399996 -3.1896230684858433 894.282325 942.000042
55.944545535399996 -3.1896230684858433 WNW 55.94466034042971 -3.1899002323455967 894.282325 940.750042
55.94466034042971 -3.1899002323455967 WNW 55.94477514545942 -3.19017739620535 894.282325 939.500042
55.94477514545942 -3.19017739620535 WNW 55.94488995048913 -3.1904545600651035 955.080050 974.768150
55.94488995048913 -3.1904545600651035 W 55.94488995048913 -3.1907545600651037 955.080050 973.518150
55.94488995048913 -3.1907545600651037 WNW 55.94500475551884 -3.191031723924857 955.080050 972.268150
55.94500475551884 -3.191031723924857 W 55.94500475551884 -3.1913317239248573 955.080050 971.018150
55.94500475551884 -3.1913317239248573 WNW 55.94511956054855 -3.1916088877846107 955.080050 969.768150
55.94511956054855 -3.1916088877846107 W 55.94511956054855 -3.191908887784611 955.080050 968.518150
55.94511956054855 -3.191908887784611 WNW 55.94523436557826 -3.1921860516443643 955.080050 967.268150
55.94523436557826 -3.1921860516443643 W 55.94523436557826 -3.1924860516443645 955.080050 966.018150
55.94523436557826 -3.1924860516443645 ESE 55.94511956054855 -3.192208887784611 1040.506227 1002.781948
55.94511956054855 -3.192208887784611 ESE 55.94500475551884 -3.1919317239248577 1040.506227 1001.531948
55.94500475551884 -3.1919317239248577 ESE 55.94488995048913 -3.1916545600651043 1040.506227 1000.281948
55.94488995048913 -3.1916545600651043 E 55.94488995048913 -3.191354560065104 1040.506227 999.031948
55.94488995048913 -3.191354560065104 ESE 55.94477514545942 -3.1910773962053507 1040.506227 997.781948
55.94477514545942 -3.1910773962053507 E 55.94477514545942 -3.1907773962053505 1040.506227 996.531948
55.94477514545942 -3.1907773962053505 ESE 55.94466034042971 -3.190500232345597 1040.506227 995.281948
55.94466034042971 -3.190500232345597 E 55.94466034042971 -3.190200232345597 1040.506227 994.031948
55.94466034042971 -3.190200232345597 ESE 55.944545535399996 -3.1899230684858435 1040.506227 992.781948
55.944545535399996 -3.1899230684858435 E 55.944545535399996 -3.1896230684858433 1040.506227 991.531948
55.944545535399996 -3.1896230684858433 ESE 55.944430730370286 -3.18934590462609 1040.506227 990.281948
55.944430730370286 -3.18934590462609 E 55.944430730370286 -3.1890459046260897 1040.506227 989.031948
55.944430730370286 -3.1890459046260897 ESE 55.944315925340575 -3.1887687407663363 1040.506227 987.781948
55.944315925340575 -3.1887687407663363 E 55.944315925340575 -3.188468740766336 1040.506227 986.531948
55.944315925340575 -3.188468740766336 ESE 55.944201120310865 -3.1881915769065827 1040.506227 985.281948
55.944201120310865 -3.1881915769065827 E 55.944201120310865 -3.1878915769065825 1014.563818 973.863466
55.944201120310865 -3.1878915769065825 ESE 55.944086315281154 -3.187614413046829 1014.563818 972.613466
55.944086315281154 -3.187614413046829 E 55.944086315281154 -3.187314413046829 1014.563818 971.363466
55.944086315281154 -3.187314413046829 ESE 55.943971510251444 -3.1870372491870755 1014.563818 970.113466
55.943971510251444 -3.1870372491870755 E 55.943971510251444 -3.1867372491870753 1014.563818 968.863466
55.943971510251444 -3.1867372491870753 ESE 55.943856705221734 -3.186460085327322 1014.563818 967.613466
55.943856705221734 -3.186460085327322 W 55.943856705221734 -3.186760085327322 1046.225522 1045.934831
55.943856705221734 -3.186760085327322 W 55.943856705221734 -3.1870600853273223 1046.225522 1044.684831
55.943856705221734 -3.1870600853273223 W 55.943856705221734 -3.1873600853273225 1046.225522 1043.434831
55.943856705221734 -3.1873600853273225 W 55.943856705221734 -3.1876600853273227 1046.225522 1042.184831
55.943856705221734 -3.1876600853273227 W 55.943856705221734 -3.187960085327323 1046.225522 1040.934831
55.943856705221734 -3.187960085327323 W 55.943856705221734 -3.188260085327323 1046.225522 1039.684831
55.943856705221734 -3.188260085327323 WNW 55.943971510251444 -3.1885372491870765 1046.225522 1038.434831
55.943971510251444 -3.1885372491870765 W 55.943971510251444 -3.1888372491870767 1046.225522 1037.184831
55.943971510251444 -3.1888372491870767 WNW 55.944086315281154 -3.18911441304683 1046.225522 1035.934831
55.944086315281154 -3.18911441304683 W 55.944086315281154 -3.1894144130468303 1046.225522 1034.684831
55.944086315281154 -3.1894144130468303 WNW 55.944201120310865 -3.1896915769065837 1046.225522 1033.434831
55.944201120310865 -3.1896915769065837 W 55.944201120310865 -3.189991576906584 1046.225522 1032.184831
55.944201120310865 -3.189991576906584 WNW 55.944315925340575 -3.1902687407663373 1046.225522 1030.934831
55.944315925340575 -3.1902687407663373 W 55.944315925340575 -3.1905687407663375 1046.225522 1029.684831
55.944315925340575 -3.1905687407663375 WNW 55.944430730370286 -3.190845904626091 1046.225522 1028.434831
55.944430730370286 -3.190845904626091 W 55.944430730370286 -3.191145904626091 1046.225522 1027.184831
55.944430730370286 -3.191145904626091 WNW 55.944545535399996 -3.1914230684858444 1046.225522 1025.934831
55.944545535399996 -3.1914230684858444 NNE 55.94482269925975 -3.191308263456135 1138.320375 1029.779995
55.94482269925975 -3.191308263456135 NNE 55.94509986311951 -3.1911934584264254 1138.320375 1028.529995
55.94509986311951 -3.1911934584264254 SSE 55.94482269925975 -3.191078653396716 1202.250302 1145.159605
55.94482269925975 -3.191078653396716 SSE 55.944545535399996 -3.1909638483670064 1202.250302 1143.909605
55.944545535399996 -3.1909638483670064 SSE 55.94426837154024 -3.190849043337297 1202.250302 1142.659605
55.94426837154024 -3.190849043337297 SSE 55.94399120768048 -3.1907342383075874 1202.250302 1141.409605
55.94399120768048 -3.1907342383075874 SSE 55.94371404382073 -3.190619433277878 1202.250302 1140.159605
55.94371404382073 -3.190619433277878 SE 55.94350191178637 -3.190407301243522 1202.250302 1138.909605
55.94350191178637 -3.190407301243522 SSE 55.943224747926614 -3.1902924962138126 1202.250302 1137.659605
55.943224747926614 -3.1902924962138126 SE 55.94301261589226 -3.190080364179457 1202.250302 1136.409605
55.94301261589226 -3.190080364179457 SSE 55.9427354520325 -3.1899655591497473 1156.854841 1120.462984
55.9427354520325 -3.1899655591497473 NNW 55.94301261589226 -3.190080364179457 1206.293274 1189.045707
55.94301261589226 -3.190080364179457 NNW 55.943289779752014 -3.1901951692091663 1206.293274 1187.795707
55.943289779752014 -3.1901951692091663 NNW 55.94356694361177 -3.190309974238876 1206.293274 1186.545707
55.94356694361177 -3.190309974238876 NNW 55.94384410747153 -3.1904247792685854 1206.293274 1185.295707
55.94384410747153 -3.1904247792685854 W 55.94384410747153 -3.1907247792685856 1228.587388 1195.104271
55.94384410747153 -3.1907247792685856 W 55.94384410747153 -3.1910247792685857 1228.587388 1193.854271
55.94384410747153 -3.1910247792685857 WSW 55.94372930244182 -3.191301943128339 1290.284899 1213.968815
55.94372930244182 -3.191301943128339 SSE 55.94345213858206 -3.1911871380986296 1290.284899 1212.718815
55.94345213858206 -3.1911871380986296 S 55.94315213858206 -3.1911871380986296 1221.831923 1207.519159
55.94315213858206 -3.1911871380986296 SSE 55.9428749747223 -3.19107233306892 1221.831923 1206.269159
55.9428749747223 -3.19107233306892 NNW 55.94315213858206 -3.1911871380986296 1299.487341 1288.511038
55.94315213858206 -3.1911871380986296 NNW 55.943429302441814 -3.191301943128339 1299.487341 1287.261038
55.943429302441814 -3.191301943128339 NNW 55.94370646630157 -3.1914167481580487 1299.487341 1286.011038
55.94370646630157 -3.1914167481580487 NNW 55.94398363016133 -3.191531553187758 1299.487341 1284.761038
55.94398363016133 -3.191531553187758 N 55.94428363016133 -3.191531553187758 1343.801381 1289.124672
55.94428363016133 -3.191531553187758 NNW 55.944560794021086 -3.1916463582174677 1343.801381 1287.874672
55.944560794021086 -3.1916463582174677 ENE 55.9446755990508 -3.1913691943577143 1432.960127 1389.415477
55.9446755990508 -3.1913691943577143 ENE 55.94479040408051 -3.191092030497961 1432.960127 1388.165477
55.94479040408051 -3.191092030497961 ENE 55.94490520911022 -3.1908148666382075 1432.960127 1386.915477
55.94490520911022 -3.1908148666382075 NE 55.945117341144574 -3.1906027346038517 1432.960127 1385.665477
55.945117341144574 -3.1906027346038517 ENE 55.945232146174284 -3.1903255707440983 1432.960127 1384.415477
55.945232146174284 -3.1903255707440983 NW 55.94544427820864 -3.190537702778454 1548.732508 1469.222672
55.94544427820864 -3.190537702778454 SE 55.945232146174284 -3.1903255707440983 1548.732508 1467.972672
55.945232146174284 -3.1903255707440983 SW 55.94502001413993 -3.190537702778454 1548.732508 1466.722672
55.94502001413993 -3.190537702778454 SW 55.94480788210557 -3.19074983481281 1548.732508 1465.472672
55.94480788210557 -3.19074983481281 SW 55.944595750071215 -3.1909619668471656 1548.732508 1464.222672
55.944595750071215 -3.1909619668471656 SW 55.94438361803686 -3.1911740988815214 1548.732508 1462.972672
55.94438361803686 -3.1911740988815214 WSW 55.94426881300715 -3.1914512627412748 1548.732508 1461.722672
55.94426881300715 -3.1914512627412748 SW 55.94405668097279 -3.1916633947756305 1548.732508 1460.472672
55.94405668097279 -3.1916633947756305 W 55.94405668097279 -3.1919633947756307 1564.387715 1499.986099
55.94405668097279 -3.1919633947756307 ENE 55.9441714860025 -3.1916862309158773 1564.387715 1498.736099
55.9441714860025 -3.1916862309158773 ENE 55.94428629103221 -3.191409067056124 1564.387715 1497.486099
55.94428629103221 -3.191409067056124 ENE 55.944401096061924 -3.1911319031963705 1564.387715 1496.236099
55.944401096061924 -3.1911319031963705 ENE 55.944515901091634 -3.190854739336617 1564.387715 1494.986099
55.944515901091634 -3.190854739336617 ENE 55.944630706121345 -3.1905775754768637 1564.387715 1493.736099
55.944630706121345 -3.1905775754768637 ENE 55.944745511151055 -3.1903004116171103 1564.387715 1492.486099
55.944745511151055 -3.1903004116171103 ENE 55.944860316180765 -3.190023247757357 1564.387715 1491.236099
55.944860316180765 -3.190023247757357 ENE 55.944975121210476 -3.1897460838976035 1564.387715 1489.986099
55.944975121210476 -3.1897460838976035 ENE 55.945089926240186 -3.18946892003785 1564.387715 1488.736099
55.945089926240186 -3.18946892003785 ENE 55.9452047312699 -3.1891917561780967 1564.387715 1487.486099
55.9452047312699 -3.1891917561780967 ENE 55.94531953629961 -3.1889145923183433 1564.387715 1486.236099
55.94531953629961 -3.1889145923183433 ENE 55.94543434132932 -3.18863742845859 1564.387715 1484.986099
55.94543434132932 -3.18863742845859 ENE 55.94554914635903 -3.1883602645988365 1564.387715 1483.736099
55.94554914635903 -3.1883602645988365 ENE 55.94566395138874 -3.188083100739083 1564.387715 1482.486099
55.94566395138874 -3.188083100739083 E 55.94566395138874 -3.187783100739083 1564.387715 1481.236099
55.94566395138874 -3.187783100739083 ENE 55.94577875641845 -3.1875059368793295 1575.221698 1562.555189
55.94577875641845 -3.1875059368793295 W 55.94577875641845 -3.1878059368793297 1575.221698 1561.305189
55.94577875641845 -3.1878059368793297 SE 55.94556662438409 -3.187593804844974 1575.221698 1560.055189
55.94556662438409 -3.187593804844974 W 55.94556662438409 -3.187893804844974 1575.221698 1558.805189
55.94556662438409 -3.187893804844974 SW 55.945354492349736 -3.18810593687933 1575.221698 1557.555189
55.945354492349736 -3.18810593687933 NW 55.94556662438409 -3.1883180689136856 1575.221698 1556.305189
55.94556662438409 -3.1883180689136856 WSW 55.94545181935438 -3.188595232773439 1575.221698 1555.055189
55.94545181935438 -3.188595232773439 WSW 55.94533701432467 -3.1888723966331924 1575.221698 1553.805189
55.94533701432467 -3.1888723966331924 NW 55.94554914635903 -3.189084528667548 1575.221698 1552.555189
55.94554914635903 -3.189084528667548 WNW 55.94566395138874 -3.1893616925273016 1575.221698 1551.305189
55.94566395138874 -3.1893616925273016 NNW 55.945941115248495 -3.189476497557011 1575.221698 1550.055189
55.945941115248495 -3.189476497557011 SSE 55.94566395138874 -3.1893616925273016 1575.221698 1548.805189
55.94566395138874 -3.1893616925273016 WSW 55.94554914635903 -3.189638856387055 1575.221698 1547.555189
55.94554914635903 -3.189638856387055 NE 55.945761278393384 -3.1894267243526992 1575.221698 1546.305189
55.945761278393384 -3.1894267243526992 W 55.945761278393384 -3.1897267243526994 1575.221698 1545.055189
55.945761278393384 -3.1897267243526994 E 55.945761278393384 -3.1894267243526992 1575.221698 1543.805189
55.945761278393384 -3.1894267243526992 WNW 55.945876083423094 -3.1897038882124527 1575.221698 1542.555189
55.945876083423094 -3.1897038882124527 SSE 55.94559891956334 -3.189589083182743 1575.221698 1541.305189
55.94559891956334 -3.189589083182743 N 55.94589891956334 -3.189589083182743 1575.221698 1540.055189
55.94589891956334 -3.189589083182743 E 55.94589891956334 -3.189289083182743 1575.221698 1538.805189
55.94589891956334 -3.189289083182743 SSW 55.945621755703584 -3.1894038882124525 1575.221698 1537.555189
55.945621755703584 -3.1894038882124525 WNW 55.945736560733295 -3.189681052072206 1575.221698 1536.305189
55.945736560733295 -3.189681052072206 SSW 55.94545939687354 -3.1897958571019154 1575.221698 1535.055189
55.94545939687354 -3.1897958571019154 W 55.94545939687354 -3.1900958571019156 1575.221698 1533.805189
55.94545939687354 -3.1900958571019156 NE 55.945671528907894 -3.18988372506756 1575.221698 1532.555189
