55.944425 -3.188396 ENE 55.94453980502971 -3.1881188361402466 0.000000 248.750000
55.94453980502971 -3.1881188361402466 ENE 55.94465461005942 -3.187841672280493 0.000000 247.500000
55.94465461005942 -3.187841672280493 ENE 55.944769415089134 -3.18756450842074 0.000000 246.250000
55.944769415089134 -3.18756450842074 ENE 55.944884220118844 -3.1872873445609864 0.000000 245.000000
55.944884220118844 -3.1872873445609864 ENE 55.944999025148554 -3.187010180701233 49.270928 256.824749
55.944999025148554 -3.187010180701233 ENE 55.945113830178265 -3.1867330168414796 0.000000 131.704170
55.945113830178265 -3.1867330168414796 ENE 55.945228635207975 -3.186455852981726 0.000000 130.454170
55.945228635207975 -3.186455852981726 ENE 55.945343440237686 -3.1861786891219728 0.000000 129.204170
55.945343440237686 -3.1861786891219728 ENE 55.945458245267396 -3.1859015252622194 0.000000 127.954170
55.945458245267396 -3.1859015252622194 S 55.94515824526739 -3.1859015252622194 113.887452 161.557950
55.94515824526739 -3.1859015252622194 S 55.94485824526739 -3.1859015252622194 220.206845 177.434411
55.94485824526739 -3.1859015252622194 S 55.94455824526739 -3.1859015252622194 235.925669 269.476424
55.94455824526739 -3.1859015252622194 SSE 55.94428108140763 -3.18578672023251 235.925669 268.226424
55.94428108140763 -3.18578672023251 S 55.94398108140763 -3.18578672023251 235.925669 266.976424
55.94398108140763 -3.18578672023251 SSE 55.94370391754787 -3.1856719152028004 235.925669 265.726424
55.94370391754787 -3.1856719152028004 S 55.94340391754787 -3.1856719152028004 313.140754 273.632146
55.94340391754787 -3.1856719152028004 SSE 55.94312675368811 -3.185557110173091 313.140754 272.382146
55.94312675368811 -3.185557110173091 W 55.94312675368811 -3.185857110173091 348.280399 331.473396
55.94312675368811 -3.185857110173091 W 55.94312675368811 -3.1861571101730912 348.280399 330.223396
55.94312675368811 -3.1861571101730912 W 55.94312675368811 -3.1864571101730914 348.280399 328.973396
55.94312675368811 -3.1864571101730914 W 55.94312675368811 -3.1867571101730916 348.280399 327.723396
55.94312675368811 -3.1867571101730916 W 55.94312675368811 -3.187057110173092 348.280399 326.473396
55.94312675368811 -3.187057110173092 W 55.94312675368811 -3.187357110173092 348.280399 325.223396
55.94312675368811 -3.187357110173092 W 55.94312675368811 -3.187657110173092 348.280399 323.973396
55.94312675368811 -3.187657110173092 WNW 55.94324155871782 -3.1879342740328456 348.280399 322.723396
55.94324155871782 -3.1879342740328456 W 55.94324155871782 -3.1882342740328458 348.280399 321.473396
55.94324155871782 -3.1882342740328458 WNW 55.94335636374753 -3.188511437892599 348.280399 320.223396
55.94335636374753 -3.188511437892599 W 55.94335636374753 -3.1888114378925994 348.280399 318.973396
55.94335636374753 -3.1888114378925994 WNW 55.94347116877724 -3.1890886017523528 348.280399 317.723396
55.94347116877724 -3.1890886017523528 NW 55.9436833008116 -3.1893007337867085 404.918959 400.135438
55.9436833008116 -3.1893007337867085 NW 55.943895432845956 -3.1895128658210643 404.918959 398.885438
55.943895432845956 -3.1895128658210643 NW 55.94410756488031 -3.18972499785542 404.918959 397.635438
55.94410756488031 -3.18972499785542 NW 55.94431969691467 -3.189937129889776 404.918959 396.385438
55.94431969691467 -3.189937129889776 NE 55.944531828949025 -3.18972499785542 415.696461 456.877659
55.944531828949025 -3.18972499785542 E 55.944531828949025 -3.18942499785542 511.778536 490.212745
55.944531828949025 -3.18942499785542 E 55.944531828949025 -3.1891249978554197 511.778536 488.962745
55.944531828949025 -3.1891249978554197 E 55.944531828949025 -3.1888249978554195 511.778536 487.712745
55.944531828949025 -3.1888249978554195 E 55.944531828949025 -3.1885249978554193 487.950813 462.566810
55.944531828949025 -3.1885249978554193 E 55.944531828949025 -3.188224997855419 487.950813 461.316810
55.944531828949025 -3.188224997855419 E 55.944531828949025 -3.187924997855419 487.950813 460.066810
55.944531828949025 -3.187924997855419 E 55.944531828949025 -3.1876249978554188 487.950813 458.816810
55.944531828949025 -3.1876249978554188 ESE 55.944417023919314 -3.1873478339956653 487.950813 457.566810
55.944417023919314 -3.1873478339956653 E 55.944417023919314 -3.187047833995665 487.950813 456.316810
55.944417023919314 -3.187047833995665 ESE 55.944302218889604 -3.1867706701359118 487.950813 455.066810
55.944302218889604 -3.1867706701359118 E 55.944302218889604 -3.1864706701359116 598.559782 525.228322
55.944302218889604 -3.1864706701359116 ESE 55.94418741385989 -3.186193506276158 594.112933 419.729389
55.94418741385989 -3.186193506276158 E 55.94418741385989 -3.185893506276158 594.112933 418.479389
55.94418741385989 -3.185893506276158 ESE 55.94407260883018 -3.1856163424164046 594.112933 417.229389
55.94407260883018 -3.1856163424164046 E 55.94407260883018 -3.1853163424164044 594.112933 415.979389
55.94407260883018 -3.1853163424164044 ESE 55.94395780380047 -3.185039178556651 594.112933 414.729389
55.94395780380047 -3.185039178556651 E 55.94395780380047 -3.184739178556651 594.112933 413.479389
55.94395780380047 -3.184739178556651 W 55.94395780380047 -3.185039178556651 679.988730 488.244106
55.94395780380047 -3.185039178556651 W 55.94395780380047 -3.185339178556651 679.988730 486.994106
55.94395780380047 -3.185339178556651 W 55.94395780380047 -3.1856391785566514 679.988730 485.744106
55.94395780380047 -3.1856391785566514 W 55.94395780380047 -3.1859391785566515 679.988730 484.494106
55.94395780380047 -3.1859391785566515 W 55.94395780380047 -3.1862391785566517 679.988730 483.244106
55.94395780380047 -3.1862391785566517 W 55.94395780380047 -3.186539178556652 711.650434 561.565471
55.94395780380047 -3.186539178556652 W 55.94395780380047 -3.186839178556652 711.650434 560.315471
55.94395780380047 -3.186839178556652 W 55.94395780380047 -3.1871391785566523 711.650434 559.065471
55.94395780380047 -3.1871391785566523 W 55.94395780380047 -3.1874391785566525 711.650434 557.815471
55.94395780380047 -3.1874391785566525 W 55.94395780380047 -3.1877391785566527 711.650434 556.565471
55.94395780380047 -3.1877391785566527 W 55.94395780380047 -3.188039178556653 711.650434 555.315471
55.94395780380047 -3.188039178556653 W 55.94395780380047 -3.188339178556653 785.019821 631.394308
55.94395780380047 -3.188339178556653 W 55.94395780380047 -3.1886391785566532 785.019821 630.144308
55.94395780380047 -3.1886391785566532 W 55.94395780380047 -3.1889391785566534 785.019821 628.894308
55.94395780380047 -3.1889391785566534 WNW 55.94407260883018 -3.189216342416407 785.019821 627.644308
55.94407260883018 -3.189216342416407 W 55.94407260883018 -3.189516342416407 785.019821 626.394308
55.94407260883018 -3.189516342416407 WNW 55.94418741385989 -3.1897935062761604 785.019821 625.144308
55.94418741385989 -3.1897935062761604 W 55.94418741385989 -3.1900935062761606 785.019821 623.894308
55.94418741385989 -3.1900935062761606 WNW 55.944302218889604 -3.190370670135914 785.019821 622.644308
55.944302218889604 -3.190370670135914 W 55.944302218889604 -3.190670670135914 785.019821 621.394308
55.944302218889604 -3.190670670135914 WNW 55.944417023919314 -3.1909478339956676 785.019821 620.144308
55.944417023919314 -3.1909478339956676 W 55.944417023919314 -3.191247833995668 785.019821 618.894308
55.944417023919314 -3.191247833995668 WNW 55.944531828949025 -3.191524997855421 785.019821 617.644308
55.944531828949025 -3.191524997855421 SSE 55.94425466508927 -3.1914101928257117 877.114674 621.489472
55.94425466508927 -3.1914101928257117 SSE 55.94397750122951 -3.191295387796002 877.114674 620.239472
55.94397750122951 -3.191295387796002 SE 55.943765369195155 -3.1910832557616464 921.428714 624.603105
55.943765369195155 -3.1910832557616464 SE 55.9435532371608 -3.1908711237272906 983.126226 644.717650
55.9435532371608 -3.1908711237272906 SE 55.94334110512644 -3.190658991692935 983.126226 643.467650
55.94334110512644 -3.190658991692935 SE 55.94312897309209 -3.190446859658579 983.126226 642.217650
55.94312897309209 -3.190446859658579 SE 55.94291684105773 -3.1902347276242233 983.126226 640.967650
55.94291684105773 -3.1902347276242233 SE 55.942704709023374 -3.1900225955898676 983.126226 639.717650
55.942704709023374 -3.1900225955898676 NW 55.94291684105773 -3.1902347276242233 1032.564658 708.300373
55.94291684105773 -3.1902347276242233 NW 55.94312897309209 -3.190446859658579 1032.564658 707.050373
55.94312897309209 -3.190446859658579 NW 55.94334110512644 -3.190658991692935 1032.564658 705.800373
55.94334110512644 -3.190658991692935 NW 55.9435532371608 -3.1908711237272906 1032.564658 704.550373
55.9435532371608 -3.1908711237272906 WNW 55.94366804219051 -3.191148287587044 1032.564658 703.300373
55.94366804219051 -3.191148287587044 NW 55.943880174224866 -3.1913604196214 1032.564658 702.050373
55.943880174224866 -3.1913604196214 WNW 55.943994979254576 -3.1916375834811532 1032.564658 700.800373
55.943994979254576 -3.1916375834811532 SSE 55.94371781539482 -3.1915227784514437 1048.219865 740.313800
55.94371781539482 -3.1915227784514437 SSE 55.94344065153506 -3.191407973421734 1048.219865 739.063800
55.94344065153506 -3.191407973421734 SSE 55.94316348767531 -3.1912931683920247 1048.219865 737.813800
55.94316348767531 -3.1912931683920247 SSE 55.94288632381555 -3.191178363362315 979.766889 732.614144
55.94288632381555 -3.191178363362315 NNE 55.94316348767531 -3.1910635583326057 1057.422307 814.856023
55.94316348767531 -3.1910635583326057 NNE 55.94344065153506 -3.190948753302896 1057.422307 813.606023
55.94344065153506 -3.190948753302896 NNE 55.94371781539482 -3.1908339482731867 1057.422307 812.356023
55.94371781539482 -3.1908339482731867 NNE 55.943994979254576 -3.190719143243477 1057.422307 811.106023
55.943994979254576 -3.190719143243477 NNE 55.94427214311433 -3.1906043382137677 1057.422307 809.856023
55.94427214311433 -3.1906043382137677 NNE 55.94454930697409 -3.190489533184058 1057.422307 808.606023
55.94454930697409 -3.190489533184058 NNE 55.944826470833846 -3.1903747281543486 1118.220032 843.874132
55.944826470833846 -3.1903747281543486 N 55.94512647083385 -3.1903747281543486 1118.220032 842.624132
55.94512647083385 -3.1903747281543486 WSW 55.94501166580414 -3.190651892014102 1233.992413 927.431327
55.94501166580414 -3.190651892014102 WSW 55.94489686077443 -3.1909290558738554 1233.992413 926.181327
55.94489686077443 -3.1909290558738554 WSW 55.94478205574472 -3.191206219733609 1233.992413 924.931327
55.94478205574472 -3.191206219733609 WSW 55.94466725071501 -3.1914833835933623 1233.992413 923.681327
55.94466725071501 -3.1914833835933623 NNE 55.94494441457476 -3.1913685785636527 1233.992413 922.431327
55.94494441457476 -3.1913685785636527 NNE 55.94522157843452 -3.1912537735339432 1233.992413 921.181327
55.94522157843452 -3.1912537735339432 E 55.94522157843452 -3.190953773533943 1297.922340 1037.810937
55.94522157843452 -3.190953773533943 E 55.94522157843452 -3.190653773533943 1297.922340 1036.560937
55.94522157843452 -3.190653773533943 E 55.94522157843452 -3.1903537735339427 1297.922340 1035.310937
55.94522157843452 -3.1903537735339427 E 55.94522157843452 -3.1900537735339425 1297.922340 1034.060937
55.94522157843452 -3.1900537735339425 E 55.94522157843452 -3.1897537735339423 1297.922340 1032.810937
55.94522157843452 -3.1897537735339423 E 55.94522157843452 -3.189453773533942 1297.922340 1031.560937
55.94522157843452 -3.189453773533942 E 55.94522157843452 -3.189153773533942 1297.922340 1030.310937
55.94522157843452 -3.189153773533942 E 55.94522157843452 -3.1888537735339417 1297.922340 1029.060937
55.94522157843452 -3.1888537735339417 E 55.94522157843452 -3.1885537735339415 1297.922340 1027.810937
55.94522157843452 -3.1885537735339415 E 55.94522157843452 -3.1882537735339413 1297.922340 1026.560937
55.94522157843452 -3.1882537735339413 E 55.94522157843452 -3.187953773533941 1297.922340 1025.310937
55.94522157843452 -3.187953773533941 E 55.94522157843452 -3.187653773533941 1297.922340 1024.060937
55.94522157843452 -3.187653773533941 E 55.94522157843452 -3.187353773533941 1297.922340 1022.810937
55.94522157843452 -3.187353773533941 ENE 55.94533638346423 -3.1870766096741874 1297.922340 1021.560937
55.94533638346423 -3.1870766096741874 E 55.94533638346423 -3.186776609674187 1297.922340 1020.310937
55.94533638346423 -3.186776609674187 ENE 55.94545118849394 -3.186499445814434 1297.922340 1019.060937
55.94545118849394 -3.186499445814434 E 55.94545118849394 -3.1861994458144336 1207.264580 995.775238
55.94545118849394 -3.1861994458144336 ENE 55.94556599352365 -3.18592228195468 1207.264580 994.525238
55.94556599352365 -3.18592228195468 E 55.94556599352365 -3.18562228195468 1207.264580 993.275238
55.94556599352365 -3.18562228195468 ENE 55.94568079855336 -3.1853451180949266 1207.264580 992.025238
55.94568079855336 -3.1853451180949266 E 55.94568079855336 -3.1850451180949264 1207.264580 990.775238
55.94568079855336 -3.1850451180949264 ENE 55.94579560358307 -3.184767954235173 1207.264580 989.525238
55.94579560358307 -3.184767954235173 E 55.94579560358307 -3.184467954235173 1207.264580 988.275238
55.94579560358307 -3.184467954235173 W 55.94579560358307 -3.184767954235173 1276.723094 1103.109634
55.94579560358307 -3.184767954235173 W 55.94579560358307 -3.185067954235173 1276.723094 1101.859634
55.94579560358307 -3.185067954235173 W 55.94579560358307 -3.1853679542351734 1276.723094 1100.609634
55.94579560358307 -3.1853679542351734 W 55.94579560358307 -3.1856679542351736 1276.723094 1099.359634
55.94579560358307 -3.1856679542351736 W 55.94579560358307 -3.1859679542351738 1276.723094 1098.109634
55.94579560358307 -3.1859679542351738 W 55.94579560358307 -3.186267954235174 1196.415896 1011.129037
55.94579560358307 -3.186267954235174 W 55.94579560358307 -3.186567954235174 1196.180167 908.053503
55.94579560358307 -3.186567954235174 W 55.94579560358307 -3.1868679542351743 1196.180167 906.803503
55.94579560358307 -3.1868679542351743 W 55.94579560358307 -3.1871679542351745 1196.180167 905.553503
55.94579560358307 -3.1871679542351745 W 55.94579560358307 -3.1874679542351747 1196.180167 904.303503
55.94579560358307 -3.1874679542351747 W 55.94579560358307 -3.187767954235175 1207.014150 985.622594
55.94579560358307 -3.187767954235175 W 55.94579560358307 -3.188067954235175 1207.014150 984.372594
55.94579560358307 -3.188067954235175 W 55.94579560358307 -3.1883679542351753 1207.014150 983.122594
55.94579560358307 -3.1883679542351753 W 55.94579560358307 -3.1886679542351755 1207.014150 981.872594
55.94579560358307 -3.1886679542351755 W 55.94579560358307 -3.1889679542351757 1228.907347 1081.611509
55.94579560358307 -3.1889679542351757 W 55.94579560358307 -3.189267954235176 1309.537835 1196.207986
55.94579560358307 -3.189267954235176 W 55.94579560358307 -3.189567954235176 1309.537835 1194.957986
55.94579560358307 -3.189567954235176 W 55.94579560358307 -3.189867954235176 1309.537835 1193.707986
55.94579560358307 -3.189867954235176 WSW 55.94568079855336 -3.1901451180949296 1309.537835 1192.457986
55.94568079855336 -3.1901451180949296 W 55.94568079855336 -3.19044511809493 1185.769644 1116.580128
55.94568079855336 -3.19044511809493 WSW 55.94556599352365 -3.190722281954683 1185.769644 1115.330128
55.94556599352365 -3.190722281954683 W 55.94556599352365 -3.1910222819546834 1185.769644 1114.080128
55.94556599352365 -3.1910222819546834 WSW 55.94545118849394 -3.191299445814437 1185.769644 1112.830128
55.94545118849394 -3.191299445814437 W 55.94545118849394 -3.191599445814437 1185.769644 1111.580128
55.94545118849394 -3.191599445814437 WSW 55.94533638346423 -3.1918766096741904 1185.769644 1110.330128
55.94533638346423 -3.1918766096741904 W 55.94533638346423 -3.1921766096741906 1185.769644 1109.080128
55.94533638346423 -3.1921766096741906 WSW 55.94522157843452 -3.192453773533944 1185.769644 1107.830128
55.94522157843452 -3.192453773533944 E 55.94522157843452 -3.192153773533944 1271.195820 1144.593926
55.94522157843452 -3.192153773533944 E 55.94522157843452 -3.1918537735339436 1271.195820 1143.343926
55.94522157843452 -3.1918537735339436 E 55.94522157843452 -3.1915537735339434 1271.195820 1142.093926
55.94522157843452 -3.1915537735339434 E 55.94522157843452 -3.1912537735339432 1271.195820 1140.843926
55.94522157843452 -3.1912537735339432 E 55.94522157843452 -3.190953773533943 1271.195820 1139.593926
55.94522157843452 -3.190953773533943 E 55.94522157843452 -3.190653773533943 1271.195820 1138.343926
55.94522157843452 -3.190653773533943 E 55.94522157843452 -3.1903537735339427 1271.195820 1137.093926
55.94522157843452 -3.1903537735339427 E 55.94522157843452 -3.1900537735339425 1271.195820 1135.843926
55.94522157843452 -3.1900537735339425 E 55.94522157843452 -3.1897537735339423 1271.195820 1134.593926
55.94522157843452 -3.1897537735339423 E 55.94522157843452 -3.189453773533942 1271.195820 1133.343926
55.94522157843452 -3.189453773533942 E 55.94522157843452 -3.189153773533942 1271.195820 1132.093926
55.94522157843452 -3.189153773533942 E 55.94522157843452 -3.1888537735339417 1271.195820 1130.843926
55.94522157843452 -3.1888537735339417 E 55.94522157843452 -3.1885537735339415 1271.195820 1129.593926
55.94522157843452 -3.1885537735339415 E 55.94522157843452 -3.1882537735339413 1271.195820 1128.343926
55.94522157843452 -3.1882537735339413 E 55.94522157843452 -3.187953773533941 1271.195820 1127.093926
55.94522157843452 -3.187953773533941 E 55.94522157843452 -3.187653773533941 1271.195820 1125.843926
55.94522157843452 -3.187653773533941 E 55.94522157843452 -3.187353773533941 1271.195820 1124.593926
55.94522157843452 -3.187353773533941 E 55.94522157843452 -3.1870537735339406 1271.195820 1123.343926
55.94522157843452 -3.1870537735339406 E 55.94522157843452 -3.1867537735339404 1216.453462 1122.093926
55.94522157843452 -3.1867537735339404 E 55.94522157843452 -3.18645377353394 1216.453462 1120.843926
55.94522157843452 -3.18645377353394 E 55.94522157843452 -3.18615377353394 1216.453462 1119.593926
55.94522157843452 -3.18615377353394 E 55.94522157843452 -3.18585377353394 1216.453462 1118.343926
55.94522157843452 -3.18585377353394 E 55.94522157843452 -3.1855537735339396 1216.453462 1117.093926
55.94522157843452 -3.1855537735339396 ESE 55.94510677340481 -3.1852766096741862 1216.453462 1115.843926
55.94510677340481 -3.1852766096741862 E 55.94510677340481 -3.184976609674186 1216.453462 1114.593926
55.94510677340481 -3.184976609674186 ESE 55.9449919683751 -3.1846994458144327 1166.345861 994.814272
55.9449919683751 -3.1846994458144327 NW 55.945204100409455 -3.1849115778487884 1199.138722 1080.674276
55.945204100409455 -3.1849115778487884 SW 55.9449919683751 -3.185123709883144 1199.138722 1079.424276
55.9449919683751 -3.185123709883144 SW 55.94477983634074 -3.1853358419175 1199.138722 1078.174276
55.94477983634074 -3.1853358419175 SW 55.94456770430639 -3.1855479739518557 1199.138722 1076.924276
55.94456770430639 -3.1855479739518557 SW 55.94435557227203 -3.1857601059862115 1199.138722 1075.674276
55.94435557227203 -3.1857601059862115 SW 55.944143440237674 -3.1859722380205673 1199.138722 1074.424276
55.944143440237674 -3.1859722380205673 SW 55.94393130820332 -3.186184370054923 1199.138722 1073.174276
55.94393130820332 -3.186184370054923 SSW 55.94365414434356 -3.1862991750846326 1199.138722 1071.924276
55.94365414434356 -3.1862991750846326 SW 55.943442012309205 -3.1865113071189883 1199.138722 1070.674276
55.943442012309205 -3.1865113071189883 SSW 55.94316484844945 -3.186626112148698 1199.138722 1069.424276
55.94316484844945 -3.186626112148698 SW 55.94295271641509 -3.1868382441830536 1199.138722 1068.174276
55.94295271641509 -3.1868382441830536 SSW 55.942675552555336 -3.186953049212763 1199.138722 1066.924276
55.942675552555336 -3.186953049212763 WNW 55.94279035758505 -3.1872302130725165 1223.165377 1182.771001
55.94279035758505 -3.1872302130725165 WNW 55.94290516261476 -3.18750737693227 1223.165377 1181.521001
55.94290516261476 -3.18750737693227 WNW 55.94301996764447 -3.1877845407920233 1223.165377 1180.271001
55.94301996764447 -3.1877845407920233 WNW 55.94313477267418 -3.1880617046517767 1223.165377 1179.021001
55.94313477267418 -3.1880617046517767 WNW 55.94324957770389 -3.18833886851153 1223.165377 1177.771001
55.94324957770389 -3.18833886851153 WNW 55.9433643827336 -3.1886160323712835 1223.165377 1176.521001
55.9433643827336 -3.1886160323712835 WNW 55.94347918776331 -3.188893196231037 1223.165377 1175.271001
55.94347918776331 -3.188893196231037 WNW 55.94359399279302 -3.1891703600907904 1223.165377 1174.021001
55.94359399279302 -3.1891703600907904 WNW 55.94370879782273 -3.1894475239505438 1223.165377 1172.771001
55.94370879782273 -3.1894475239505438 WNW 55.94382360285244 -3.189724687810297 1223.165377 1171.521001
55.94382360285244 -3.189724687810297 WNW 55.94393840788215 -3.1900018516700506 1223.165377 1170.271001
55.94393840788215 -3.1900018516700506 W 55.94393840788215 -3.1903018516700508 1223.165377 1169.021001
55.94393840788215 -3.1903018516700508 WNW 55.94405321291186 -3.190579015529804 1245.459491 1178.829565
55.94405321291186 -3.190579015529804 WNW 55.94416801794157 -3.1908561793895576 1245.459491 1177.579565
55.94416801794157 -3.1908561793895576 WNW 55.94428282297128 -3.191133343249311 1245.459491 1176.329565
55.94428282297128 -3.191133343249311 WNW 55.94439762800099 -3.1914105071090644 1245.459491 1175.079565
55.94439762800099 -3.1914105071090644 WNW 55.9445124330307 -3.191687670968818 1245.459491 1173.829565
55.9445124330307 -3.191687670968818 ENE 55.94462723806041 -3.1914105071090644 1334.618237 1275.370370
55.94462723806041 -3.1914105071090644 SE 55.94441510602606 -3.1911983750747086 1334.618237 1274.120370
55.94441510602606 -3.1911983750747086 WNW 55.94452991105577 -3.191475538934462 1334.618237 1272.870370
55.94452991105577 -3.191475538934462 ENE 55.94464471608548 -3.1911983750747086 1334.618237 1271.620370
55.94464471608548 -3.1911983750747086 ESE 55.94452991105577 -3.190921211214955 1334.618237 1270.370370
55.94452991105577 -3.190921211214955 SSE 55.94425274719601 -3.1908064061852457 1334.618237 1269.120370
55.94425274719601 -3.1908064061852457 S 55.94395274719601 -3.1908064061852457 1334.618237 1267.870370
55.94395274719601 -3.1908064061852457 ESE 55.9438379421663 -3.1905292423254923 1334.618237 1266.620370
55.9438379421663 -3.1905292423254923 WSW 55.94372313713659 -3.1908064061852457 1334.618237 1265.370370
55.94372313713659 -3.1908064061852457 SSW 55.94344597327683 -3.190921211214955 1334.618237 1264.120370
55.94344597327683 -3.190921211214955 NE 55.94365810531119 -3.1907090791805994 1334.618237 1262.870370
55.94365810531119 -3.1907090791805994 SW 55.94344597327683 -3.190921211214955 1334.618237 1261.620370
55.94344597327683 -3.190921211214955 WSW 55.94333116824712 -3.1911983750747086 1334.618237 1260.370370
55.94333116824712 -3.1911983750747086 NE 55.943543300281476 -3.190986243040353 1334.618237 1259.120370
55.943543300281476 -3.190986243040353 W 55.943543300281476 -3.191286243040353 1334.618237 1257.870370
55.943543300281476 -3.191286243040353 S 55.94324330028147 -3.191286243040353 1334.618237 1256.620370
55.94324330028147 -3.191286243040353 W 55.94324330028147 -3.191586243040353 1334.618237 1255.370370
55.94324330028147 -3.191586243040353 ENE 55.943358105311184 -3.1913090791806 1334.618237 1254.120370
55.943358105311184 -3.1913090791806 NW 55.94357023734554 -3.1915212112149556 1334.618237 1252.870370
55.94357023734554 -3.1915212112149556 NE 55.943782369379896 -3.1913090791806 1334.618237 1251.620370
55.943782369379896 -3.1913090791806 NNE 55.94405953323965 -3.1911942741508903 1334.618237 1250.370370
55.94405953323965 -3.1911942741508903 ESE 55.94394472820994 -3.190917110291137 1334.618237 1249.120370
55.94394472820994 -3.190917110291137 ESE 55.94382992318023 -3.1906399464313835 1334.618237 1247.870370
55.94382992318023 -3.1906399464313835 SSE 55.943552759320475 -3.190525141401674 1334.618237 1246.620370
55.943552759320475 -3.190525141401674 SW 55.94334062728612 -3.1907372734360298 1334.618237 1245.370370
55.94334062728612 -3.1907372734360298 SE 55.94312849525176 -3.190525141401674 1334.618237 1244.120370
55.94312849525176 -3.190525141401674 SW 55.94291636321741 -3.1907372734360298 1334.618237 1242.870370
55.94291636321741 -3.1907372734360298 W 55.94291636321741 -3.19103727343603 1334.618237 1241.620370
55.94291636321741 -3.19103727343603 S 55.942616363217404 -3.19103727343603 1334.618237 1240.370370
55.942616363217404 -3.19103727343603 SSW 55.94233919935765 -3.1911520784657395 1334.618237 1239.120370
55.94233919935765 -3.1911520784657395 N 55.94263919935765 -3.1911520784657395 1334.618237 1237.870370
55.94263919935765 -3.1911520784657395 SSE 55.942362035497894 -3.19103727343603 1334.618237 1236.620370
55.942362035497894 -3.19103727343603 SE 55.94214990346354 -3.190825141401674 1334.618237 1235.370370
55.94214990346354 -3.190825141401674 NE 55.942362035497894 -3.1906130093673184 1334.618237 1234.120370
55.942362035497894 -3.1906130093673184 SW 55.94214990346354 -3.190825141401674 1334.618237 1232.870370
55.94214990346354 -3.190825141401674 SSW 55.94187273960378 -3.1909399464313837 1334.618237 1231.620370
55.94187273960378 -3.1909399464313837 S 55.94157273960378 -3.1909399464313837 1334.618237 1230.370370
55.94157273960378 -3.1909399464313837 SW 55.94136060756942 -3.1911520784657395 1334.618237 1229.120370
