55.944425 -3.188396 ENE 55.94453980502971 -3.1881188361402466 0.000000 248.750000
55.94453980502971 -3.1881188361402466 ENE 55.94465461005942 -3.187841672280493 0.000000 247.500000
55.94465461005942 -3.187841672280493 ENE 55.944769415089134 -3.18756450842074 0.000000 246.250000
55.944769415089134 -3.18756450842074 ENE 55.944884220118844 -3.1872873445609864 0.000000 245.000000
55.944884220118844 -3.1872873445609864 ENE 55.944999025148554 -3.187010180701233 49.270928 256.824749
55.944999025148554 -3.187010180701233 ENE 55.945113830178265 -3.1867330168414796 0.000000 131.704170
55.945113830178265 -3.1867330168414796 ENE 55.945228635207975 -3.186455852981726 0.000000 130.454170
55.945228635207975 -3.186455852981726 ENE 55.945343440237686 -3.1861786891219728 0.000000 129.204170
55.945343440237686 -3.1861786891219728 ENE 55.945458245267396 -3.1859015252622194 0.000000 127.954170
55.945458245267396 -3.1859015252622194 S 55.94515824526739 -3.1859015252622194 113.887452 161.557950
55.94515824526739 -3.1859015252622194 S 55.94485824526739 -3.1859015252622194 220.206845 177.434411
55.94485824526739 -3.1859015252622194 S 55.94455824526739 -3.1859015252622194 235.925669 269.476424
55.94455824526739 -3.1859015252622194 SSE 55.94428108140763 -3.18578672023251 235.925669 268.226424
55.94428108140763 -3.18578672023251 S 55.94398108140763 -3.18578672023251 235.925669 266.976424
55.94398108140763 -3.18578672023251 SSE 55.94370391754787 -3.1856719152028004 235.925669 265.726424
55.94370391754787 -3.1856719152028004 S 55.94340391754787 -3.1856719152028004 313.140754 273.632146
55.94340391754787 -3.1856719152028004 SSE 55.94312675368811 -3.185557110173091 313.140754 272.382146
55.94312675368811 -3.185557110173091 W 55.94312675368811 -3.185857110173091 348.280399 331.473396
55.94312675368811 -3.185857110173091 W 55.94312675368811 -3.1861571101730912 348.280399 330.223396
55.94312675368811 -3.1861571101730912 W 55.94312675368811 -3.1864571101730914 348.280399 328.973396
55.94312675368811 -3.1864571101730914 W 55.94312675368811 -3.1867571101730916 348.280399 327.723396
55.94312675368811 -3.1867571101730916 W 55.94312675368811 -3.187057110173092 348.280399 326.473396
55.94312675368811 -3.187057110173092 W 55.94312675368811 -3.187357110173092 348.280399 325.223396
55.94312675368811 -3.187357110173092 W 55.94312675368811 -3.187657110173092 348.280399 323.973396
55.94312675368811 -3.187657110173092 WSW 55.9430119486584 -3.1879342740328456 348.280399 322.723396
55.9430119486584 -3.1879342740328456 W 55.9430119486584 -3.1882342740328458 348.280399 321.473396
55.9430119486584 -3.1882342740328458 WSW 55.94289714362869 -3.188511437892599 348.280399 320.223396
55.94289714362869 -3.188511437892599 W 55.94289714362869 -3.1888114378925994 348.280399 318.973396
55.94289714362869 -3.1888114378925994 WSW 55.94278233859898 -3.1890886017523528 348.280399 317.723396
55.94278233859898 -3.1890886017523528 W 55.94278233859898 -3.189388601752353 348.280399 316.473396
55.94278233859898 -3.189388601752353 WSW 55.94266753356927 -3.1896657656121064 348.280399 315.223396
55.94266753356927 -3.1896657656121064 NNW 55.94294469742903 -3.189780570641816 397.718831 383.806119
55.94294469742903 -3.189780570641816 NNW 55.943221861288784 -3.1898953756715254 352.323371 367.859498
55.943221861288784 -3.1898953756715254 NNW 55.94349902514854 -3.190010180701235 352.323371 366.609498
55.94349902514854 -3.190010180701235 NNW 55.9437761890083 -3.1901249857309444 352.323371 365.359498
55.9437761890083 -3.1901249857309444 NNW 55.94405335286805 -3.190239790760654 352.323371 364.109498
55.94405335286805 -3.190239790760654 N 55.944353352868056 -3.190239790760654 374.617485 373.918062
55.944353352868056 -3.190239790760654 NNW 55.94463051672781 -3.1903545957903634 374.617485 372.668062
55.94463051672781 -3.1903545957903634 E 55.94463051672781 -3.190054595790363 435.415210 407.936170
55.94463051672781 -3.190054595790363 ENE 55.94474532175752 -3.18977743193061 446.192712 468.428392
55.94474532175752 -3.18977743193061 E 55.94474532175752 -3.1894774319306096 542.274787 501.763478
55.94474532175752 -3.1894774319306096 ENE 55.94486012678723 -3.189200268070856 542.274787 500.513478
55.94486012678723 -3.189200268070856 E 55.94486012678723 -3.188900268070856 542.274787 499.263478
55.94486012678723 -3.188900268070856 ENE 55.944974931816944 -3.1886231042111026 509.139637 423.564060
55.944974931816944 -3.1886231042111026 E 55.944974931816944 -3.1883231042111024 509.139637 422.314060
55.944974931816944 -3.1883231042111024 ENE 55.945089736846654 -3.188045940351349 509.139637 421.064060
55.945089736846654 -3.188045940351349 E 55.945089736846654 -3.187745940351349 509.139637 419.814060
55.945089736846654 -3.187745940351349 ENE 55.945204541876365 -3.1874687764915954 509.139637 418.564060
55.945204541876365 -3.1874687764915954 E 55.945204541876365 -3.1871687764915952 509.139637 417.314060
55.945204541876365 -3.1871687764915952 ENE 55.945319346906075 -3.186891612631842 509.139637 416.064060
55.945319346906075 -3.186891612631842 E 55.945319346906075 -3.1865916126318417 509.139637 414.814060
55.945319346906075 -3.1865916126318417 ENE 55.945434151935785 -3.1863144487720882 418.481877 391.528361
55.945434151935785 -3.1863144487720882 E 55.945434151935785 -3.186014448772088 418.481877 390.278361
55.945434151935785 -3.186014448772088 ENE 55.945548956965496 -3.1857372849123347 418.481877 389.028361
55.945548956965496 -3.1857372849123347 E 55.945548956965496 -3.1854372849123345 418.481877 387.778361
55.945548956965496 -3.1854372849123345 ENE 55.945663761995206 -3.185160121052581 418.481877 386.528361
55.945663761995206 -3.185160121052581 E 55.945663761995206 -3.184860121052581 418.481877 385.278361
55.945663761995206 -3.184860121052581 ENE 55.94577856702492 -3.1845829571928275 418.481877 384.028361
55.94577856702492 -3.1845829571928275 WSW 55.945663761995206 -3.184860121052581 487.940391 498.862757
55.945663761995206 -3.184860121052581 WSW 55.945548956965496 -3.1851372849123343 487.940391 497.612757
55.945548956965496 -3.1851372849123343 WSW 55.945434151935785 -3.1854144487720877 487.940391 496.362757
55.945434151935785 -3.1854144487720877 WSW 55.945319346906075 -3.185691612631841 487.940391 495.112757
55.945319346906075 -3.185691612631841 WSW 55.945204541876365 -3.1859687764915945 487.940391 493.862757
55.945204541876365 -3.1859687764915945 WSW 55.945089736846654 -3.186245940351348 487.940391 492.612757
55.945089736846654 -3.186245940351348 WSW 55.944974931816944 -3.1865231042111013 487.940391 491.362757
55.944974931816944 -3.1865231042111013 WSW 55.94486012678723 -3.1868002680708547 487.940391 490.112757
55.94486012678723 -3.1868002680708547 WSW 55.94474532175752 -3.187077431930608 487.940391 488.862757
55.94474532175752 -3.187077431930608 WSW 55.94463051672781 -3.1873545957903615 487.940391 487.612757
55.94463051672781 -3.1873545957903615 WSW 55.9445157116981 -3.187631759650115 487.940391 486.362757
55.9445157116981 -3.187631759650115 WSW 55.94440090666839 -3.1879089235098683 487.940391 485.112757
55.94440090666839 -3.1879089235098683 WSW 55.94428610163868 -3.1881860873696217 487.940391 483.862757
55.94428610163868 -3.1881860873696217 WSW 55.94417129660897 -3.188463251229375 461.997982 472.444276
55.94417129660897 -3.188463251229375 WSW 55.94405649157926 -3.1887404150891285 461.997982 471.194276
55.94405649157926 -3.1887404150891285 WSW 55.94394168654955 -3.189017578948882 461.997982 469.944276
55.94394168654955 -3.189017578948882 WSW 55.94382688151984 -3.1892947428086353 461.997982 468.694276
55.94382688151984 -3.1892947428086353 WSW 55.94371207649013 -3.1895719066683887 461.997982 467.444276
55.94371207649013 -3.1895719066683887 WSW 55.94359727146042 -3.189849070528142 461.997982 466.194276
55.94359727146042 -3.189849070528142 SW 55.94338513942606 -3.190061202562498 461.997982 464.944276
55.94338513942606 -3.190061202562498 WSW 55.94327033439635 -3.1903383664222513 461.997982 463.694276
55.94327033439635 -3.1903383664222513 SW 55.943058202361996 -3.190550498456607 461.997982 462.444276
55.943058202361996 -3.190550498456607 WSW 55.942943397332286 -3.1908276623163605 461.997982 461.194276
55.942943397332286 -3.1908276623163605 SW 55.94273126529793 -3.1910397943507163 461.997982 459.944276
55.94273126529793 -3.1910397943507163 ENE 55.94284607032764 -3.190762630490963 539.653400 542.186155
55.94284607032764 -3.190762630490963 ENE 55.94296087535735 -3.1904854666312095 539.653400 540.936155
55.94296087535735 -3.1904854666312095 ENE 55.94307568038706 -3.190208302771456 539.653400 539.686155
55.94307568038706 -3.190208302771456 ENE 55.94319048541677 -3.1899311389117027 539.653400 538.436155
55.94319048541677 -3.1899311389117027 ENE 55.94330529044648 -3.1896539750519493 539.653400 537.186155
55.94330529044648 -3.1896539750519493 ENE 55.94342009547619 -3.189376811192196 539.653400 535.936155
55.94342009547619 -3.189376811192196 ENE 55.9435349005059 -3.1890996473324424 539.653400 534.686155
55.9435349005059 -3.1890996473324424 ENE 55.94364970553561 -3.188822483472689 596.291960 617.098196
55.94364970553561 -3.188822483472689 ENE 55.94376451056532 -3.1885453196129356 596.291960 615.848196
55.94376451056532 -3.1885453196129356 ENE 55.943879315595034 -3.1882681557531822 596.291960 614.598196
55.943879315595034 -3.1882681557531822 ENE 55.943994120624744 -3.187990991893429 669.661347 690.677033
55.943994120624744 -3.187990991893429 ENE 55.944108925654454 -3.1877138280336754 669.661347 689.427033
55.944108925654454 -3.1877138280336754 ENE 55.944223730684165 -3.187436664173922 669.661347 688.177033
55.944223730684165 -3.187436664173922 ENE 55.944338535713875 -3.1871595003141686 669.661347 686.927033
55.944338535713875 -3.1871595003141686 ENE 55.944453340743586 -3.186882336454415 669.661347 685.677033
55.944453340743586 -3.186882336454415 ENE 55.944568145773296 -3.186605172594662 669.661347 684.427033
55.944568145773296 -3.186605172594662 ENE 55.944682950803006 -3.1863280087349084 665.214498 578.928100
55.944682950803006 -3.1863280087349084 ENE 55.94479775583272 -3.186050844875155 665.214498 577.678100
55.94479775583272 -3.186050844875155 ENE 55.94491256086243 -3.1857736810154016 665.214498 576.428100
55.94491256086243 -3.1857736810154016 E 55.94491256086243 -3.1854736810154014 665.214498 575.178100
55.94491256086243 -3.1854736810154014 ENE 55.94502736589214 -3.185196517155648 665.214498 573.928100
55.94502736589214 -3.185196517155648 E 55.94502736589214 -3.184896517155648 665.214498 572.678100
55.94502736589214 -3.184896517155648 W 55.94502736589214 -3.185196517155648 698.007360 658.538103
55.94502736589214 -3.185196517155648 W 55.94502736589214 -3.185496517155648 698.007360 657.288103
55.94502736589214 -3.185496517155648 W 55.94502736589214 -3.1857965171556484 698.007360 656.038103
55.94502736589214 -3.1857965171556484 WSW 55.94491256086243 -3.186073681015402 698.007360 654.788103
55.94491256086243 -3.186073681015402 W 55.94491256086243 -3.186373681015402 698.007360 653.538103
55.94491256086243 -3.186373681015402 WSW 55.94479775583272 -3.1866508448751554 698.007360 652.288103
55.94479775583272 -3.1866508448751554 W 55.94479775583272 -3.1869508448751556 698.007360 651.038103
55.94479775583272 -3.1869508448751556 WSW 55.944682950803006 -3.187228008734909 698.007360 649.788103
55.944682950803006 -3.187228008734909 W 55.944682950803006 -3.187528008734909 698.007360 648.538103
55.944682950803006 -3.187528008734909 WSW 55.944568145773296 -3.1878051725946626 698.007360 647.288103
55.944568145773296 -3.1878051725946626 W 55.944568145773296 -3.1881051725946628 698.007360 646.038103
55.944568145773296 -3.1881051725946628 WSW 55.944453340743586 -3.188382336454416 698.007360 644.788103
55.944453340743586 -3.188382336454416 W 55.944453340743586 -3.1886823364544163 698.007360 643.538103
55.944453340743586 -3.1886823364544163 WSW 55.944338535713875 -3.1889595003141697 674.179637 618.392169
55.944338535713875 -3.1889595003141697 W 55.944338535713875 -3.18925950031417 674.179637 617.142169
55.944338535713875 -3.18925950031417 WSW 55.944223730684165 -3.1895366641739233 674.179637 615.892169
55.944223730684165 -3.1895366641739233 W 55.944223730684165 -3.1898366641739235 674.179637 614.642169
55.944223730684165 -3.1898366641739235 WSW 55.944108925654454 -3.190113828033677 674.179637 613.392169
55.944108925654454 -3.190113828033677 W 55.944108925654454 -3.190413828033677 674.179637 612.142169
55.944108925654454 -3.190413828033677 WSW 55.943994120624744 -3.1906909918934305 674.179637 610.892169
55.943994120624744 -3.1906909918934305 W 55.943994120624744 -3.1909909918934307 674.179637 609.642169
55.943994120624744 -3.1909909918934307 WSW 55.943879315595034 -3.191268155753184 674.179637 608.392169
55.943879315595034 -3.191268155753184 N 55.944179315595036 -3.191268155753184 735.877149 628.506713
55.944179315595036 -3.191268155753184 N 55.94447931559504 -3.191268155753184 735.877149 627.256713
55.94447931559504 -3.191268155753184 N 55.94477931559504 -3.191268155753184 735.877149 626.006713
55.94477931559504 -3.191268155753184 N 55.945079315595045 -3.191268155753184 735.877149 624.756713
55.945079315595045 -3.191268155753184 SSW 55.94480215173529 -3.1913829607828936 799.807076 741.386323
55.94480215173529 -3.1913829607828936 SSW 55.94452498787553 -3.191497765812603 799.807076 740.136323
55.94452498787553 -3.191497765812603 ESE 55.94441018284582 -3.1912206019528497 891.901929 743.981487
55.94441018284582 -3.1912206019528497 ESE 55.94429537781611 -3.1909434380930963 891.901929 742.731487
55.94429537781611 -3.1909434380930963 ESE 55.9441805727864 -3.190666274233343 891.901929 741.481487
55.9441805727864 -3.190666274233343 ESE 55.94406576775669 -3.1903891103735895 891.901929 740.231487
55.94406576775669 -3.1903891103735895 ESE 55.94395096272698 -3.190111946513836 891.901929 738.981487
55.94395096272698 -3.190111946513836 ESE 55.94383615769727 -3.1898347826540827 891.901929 737.731487
55.94383615769727 -3.1898347826540827 ESE 55.94372135266756 -3.1895576187943293 891.901929 736.481487
55.94372135266756 -3.1895576187943293 ESE 55.94360654763785 -3.189280454934576 891.901929 735.231487
55.94360654763785 -3.189280454934576 ESE 55.94349174260814 -3.1890032910748225 891.901929 733.981487
55.94349174260814 -3.1890032910748225 ESE 55.94337693757843 -3.188726127215069 891.901929 732.731487
55.94337693757843 -3.188726127215069 ESE 55.94326213254872 -3.1884489633553157 891.901929 731.481487
55.94326213254872 -3.1884489633553157 ESE 55.94314732751901 -3.1881717994955623 891.901929 730.231487
55.94314732751901 -3.1881717994955623 ESE 55.9430325224893 -3.187894635635809 891.901929 728.981487
55.9430325224893 -3.187894635635809 ESE 55.942917717459586 -3.1876174717760555 891.901929 727.731487
55.942917717459586 -3.1876174717760555 ESE 55.942802912429876 -3.187340307916302 891.901929 726.481487
55.942802912429876 -3.187340307916302 ESE 55.942688107400166 -3.1870631440565487 891.901929 725.231487
55.942688107400166 -3.1870631440565487 NW 55.94290023943452 -3.1872752760909044 915.928584 841.078212
55.94290023943452 -3.1872752760909044 NW 55.94311237146888 -3.18748740812526 915.928584 839.828212
55.94311237146888 -3.18748740812526 NW 55.943324503503234 -3.187699540159616 915.928584 838.578212
55.943324503503234 -3.187699540159616 NW 55.94353663553759 -3.1879116721939718 915.928584 837.328212
55.94353663553759 -3.1879116721939718 NW 55.94374876757195 -3.1881238042283275 915.928584 836.078212
55.94374876757195 -3.1881238042283275 NW 55.9439608996063 -3.1883359362626833 915.928584 834.828212
55.9439608996063 -3.1883359362626833 WNW 55.94407570463601 -3.1886131001224367 915.928584 833.578212
55.94407570463601 -3.1886131001224367 NW 55.94428783667037 -3.1888252321567925 915.928584 832.328212
55.94428783667037 -3.1888252321567925 WNW 55.94440264170008 -3.189102396016546 915.928584 831.078212
55.94440264170008 -3.189102396016546 NW 55.944614773734436 -3.1893145280509017 915.928584 829.828212
55.944614773734436 -3.1893145280509017 WNW 55.94472957876415 -3.189591691910655 915.928584 828.578212
55.94472957876415 -3.189591691910655 NW 55.9449417107985 -3.189803823945011 915.928584 827.328212
55.9449417107985 -3.189803823945011 WNW 55.94505651582821 -3.1900809878047642 915.928584 826.078212
55.94505651582821 -3.1900809878047642 NW 55.94526864786257 -3.19029311983912 915.928584 824.828212
55.94526864786257 -3.19029311983912 WSW 55.94515384283286 -3.1905702836988734 1031.700965 909.635407
55.94515384283286 -3.1905702836988734 W 55.94515384283286 -3.1908702836988736 1031.700965 908.385407
55.94515384283286 -3.1908702836988736 W 55.94515384283286 -3.191170283698874 1031.700965 907.135407
55.94515384283286 -3.191170283698874 W 55.94515384283286 -3.191470283698874 1031.700965 905.885407
55.94515384283286 -3.191470283698874 W 55.94515384283286 -3.191770283698874 1031.700965 904.635407
55.94515384283286 -3.191770283698874 W 55.94515384283286 -3.1920702836988744 1031.700965 903.385407
55.94515384283286 -3.1920702836988744 WNW 55.94526864786257 -3.1923474475586278 1031.700965 902.135407
55.94526864786257 -3.1923474475586278 E 55.94526864786257 -3.1920474475586276 1117.127142 938.899205
55.94526864786257 -3.1920474475586276 E 55.94526864786257 -3.1917474475586274 1117.127142 937.649205
55.94526864786257 -3.1917474475586274 E 55.94526864786257 -3.191447447558627 1117.127142 936.399205
55.94526864786257 -3.191447447558627 E 55.94526864786257 -3.191147447558627 1117.127142 935.149205
55.94526864786257 -3.191147447558627 ESE 55.94515384283286 -3.1908702836988736 1117.127142 933.899205
55.94515384283286 -3.1908702836988736 E 55.94515384283286 -3.1905702836988734 1117.127142 932.649205
55.94515384283286 -3.1905702836988734 ESE 55.94503903780315 -3.19029311983912 1117.127142 931.399205
55.94503903780315 -3.19029311983912 E 55.94503903780315 -3.18999311983912 1117.127142 930.149205
55.94503903780315 -3.18999311983912 ESE 55.94492423277344 -3.1897159559793664 1117.127142 928.899205
55.94492423277344 -3.1897159559793664 E 55.94492423277344 -3.1894159559793662 1117.127142 927.649205
55.94492423277344 -3.1894159559793662 ESE 55.94480942774373 -3.189138792119613 1117.127142 926.399205
55.94480942774373 -3.189138792119613 E 55.94480942774373 -3.1888387921196126 1117.127142 925.149205
55.94480942774373 -3.1888387921196126 ESE 55.94469462271402 -3.1885616282598592 1117.127142 923.899205
55.94469462271402 -3.1885616282598592 E 55.94469462271402 -3.188261628259859 1117.127142 922.649205
55.94469462271402 -3.188261628259859 ESE 55.94457981768431 -3.1879844644001056 1117.127142 921.399205
55.94457981768431 -3.1879844644001056 E 55.94457981768431 -3.1876844644001054 1117.127142 920.149205
55.94457981768431 -3.1876844644001054 ESE 55.9444650126546 -3.187407300540352 1117.127142 918.899205
55.9444650126546 -3.187407300540352 E 55.9444650126546 -3.187107300540352 1117.127142 917.649205
55.9444650126546 -3.187107300540352 ESE 55.944350207624886 -3.1868301366805984 1117.127142 916.399205
55.944350207624886 -3.1868301366805984 E 55.944350207624886 -3.1865301366805983 1227.736111 986.560716
55.944350207624886 -3.1865301366805983 ESE 55.944235402595176 -3.186252972820845 1227.736111 985.310716
55.944235402595176 -3.186252972820845 E 55.944235402595176 -3.1859529728208447 1227.736111 984.060716
55.944235402595176 -3.1859529728208447 ESE 55.944120597565465 -3.1856758089610913 1227.736111 982.810716
55.944120597565465 -3.1856758089610913 E 55.944120597565465 -3.185375808961091 1227.736111 981.560716
55.944120597565465 -3.185375808961091 ESE 55.944005792535755 -3.1850986451013377 1227.736111 980.310716
55.944005792535755 -3.1850986451013377 E 55.944005792535755 -3.1847986451013375 1227.736111 979.060716
55.944005792535755 -3.1847986451013375 W 55.944005792535755 -3.1850986451013377 1313.611908 1053.825432
55.944005792535755 -3.1850986451013377 W 55.944005792535755 -3.185398645101338 1313.611908 1052.575432
55.944005792535755 -3.185398645101338 W 55.944005792535755 -3.185698645101338 1313.611908 1051.325432
55.944005792535755 -3.185698645101338 W 55.944005792535755 -3.1859986451013382 1313.611908 1050.075432
55.944005792535755 -3.1859986451013382 W 55.944005792535755 -3.1862986451013384 1313.611908 1048.825432
55.944005792535755 -3.1862986451013384 W 55.944005792535755 -3.1865986451013386 1345.273611 1127.146798
55.944005792535755 -3.1865986451013386 W 55.944005792535755 -3.186898645101339 1345.273611 1125.896798
55.944005792535755 -3.186898645101339 W 55.944005792535755 -3.187198645101339 1345.273611 1124.646798
55.944005792535755 -3.187198645101339 W 55.944005792535755 -3.187498645101339 1345.273611 1123.396798
55.944005792535755 -3.187498645101339 W 55.944005792535755 -3.1877986451013394 1345.273611 1122.146798
55.944005792535755 -3.1877986451013394 W 55.944005792535755 -3.1880986451013396 1345.273611 1120.896798
55.944005792535755 -3.1880986451013396 W 55.944005792535755 -3.1883986451013397 1345.273611 1119.646798
55.944005792535755 -3.1883986451013397 W 55.944005792535755 -3.18869864510134 1345.273611 1118.396798
55.944005792535755 -3.18869864510134 W 55.944005792535755 -3.18899864510134 1345.273611 1117.146798
55.944005792535755 -3.18899864510134 WNW 55.944120597565465 -3.1892758089610935 1345.273611 1115.896798
55.944120597565465 -3.1892758089610935 W 55.944120597565465 -3.1895758089610937 1345.273611 1114.646798
55.944120597565465 -3.1895758089610937 WNW 55.944235402595176 -3.189852972820847 1345.273611 1113.396798
55.944235402595176 -3.189852972820847 W 55.944235402595176 -3.1901529728208473 1345.273611 1112.146798
55.944235402595176 -3.1901529728208473 WNW 55.944350207624886 -3.1904301366806007 1345.273611 1110.896798
55.944350207624886 -3.1904301366806007 W 55.944350207624886 -3.190730136680601 1345.273611 1109.646798
55.944350207624886 -3.190730136680601 WNW 55.9444650126546 -3.1910073005403543 1345.273611 1108.396798
55.9444650126546 -3.1910073005403543 W 55.9444650126546 -3.1913073005403545 1345.273611 1107.146798
55.9444650126546 -3.1913073005403545 WNW 55.94457981768431 -3.191584464400108 1345.273611 1105.896798
55.94457981768431 -3.191584464400108 SW 55.94436768564995 -3.1917965964344637 1434.432358 1207.437603
55.94436768564995 -3.1917965964344637 ENE 55.94448249067966 -3.1915194325747103 1434.432358 1206.187603
55.94448249067966 -3.1915194325747103 ENE 55.94459729570937 -3.191242268714957 1434.432358 1204.937603
55.94459729570937 -3.191242268714957 ENE 55.94471210073908 -3.1909651048552035 1434.432358 1203.687603
55.94471210073908 -3.1909651048552035 ENE 55.94482690576879 -3.19068794099545 1434.432358 1202.437603
55.94482690576879 -3.19068794099545 ENE 55.9449417107985 -3.1904107771356967 1434.432358 1201.187603
55.9449417107985 -3.1904107771356967 ENE 55.94505651582821 -3.1901336132759432 1434.432358 1199.937603
55.94505651582821 -3.1901336132759432 ENE 55.94517132085792 -3.18985644941619 1434.432358 1198.687603
55.94517132085792 -3.18985644941619 NE 55.94538345289228 -3.189644317381834 1434.432358 1197.437603
55.94538345289228 -3.189644317381834 ENE 55.94549825792199 -3.1893671535220807 1434.432358 1196.187603
55.94549825792199 -3.1893671535220807 NE 55.945710389956346 -3.189155021487725 1434.432358 1194.937603
55.945710389956346 -3.189155021487725 ESE 55.945595584926636 -3.1888778576279715 1515.062846 1309.534080
55.945595584926636 -3.1888778576279715 E 55.945595584926636 -3.1885778576279713 1536.956042 1409.272995
55.945595584926636 -3.1885778576279713 E 55.945595584926636 -3.188277857627971 1536.956042 1408.022995
55.945595584926636 -3.188277857627971 ENE 55.945710389956346 -3.1880006937682177 1536.956042 1406.772995
55.945710389956346 -3.1880006937682177 E 55.945710389956346 -3.1877006937682175 1536.956042 1405.522995
55.945710389956346 -3.1877006937682175 WSW 55.945595584926636 -3.187977857627971 1547.790025 1486.842086
55.945595584926636 -3.187977857627971 WSW 55.945480779896926 -3.1882550214877243 1547.790025 1485.592086
55.945480779896926 -3.1882550214877243 WSW 55.945365974867215 -3.1885321853474777 1547.790025 1484.342086
55.945365974867215 -3.1885321853474777 WSW 55.945251169837505 -3.188809349207231 1547.790025 1483.092086
55.945251169837505 -3.188809349207231 WSW 55.945136364807794 -3.1890865130669845 1547.790025 1481.842086
55.945136364807794 -3.1890865130669845 WSW 55.945021559778084 -3.189363676926738 1547.790025 1480.592086
55.945021559778084 -3.189363676926738 WSW 55.944906754748374 -3.1896408407864913 1547.790025 1479.342086
55.944906754748374 -3.1896408407864913 WSW 55.94479194971866 -3.1899180046462448 1547.790025 1478.092086
55.94479194971866 -3.1899180046462448 WSW 55.94467714468895 -3.190195168505998 1547.790025 1476.842086
55.94467714468895 -3.190195168505998 WSW 55.94456233965924 -3.1904723323657516 1547.790025 1475.592086
55.94456233965924 -3.1904723323657516 WSW 55.94444753462953 -3.190749496225505 1547.790025 1474.342086
55.94444753462953 -3.190749496225505 WSW 55.94433272959982 -3.1910266600852584 1547.790025 1473.092086
55.94433272959982 -3.1910266600852584 WSW 55.94421792457011 -3.1913038239450118 1547.790025 1471.842086
55.94421792457011 -3.1913038239450118 WSW 55.9441031195404 -3.191580987804765 1547.790025 1470.592086
55.9441031195404 -3.191580987804765 WSW 55.94398831451069 -3.1918581516645186 1563.445232 1510.105513
55.94398831451069 -3.1918581516645186 NE 55.94420044654505 -3.191646019630163 1563.445232 1508.855513
