55.944425 -3.188396 ENE 55.94453980502971 -3.1881188361402466 0.000000 248.750000
55.94453980502971 -3.1881188361402466 ENE 55.94465461005942 -3.187841672280493 0.000000 247.500000
55.94465461005942 -3.187841672280493 ENE 55.944769415089134 -3.18756450842074 0.000000 246.250000
55.944769415089134 -3.18756450842074 ENE 55.944884220118844 -3.1872873445609864 0.000000 245.000000
55.944884220118844 -3.1872873445609864 ENE 55.944999025148554 -3.187010180701233 49.270928 256.824749
55.944999025148554 -3.187010180701233 ENE 55.945113830178265 -3.1867330168414796 0.000000 131.704170
55.945113830178265 -3.1867330168414796 ENE 55.945228635207975 -3.186455852981726 0.000000 130.454170
55.945228635207975 -3.186455852981726 ENE 55.945343440237686 -3.1861786891219728 0.000000 129.204170
55.945343440237686 -3.1861786891219728 ENE 55.945458245267396 -3.1859015252622194 0.000000 127.954170
55.945458245267396 -3.1859015252622194 S 55.94515824526739 -3.1859015252622194 113.887452 161.557950
55.94515824526739 -3.1859015252622194 S 55.94485824526739 -3.1859015252622194 220.206845 177.434411
55.94485824526739 -3.1859015252622194 S 55.94455824526739 -3.1859015252622194 235.925669 269.476424
55.94455824526739 -3.1859015252622194 SSE 55.94428108140763 -3.18578672023251 235.925669 268.226424
55.94428108140763 -3.18578672023251 S 55.94398108140763 -3.18578672023251 235.925669 266.976424
55.94398108140763 -3.18578672023251 SSE 55.94370391754787 -3.1856719152028004 235.925669 265.726424
55.94370391754787 -3.1856719152028004 S 55.94340391754787 -3.1856719152028004 313.140754 273.632146
55.94340391754787 -3.1856719152028004 SSE 55.94312675368811 -3.185557110173091 313.140754 272.382146
55.94312675368811 -3.185557110173091 NNE 55.94340391754787 -3.1854423051433813 348.280399 331.473396
55.94340391754787 -3.1854423051433813 NNE 55.943681081407625 -3.185327500113672 348.280399 330.223396
55.943681081407625 -3.185327500113672 NNE 55.94395824526738 -3.1852126950839623 348.280399 328.973396
55.94395824526738 -3.1852126950839623 NNE 55.94423540912714 -3.185097890054253 348.280399 327.723396
55.94423540912714 -3.185097890054253 NNE 55.944512572986895 -3.1849830850245433 348.280399 326.473396
55.944512572986895 -3.1849830850245433 NNE 55.94478973684665 -3.184868279994834 348.280399 325.223396
55.94478973684665 -3.184868279994834 NNE 55.94506690070641 -3.1847534749651243 348.280399 323.973396
55.94506690070641 -3.1847534749651243 WSW 55.9449520956767 -3.1850306388248777 381.073260 409.833400
55.9449520956767 -3.1850306388248777 WSW 55.94483729064699 -3.185307802684631 381.073260 408.583400
55.94483729064699 -3.185307802684631 WSW 55.94472248561728 -3.1855849665443845 381.073260 407.333400
55.94472248561728 -3.1855849665443845 WSW 55.944607680587566 -3.185862130404138 381.073260 406.083400
55.944607680587566 -3.185862130404138 WSW 55.944492875557856 -3.1861392942638913 381.073260 404.833400
55.944492875557856 -3.1861392942638913 WSW 55.944378070528145 -3.1864164581236447 381.073260 403.583400
55.944378070528145 -3.1864164581236447 WSW 55.944263265498435 -3.186693621983398 376.626411 298.084467
55.944263265498435 -3.186693621983398 WSW 55.944148460468725 -3.1869707858431515 487.235380 368.245978
55.944148460468725 -3.1869707858431515 WSW 55.944033655439014 -3.187247949702905 487.235380 366.995978
55.944033655439014 -3.187247949702905 WSW 55.943918850409304 -3.1875251135626583 487.235380 365.745978
55.943918850409304 -3.1875251135626583 WSW 55.94380404537959 -3.1878022774224117 487.235380 364.495978
55.94380404537959 -3.1878022774224117 WSW 55.94368924034988 -3.188079441282165 487.235380 363.245978
55.94368924034988 -3.188079441282165 WSW 55.94357443532017 -3.1883566051419185 487.235380 361.995978
55.94357443532017 -3.1883566051419185 WSW 55.94345963029046 -3.188633769001672 487.235380 360.745978
55.94345963029046 -3.188633769001672 WSW 55.94334482526075 -3.1889109328614254 487.235380 359.495978
55.94334482526075 -3.1889109328614254 SW 55.943132693226396 -3.189123064895781 543.873940 441.908020
55.943132693226396 -3.189123064895781 WSW 55.943017888196685 -3.1894002287555345 543.873940 440.658020
55.943017888196685 -3.1894002287555345 SW 55.94280575616233 -3.1896123607898903 543.873940 439.408020
55.94280575616233 -3.1896123607898903 WSW 55.94269095113262 -3.1898895246496437 543.873940 438.158020
55.94269095113262 -3.1898895246496437 NNE 55.942968114992375 -3.189774719619934 593.312373 506.740743
55.942968114992375 -3.189774719619934 NNE 55.94324527885213 -3.1896599145902247 547.916912 490.794122
55.94324527885213 -3.1896599145902247 NNE 55.94352244271189 -3.189545109560515 547.916912 489.544122
55.94352244271189 -3.189545109560515 NNE 55.943799606571645 -3.1894303045308057 547.916912 488.294122
55.943799606571645 -3.1894303045308057 NNE 55.9440767704314 -3.189315499501096 547.916912 487.044122
55.9440767704314 -3.189315499501096 NNE 55.94435393429116 -3.1892006944713867 547.916912 485.794122
55.94435393429116 -3.1892006944713867 NNE 55.944631098150914 -3.189085889441677 547.916912 484.544122
55.944631098150914 -3.189085889441677 NNE 55.94490826201067 -3.1889710844119676 547.916912 483.294122
55.94490826201067 -3.1889710844119676 N 55.945208262010674 -3.1889710844119676 547.916912 482.044122
55.945208262010674 -3.1889710844119676 NNE 55.94548542587043 -3.188856279382258 547.916912 480.794122
55.94548542587043 -3.188856279382258 W 55.94548542587043 -3.1891562793822583 569.810109 580.533036
55.94548542587043 -3.1891562793822583 W 55.94548542587043 -3.1894562793822585 650.440597 695.129514
55.94548542587043 -3.1894562793822585 W 55.94548542587043 -3.1897562793822587 650.440597 693.879514
55.94548542587043 -3.1897562793822587 W 55.94548542587043 -3.190056279382259 650.440597 692.629514
55.94548542587043 -3.190056279382259 W 55.94548542587043 -3.190356279382259 650.440597 691.379514
55.94548542587043 -3.190356279382259 WSW 55.94537062084072 -3.1906334432420125 766.212979 776.186709
55.94537062084072 -3.1906334432420125 W 55.94537062084072 -3.1909334432420127 766.212979 774.936709
55.94537062084072 -3.1909334432420127 WSW 55.94525581581101 -3.191210607101766 766.212979 773.686709
55.94525581581101 -3.191210607101766 NE 55.945467947845366 -3.1909984750674103 830.142905 890.316319
55.945467947845366 -3.1909984750674103 SW 55.94525581581101 -3.191210607101766 830.142905 889.066319
55.94525581581101 -3.191210607101766 ESE 55.9451410107813 -3.1909334432420127 830.142905 887.816319
55.9451410107813 -3.1909334432420127 ESE 55.94502620575159 -3.1906562793822593 830.142905 886.566319
55.94502620575159 -3.1906562793822593 ESE 55.94491140072188 -3.190379115522506 830.142905 885.316319
55.94491140072188 -3.190379115522506 ESE 55.94479659569217 -3.1901019516627525 830.142905 884.066319
55.94479659569217 -3.1901019516627525 ESE 55.94468179066246 -3.189824787802999 890.940631 919.334427
55.94468179066246 -3.189824787802999 ESE 55.94456698563275 -3.1895476239432456 987.022705 952.669513
55.94456698563275 -3.1895476239432456 ESE 55.94445218060304 -3.1892704600834922 987.022705 951.419513
55.94445218060304 -3.1892704600834922 ESE 55.944337375573326 -3.188993296223739 987.022705 950.169513
55.944337375573326 -3.188993296223739 ESE 55.944222570543616 -3.1887161323639854 963.194983 925.023578
55.944222570543616 -3.1887161323639854 ESE 55.944107765513905 -3.188438968504232 963.194983 923.773578
55.944107765513905 -3.188438968504232 ESE 55.943992960484195 -3.1881618046444786 963.194983 922.523578
55.943992960484195 -3.1881618046444786 E 55.943992960484195 -3.1878618046444784 1036.564370 998.602415
55.943992960484195 -3.1878618046444784 E 55.943992960484195 -3.1875618046444782 1010.621961 987.183933
55.943992960484195 -3.1875618046444782 E 55.943992960484195 -3.187261804644478 1010.621961 985.933933
55.943992960484195 -3.187261804644478 E 55.943992960484195 -3.186961804644478 1010.621961 984.683933
55.943992960484195 -3.186961804644478 E 55.943992960484195 -3.1866618046444777 1010.621961 983.433933
55.943992960484195 -3.1866618046444777 E 55.943992960484195 -3.1863618046444775 1010.621961 982.183933
55.943992960484195 -3.1863618046444775 E 55.943992960484195 -3.1860618046444773 1042.283665 1060.505299
55.943992960484195 -3.1860618046444773 E 55.943992960484195 -3.185761804644477 1042.283665 1059.255299
55.943992960484195 -3.185761804644477 E 55.943992960484195 -3.185461804644477 1042.283665 1058.005299
55.943992960484195 -3.185461804644477 E 55.943992960484195 -3.1851618046444767 1042.283665 1056.755299
55.943992960484195 -3.1851618046444767 E 55.943992960484195 -3.1848618046444765 1042.283665 1055.505299
55.943992960484195 -3.1848618046444765 ESE 55.943878155454485 -3.184584640784723 1042.283665 1054.255299
55.943878155454485 -3.184584640784723 W 55.943878155454485 -3.1848846407847233 1128.159462 1129.020015
55.943878155454485 -3.1848846407847233 W 55.943878155454485 -3.1851846407847235 1128.159462 1127.770015
55.943878155454485 -3.1851846407847235 W 55.943878155454485 -3.1854846407847237 1128.159462 1126.520015
55.943878155454485 -3.1854846407847237 W 55.943878155454485 -3.185784640784724 1128.159462 1125.270015
55.943878155454485 -3.185784640784724 W 55.943878155454485 -3.186084640784724 1128.159462 1124.020015
55.943878155454485 -3.186084640784724 W 55.943878155454485 -3.1863846407847243 1128.159462 1122.770015
55.943878155454485 -3.1863846407847243 W 55.943878155454485 -3.1866846407847245 1128.159462 1121.520015
55.943878155454485 -3.1866846407847245 W 55.943878155454485 -3.1869846407847247 1128.159462 1120.270015
55.943878155454485 -3.1869846407847247 WNW 55.943992960484195 -3.187261804644478 1128.159462 1119.020015
55.943992960484195 -3.187261804644478 W 55.943992960484195 -3.1875618046444782 1128.159462 1117.770015
55.943992960484195 -3.1875618046444782 WNW 55.944107765513905 -3.1878389685042317 1128.159462 1116.520015
55.944107765513905 -3.1878389685042317 W 55.944107765513905 -3.188138968504232 1128.159462 1115.270015
55.944107765513905 -3.188138968504232 WNW 55.944222570543616 -3.1884161323639852 1128.159462 1114.020015
55.944222570543616 -3.1884161323639852 W 55.944222570543616 -3.1887161323639854 1128.159462 1112.770015
55.944222570543616 -3.1887161323639854 WNW 55.944337375573326 -3.188993296223739 1128.159462 1111.520015
55.944337375573326 -3.188993296223739 W 55.944337375573326 -3.189293296223739 1128.159462 1110.270015
55.944337375573326 -3.189293296223739 WNW 55.94445218060304 -3.1895704600834924 1128.159462 1109.020015
55.94445218060304 -3.1895704600834924 W 55.94445218060304 -3.1898704600834926 1128.159462 1107.770015
55.94445218060304 -3.1898704600834926 SW 55.94424004856868 -3.1900825921178484 1138.936964 1168.262237
55.94424004856868 -3.1900825921178484 SSW 55.943962884708924 -3.190197397147558 1138.936964 1167.012237
55.943962884708924 -3.190197397147558 SW 55.94375075267457 -3.1904095291819137 1138.936964 1165.762237
55.94375075267457 -3.1904095291819137 SSW 55.94347358881481 -3.190524334211623 1138.936964 1164.512237
55.94347358881481 -3.190524334211623 SW 55.943261456780455 -3.190736466245979 1138.936964 1163.262237
55.943261456780455 -3.190736466245979 SSW 55.9429842929207 -3.1908512712756885 1138.936964 1162.012237
55.9429842929207 -3.1908512712756885 SW 55.94277216088634 -3.1910634033100442 1138.936964 1160.762237
55.94277216088634 -3.1910634033100442 SSW 55.942494997026586 -3.1911782083397537 1216.592381 1243.004116
55.942494997026586 -3.1911782083397537 NNE 55.94277216088634 -3.1910634033100442 1216.592381 1241.754116
55.94277216088634 -3.1910634033100442 NNW 55.9430493247461 -3.1911782083397537 1216.592381 1240.504116
55.9430493247461 -3.1911782083397537 NNW 55.943326488605855 -3.1912930133694632 1216.592381 1239.254116
55.943326488605855 -3.1912930133694632 NNW 55.94360365246561 -3.1914078183991728 1148.139405 1234.054460
55.94360365246561 -3.1914078183991728 N 55.943903652465615 -3.1914078183991728 1209.836917 1254.169005
55.943903652465615 -3.1914078183991728 NNW 55.94418081632537 -3.1915226234288823 1254.150957 1258.532638
55.94418081632537 -3.1915226234288823 NNW 55.94445798018513 -3.1916374284585918 1269.806164 1298.046065
55.94445798018513 -3.1916374284585918 N 55.94475798018513 -3.1916374284585918 1358.964910 1399.586870
55.94475798018513 -3.1916374284585918 ENE 55.94487278521484 -3.1913602645988384 1358.964910 1398.336870
55.94487278521484 -3.1913602645988384 ENE 55.94498759024455 -3.191083100739085 1358.964910 1397.086870
55.94498759024455 -3.191083100739085 ENE 55.94510239527426 -3.1908059368793316 1358.964910 1395.836870
55.94510239527426 -3.1908059368793316 ENE 55.94521720030397 -3.190528773019578 1358.964910 1394.586870
55.94521720030397 -3.190528773019578 E 55.94521720030397 -3.190228773019578 1358.964910 1393.336870
55.94521720030397 -3.190228773019578 ENE 55.94533200533368 -3.1899516091598246 1358.964910 1392.086870
55.94533200533368 -3.1899516091598246 E 55.94533200533368 -3.1896516091598244 1358.964910 1390.836870
55.94533200533368 -3.1896516091598244 ENE 55.94544681036339 -3.189374445300071 1358.964910 1389.586870
55.94544681036339 -3.189374445300071 E 55.94544681036339 -3.189074445300071 1358.964910 1388.336870
55.94544681036339 -3.189074445300071 ENE 55.9455616153931 -3.1887972814403174 1358.964910 1387.086870
55.9455616153931 -3.1887972814403174 E 55.9455616153931 -3.188497281440317 1358.964910 1385.836870
55.9455616153931 -3.188497281440317 ENE 55.945676420422814 -3.188220117580564 1358.964910 1384.586870
55.945676420422814 -3.188220117580564 E 55.945676420422814 -3.1879201175805636 1358.964910 1383.336870
55.945676420422814 -3.1879201175805636 ENE 55.945791225452524 -3.18764295372081 1358.964910 1382.086870
55.945791225452524 -3.18764295372081 SE 55.94557909341817 -3.1874308216864544 1369.798893 1463.405961
55.94557909341817 -3.1874308216864544 WSW 55.94546428838846 -3.187707985546208 1369.798893 1462.155961
55.94546428838846 -3.187707985546208 WSW 55.94534948335875 -3.1879851494059612 1369.798893 1460.905961
55.94534948335875 -3.1879851494059612 WSW 55.94523467832904 -3.1882623132657146 1369.798893 1459.655961
55.94523467832904 -3.1882623132657146 WSW 55.945119873299326 -3.188539477125468 1369.798893 1458.405961
55.945119873299326 -3.188539477125468 WSW 55.945005068269616 -3.1888166409852214 1369.798893 1457.155961
55.945005068269616 -3.1888166409852214 W 55.945005068269616 -3.1891166409852216 1336.663744 1381.456542
55.945005068269616 -3.1891166409852216 WSW 55.944890263239905 -3.189393804844975 1336.663744 1380.206542
55.944890263239905 -3.189393804844975 W 55.944890263239905 -3.1896938048449752 1336.663744 1378.956542
55.944890263239905 -3.1896938048449752 WSW 55.944775458210195 -3.1899709687047286 1336.663744 1377.706542
55.944775458210195 -3.1899709687047286 W 55.944775458210195 -3.190270968704729 1336.663744 1376.456542
55.944775458210195 -3.190270968704729 WSW 55.944660653180485 -3.190548132564482 1336.663744 1375.206542
55.944660653180485 -3.190548132564482 W 55.944660653180485 -3.1908481325644824 1336.663744 1373.956542
55.944660653180485 -3.1908481325644824 WSW 55.944545848150774 -3.191125296424236 1336.663744 1372.706542
55.944545848150774 -3.191125296424236 W 55.944545848150774 -3.191425296424236 1336.663744 1371.456542
55.944545848150774 -3.191425296424236 ESE 55.944431043121064 -3.1911481325644826 1428.758597 1375.301706
55.944431043121064 -3.1911481325644826 ESE 55.94431623809135 -3.190870968704729 1428.758597 1374.051706
55.94431623809135 -3.190870968704729 ESE 55.94420143306164 -3.190593804844976 1428.758597 1372.801706
55.94420143306164 -3.190593804844976 ESE 55.94408662803193 -3.1903166409852224 1451.052711 1382.610270
55.94408662803193 -3.1903166409852224 ESE 55.94397182300222 -3.190039477125469 1451.052711 1381.360270
55.94397182300222 -3.190039477125469 ESE 55.94385701797251 -3.1897623132657156 1451.052711 1380.110270
55.94385701797251 -3.1897623132657156 ESE 55.9437422129428 -3.189485149405962 1451.052711 1378.860270
55.9437422129428 -3.189485149405962 ESE 55.94362740791309 -3.1892079855462088 1451.052711 1377.610270
55.94362740791309 -3.1892079855462088 ESE 55.94351260288338 -3.1889308216864554 1451.052711 1376.360270
55.94351260288338 -3.1889308216864554 ESE 55.94339779785367 -3.188653657826702 1451.052711 1375.110270
55.94339779785367 -3.188653657826702 ESE 55.94328299282396 -3.1883764939669486 1451.052711 1373.860270
55.94328299282396 -3.1883764939669486 ESE 55.94316818779425 -3.188099330107195 1451.052711 1372.610270
55.94316818779425 -3.188099330107195 ESE 55.94305338276454 -3.1878221662474417 1451.052711 1371.360270
55.94305338276454 -3.1878221662474417 ESE 55.94293857773483 -3.1875450023876883 1451.052711 1370.110270
55.94293857773483 -3.1875450023876883 ESE 55.94282377270512 -3.187267838527935 1451.052711 1368.860270
55.94282377270512 -3.187267838527935 ESE 55.94270896767541 -3.1869906746681815 1451.052711 1367.610270
55.94270896767541 -3.1869906746681815 WNW 55.94282377270512 -3.187267838527935 1475.079366 1483.456996
55.94282377270512 -3.187267838527935 WNW 55.94293857773483 -3.1875450023876883 1475.079366 1482.206996
55.94293857773483 -3.1875450023876883 WNW 55.94305338276454 -3.1878221662474417 1475.079366 1480.956996
55.94305338276454 -3.1878221662474417 WNW 55.94316818779425 -3.188099330107195 1475.079366 1479.706996
55.94316818779425 -3.188099330107195 WNW 55.94328299282396 -3.1883764939669486 1475.079366 1478.456996
55.94328299282396 -3.1883764939669486 WNW 55.94339779785367 -3.188653657826702 1475.079366 1477.206996
55.94339779785367 -3.188653657826702 WNW 55.94351260288338 -3.1889308216864554 1475.079366 1475.956996
55.94351260288338 -3.1889308216864554 WNW 55.94362740791309 -3.1892079855462088 1475.079366 1474.706996
55.94362740791309 -3.1892079855462088 WNW 55.9437422129428 -3.189485149405962 1475.079366 1473.456996
55.9437422129428 -3.189485149405962 WNW 55.94385701797251 -3.1897623132657156 1475.079366 1472.206996
55.94385701797251 -3.1897623132657156 WNW 55.94397182300222 -3.190039477125469 1475.079366 1470.956996
55.94397182300222 -3.190039477125469 WNW 55.94408662803193 -3.1903166409852224 1475.079366 1469.706996
55.94408662803193 -3.1903166409852224 WNW 55.94420143306164 -3.190593804844976 1475.079366 1468.456996
55.94420143306164 -3.190593804844976 WNW 55.94431623809135 -3.190870968704729 1475.079366 1467.206996
55.94431623809135 -3.190870968704729 WNW 55.944431043121064 -3.1911481325644826 1475.079366 1465.956996
55.944431043121064 -3.1911481325644826 WNW 55.944545848150774 -3.191425296424236 1475.079366 1464.706996
55.944545848150774 -3.191425296424236 NW 55.94475798018513 -3.1916374284585918 1475.079366 1463.456996
55.94475798018513 -3.1916374284585918 WNW 55.94487278521484 -3.191914592318345 1475.079366 1462.206996
55.94487278521484 -3.191914592318345 NW 55.9450849172492 -3.192126724352701 1475.079366 1460.956996
55.9450849172492 -3.192126724352701 WNW 55.94519972227891 -3.1924038882124544 1475.079366 1459.706996
55.94519972227891 -3.1924038882124544 E 55.94519972227891 -3.192103888212454 1560.505542 1496.470793
55.94519972227891 -3.192103888212454 E 55.94519972227891 -3.191803888212454 1560.505542 1495.220793
55.94519972227891 -3.191803888212454 E 55.94519972227891 -3.191503888212454 1560.505542 1493.970793
55.94519972227891 -3.191503888212454 E 55.94519972227891 -3.1912038882124536 1560.505542 1492.720793
55.94519972227891 -3.1912038882124536 E 55.94519972227891 -3.1909038882124534 1560.505542 1491.470793
55.94519972227891 -3.1909038882124534 E 55.94519972227891 -3.190603888212453 1560.505542 1490.220793
55.94519972227891 -3.190603888212453 E 55.94519972227891 -3.190303888212453 1560.505542 1488.970793
55.94519972227891 -3.190303888212453 E 55.94519972227891 -3.190003888212453 1560.505542 1487.720793
55.94519972227891 -3.190003888212453 E 55.94519972227891 -3.1897038882124527 1560.505542 1486.470793
55.94519972227891 -3.1897038882124527 E 55.94519972227891 -3.1894038882124525 1560.505542 1485.220793
55.94519972227891 -3.1894038882124525 E 55.94519972227891 -3.1891038882124523 1560.505542 1483.970793
55.94519972227891 -3.1891038882124523 E 55.94519972227891 -3.188803888212452 1560.505542 1482.720793
55.94519972227891 -3.188803888212452 E 55.94519972227891 -3.188503888212452 1560.505542 1481.470793
55.94519972227891 -3.188503888212452 E 55.94519972227891 -3.1882038882124517 1560.505542 1480.220793
55.94519972227891 -3.1882038882124517 E 55.94519972227891 -3.1879038882124515 1560.505542 1478.970793
55.94519972227891 -3.1879038882124515 E 55.94519972227891 -3.1876038882124513 1560.505542 1477.720793
55.94519972227891 -3.1876038882124513 E 55.94519972227891 -3.187303888212451 1560.505542 1476.470793
55.94519972227891 -3.187303888212451 ENE 55.94531452730862 -3.1870267243526977 1560.505542 1475.220793
55.94531452730862 -3.1870267243526977 E 55.94531452730862 -3.1867267243526975 1560.505542 1473.970793
55.94531452730862 -3.1867267243526975 ENE 55.94542933233833 -3.186449560492944 1560.505542 1472.720793
55.94542933233833 -3.186449560492944 E 55.94542933233833 -3.186149560492944 1469.847782 1449.435094
55.94542933233833 -3.186149560492944 ENE 55.94554413736804 -3.1858723966331906 1469.847782 1448.185094
55.94554413736804 -3.1858723966331906 E 55.94554413736804 -3.1855723966331904 1469.847782 1446.935094
55.94554413736804 -3.1855723966331904 ENE 55.94565894239775 -3.185295232773437 1469.847782 1445.685094
55.94565894239775 -3.185295232773437 E 55.94565894239775 -3.1849952327734368 1469.847782 1444.435094
55.94565894239775 -3.1849952327734368 ENE 55.94577374742746 -3.1847180689136834 1469.847782 1443.185094
55.94577374742746 -3.1847180689136834 E 55.94577374742746 -3.184418068913683 1469.847782 1441.935094
55.94577374742746 -3.184418068913683 NE 55.945985879461816 -3.1842059368793274 1539.306296 1556.769491
55.945985879461816 -3.1842059368793274 SW 55.94577374742746 -3.184418068913683 1539.306296 1555.519491
55.94577374742746 -3.184418068913683 SSW 55.9454965835677 -3.1845328739433927 1539.306296 1554.269491
55.9454965835677 -3.1845328739433927 WNW 55.94561138859741 -3.184810037803146 1539.306296 1553.019491
55.94561138859741 -3.184810037803146 S 55.94531138859741 -3.184810037803146 1539.306296 1551.769491
55.94531138859741 -3.184810037803146 NE 55.94552352063177 -3.1845979057687903 1489.198695 1431.989837
55.94552352063177 -3.1845979057687903 ESE 55.945408715602056 -3.184320741909037 1489.198695 1430.739837
55.945408715602056 -3.184320741909037 WSW 55.945293910572346 -3.1845979057687903 1489.198695 1429.489837
55.945293910572346 -3.1845979057687903 W 55.945293910572346 -3.1848979057687905 1489.198695 1428.239837
55.945293910572346 -3.1848979057687905 NNW 55.9455710744321 -3.1850127107985 1489.198695 1426.989837
55.9455710744321 -3.1850127107985 SE 55.945358942397746 -3.1848005787641442 1489.198695 1425.739837
55.945358942397746 -3.1848005787641442 SSW 55.94508177853799 -3.1849153837938537 1489.198695 1424.489837
55.94508177853799 -3.1849153837938537 S 55.94478177853799 -3.1849153837938537 1489.198695 1423.239837
55.94478177853799 -3.1849153837938537 WNW 55.9448965835677 -3.185192547653607 1489.198695 1421.989837
55.9448965835677 -3.185192547653607 WSW 55.94478177853799 -3.1854697115133606 1489.198695 1420.739837
55.94478177853799 -3.1854697115133606 NNE 55.94505894239774 -3.185354906483651 1489.198695 1419.489837
55.94505894239774 -3.185354906483651 SE 55.94484681036339 -3.1851427744492953 1489.198695 1418.239837
55.94484681036339 -3.1851427744492953 S 55.944546810363384 -3.1851427744492953 1489.198695 1416.989837
55.944546810363384 -3.1851427744492953 NNW 55.94482397422314 -3.185257579479005 1489.198695 1415.739837
55.94482397422314 -3.185257579479005 SW 55.944611842188785 -3.1854697115133606 1489.198695 1414.489837
55.944611842188785 -3.1854697115133606 S 55.94431184218878 -3.1854697115133606 1489.198695 1413.239837
55.94431184218878 -3.1854697115133606 NNW 55.94458900604854 -3.18558451654307 1489.198695 1411.989837
55.94458900604854 -3.18558451654307 SW 55.94437687401418 -3.185796648577426 1489.198695 1410.739837
55.94437687401418 -3.185796648577426 ESE 55.94426206898447 -3.1855194847176724 1489.198695 1409.489837
55.94426206898447 -3.1855194847176724 ESE 55.94414726395476 -3.185242320857919 1489.198695 1408.239837
55.94414726395476 -3.185242320857919 ESE 55.94403245892505 -3.1849651569981656 1489.198695 1406.989837
55.94403245892505 -3.1849651569981656 ENE 55.94414726395476 -3.184687993138412 1489.198695 1405.739837
55.94414726395476 -3.184687993138412 WNW 55.94426206898447 -3.1849651569981656 1489.198695 1404.489837
55.94426206898447 -3.1849651569981656 NNW 55.94453923284423 -3.185079962027875 1489.198695 1403.239837
55.94453923284423 -3.185079962027875 SSW 55.94426206898447 -3.1851947670575846 1489.198695 1401.989837
55.94426206898447 -3.1851947670575846 WSW 55.94414726395476 -3.185471930917338 1489.198695 1400.739837
55.94414726395476 -3.185471930917338 SSW 55.943870100095005 -3.1855867359470476 1489.198695 1399.489837
55.943870100095005 -3.1855867359470476 ENE 55.943984905124715 -3.185309572087294 1489.198695 1398.239837
55.943984905124715 -3.185309572087294 NW 55.94419703715907 -3.18552170412165 1489.198695 1396.989837
55.94419703715907 -3.18552170412165 ENE 55.94431184218878 -3.1852445402618965 1489.198695 1395.739837
55.94431184218878 -3.1852445402618965 NNE 55.94458900604854 -3.185129735232187 1489.198695 1394.489837
55.94458900604854 -3.185129735232187 NNW 55.944866169908295 -3.1852445402618965 1489.198695 1393.239837
55.944866169908295 -3.1852445402618965 W 55.944866169908295 -3.1855445402618967 1489.198695 1391.989837
