55.944425 -3.188396 ENE 55.94453980502971 -3.1881188361402466 0.000000 248.750000
55.94453980502971 -3.1881188361402466 ENE 55.94465461005942 -3.187841672280493 0.000000 247.500000
55.94465461005942 -3.187841672280493 ENE 55.944769415089134 -3.18756450842074 0.000000 246.250000
55.944769415089134 -3.18756450842074 ENE 55.944884220118844 -3.1872873445609864 0.000000 245.000000
55.944884220118844 -3.1872873445609864 ENE 55.944999025148554 -3.187010180701233 49.270928 256.824749
55.944999025148554 -3.187010180701233 ENE 55.945113830178265 -3.1867330168414796 0.000000 131.704170
55.945113830178265 -3.1867330168414796 ENE 55.945228635207975 -3.186455852981726 0.000000 130.454170
55.945228635207975 -3.186455852981726 ENE 55.945343440237686 -3.1861786891219728 0.000000 129.204170
55.945343440237686 -3.1861786891219728 ENE 55.945458245267396 -3.1859015252622194 0.000000 127.954170
55.945458245267396 -3.1859015252622194 S 55.94515824526739 -3.1859015252622194 113.887452 161.557950
55.94515824526739 -3.1859015252622194 S 55.94485824526739 -3.1859015252622194 220.206845 177.434411
55.94485824526739 -3.1859015252622194 S 55.94455824526739 -3.1859015252622194 235.925669 269.476424
55.94455824526739 -3.1859015252622194 SSE 55.94428108140763 -3.18578672023251 235.925669 268.226424
55.94428108140763 -3.18578672023251 S 55.94398108140763 -3.18578672023251 235.925669 266.976424
55.94398108140763 -3.18578672023251 SSE 55.94370391754787 -3.1856719152028004 235.925669 265.726424
55.94370391754787 -3.1856719152028004 S 55.94340391754787 -3.1856719152028004 313.140754 273.632146
55.94340391754787 -3.1856719152028004 SSE 55.94312675368811 -3.185557110173091 313.140754 272.382146
55.94312675368811 -3.185557110173091 WNW 55.94324155871782 -3.1858342740328442 348.280399 331.473396
55.94324155871782 -3.1858342740328442 WNW 55.94335636374753 -3.1861114378925977 348.280399 330.223396
55.94335636374753 -3.1861114378925977 WNW 55.94347116877724 -3.186388601752351 348.280399 328.973396
55.94347116877724 -3.186388601752351 WNW 55.943585973806954 -3.1866657656121045 348.280399 327.723396
55.943585973806954 -3.1866657656121045 WNW 55.943700778836664 -3.186942929471858 348.280399 326.473396
55.943700778836664 -3.186942929471858 WNW 55.943815583866375 -3.1872200933316113 343.453795 266.180123
55.943815583866375 -3.1872200933316113 WNW 55.943930388896085 -3.1874972571913647 343.453795 264.930123
55.943930388896085 -3.1874972571913647 WNW 55.944045193925795 -3.187774421051118 343.453795 263.680123
55.944045193925795 -3.187774421051118 WNW 55.944159998955506 -3.1880515849108715 343.453795 262.430123
55.944159998955506 -3.1880515849108715 WNW 55.944274803985216 -3.188328748770625 317.511386 251.011641
55.944274803985216 -3.188328748770625 W 55.944274803985216 -3.188628748770625 317.511386 249.761641
55.944274803985216 -3.188628748770625 WNW 55.94438960901493 -3.1889059126303785 293.683664 224.615706
55.94438960901493 -3.1889059126303785 W 55.94438960901493 -3.1892059126303787 293.683664 223.365706
55.94438960901493 -3.1892059126303787 WNW 55.94450441404464 -3.189483076490132 293.683664 222.115706
55.94450441404464 -3.189483076490132 W 55.94450441404464 -3.1897830764901323 293.683664 220.865706
55.94450441404464 -3.1897830764901323 WNW 55.94461921907435 -3.1900602403498857 389.765739 254.200792
55.94461921907435 -3.1900602403498857 W 55.94461921907435 -3.190360240349886 400.543241 314.693014
55.94461921907435 -3.190360240349886 W 55.94461921907435 -3.190660240349886 461.340966 349.961122
55.94461921907435 -3.190660240349886 W 55.94461921907435 -3.1909602403498862 461.340966 348.711122
55.94461921907435 -3.1909602403498862 W 55.94461921907435 -3.1912602403498864 461.340966 347.461122
55.94461921907435 -3.1912602403498864 WSW 55.94450441404464 -3.19153740420964 461.340966 346.211122
55.94450441404464 -3.19153740420964 SSE 55.94422725018488 -3.1914225991799303 553.435819 350.056286
55.94422725018488 -3.1914225991799303 SSE 55.943950086325124 -3.191307794150221 553.435819 348.806286
55.943950086325124 -3.191307794150221 S 55.94365008632512 -3.191307794150221 597.749859 353.169919
55.94365008632512 -3.191307794150221 SSE 55.943372922465365 -3.1911929891205113 659.447371 373.284464
55.943372922465365 -3.1911929891205113 S 55.94307292246536 -3.1911929891205113 590.994394 368.084808
55.94307292246536 -3.1911929891205113 SSE 55.942795758605605 -3.191078184090802 590.994394 366.834808
55.942795758605605 -3.191078184090802 E 55.942795758605605 -3.1907781840908016 668.649812 449.076687
55.942795758605605 -3.1907781840908016 E 55.942795758605605 -3.1904781840908014 668.649812 447.826687
55.942795758605605 -3.1904781840908014 E 55.942795758605605 -3.1901781840908012 668.649812 446.576687
55.942795758605605 -3.1901781840908012 E 55.942795758605605 -3.189878184090801 668.649812 445.326687
55.942795758605605 -3.189878184090801 E 55.942795758605605 -3.189578184090801 718.088245 513.909410
55.942795758605605 -3.189578184090801 E 55.942795758605605 -3.1892781840908007 718.088245 512.659410
55.942795758605605 -3.1892781840908007 E 55.942795758605605 -3.1889781840908005 718.088245 511.409410
55.942795758605605 -3.1889781840908005 E 55.942795758605605 -3.1886781840908003 718.088245 510.159410
55.942795758605605 -3.1886781840908003 E 55.942795758605605 -3.1883781840908 718.088245 508.909410
55.942795758605605 -3.1883781840908 E 55.942795758605605 -3.1880781840908 718.088245 507.659410
55.942795758605605 -3.1880781840908 E 55.942795758605605 -3.1877781840907997 718.088245 506.409410
55.942795758605605 -3.1877781840907997 E 55.942795758605605 -3.1874781840907995 718.088245 505.159410
55.942795758605605 -3.1874781840907995 ESE 55.942680953575895 -3.187201020231046 718.088245 503.909410
55.942680953575895 -3.187201020231046 ENE 55.942795758605605 -3.1869238563712927 742.114900 619.756136
55.942795758605605 -3.1869238563712927 ENE 55.942910563635316 -3.1866466925115393 742.114900 618.506136
55.942910563635316 -3.1866466925115393 ENE 55.943025368665026 -3.186369528651786 710.648070 557.608466
55.943025368665026 -3.186369528651786 ENE 55.94314017369474 -3.1860923647920325 710.648070 556.358466
55.94314017369474 -3.1860923647920325 ENE 55.94325497872445 -3.185815200932279 710.648070 555.108466
55.94325497872445 -3.185815200932279 ENE 55.94336978375416 -3.1855380370725257 710.648070 553.858466
55.94336978375416 -3.1855380370725257 ENE 55.94348458878387 -3.1852608732127723 710.648070 552.608466
55.94348458878387 -3.1852608732127723 NE 55.943696720818224 -3.1850487411784165 710.648070 551.358466
55.943696720818224 -3.1850487411784165 ENE 55.943811525847934 -3.184771577318663 710.648070 550.108466
55.943811525847934 -3.184771577318663 W 55.943811525847934 -3.1850715773186633 796.523867 624.873182
55.943811525847934 -3.1850715773186633 W 55.943811525847934 -3.1853715773186635 796.523867 623.623182
55.943811525847934 -3.1853715773186635 W 55.943811525847934 -3.1856715773186637 796.523867 622.373182
55.943811525847934 -3.1856715773186637 W 55.943811525847934 -3.185971577318664 796.523867 621.123182
55.943811525847934 -3.185971577318664 W 55.943811525847934 -3.186271577318664 796.523867 619.873182
55.943811525847934 -3.186271577318664 W 55.943811525847934 -3.1865715773186643 828.185570 698.194548
55.943811525847934 -3.1865715773186643 W 55.943811525847934 -3.1868715773186644 828.185570 696.944548
55.943811525847934 -3.1868715773186644 W 55.943811525847934 -3.1871715773186646 828.185570 695.694548
55.943811525847934 -3.1871715773186646 W 55.943811525847934 -3.187471577318665 828.185570 694.444548
55.943811525847934 -3.187471577318665 W 55.943811525847934 -3.187771577318665 828.185570 693.194548
55.943811525847934 -3.187771577318665 W 55.943811525847934 -3.188071577318665 828.185570 691.944548
55.943811525847934 -3.188071577318665 WNW 55.943926330877645 -3.1883487411784186 901.554958 768.023385
55.943926330877645 -3.1883487411784186 W 55.943926330877645 -3.188648741178419 901.554958 766.773385
55.943926330877645 -3.188648741178419 WNW 55.944041135907355 -3.188925905038172 901.554958 765.523385
55.944041135907355 -3.188925905038172 W 55.944041135907355 -3.1892259050381724 901.554958 764.273385
55.944041135907355 -3.1892259050381724 WNW 55.944155940937065 -3.189503068897926 901.554958 763.023385
55.944155940937065 -3.189503068897926 W 55.944155940937065 -3.189803068897926 901.554958 761.773385
55.944155940937065 -3.189803068897926 WNW 55.944270745966776 -3.1900802327576794 901.554958 760.523385
55.944270745966776 -3.1900802327576794 W 55.944270745966776 -3.1903802327576796 901.554958 759.273385
55.944270745966776 -3.1903802327576796 WNW 55.944385550996486 -3.190657396617433 901.554958 758.023385
55.944385550996486 -3.190657396617433 W 55.944385550996486 -3.190957396617433 901.554958 756.773385
55.944385550996486 -3.190957396617433 WNW 55.9445003560262 -3.1912345604771866 901.554958 755.523385
55.9445003560262 -3.1912345604771866 W 55.9445003560262 -3.1915345604771868 901.554958 754.273385
55.9445003560262 -3.1915345604771868 E 55.9445003560262 -3.1912345604771866 901.554958 753.023385
55.9445003560262 -3.1912345604771866 E 55.9445003560262 -3.1909345604771864 901.554958 751.773385
55.9445003560262 -3.1909345604771864 E 55.9445003560262 -3.190634560477186 901.554958 750.523385
55.9445003560262 -3.190634560477186 E 55.9445003560262 -3.190334560477186 901.554958 749.273385
55.9445003560262 -3.190334560477186 E 55.9445003560262 -3.190034560477186 901.554958 748.023385
55.9445003560262 -3.190034560477186 E 55.9445003560262 -3.1897345604771856 901.554958 746.773385
55.9445003560262 -3.1897345604771856 E 55.9445003560262 -3.1894345604771854 901.554958 745.523385
55.9445003560262 -3.1894345604771854 E 55.9445003560262 -3.1891345604771852 901.554958 744.273385
55.9445003560262 -3.1891345604771852 E 55.9445003560262 -3.188834560477185 901.554958 743.023385
55.9445003560262 -3.188834560477185 E 55.9445003560262 -3.188534560477185 901.554958 741.773385
55.9445003560262 -3.188534560477185 E 55.9445003560262 -3.1882345604771847 901.554958 740.523385
55.9445003560262 -3.1882345604771847 E 55.9445003560262 -3.1879345604771845 901.554958 739.273385
55.9445003560262 -3.1879345604771845 ESE 55.944385550996486 -3.187657396617431 901.554958 738.023385
55.944385550996486 -3.187657396617431 E 55.944385550996486 -3.187357396617431 901.554958 736.773385
55.944385550996486 -3.187357396617431 ESE 55.944270745966776 -3.1870802327576775 901.554958 735.523385
55.944270745966776 -3.1870802327576775 E 55.944270745966776 -3.1867802327576773 901.554958 734.273385
55.944270745966776 -3.1867802327576773 W 55.944270745966776 -3.1870802327576775 1012.163927 804.434896
55.944270745966776 -3.1870802327576775 W 55.944270745966776 -3.1873802327576777 1012.163927 803.184896
55.944270745966776 -3.1873802327576777 W 55.944270745966776 -3.187680232757678 1012.163927 801.934896
55.944270745966776 -3.187680232757678 WNW 55.944385550996486 -3.1879573966174313 1012.163927 800.684896
55.944385550996486 -3.1879573966174313 W 55.944385550996486 -3.1882573966174315 1012.163927 799.434896
55.944385550996486 -3.1882573966174315 WNW 55.9445003560262 -3.188534560477185 1012.163927 798.184896
55.9445003560262 -3.188534560477185 W 55.9445003560262 -3.188834560477185 1012.163927 796.934896
55.9445003560262 -3.188834560477185 WNW 55.94461516105591 -3.1891117243369385 1012.163927 795.684896
55.94461516105591 -3.1891117243369385 W 55.94461516105591 -3.1894117243369386 1012.163927 794.434896
55.94461516105591 -3.1894117243369386 WNW 55.94472996608562 -3.189688888196692 1012.163927 793.184896
55.94472996608562 -3.189688888196692 W 55.94472996608562 -3.1899888881966922 1012.163927 791.934896
55.94472996608562 -3.1899888881966922 WNW 55.94484477111533 -3.1902660520564456 1012.163927 790.684896
55.94484477111533 -3.1902660520564456 W 55.94484477111533 -3.190566052056446 1012.163927 789.434896
55.94484477111533 -3.190566052056446 WNW 55.94495957614504 -3.1908432159161992 1012.163927 788.184896
55.94495957614504 -3.1908432159161992 W 55.94495957614504 -3.1911432159161994 1012.163927 786.934896
55.94495957614504 -3.1911432159161994 WNW 55.94507438117475 -3.191420379775953 1012.163927 785.684896
55.94507438117475 -3.191420379775953 W 55.94507438117475 -3.191720379775953 1012.163927 784.434896
55.94507438117475 -3.191720379775953 WNW 55.94518918620446 -3.1919975436357064 1012.163927 783.184896
55.94518918620446 -3.1919975436357064 W 55.94518918620446 -3.1922975436357066 1012.163927 781.934896
55.94518918620446 -3.1922975436357066 SE 55.9449770541701 -3.192085411601351 1097.590103 818.698694
55.9449770541701 -3.192085411601351 SE 55.94476492213575 -3.191873279566995 1097.590103 817.448694
55.94476492213575 -3.191873279566995 SE 55.94455279010139 -3.1916611475326393 1097.590103 816.198694
55.94455279010139 -3.1916611475326393 NNE 55.94482995396115 -3.19154634250293 1186.748849 917.739498
55.94482995396115 -3.19154634250293 NE 55.9450420859955 -3.191334210468574 1186.748849 916.489498
55.9450420859955 -3.191334210468574 NNE 55.94531924985526 -3.1912194054388645 1186.748849 915.239498
55.94531924985526 -3.1912194054388645 E 55.94531924985526 -3.1909194054388643 1250.678776 1031.869108
55.94531924985526 -3.1909194054388643 E 55.94531924985526 -3.190619405438864 1250.678776 1030.619108
55.94531924985526 -3.190619405438864 E 55.94531924985526 -3.190319405438864 1250.678776 1029.369108
55.94531924985526 -3.190319405438864 E 55.94531924985526 -3.1900194054388638 1366.451157 1114.176303
55.94531924985526 -3.1900194054388638 E 55.94531924985526 -3.1897194054388636 1366.451157 1112.926303
55.94531924985526 -3.1897194054388636 E 55.94531924985526 -3.1894194054388634 1366.451157 1111.676303
55.94531924985526 -3.1894194054388634 E 55.94531924985526 -3.189119405438863 1366.451157 1110.426303
55.94531924985526 -3.189119405438863 E 55.94531924985526 -3.188819405438863 1366.451157 1109.176303
55.94531924985526 -3.188819405438863 E 55.94531924985526 -3.188519405438863 1366.451157 1107.926303
55.94531924985526 -3.188519405438863 E 55.94531924985526 -3.1882194054388626 1366.451157 1106.676303
55.94531924985526 -3.1882194054388626 E 55.94531924985526 -3.1879194054388624 1366.451157 1105.426303
55.94531924985526 -3.1879194054388624 E 55.94531924985526 -3.1876194054388622 1366.451157 1104.176303
55.94531924985526 -3.1876194054388622 E 55.94531924985526 -3.187319405438862 1366.451157 1102.926303
55.94531924985526 -3.187319405438862 E 55.94531924985526 -3.187019405438862 1366.451157 1101.676303
55.94531924985526 -3.187019405438862 E 55.94531924985526 -3.1867194054388617 1366.451157 1100.426303
55.94531924985526 -3.1867194054388617 ENE 55.94543405488497 -3.1864422415791083 1366.451157 1099.176303
55.94543405488497 -3.1864422415791083 E 55.94543405488497 -3.186142241579108 1275.793397 1075.890604
55.94543405488497 -3.186142241579108 ENE 55.94554885991468 -3.1858650777193547 1275.793397 1074.640604
55.94554885991468 -3.1858650777193547 E 55.94554885991468 -3.1855650777193545 1275.793397 1073.390604
55.94554885991468 -3.1855650777193545 ENE 55.94566366494439 -3.185287913859601 1275.793397 1072.140604
55.94566366494439 -3.185287913859601 E 55.94566366494439 -3.184987913859601 1275.793397 1070.890604
55.94566366494439 -3.184987913859601 ENE 55.9457784699741 -3.1847107499998475 1275.793397 1069.640604
55.9457784699741 -3.1847107499998475 E 55.9457784699741 -3.1844107499998473 1275.793397 1068.390604
55.9457784699741 -3.1844107499998473 W 55.9457784699741 -3.1847107499998475 1345.251911 1183.225000
55.9457784699741 -3.1847107499998475 W 55.9457784699741 -3.1850107499998477 1345.251911 1181.975000
55.9457784699741 -3.1850107499998477 W 55.9457784699741 -3.185310749999848 1345.251911 1180.725000
55.9457784699741 -3.185310749999848 W 55.9457784699741 -3.185610749999848 1345.251911 1179.475000
55.9457784699741 -3.185610749999848 W 55.9457784699741 -3.1859107499998482 1345.251911 1178.225000
55.9457784699741 -3.1859107499998482 W 55.9457784699741 -3.1862107499998484 1264.944713 1091.244403
55.9457784699741 -3.1862107499998484 W 55.9457784699741 -3.1865107499998486 1264.708985 988.168870
55.9457784699741 -3.1865107499998486 W 55.9457784699741 -3.186810749999849 1264.708985 986.918870
55.9457784699741 -3.186810749999849 W 55.9457784699741 -3.187110749999849 1264.708985 985.668870
55.9457784699741 -3.187110749999849 W 55.9457784699741 -3.187410749999849 1264.708985 984.418870
55.9457784699741 -3.187410749999849 W 55.9457784699741 -3.1877107499998494 1275.542968 1065.737960
55.9457784699741 -3.1877107499998494 W 55.9457784699741 -3.1880107499998496 1275.542968 1064.487960
55.9457784699741 -3.1880107499998496 W 55.9457784699741 -3.1883107499998498 1275.542968 1063.237960
55.9457784699741 -3.1883107499998498 W 55.9457784699741 -3.18861074999985 1275.542968 1061.987960
55.9457784699741 -3.18861074999985 W 55.9457784699741 -3.18891074999985 1275.542968 1060.737960
55.9457784699741 -3.18891074999985 WSW 55.94566366494439 -3.1891879138596035 1297.436164 1160.476875
55.94566366494439 -3.1891879138596035 ENE 55.9457784699741 -3.18891074999985 1378.066652 1275.073353
55.9457784699741 -3.18891074999985 E 55.9457784699741 -3.18861074999985 1378.066652 1273.823353
55.9457784699741 -3.18861074999985 E 55.9457784699741 -3.1883107499998498 1378.066652 1272.573353
55.9457784699741 -3.1883107499998498 ESE 55.94566366494439 -3.1880335861400964 1378.066652 1271.323353
55.94566366494439 -3.1880335861400964 E 55.94566366494439 -3.187733586140096 1378.066652 1270.073353
55.94566366494439 -3.187733586140096 ESE 55.94554885991468 -3.1874564222803428 1378.066652 1268.823353
55.94554885991468 -3.1874564222803428 E 55.94554885991468 -3.1871564222803426 1378.066652 1267.573353
55.94554885991468 -3.1871564222803426 ESE 55.94543405488497 -3.186879258420589 1378.066652 1266.323353
55.94543405488497 -3.186879258420589 E 55.94543405488497 -3.186579258420589 1378.066652 1265.073353
55.94543405488497 -3.186579258420589 ESE 55.94531924985526 -3.1863020945608356 1378.066652 1263.823353
55.94531924985526 -3.1863020945608356 E 55.94531924985526 -3.1860020945608354 1378.066652 1262.573353
55.94531924985526 -3.1860020945608354 ESE 55.94520444482555 -3.185724930701082 1378.066652 1261.323353
55.94520444482555 -3.185724930701082 E 55.94520444482555 -3.185424930701082 1378.066652 1260.073353
55.94520444482555 -3.185424930701082 ESE 55.94508963979584 -3.1851477668413284 1378.066652 1258.823353
55.94508963979584 -3.1851477668413284 E 55.94508963979584 -3.184847766841328 1327.959051 1139.043699
55.94508963979584 -3.184847766841328 WSW 55.94497483476613 -3.1851249307010816 1360.751912 1224.903703
55.94497483476613 -3.1851249307010816 WSW 55.94486002973642 -3.185402094560835 1360.751912 1223.653703
55.94486002973642 -3.185402094560835 WSW 55.94474522470671 -3.1856792584205884 1360.751912 1222.403703
55.94474522470671 -3.1856792584205884 WSW 55.944630419677 -3.185956422280342 1360.751912 1221.153703
55.944630419677 -3.185956422280342 WSW 55.94451561464729 -3.186233586140095 1360.751912 1219.903703
55.94451561464729 -3.186233586140095 WSW 55.944400809617576 -3.1865107499998486 1360.751912 1218.653703
55.944400809617576 -3.1865107499998486 WSW 55.944286004587866 -3.186787913859602 1356.305063 1113.154770
55.944286004587866 -3.186787913859602 WSW 55.944171199558156 -3.1870650777193554 1356.305063 1111.904770
55.944171199558156 -3.1870650777193554 WSW 55.944056394528445 -3.187342241579109 1356.305063 1110.654770
55.944056394528445 -3.187342241579109 WSW 55.943941589498735 -3.1876194054388622 1356.305063 1109.404770
55.943941589498735 -3.1876194054388622 WSW 55.943826784469024 -3.1878965692986156 1356.305063 1108.154770
55.943826784469024 -3.1878965692986156 WSW 55.943711979439314 -3.188173733158369 1356.305063 1106.904770
55.943711979439314 -3.188173733158369 WSW 55.943597174409604 -3.1884508970181225 1356.305063 1105.654770
55.943597174409604 -3.1884508970181225 WSW 55.94348236937989 -3.188728060877876 1356.305063 1104.404770
55.94348236937989 -3.188728060877876 WSW 55.94336756435018 -3.1890052247376293 1356.305063 1103.154770
55.94336756435018 -3.1890052247376293 NW 55.94357969638454 -3.189217356771985 1412.943623 1185.566811
55.94357969638454 -3.189217356771985 W 55.94357969638454 -3.1895173567719852 1412.943623 1184.316811
55.94357969638454 -3.1895173567719852 WNW 55.94369450141425 -3.1897945206317386 1412.943623 1183.066811
55.94369450141425 -3.1897945206317386 W 55.94369450141425 -3.190094520631739 1412.943623 1181.816811
55.94369450141425 -3.190094520631739 WNW 55.94380930644396 -3.190371684491492 1412.943623 1180.566811
55.94380930644396 -3.190371684491492 W 55.94380930644396 -3.1906716844914924 1435.237737 1190.375375
55.94380930644396 -3.1906716844914924 WNW 55.94392411147367 -3.190948848351246 1435.237737 1189.125375
55.94392411147367 -3.190948848351246 W 55.94392411147367 -3.191248848351246 1435.237737 1187.875375
55.94392411147367 -3.191248848351246 WNW 55.94403891650338 -3.1915260122109994 1435.237737 1186.625375
55.94403891650338 -3.1915260122109994 W 55.94403891650338 -3.1918260122109996 1435.237737 1185.375375
55.94403891650338 -3.1918260122109996 E 55.94403891650338 -3.1915260122109994 1450.892944 1224.888802
55.94403891650338 -3.1915260122109994 E 55.94403891650338 -3.191226012210999 1450.892944 1223.638802
55.94403891650338 -3.191226012210999 E 55.94403891650338 -3.190926012210999 1450.892944 1222.388802
55.94403891650338 -3.190926012210999 S 55.94373891650338 -3.190926012210999 1450.892944 1221.138802
55.94373891650338 -3.190926012210999 NNW 55.944016080363134 -3.1910408172407085 1450.892944 1219.888802
55.944016080363134 -3.1910408172407085 SSW 55.94373891650338 -3.191155622270418 1450.892944 1218.638802
55.94373891650338 -3.191155622270418 SE 55.94352678446902 -3.1909434902360623 1450.892944 1217.388802
55.94352678446902 -3.1909434902360623 WSW 55.94341197943931 -3.1912206540958157 1450.892944 1216.138802
55.94341197943931 -3.1912206540958157 N 55.943711979439314 -3.1912206540958157 1450.892944 1214.888802
55.943711979439314 -3.1912206540958157 SSW 55.94343481557956 -3.191335459125525 1450.892944 1213.638802
55.94343481557956 -3.191335459125525 N 55.94373481557956 -3.191335459125525 1450.892944 1212.388802
55.94373481557956 -3.191335459125525 S 55.94343481557956 -3.191335459125525 1450.892944 1211.138802
55.94343481557956 -3.191335459125525 ENE 55.94354962060927 -3.191058295265772 1450.892944 1209.888802
55.94354962060927 -3.191058295265772 SW 55.94333748857491 -3.1912704273001276 1450.892944 1208.638802
55.94333748857491 -3.1912704273001276 ENE 55.94345229360462 -3.190993263440374 1450.892944 1207.388802
55.94345229360462 -3.190993263440374 W 55.94345229360462 -3.1912932634403743 1450.892944 1206.138802
55.94345229360462 -3.1912932634403743 ESE 55.94333748857491 -3.191016099580621 1450.892944 1204.888802
55.94333748857491 -3.191016099580621 SSW 55.943060324715155 -3.1911309046103304 1450.892944 1203.638802
55.943060324715155 -3.1911309046103304 NE 55.94327245674951 -3.1909187725759747 1450.892944 1202.388802
55.94327245674951 -3.1909187725759747 NNE 55.94354962060927 -3.190803967546265 1450.892944 1201.138802
55.94354962060927 -3.190803967546265 NE 55.943761752643624 -3.1905918355119094 1450.892944 1199.888802
55.943761752643624 -3.1905918355119094 NNE 55.94403891650338 -3.1904770304822 1450.892944 1198.638802
55.94403891650338 -3.1904770304822 NW 55.94425104853774 -3.1906891625165557 1450.892944 1197.388802
55.94425104853774 -3.1906891625165557 NNE 55.94452821239749 -3.190574357486846 1450.892944 1196.138802
55.94452821239749 -3.190574357486846 NE 55.94474034443185 -3.1903622254524904 1450.892944 1194.888802
55.94474034443185 -3.1903622254524904 WNW 55.94485514946156 -3.190639389312244 1450.892944 1193.638802
55.94485514946156 -3.190639389312244 WSW 55.94474034443185 -3.190916553171997 1450.892944 1192.388802
55.94474034443185 -3.190916553171997 SE 55.94452821239749 -3.1907044211376414 1450.892944 1191.138802
55.94452821239749 -3.1907044211376414 N 55.944828212397496 -3.1907044211376414 1450.892944 1189.888802
55.944828212397496 -3.1907044211376414 NNW 55.94510537625725 -3.190819226167351 1450.892944 1188.638802
55.94510537625725 -3.190819226167351 N 55.945405376257256 -3.190819226167351 1450.892944 1187.388802
55.945405376257256 -3.190819226167351 NW 55.94561750829161 -3.1910313582017067 1450.892944 1186.138802
55.94561750829161 -3.1910313582017067 S 55.94531750829161 -3.1910313582017067 1450.892944 1184.888802
55.94531750829161 -3.1910313582017067 SSE 55.94504034443185 -3.190916553171997 1450.892944 1183.638802
55.94504034443185 -3.190916553171997 NNE 55.94531750829161 -3.1908017481422877 1450.892944 1182.388802
55.94531750829161 -3.1908017481422877 SSW 55.94504034443185 -3.190916553171997 1450.892944 1181.138802
55.94504034443185 -3.190916553171997 WNW 55.94515514946156 -3.1911937170317506 1450.892944 1179.888802
55.94515514946156 -3.1911937170317506 SSE 55.944877985601806 -3.191078912002041 1450.892944 1178.638802
55.944877985601806 -3.191078912002041 NW 55.94509011763616 -3.191291044036397 1450.892944 1177.388802
55.94509011763616 -3.191291044036397 SSE 55.944812953776406 -3.1911762390066873 1450.892944 1176.138802
55.944812953776406 -3.1911762390066873 NNE 55.94509011763616 -3.191061433976978 1450.892944 1174.888802
