55.944425 -3.188396 ENE 55.94453980502971 -3.1881188361402466 0.000000 248.750000
55.94453980502971 -3.1881188361402466 ENE 55.94465461005942 -3.187841672280493 0.000000 247.500000
55.94465461005942 -3.187841672280493 ENE 55.944769415089134 -3.18756450842074 0.000000 246.250000
55.944769415089134 -3.18756450842074 ENE 55.944884220118844 -3.1872873445609864 0.000000 245.000000
55.944884220118844 -3.1872873445609864 ENE 55.944999025148554 -3.187010180701233 49.270928 256.824749
55.944999025148554 -3.187010180701233 ENE 55.945113830178265 -3.1867330168414796 0.000000 131.704170
55.945113830178265 -3.1867330168414796 ENE 55.945228635207975 -3.186455852981726 0.000000 130.454170
55.945228635207975 -3.186455852981726 ENE 55.945343440237686 -3.1861786891219728 0.000000 129.204170
55.945343440237686 -3.1861786891219728 ENE 55.945458245267396 -3.1859015252622194 0.000000 127.954170
55.945458245267396 -3.1859015252622194 S 55.94515824526739 -3.1859015252622194 113.887452 161.557950
55.94515824526739 -3.1859015252622194 S 55.94485824526739 -3.1859015252622194 220.206845 177.434411
55.94485824526739 -3.1859015252622194 S 55.94455824526739 -3.1859015252622194 235.925669 269.476424
55.94455824526739 -3.1859015252622194 SSE 55.94428108140763 -3.18578672023251 235.925669 268.226424
55.94428108140763 -3.18578672023251 S 55.94398108140763 -3.18578672023251 235.925669 266.976424
55.94398108140763 -3.18578672023251 SSE 55.94370391754787 -3.1856719152028004 235.925669 265.726424
55.94370391754787 -3.1856719152028004 S 55.94340391754787 -3.1856719152028004 313.140754 273.632146
55.94340391754787 -3.1856719152028004 SSE 55.94312675368811 -3.185557110173091 313.140754 272.382146
55.94312675368811 -3.185557110173091 W 55.94312675368811 -3.185857110173091 348.280399 331.473396
55.94312675368811 -3.185857110173091 W 55.94312675368811 -3.1861571101730912 348.280399 330.223396
55.94312675368811 -3.1861571101730912 W 55.94312675368811 -3.1864571101730914 348.280399 328.973396
55.94312675368811 -3.1864571101730914 W 55.94312675368811 -3.1867571101730916 348.280399 327.723396
55.94312675368811 -3.1867571101730916 W 55.94312675368811 -3.187057110173092 348.280399 326.473396
55.94312675368811 -3.187057110173092 W 55.94312675368811 -3.187357110173092 348.280399 325.223396
55.94312675368811 -3.187357110173092 W 55.94312675368811 -3.187657110173092 348.280399 323.973396
55.94312675368811 -3.187657110173092 WNW 55.94324155871782 -3.1879342740328456 348.280399 322.723396
55.94324155871782 -3.1879342740328456 W 55.94324155871782 -3.1882342740328458 348.280399 321.473396
55.94324155871782 -3.1882342740328458 WNW 55.94335636374753 -3.188511437892599 348.280399 320.223396
55.94335636374753 -3.188511437892599 W 55.94335636374753 -3.1888114378925994 348.280399 318.973396
55.94335636374753 -3.1888114378925994 WNW 55.94347116877724 -3.1890886017523528 348.280399 317.723396
55.94347116877724 -3.1890886017523528 W 55.94347116877724 -3.189388601752353 404.918959 400.135438
55.94347116877724 -3.189388601752353 WNW 55.943585973806954 -3.1896657656121064 404.918959 398.885438
55.943585973806954 -3.1896657656121064 W 55.943585973806954 -3.1899657656121065 404.918959 397.635438
55.943585973806954 -3.1899657656121065 WNW 55.943700778836664 -3.19024292947186 404.918959 396.385438
55.943700778836664 -3.19024292947186 W 55.943700778836664 -3.19054292947186 404.918959 395.135438
55.943700778836664 -3.19054292947186 WNW 55.943815583866375 -3.1908200933316135 404.918959 393.885438
55.943815583866375 -3.1908200933316135 W 55.943815583866375 -3.1911200933316137 404.918959 392.635438
55.943815583866375 -3.1911200933316137 WNW 55.943930388896085 -3.191397257191367 466.616470 412.749982
55.943930388896085 -3.191397257191367 E 55.943930388896085 -3.191097257191367 510.930511 417.113616
55.943930388896085 -3.191097257191367 E 55.943930388896085 -3.1907972571913668 510.930511 415.863616
55.943930388896085 -3.1907972571913668 E 55.943930388896085 -3.1904972571913666 510.930511 414.613616
55.943930388896085 -3.1904972571913666 E 55.943930388896085 -3.1901972571913664 533.224624 424.422179
55.943930388896085 -3.1901972571913664 E 55.943930388896085 -3.189897257191366 533.224624 423.172179
55.943930388896085 -3.189897257191366 E 55.943930388896085 -3.189597257191366 533.224624 421.922179
55.943930388896085 -3.189597257191366 E 55.943930388896085 -3.189297257191366 533.224624 420.672179
55.943930388896085 -3.189297257191366 E 55.943930388896085 -3.1889972571913656 533.224624 419.422179
55.943930388896085 -3.1889972571913656 E 55.943930388896085 -3.1886972571913654 533.224624 418.172179
55.943930388896085 -3.1886972571913654 E 55.943930388896085 -3.1883972571913652 533.224624 416.922179
55.943930388896085 -3.1883972571913652 ENE 55.944045193925795 -3.188120093331612 533.224624 415.672179
55.944045193925795 -3.188120093331612 WNW 55.944159998955506 -3.1883972571913652 606.594012 491.751016
55.944159998955506 -3.1883972571913652 WNW 55.944274803985216 -3.1886744210511186 606.594012 490.501016
55.944274803985216 -3.1886744210511186 WNW 55.94438960901493 -3.188951584910872 582.766289 465.355081
55.94438960901493 -3.188951584910872 WNW 55.94450441404464 -3.1892287487706255 582.766289 464.105081
55.94450441404464 -3.1892287487706255 WNW 55.94461921907435 -3.189505912630379 582.766289 462.855081
55.94461921907435 -3.189505912630379 WNW 55.94473402410406 -3.1897830764901323 678.848364 496.190167
55.94473402410406 -3.1897830764901323 WNW 55.94484882913377 -3.1900602403498857 678.848364 494.940167
55.94484882913377 -3.1900602403498857 W 55.94484882913377 -3.190360240349886 678.848364 493.690167
55.94484882913377 -3.190360240349886 WNW 55.94496363416348 -3.1906374042096393 739.646089 528.958276
55.94496363416348 -3.1906374042096393 W 55.94496363416348 -3.1909374042096394 739.646089 527.708276
55.94496363416348 -3.1909374042096394 WNW 55.94507843919319 -3.191214568069393 739.646089 526.458276
55.94507843919319 -3.191214568069393 W 55.94507843919319 -3.191514568069393 803.576016 643.087885
55.94507843919319 -3.191514568069393 WNW 55.9451932442229 -3.1917917319291464 803.576016 641.837885
55.9451932442229 -3.1917917319291464 W 55.9451932442229 -3.1920917319291466 803.576016 640.587885
55.9451932442229 -3.1920917319291466 WNW 55.94530804925261 -3.1923688957889 803.576016 639.337885
55.94530804925261 -3.1923688957889 SSE 55.94503088539285 -3.1922540907591905 889.002192 676.101683
55.94503088539285 -3.1922540907591905 SSE 55.9447537215331 -3.192139285729481 889.002192 674.851683
55.9447537215331 -3.192139285729481 SSE 55.94447655767334 -3.1920244806997715 889.002192 673.601683
55.94447655767334 -3.1920244806997715 SSE 55.944199393813584 -3.191909675670062 889.002192 672.351683
55.944199393813584 -3.191909675670062 SSE 55.94392222995383 -3.1917948706403525 904.657399 711.865110
55.94392222995383 -3.1917948706403525 SSE 55.94364506609407 -3.191680065610643 904.657399 710.615110
55.94364506609407 -3.191680065610643 SSE 55.943367902234314 -3.1915652605809335 904.657399 709.365110
55.943367902234314 -3.1915652605809335 SE 55.94315577019996 -3.1913531285465777 904.657399 708.115110
55.94315577019996 -3.1913531285465777 SSE 55.9428786063402 -3.191238323516868 836.204423 702.915454
55.9428786063402 -3.191238323516868 E 55.9428786063402 -3.190938323516868 913.859841 785.157333
55.9428786063402 -3.190938323516868 ESE 55.94276380131049 -3.1906611596571146 913.859841 783.907333
55.94276380131049 -3.1906611596571146 E 55.94276380131049 -3.1903611596571144 913.859841 782.657333
55.94276380131049 -3.1903611596571144 ESE 55.94264899628078 -3.190083995797361 913.859841 781.407333
55.94264899628078 -3.190083995797361 NNE 55.94292616014054 -3.1899691907676515 963.298273 849.990056
55.94292616014054 -3.1899691907676515 NNE 55.943203324000294 -3.189854385737942 917.902813 834.043435
55.943203324000294 -3.189854385737942 NNE 55.94348048786005 -3.1897395807082325 917.902813 832.793435
55.94348048786005 -3.1897395807082325 NNE 55.94375765171981 -3.189624775678523 917.902813 831.543435
55.94375765171981 -3.189624775678523 NNE 55.94403481557956 -3.1895099706488135 917.902813 830.293435
55.94403481557956 -3.1895099706488135 NNE 55.94431197943932 -3.189395165619104 917.902813 829.043435
55.94431197943932 -3.189395165619104 NNE 55.944589143299076 -3.1892803605893945 917.902813 827.793435
55.944589143299076 -3.1892803605893945 NNE 55.94486630715883 -3.189165555559685 917.902813 826.543435
55.94486630715883 -3.189165555559685 NNE 55.94514347101859 -3.1890507505299754 917.902813 825.293435
55.94514347101859 -3.1890507505299754 NNE 55.945420634878346 -3.188935945500266 917.902813 824.043435
55.945420634878346 -3.188935945500266 SE 55.94520850284399 -3.18872381346591 939.796010 923.782350
55.94520850284399 -3.18872381346591 SE 55.94499637080963 -3.1885116814315544 939.796010 922.532350
55.94499637080963 -3.1885116814315544 SSE 55.94471920694988 -3.188396876401845 906.660860 846.832932
55.94471920694988 -3.188396876401845 SE 55.94450707491552 -3.188184744367489 906.660860 845.582932
55.94450707491552 -3.188184744367489 SSE 55.944229911055764 -3.1880699393377796 906.660860 844.332932
55.944229911055764 -3.1880699393377796 SE 55.94401777902141 -3.187857807303424 880.718452 832.914450
55.94401777902141 -3.187857807303424 SSE 55.94374061516165 -3.1877430022737143 880.718452 831.664450
55.94374061516165 -3.1877430022737143 SE 55.943528483127295 -3.1875308702393585 880.718452 830.414450
55.943528483127295 -3.1875308702393585 SSE 55.94325131926754 -3.187416065209649 880.718452 829.164450
55.94325131926754 -3.187416065209649 SE 55.94303918723318 -3.1872039331752933 880.718452 827.914450
55.94303918723318 -3.1872039331752933 SSE 55.942762023373426 -3.1870891281455838 880.718452 826.664450
55.942762023373426 -3.1870891281455838 NE 55.94297415540778 -3.186876996111228 904.745107 942.511176
55.94297415540778 -3.186876996111228 NE 55.94318628744214 -3.186664864076872 904.745107 941.261176
55.94318628744214 -3.186664864076872 NE 55.943398419476495 -3.1864527320425164 904.745107 940.011176
55.943398419476495 -3.1864527320425164 NE 55.94361055151085 -3.1862406000081607 904.745107 938.761176
55.94361055151085 -3.1862406000081607 NE 55.94382268354521 -3.186028467973805 904.745107 937.511176
55.94382268354521 -3.186028467973805 NE 55.94403481557956 -3.185816335939449 904.745107 936.261176
55.94403481557956 -3.185816335939449 NE 55.94424694761392 -3.1856042039050934 904.745107 935.011176
55.94424694761392 -3.1856042039050934 NE 55.944459079648276 -3.1853920718707376 904.745107 933.761176
55.944459079648276 -3.1853920718707376 NE 55.94467121168263 -3.185179939836382 904.745107 932.511176
55.94467121168263 -3.185179939836382 NE 55.94488334371699 -3.184967807802026 904.745107 931.261176
55.94488334371699 -3.184967807802026 NE 55.945095475751344 -3.1847556757676703 904.745107 930.011176
55.945095475751344 -3.1847556757676703 W 55.945095475751344 -3.1850556757676705 937.537968 1015.871179
55.945095475751344 -3.1850556757676705 W 55.945095475751344 -3.1853556757676706 887.430367 896.091525
55.945095475751344 -3.1853556757676706 W 55.945095475751344 -3.185655675767671 887.430367 894.841525
55.945095475751344 -3.185655675767671 W 55.945095475751344 -3.185955675767671 887.430367 893.591525
55.945095475751344 -3.185955675767671 W 55.945095475751344 -3.186255675767671 887.430367 892.341525
55.945095475751344 -3.186255675767671 W 55.945095475751344 -3.1865556757676714 887.430367 891.091525
55.945095475751344 -3.1865556757676714 W 55.945095475751344 -3.1868556757676716 887.430367 889.841525
55.945095475751344 -3.1868556757676716 W 55.945095475751344 -3.187155675767672 832.688009 888.591525
55.945095475751344 -3.187155675767672 W 55.945095475751344 -3.187455675767672 832.688009 887.341525
55.945095475751344 -3.187455675767672 W 55.945095475751344 -3.187755675767672 832.688009 886.091525
55.945095475751344 -3.187755675767672 W 55.945095475751344 -3.1880556757676723 832.688009 884.841525
55.945095475751344 -3.1880556757676723 W 55.945095475751344 -3.1883556757676725 832.688009 883.591525
55.945095475751344 -3.1883556757676725 W 55.945095475751344 -3.1886556757676727 832.688009 882.341525
55.945095475751344 -3.1886556757676727 W 55.945095475751344 -3.188955675767673 832.688009 881.091525
55.945095475751344 -3.188955675767673 W 55.945095475751344 -3.189255675767673 832.688009 879.841525
55.945095475751344 -3.189255675767673 W 55.945095475751344 -3.1895556757676733 832.688009 878.591525
55.945095475751344 -3.1895556757676733 WNW 55.945210280781055 -3.1898328396274267 832.688009 877.341525
55.945210280781055 -3.1898328396274267 W 55.945210280781055 -3.190132839627427 832.688009 876.091525
55.945210280781055 -3.190132839627427 ESE 55.945095475751344 -3.1898556757676735 948.460390 960.898720
55.945095475751344 -3.1898556757676735 ESE 55.944980670721634 -3.18957851190792 948.460390 959.648720
55.944980670721634 -3.18957851190792 ESE 55.94486586569192 -3.1893013480481667 948.460390 958.398720
55.94486586569192 -3.1893013480481667 ESE 55.94475106066221 -3.1890241841884133 948.460390 957.148720
55.94475106066221 -3.1890241841884133 ESE 55.9446362556325 -3.18874702032866 948.460390 955.898720
55.9446362556325 -3.18874702032866 ESE 55.94452145060279 -3.1884698564689065 948.460390 954.648720
55.94452145060279 -3.1884698564689065 E 55.94452145060279 -3.1881698564689063 948.460390 953.398720
55.94452145060279 -3.1881698564689063 ESE 55.94440664557308 -3.187892692609153 948.460390 952.148720
55.94440664557308 -3.187892692609153 E 55.94440664557308 -3.1875926926091527 948.460390 950.898720
55.94440664557308 -3.1875926926091527 ESE 55.94429184054337 -3.1873155287493993 948.460390 949.648720
55.94429184054337 -3.1873155287493993 E 55.94429184054337 -3.187015528749399 948.460390 948.398720
55.94429184054337 -3.187015528749399 ESE 55.94417703551366 -3.1867383648896457 948.460390 947.148720
55.94417703551366 -3.1867383648896457 WNW 55.94429184054337 -3.187015528749399 1059.069359 1017.310232
55.94429184054337 -3.187015528749399 NW 55.94450397257773 -3.187227660783755 1059.069359 1016.060232
55.94450397257773 -3.187227660783755 WNW 55.94461877760744 -3.1875048246435083 1059.069359 1014.810232
55.94461877760744 -3.1875048246435083 NW 55.944830909641794 -3.187716956677864 1059.069359 1013.560232
55.944830909641794 -3.187716956677864 WNW 55.944945714671505 -3.1879941205376174 1059.069359 1012.310232
55.944945714671505 -3.1879941205376174 NW 55.94515784670586 -3.188206252571973 1059.069359 1011.060232
55.94515784670586 -3.188206252571973 WNW 55.94527265173557 -3.1884834164317266 1059.069359 1009.810232
55.94527265173557 -3.1884834164317266 NW 55.94548478376993 -3.1886955484660824 1059.069359 1008.560232
55.94548478376993 -3.1886955484660824 WNW 55.94559958879964 -3.188972712325836 1059.069359 1007.310232
55.94559958879964 -3.188972712325836 NW 55.945811720833994 -3.1891848443601916 1059.069359 1006.060232
55.945811720833994 -3.1891848443601916 WSW 55.945696915804284 -3.189462008219945 1139.699847 1120.656709
55.945696915804284 -3.189462008219945 WSW 55.94558211077457 -3.1897391720796984 1139.699847 1119.406709
55.94558211077457 -3.1897391720796984 WSW 55.94546730574486 -3.1900163359394518 1139.699847 1118.156709
55.94546730574486 -3.1900163359394518 WSW 55.94535250071515 -3.190293499799205 1139.699847 1116.906709
55.94535250071515 -3.190293499799205 WSW 55.94523769568544 -3.1905706636589586 1139.699847 1115.656709
55.94523769568544 -3.1905706636589586 WSW 55.94512289065573 -3.190847827518712 1139.699847 1114.406709
55.94512289065573 -3.190847827518712 SW 55.944910758621376 -3.1910599595530678 1139.699847 1113.156709
55.944910758621376 -3.1910599595530678 WSW 55.944795953591665 -3.191337123412821 1139.699847 1111.906709
55.944795953591665 -3.191337123412821 SW 55.94458382155731 -3.191549255447177 1139.699847 1110.656709
55.94458382155731 -3.191549255447177 E 55.94458382155731 -3.1912492554471767 1231.794700 1114.501873
55.94458382155731 -3.1912492554471767 E 55.94458382155731 -3.1909492554471766 1231.794700 1113.251873
55.94458382155731 -3.1909492554471766 E 55.94458382155731 -3.1906492554471764 1231.794700 1112.001873
55.94458382155731 -3.1906492554471764 E 55.94458382155731 -3.190349255447176 1231.794700 1110.751873
55.94458382155731 -3.190349255447176 E 55.94458382155731 -3.190049255447176 1231.794700 1109.501873
55.94458382155731 -3.190049255447176 E 55.94458382155731 -3.189749255447176 1242.572202 1169.994095
55.94458382155731 -3.189749255447176 ESE 55.9444690165276 -3.1894720915874224 1242.572202 1168.744095
55.9444690165276 -3.1894720915874224 E 55.9444690165276 -3.189172091587422 1242.572202 1167.494095
55.9444690165276 -3.189172091587422 ESE 55.94435421149789 -3.188894927727669 1242.572202 1166.244095
55.94435421149789 -3.188894927727669 E 55.94435421149789 -3.1885949277276686 1242.572202 1164.994095
55.94435421149789 -3.1885949277276686 ESE 55.94423940646818 -3.188317763867915 1242.572202 1163.744095
55.94423940646818 -3.188317763867915 E 55.94423940646818 -3.188017763867915 1242.572202 1162.494095
55.94423940646818 -3.188017763867915 ESE 55.94412460143847 -3.1877406000081616 1242.572202 1161.244095
55.94412460143847 -3.1877406000081616 E 55.94412460143847 -3.1874406000081614 1242.572202 1159.994095
55.94412460143847 -3.1874406000081614 ESE 55.94400979640876 -3.187163436148408 1242.572202 1158.744095
55.94400979640876 -3.187163436148408 E 55.94400979640876 -3.186863436148408 1242.572202 1157.494095
55.94400979640876 -3.186863436148408 ESE 55.94389499137905 -3.1865862722886544 1242.572202 1156.244095
55.94389499137905 -3.1865862722886544 W 55.94389499137905 -3.1868862722886546 1274.233906 1234.565461
55.94389499137905 -3.1868862722886546 W 55.94389499137905 -3.187186272288655 1274.233906 1233.315461
55.94389499137905 -3.187186272288655 W 55.94389499137905 -3.187486272288655 1274.233906 1232.065461
55.94389499137905 -3.187486272288655 W 55.94389499137905 -3.187786272288655 1274.233906 1230.815461
55.94389499137905 -3.187786272288655 W 55.94389499137905 -3.1880862722886554 1274.233906 1229.565461
55.94389499137905 -3.1880862722886554 W 55.94389499137905 -3.1883862722886556 1274.233906 1228.315461
55.94389499137905 -3.1883862722886556 W 55.94389499137905 -3.1886862722886558 1274.233906 1227.065461
55.94389499137905 -3.1886862722886558 WNW 55.94400979640876 -3.188963436148409 1274.233906 1225.815461
55.94400979640876 -3.188963436148409 W 55.94400979640876 -3.1892634361484093 1274.233906 1224.565461
55.94400979640876 -3.1892634361484093 WNW 55.94412460143847 -3.1895406000081628 1274.233906 1223.315461
55.94412460143847 -3.1895406000081628 W 55.94412460143847 -3.189840600008163 1274.233906 1222.065461
55.94412460143847 -3.189840600008163 WNW 55.94423940646818 -3.1901177638679163 1274.233906 1220.815461
55.94423940646818 -3.1901177638679163 W 55.94423940646818 -3.1904177638679165 1274.233906 1219.565461
55.94423940646818 -3.1904177638679165 WNW 55.94435421149789 -3.19069492772767 1274.233906 1218.315461
55.94435421149789 -3.19069492772767 W 55.94435421149789 -3.19099492772767 1274.233906 1217.065461
55.94435421149789 -3.19099492772767 WNW 55.9444690165276 -3.1912720915874235 1274.233906 1215.815461
55.9444690165276 -3.1912720915874235 W 55.9444690165276 -3.1915720915874237 1274.233906 1214.565461
55.9444690165276 -3.1915720915874237 NW 55.944681148561955 -3.1917842236217795 1274.233906 1213.315461
55.944681148561955 -3.1917842236217795 E 55.944681148561955 -3.1914842236217793 1363.392652 1314.856265
55.944681148561955 -3.1914842236217793 E 55.944681148561955 -3.191184223621779 1363.392652 1313.606265
55.944681148561955 -3.191184223621779 E 55.944681148561955 -3.190884223621779 1363.392652 1312.356265
55.944681148561955 -3.190884223621779 E 55.944681148561955 -3.1905842236217787 1363.392652 1311.106265
55.944681148561955 -3.1905842236217787 E 55.944681148561955 -3.1902842236217785 1363.392652 1309.856265
55.944681148561955 -3.1902842236217785 E 55.944681148561955 -3.1899842236217784 1363.392652 1308.606265
55.944681148561955 -3.1899842236217784 ENE 55.944795953591665 -3.189707059762025 1363.392652 1307.356265
55.944795953591665 -3.189707059762025 E 55.944795953591665 -3.1894070597620248 1363.392652 1306.106265
55.944795953591665 -3.1894070597620248 ENE 55.944910758621376 -3.1891298959022714 1363.392652 1304.856265
55.944910758621376 -3.1891298959022714 E 55.944910758621376 -3.188829895902271 1363.392652 1303.606265
55.944910758621376 -3.188829895902271 ENE 55.945025563651086 -3.1885527320425178 1363.392652 1302.356265
55.945025563651086 -3.1885527320425178 E 55.945025563651086 -3.1882527320425176 1363.392652 1301.106265
55.945025563651086 -3.1882527320425176 ENE 55.945140368680796 -3.187975568182764 1363.392652 1299.856265
55.945140368680796 -3.187975568182764 E 55.945140368680796 -3.187675568182764 1363.392652 1298.606265
55.945140368680796 -3.187675568182764 ENE 55.94525517371051 -3.1873984043230106 1363.392652 1297.356265
55.94525517371051 -3.1873984043230106 E 55.94525517371051 -3.1870984043230104 1363.392652 1296.106265
55.94525517371051 -3.1870984043230104 ENE 55.94536997874022 -3.186821240463257 1363.392652 1294.856265
55.94536997874022 -3.186821240463257 E 55.94536997874022 -3.186521240463257 1363.392652 1293.606265
55.94536997874022 -3.186521240463257 ENE 55.94548478376993 -3.1862440766035034 1272.734891 1270.320567
55.94548478376993 -3.1862440766035034 E 55.94548478376993 -3.185944076603503 1272.734891 1269.070567
55.94548478376993 -3.185944076603503 ENE 55.94559958879964 -3.18566691274375 1272.734891 1267.820567
55.94559958879964 -3.18566691274375 E 55.94559958879964 -3.1853669127437496 1272.734891 1266.570567
55.94559958879964 -3.1853669127437496 ENE 55.94571439382935 -3.185089748883996 1272.734891 1265.320567
55.94571439382935 -3.185089748883996 E 55.94571439382935 -3.184789748883996 1272.734891 1264.070567
55.94571439382935 -3.184789748883996 ENE 55.94582919885906 -3.1845125850242426 1272.734891 1262.820567
55.94582919885906 -3.1845125850242426 E 55.94582919885906 -3.1842125850242424 1342.193405 1377.654963
55.94582919885906 -3.1842125850242424 W 55.94582919885906 -3.1845125850242426 1342.193405 1376.404963
55.94582919885906 -3.1845125850242426 W 55.94582919885906 -3.184812585024243 1342.193405 1375.154963
55.94582919885906 -3.184812585024243 W 55.94582919885906 -3.185112585024243 1342.193405 1373.904963
55.94582919885906 -3.185112585024243 W 55.94582919885906 -3.185412585024243 1342.193405 1372.654963
55.94582919885906 -3.185412585024243 W 55.94582919885906 -3.1857125850242434 1342.193405 1371.404963
55.94582919885906 -3.1857125850242434 W 55.94582919885906 -3.1860125850242436 1342.193405 1370.154963
55.94582919885906 -3.1860125850242436 W 55.94582919885906 -3.1863125850242437 1261.886207 1283.174366
55.94582919885906 -3.1863125850242437 W 55.94582919885906 -3.186612585024244 1261.650479 1180.098832
55.94582919885906 -3.186612585024244 W 55.94582919885906 -3.186912585024244 1261.650479 1178.848832
55.94582919885906 -3.186912585024244 W 55.94582919885906 -3.1872125850242443 1261.650479 1177.598832
55.94582919885906 -3.1872125850242443 W 55.94582919885906 -3.1875125850242445 1261.650479 1176.348832
55.94582919885906 -3.1875125850242445 SW 55.9456170668247 -3.1877247170586003 1272.484462 1257.667923
55.9456170668247 -3.1877247170586003 ESE 55.94550226179499 -3.187447553198847 1272.484462 1256.417923
55.94550226179499 -3.187447553198847 ESE 55.94538745676528 -3.1871703893390935 1272.484462 1255.167923
55.94538745676528 -3.1871703893390935 ESE 55.94527265173557 -3.18689322547934 1272.484462 1253.917923
55.94527265173557 -3.18689322547934 ESE 55.94515784670586 -3.1866160616195867 1272.484462 1252.667923
55.94515784670586 -3.1866160616195867 ESE 55.94504304167615 -3.1863388977598333 1272.484462 1251.417923
55.94504304167615 -3.1863388977598333 ESE 55.94492823664644 -3.18606173390008 1272.484462 1250.167923
55.94492823664644 -3.18606173390008 SE 55.944716104612084 -3.185849601865724 1272.484462 1248.917923
55.944716104612084 -3.185849601865724 ESE 55.944601299582374 -3.1855724380059707 1272.484462 1247.667923
55.944601299582374 -3.1855724380059707 SE 55.94438916754802 -3.185360305971615 1272.484462 1246.417923
55.94438916754802 -3.185360305971615 ESE 55.94427436251831 -3.1850831421118615 1272.484462 1245.167923
55.94427436251831 -3.1850831421118615 SE 55.94406223048395 -3.1848710100775057 1272.484462 1243.917923
55.94406223048395 -3.1848710100775057 ESE 55.94394742545424 -3.1845938462177523 1272.484462 1242.667923
55.94394742545424 -3.1845938462177523 SSW 55.943670261594484 -3.184708651247462 1358.360259 1317.432639
55.943670261594484 -3.184708651247462 NNE 55.94394742545424 -3.1845938462177523 1358.360259 1316.182639
55.94394742545424 -3.1845938462177523 W 55.94394742545424 -3.1848938462177525 1358.360259 1314.932639
55.94394742545424 -3.1848938462177525 E 55.94394742545424 -3.1845938462177523 1358.360259 1313.682639
55.94394742545424 -3.1845938462177523 NNW 55.944224589314 -3.184708651247462 1358.360259 1312.432639
55.944224589314 -3.184708651247462 N 55.944524589314 -3.184708651247462 1358.360259 1311.182639
55.944524589314 -3.184708651247462 SSE 55.94424742545424 -3.1845938462177523 1358.360259 1309.932639
55.94424742545424 -3.1845938462177523 NNE 55.944524589314 -3.184479041188043 1358.360259 1308.682639
