55.944425 -3.188396 ENE 55.94453980502971 -3.1881188361402466 0.000000 248.750000
55.94453980502971 -3.1881188361402466 ENE 55.94465461005942 -3.187841672280493 0.000000 247.500000
55.94465461005942 -3.187841672280493 ENE 55.944769415089134 -3.18756450842074 0.000000 246.250000
55.944769415089134 -3.18756450842074 ENE 55.944884220118844 -3.1872873445609864 0.000000 245.000000
55.944884220118844 -3.1872873445609864 ENE 55.944999025148554 -3.187010180701233 49.270928 256.824749
55.944999025148554 -3.187010180701233 ENE 55.945113830178265 -3.1867330168414796 0.000000 131.704170
55.945113830178265 -3.1867330168414796 ENE 55.945228635207975 -3.186455852981726 0.000000 130.454170
55.945228635207975 -3.186455852981726 ENE 55.945343440237686 -3.1861786891219728 0.000000 129.204170
55.945343440237686 -3.1861786891219728 ENE 55.945458245267396 -3.1859015252622194 0.000000 127.954170
55.945458245267396 -3.1859015252622194 S 55.94515824526739 -3.1859015252622194 113.887452 161.557950
55.94515824526739 -3.1859015252622194 S 55.94485824526739 -3.1859015252622194 220.206845 177.434411
55.94485824526739 -3.1859015252622194 S 55.94455824526739 -3.1859015252622194 235.925669 269.476424
55.94455824526739 -3.1859015252622194 SSE 55.94428108140763 -3.18578672023251 235.925669 268.226424
55.94428108140763 -3.18578672023251 S 55.94398108140763 -3.18578672023251 235.925669 266.976424
55.94398108140763 -3.18578672023251 SSE 55.94370391754787 -3.1856719152028004 235.925669 265.726424
55.94370391754787 -3.1856719152028004 S 55.94340391754787 -3.1856719152028004 313.140754 273.632146
55.94340391754787 -3.1856719152028004 SSE 55.94312675368811 -3.185557110173091 313.140754 272.382146
55.94312675368811 -3.185557110173091 S 55.94282675368811 -3.185557110173091 348.280399 331.473396
55.94282675368811 -3.185557110173091 WNW 55.94294155871782 -3.1858342740328442 348.280399 330.223396
55.94294155871782 -3.1858342740328442 WNW 55.94305636374753 -3.1861114378925977 348.280399 328.973396
55.94305636374753 -3.1861114378925977 WNW 55.94317116877724 -3.186388601752351 348.280399 327.723396
55.94317116877724 -3.186388601752351 WNW 55.94328597380695 -3.1866657656121045 348.280399 326.473396
55.94328597380695 -3.1866657656121045 WNW 55.94340077883666 -3.186942929471858 348.280399 325.223396
55.94340077883666 -3.186942929471858 WNW 55.94351558386637 -3.1872200933316113 348.280399 323.973396
55.94351558386637 -3.1872200933316113 WNW 55.94363038889608 -3.1874972571913647 343.453795 263.680123
55.94363038889608 -3.1874972571913647 WNW 55.94374519392579 -3.187774421051118 343.453795 262.430123
55.94374519392579 -3.187774421051118 WNW 55.9438599989555 -3.1880515849108715 343.453795 261.180123
55.9438599989555 -3.1880515849108715 W 55.9438599989555 -3.1883515849108717 416.823182 337.258960
55.9438599989555 -3.1883515849108717 WNW 55.94397480398521 -3.188628748770625 416.823182 336.008960
55.94397480398521 -3.188628748770625 W 55.94397480398521 -3.1889287487706253 416.823182 334.758960
55.94397480398521 -3.1889287487706253 WNW 55.944089609014924 -3.1892059126303787 416.823182 333.508960
55.944089609014924 -3.1892059126303787 W 55.944089609014924 -3.189505912630379 416.823182 332.258960
55.944089609014924 -3.189505912630379 WNW 55.944204414044634 -3.1897830764901323 416.823182 331.008960
55.944204414044634 -3.1897830764901323 W 55.944204414044634 -3.1900830764901325 416.823182 329.758960
55.944204414044634 -3.1900830764901325 WNW 55.944319219074345 -3.190360240349886 416.823182 328.508960
55.944319219074345 -3.190360240349886 W 55.944319219074345 -3.190660240349886 416.823182 327.258960
55.944319219074345 -3.190660240349886 WNW 55.944434024104055 -3.1909374042096394 416.823182 326.008960
55.944434024104055 -3.1909374042096394 W 55.944434024104055 -3.1912374042096396 416.823182 324.758960
55.944434024104055 -3.1912374042096396 WNW 55.944548829133765 -3.191514568069393 416.823182 323.508960
55.944548829133765 -3.191514568069393 W 55.944548829133765 -3.1918145680693932 508.918035 327.354123
55.944548829133765 -3.1918145680693932 S 55.94424882913376 -3.1918145680693932 598.076781 428.894928
55.94424882913376 -3.1918145680693932 ENE 55.94436363416347 -3.19153740420964 613.731988 468.408355
55.94436363416347 -3.19153740420964 ENE 55.94447843919318 -3.1912602403498864 613.731988 467.158355
55.94447843919318 -3.1912602403498864 ENE 55.944593244222894 -3.190983076490133 613.731988 465.908355
55.944593244222894 -3.190983076490133 ENE 55.944708049252604 -3.1907059126303796 613.731988 464.658355
55.944708049252604 -3.1907059126303796 ENE 55.944822854282314 -3.190428748770626 613.731988 463.408355
55.944822854282314 -3.190428748770626 ENE 55.944937659312025 -3.190151584910873 674.529714 498.676464
55.944937659312025 -3.190151584910873 ENE 55.945052464341735 -3.1898744210511194 674.529714 497.426464
55.945052464341735 -3.1898744210511194 ENE 55.945167269371446 -3.189597257191366 674.529714 496.176464
55.945167269371446 -3.189597257191366 ENE 55.945282074401156 -3.1893200933316126 674.529714 494.926464
55.945282074401156 -3.1893200933316126 ENE 55.94539687943087 -3.189042929471859 674.529714 493.676464
55.94539687943087 -3.189042929471859 ENE 55.94551168446058 -3.188765765612106 674.529714 492.426464
55.94551168446058 -3.188765765612106 ENE 55.94562648949029 -3.1884886017523524 696.422910 592.165379
55.94562648949029 -3.1884886017523524 E 55.94562648949029 -3.188188601752352 696.422910 590.915379
55.94562648949029 -3.188188601752352 ENE 55.94574129452 -3.187911437892599 696.422910 589.665379
55.94574129452 -3.187911437892599 E 55.94574129452 -3.1876114378925986 696.422910 588.415379
55.94574129452 -3.1876114378925986 SW 55.94552916248564 -3.1878235699269544 707.256893 669.734469
55.94552916248564 -3.1878235699269544 SW 55.945317030451285 -3.18803570196131 707.256893 668.484469
55.945317030451285 -3.18803570196131 SW 55.94510489841693 -3.188247833995666 707.256893 667.234469
55.94510489841693 -3.188247833995666 SW 55.94489276638257 -3.1884599660300217 707.256893 665.984469
55.94489276638257 -3.1884599660300217 SW 55.94468063434822 -3.1886720980643775 707.256893 664.734469
55.94468063434822 -3.1886720980643775 SW 55.94446850231386 -3.1888842300987332 674.121744 589.035051
55.94446850231386 -3.1888842300987332 SW 55.944256370279504 -3.189096362133089 650.294022 563.889116
55.944256370279504 -3.189096362133089 SW 55.94404423824515 -3.1893084941674448 650.294022 562.639116
55.94404423824515 -3.1893084941674448 SW 55.94383210621079 -3.1895206262018005 650.294022 561.389116
55.94383210621079 -3.1895206262018005 SW 55.943619974176436 -3.1897327582361563 650.294022 560.139116
55.943619974176436 -3.1897327582361563 WSW 55.943505169146725 -3.1900099220959097 650.294022 558.889116
55.943505169146725 -3.1900099220959097 SW 55.94329303711237 -3.1902220541302655 650.294022 557.639116
55.94329303711237 -3.1902220541302655 WSW 55.94317823208266 -3.190499217990019 650.294022 556.389116
55.94317823208266 -3.190499217990019 SW 55.9429661000483 -3.1907113500243747 650.294022 555.139116
55.9429661000483 -3.1907113500243747 WSW 55.94285129501859 -3.190988513884128 650.294022 553.889116
55.94285129501859 -3.190988513884128 E 55.94285129501859 -3.190688513884128 727.949439 636.130995
55.94285129501859 -3.190688513884128 E 55.94285129501859 -3.1903885138841277 727.949439 634.880995
55.94285129501859 -3.1903885138841277 E 55.94285129501859 -3.1900885138841275 727.949439 633.630995
55.94285129501859 -3.1900885138841275 E 55.94285129501859 -3.1897885138841273 727.949439 632.380995
55.94285129501859 -3.1897885138841273 ENE 55.9429661000483 -3.189511350024374 777.387872 700.963719
55.9429661000483 -3.189511350024374 E 55.9429661000483 -3.1892113500243737 777.387872 699.713719
55.9429661000483 -3.1892113500243737 ENE 55.94308090507801 -3.1889341861646203 777.387872 698.463719
55.94308090507801 -3.1889341861646203 E 55.94308090507801 -3.18863418616462 777.387872 697.213719
55.94308090507801 -3.18863418616462 ENE 55.94319571010772 -3.1883570223048667 777.387872 695.963719
55.94319571010772 -3.1883570223048667 E 55.94319571010772 -3.1880570223048665 777.387872 694.713719
55.94319571010772 -3.1880570223048665 ENE 55.94331051513743 -3.187779858445113 777.387872 693.463719
55.94331051513743 -3.187779858445113 E 55.94331051513743 -3.187479858445113 777.387872 692.213719
55.94331051513743 -3.187479858445113 ENE 55.943425320167144 -3.1872026945853595 777.387872 690.963719
55.943425320167144 -3.1872026945853595 E 55.943425320167144 -3.1869026945853594 777.387872 689.713719
55.943425320167144 -3.1869026945853594 ENE 55.943540125196854 -3.186625530725606 777.387872 688.463719
55.943540125196854 -3.186625530725606 E 55.943540125196854 -3.1863255307256058 777.387872 687.213719
55.943540125196854 -3.1863255307256058 ENE 55.943654930226565 -3.1860483668658524 777.387872 685.963719
55.943654930226565 -3.1860483668658524 E 55.943654930226565 -3.185748366865852 777.387872 684.713719
55.943654930226565 -3.185748366865852 ENE 55.943769735256275 -3.1854712030060988 777.387872 683.463719
55.943769735256275 -3.1854712030060988 E 55.943769735256275 -3.1851712030060986 777.387872 682.213719
55.943769735256275 -3.1851712030060986 ENE 55.943884540285985 -3.184894039146345 777.387872 680.963719
55.943884540285985 -3.184894039146345 E 55.943884540285985 -3.184594039146345 777.387872 679.713719
55.943884540285985 -3.184594039146345 WSW 55.943769735256275 -3.1848712030060984 863.263669 754.478435
55.943769735256275 -3.1848712030060984 WSW 55.943654930226565 -3.185148366865852 863.263669 753.228435
55.943654930226565 -3.185148366865852 WSW 55.943540125196854 -3.185425530725605 863.263669 751.978435
55.943540125196854 -3.185425530725605 WSW 55.943425320167144 -3.1857026945853586 863.263669 750.728435
55.943425320167144 -3.1857026945853586 WSW 55.94331051513743 -3.185979858445112 863.263669 749.478435
55.94331051513743 -3.185979858445112 WSW 55.94319571010772 -3.1862570223048654 863.263669 748.228435
55.94319571010772 -3.1862570223048654 SW 55.94298357807337 -3.186469154339221 863.263669 746.978435
55.94298357807337 -3.186469154339221 WSW 55.94286877304366 -3.1867463181989746 863.263669 745.728435
55.94286877304366 -3.1867463181989746 SW 55.9426566410093 -3.1869584502333304 831.796839 684.830765
55.9426566410093 -3.1869584502333304 WNW 55.94277144603901 -3.1872356140930838 855.823494 800.677491
55.94277144603901 -3.1872356140930838 WNW 55.94288625106872 -3.187512777952837 855.823494 799.427491
55.94288625106872 -3.187512777952837 WNW 55.94300105609843 -3.1877899418125906 855.823494 798.177491
55.94300105609843 -3.1877899418125906 WNW 55.94311586112814 -3.188067105672344 855.823494 796.927491
55.94311586112814 -3.188067105672344 WNW 55.94323066615785 -3.1883442695320974 855.823494 795.677491
55.94323066615785 -3.1883442695320974 WNW 55.94334547118756 -3.188621433391851 855.823494 794.427491
55.94334547118756 -3.188621433391851 WNW 55.94346027621727 -3.188898597251604 855.823494 793.177491
55.94346027621727 -3.188898597251604 WNW 55.94357508124698 -3.1891757611113576 912.462055 875.589532
55.94357508124698 -3.1891757611113576 WNW 55.943689886276694 -3.189452924971111 912.462055 874.339532
55.943689886276694 -3.189452924971111 WNW 55.943804691306404 -3.1897300888308644 912.462055 873.089532
55.943804691306404 -3.1897300888308644 WNW 55.943919496336115 -3.190007252690618 912.462055 871.839532
55.943919496336115 -3.190007252690618 WNW 55.944034301365825 -3.190284416550371 912.462055 870.589532
55.944034301365825 -3.190284416550371 E 55.944034301365825 -3.189984416550371 934.756169 880.398096
55.944034301365825 -3.189984416550371 E 55.944034301365825 -3.189684416550371 934.756169 879.148096
55.944034301365825 -3.189684416550371 E 55.944034301365825 -3.1893844165503706 934.756169 877.898096
55.944034301365825 -3.1893844165503706 E 55.944034301365825 -3.1890844165503704 934.756169 876.648096
55.944034301365825 -3.1890844165503704 E 55.944034301365825 -3.1887844165503703 934.756169 875.398096
55.944034301365825 -3.1887844165503703 E 55.944034301365825 -3.18848441655037 934.756169 874.148096
55.944034301365825 -3.18848441655037 E 55.944034301365825 -3.18818441655037 934.756169 872.898096
55.944034301365825 -3.18818441655037 E 55.944034301365825 -3.1878844165503697 934.756169 871.648096
55.944034301365825 -3.1878844165503697 E 55.944034301365825 -3.1875844165503695 908.813760 860.229614
55.944034301365825 -3.1875844165503695 E 55.944034301365825 -3.1872844165503693 908.813760 858.979614
55.944034301365825 -3.1872844165503693 ENE 55.944149106395535 -3.187007252690616 908.813760 857.729614
55.944149106395535 -3.187007252690616 E 55.944149106395535 -3.1867072526906157 908.813760 856.479614
55.944149106395535 -3.1867072526906157 NNE 55.94442627025529 -3.186592447660906 1019.422729 926.641126
55.94442627025529 -3.186592447660906 W 55.94442627025529 -3.1868924476609064 1014.975880 821.142193
55.94442627025529 -3.1868924476609064 W 55.94442627025529 -3.1871924476609066 1014.975880 819.892193
55.94442627025529 -3.1871924476609066 W 55.94442627025529 -3.187492447660907 1014.975880 818.642193
55.94442627025529 -3.187492447660907 W 55.94442627025529 -3.187792447660907 1014.975880 817.392193
55.94442627025529 -3.187792447660907 W 55.94442627025529 -3.188092447660907 1014.975880 816.142193
55.94442627025529 -3.188092447660907 W 55.94442627025529 -3.1883924476609073 1014.975880 814.892193
55.94442627025529 -3.1883924476609073 W 55.94442627025529 -3.1886924476609075 1014.975880 813.642193
55.94442627025529 -3.1886924476609075 W 55.94442627025529 -3.1889924476609077 1014.975880 812.392193
55.94442627025529 -3.1889924476609077 W 55.94442627025529 -3.189292447660908 1014.975880 811.142193
55.94442627025529 -3.189292447660908 W 55.94442627025529 -3.189592447660908 1014.975880 809.892193
55.94442627025529 -3.189592447660908 WNW 55.944541075285 -3.1898696115206615 1014.975880 808.642193
55.944541075285 -3.1898696115206615 NE 55.94475320731936 -3.1896574794863057 1025.753382 869.134415
55.94475320731936 -3.1896574794863057 NNE 55.945030371179115 -3.1895426744565962 1121.835456 902.469500
55.945030371179115 -3.1895426744565962 NE 55.94524250321347 -3.1893305424222405 1121.835456 901.219500
55.94524250321347 -3.1893305424222405 NNE 55.94551966707323 -3.189215737392531 1121.835456 899.969500
55.94551966707323 -3.189215737392531 SW 55.94530753503887 -3.1894278694268867 1202.465944 1014.565978
55.94530753503887 -3.1894278694268867 SW 55.945095403004515 -3.1896400014612425 1202.465944 1013.315978
55.945095403004515 -3.1896400014612425 WSW 55.944980597974805 -3.189917165320996 1202.465944 1012.065978
55.944980597974805 -3.189917165320996 SW 55.94476846594045 -3.1901292973553517 1202.465944 1010.815978
55.94476846594045 -3.1901292973553517 WSW 55.94465366091074 -3.190406461215105 1202.465944 1009.565978
55.94465366091074 -3.190406461215105 SW 55.94444152887638 -3.190618593249461 1202.465944 1008.315978
55.94444152887638 -3.190618593249461 WSW 55.94432672384667 -3.1908957571092142 1202.465944 1007.065978
55.94432672384667 -3.1908957571092142 SW 55.944114591812315 -3.19110788914357 1202.465944 1005.815978
55.944114591812315 -3.19110788914357 WSW 55.943999786782605 -3.1913850530033234 1202.465944 1004.565978
55.943999786782605 -3.1913850530033234 N 55.94429978678261 -3.1913850530033234 1246.779985 1008.929612
55.94429978678261 -3.1913850530033234 NNE 55.944576950642364 -3.191270247973614 1246.779985 1007.679612
55.944576950642364 -3.191270247973614 N 55.94487695064237 -3.191270247973614 1246.779985 1006.429612
55.94487695064237 -3.191270247973614 NNE 55.945154114502124 -3.1911554429439044 1246.779985 1005.179612
55.945154114502124 -3.1911554429439044 E 55.945154114502124 -3.190855442943904 1310.709911 1121.809221
55.945154114502124 -3.190855442943904 E 55.945154114502124 -3.190555442943904 1310.709911 1120.559221
55.945154114502124 -3.190555442943904 E 55.945154114502124 -3.190255442943904 1426.482293 1205.366416
55.945154114502124 -3.190255442943904 E 55.945154114502124 -3.1899554429439037 1426.482293 1204.116416
55.945154114502124 -3.1899554429439037 E 55.945154114502124 -3.1896554429439035 1426.482293 1202.866416
55.945154114502124 -3.1896554429439035 E 55.945154114502124 -3.1893554429439033 1426.482293 1201.616416
55.945154114502124 -3.1893554429439033 E 55.945154114502124 -3.189055442943903 1426.482293 1200.366416
55.945154114502124 -3.189055442943903 E 55.945154114502124 -3.188755442943903 1426.482293 1199.116416
55.945154114502124 -3.188755442943903 E 55.945154114502124 -3.1884554429439027 1426.482293 1197.866416
55.945154114502124 -3.1884554429439027 E 55.945154114502124 -3.1881554429439025 1426.482293 1196.616416
55.945154114502124 -3.1881554429439025 E 55.945154114502124 -3.1878554429439023 1426.482293 1195.366416
55.945154114502124 -3.1878554429439023 E 55.945154114502124 -3.187555442943902 1426.482293 1194.116416
55.945154114502124 -3.187555442943902 ENE 55.945268919531834 -3.1872782790841487 1426.482293 1192.866416
55.945268919531834 -3.1872782790841487 E 55.945268919531834 -3.1869782790841485 1426.482293 1191.616416
55.945268919531834 -3.1869782790841485 ENE 55.945383724561545 -3.186701115224395 1371.739935 1190.366416
55.945383724561545 -3.186701115224395 E 55.945383724561545 -3.186401115224395 1281.082174 1167.080717
55.945383724561545 -3.186401115224395 ENE 55.945498529591255 -3.1861239513646415 1281.082174 1165.830717
55.945498529591255 -3.1861239513646415 E 55.945498529591255 -3.1858239513646414 1281.082174 1164.580717
55.945498529591255 -3.1858239513646414 ENE 55.945613334620965 -3.185546787504888 1281.082174 1163.330717
55.945613334620965 -3.185546787504888 E 55.945613334620965 -3.1852467875048878 1281.082174 1162.080717
55.945613334620965 -3.1852467875048878 ENE 55.945728139650676 -3.1849696236451344 1281.082174 1160.830717
55.945728139650676 -3.1849696236451344 E 55.945728139650676 -3.184669623645134 1281.082174 1159.580717
55.945728139650676 -3.184669623645134 ENE 55.945842944680386 -3.1843924597853808 1281.082174 1158.330717
55.945842944680386 -3.1843924597853808 WSW 55.945728139650676 -3.184669623645134 1350.540688 1273.165114
55.945728139650676 -3.184669623645134 WSW 55.945613334620965 -3.1849467875048876 1350.540688 1271.915114
55.945613334620965 -3.1849467875048876 WSW 55.945498529591255 -3.185223951364641 1350.540688 1270.665114
55.945498529591255 -3.185223951364641 WSW 55.945383724561545 -3.1855011152243944 1350.540688 1269.415114
55.945383724561545 -3.1855011152243944 WSW 55.945268919531834 -3.185778279084148 1350.540688 1268.165114
55.945268919531834 -3.185778279084148 WSW 55.945154114502124 -3.186055442943901 1350.540688 1266.915114
55.945154114502124 -3.186055442943901 WSW 55.94503930947241 -3.1863326068036546 1350.540688 1265.665114
55.94503930947241 -3.1863326068036546 WSW 55.9449245044427 -3.186609770663408 1350.540688 1264.415114
55.9449245044427 -3.186609770663408 WSW 55.94480969941299 -3.1868869345231614 1350.540688 1263.165114
55.94480969941299 -3.1868869345231614 WSW 55.94469489438328 -3.187164098382915 1350.540688 1261.915114
55.94469489438328 -3.187164098382915 WSW 55.94458008935357 -3.187441262242668 1350.540688 1260.665114
55.94458008935357 -3.187441262242668 WSW 55.94446528432386 -3.1877184261024216 1350.540688 1259.415114
55.94446528432386 -3.1877184261024216 WSW 55.94435047929415 -3.187995589962175 1350.540688 1258.165114
55.94435047929415 -3.187995589962175 W 55.94435047929415 -3.188295589962175 1350.540688 1256.915114
55.94435047929415 -3.188295589962175 WSW 55.94423567426444 -3.1885727538219286 1350.540688 1255.665114
55.94423567426444 -3.1885727538219286 W 55.94423567426444 -3.188872753821929 1350.540688 1254.415114
55.94423567426444 -3.188872753821929 WSW 55.94412086923473 -3.189149917681682 1350.540688 1253.165114
55.94412086923473 -3.189149917681682 W 55.94412086923473 -3.1894499176816824 1350.540688 1251.915114
55.94412086923473 -3.1894499176816824 WSW 55.94400606420502 -3.189727081541436 1350.540688 1250.665114
55.94400606420502 -3.189727081541436 W 55.94400606420502 -3.190027081541436 1350.540688 1249.415114
55.94400606420502 -3.190027081541436 WSW 55.94389125917531 -3.1903042454011894 1350.540688 1248.165114
55.94389125917531 -3.1903042454011894 W 55.94389125917531 -3.1906042454011896 1350.540688 1246.915114
55.94389125917531 -3.1906042454011896 WSW 55.9437764541456 -3.190881409260943 1350.540688 1245.665114
55.9437764541456 -3.190881409260943 W 55.9437764541456 -3.191181409260943 1350.540688 1244.415114
55.9437764541456 -3.191181409260943 ENE 55.94389125917531 -3.1909042454011898 1412.238200 1264.529658
55.94389125917531 -3.1909042454011898 E 55.94389125917531 -3.1906042454011896 1412.238200 1263.279658
55.94389125917531 -3.1906042454011896 ENE 55.94400606420502 -3.190327081541436 1412.238200 1262.029658
55.94400606420502 -3.190327081541436 E 55.94400606420502 -3.190027081541436 1412.238200 1260.779658
55.94400606420502 -3.190027081541436 ENE 55.94412086923473 -3.1897499176816826 1412.238200 1259.529658
55.94412086923473 -3.1897499176816826 E 55.94412086923473 -3.1894499176816824 1412.238200 1258.279658
55.94412086923473 -3.1894499176816824 ENE 55.94423567426444 -3.189172753821929 1412.238200 1257.029658
55.94423567426444 -3.189172753821929 E 55.94423567426444 -3.188872753821929 1412.238200 1255.779658
55.94423567426444 -3.188872753821929 ENE 55.94435047929415 -3.1885955899621754 1412.238200 1254.529658
55.94435047929415 -3.1885955899621754 E 55.94435047929415 -3.188295589962175 1412.238200 1253.279658
55.94435047929415 -3.188295589962175 ENE 55.94446528432386 -3.188018426102422 1412.238200 1252.029658
55.94446528432386 -3.188018426102422 E 55.94446528432386 -3.1877184261024216 1412.238200 1250.779658
55.94446528432386 -3.1877184261024216 ENE 55.94458008935357 -3.187441262242668 1412.238200 1249.529658
55.94458008935357 -3.187441262242668 E 55.94458008935357 -3.187141262242668 1412.238200 1248.279658
55.94458008935357 -3.187141262242668 ENE 55.94469489438328 -3.1868640983829146 1412.238200 1247.029658
55.94469489438328 -3.1868640983829146 E 55.94469489438328 -3.1865640983829144 1412.238200 1245.779658
55.94469489438328 -3.1865640983829144 ENE 55.94480969941299 -3.186286934523161 1412.238200 1244.529658
55.94480969941299 -3.186286934523161 E 55.94480969941299 -3.185986934523161 1412.238200 1243.279658
55.94480969941299 -3.185986934523161 ENE 55.9449245044427 -3.1857097706634074 1412.238200 1242.029658
55.9449245044427 -3.1857097706634074 E 55.9449245044427 -3.1854097706634072 1412.238200 1240.779658
55.9449245044427 -3.1854097706634072 ENE 55.94503930947241 -3.185132606803654 1412.238200 1239.529658
55.94503930947241 -3.185132606803654 E 55.94503930947241 -3.1848326068036537 1362.130598 1119.750005
55.94503930947241 -3.1848326068036537 ENE 55.945154114502124 -3.1845554429439002 1394.923460 1205.610008
55.945154114502124 -3.1845554429439002 WSW 55.94503930947241 -3.1848326068036537 1394.923460 1204.360008
55.94503930947241 -3.1848326068036537 SW 55.94482717743806 -3.1850447388380094 1394.923460 1203.110008
55.94482717743806 -3.1850447388380094 SW 55.9446150454037 -3.185256870872365 1394.923460 1201.860008
55.9446150454037 -3.185256870872365 WSW 55.94450024037399 -3.1855340347321186 1394.923460 1200.610008
55.94450024037399 -3.1855340347321186 SW 55.944288108339634 -3.1857461667664744 1394.923460 1199.360008
55.944288108339634 -3.1857461667664744 WSW 55.944173303309924 -3.186023330626228 1394.923460 1198.110008
55.944173303309924 -3.186023330626228 SW 55.94396117127557 -3.1862354626605836 1394.923460 1196.860008
55.94396117127557 -3.1862354626605836 WSW 55.94384636624586 -3.186512626520337 1426.585163 1275.181374
55.94384636624586 -3.186512626520337 NNE 55.944123530105614 -3.1863978214906274 1426.585163 1273.931374
55.944123530105614 -3.1863978214906274 NW 55.94433566213997 -3.186609953524983 1426.585163 1272.681374
55.94433566213997 -3.186609953524983 W 55.94433566213997 -3.1869099535249834 1426.585163 1271.431374
55.94433566213997 -3.1869099535249834 E 55.94433566213997 -3.186609953524983 1426.585163 1270.181374
55.94433566213997 -3.186609953524983 E 55.94433566213997 -3.186309953524983 1426.585163 1268.931374
55.94433566213997 -3.186309953524983 WNW 55.94445046716968 -3.1865871173847364 1426.585163 1267.681374
55.94445046716968 -3.1865871173847364 ESE 55.94433566213997 -3.186309953524983 1426.585163 1266.431374
55.94433566213997 -3.186309953524983 NNE 55.94461282599973 -3.1861951484952735 1426.585163 1265.181374
55.94461282599973 -3.1861951484952735 NNE 55.94488998985948 -3.186080343465564 1426.585163 1263.931374
55.94488998985948 -3.186080343465564 WNW 55.94500479488919 -3.1863575073253174 1426.585163 1262.681374
55.94500479488919 -3.1863575073253174 WNW 55.945119599918904 -3.186634671185071 1426.585163 1261.431374
55.945119599918904 -3.186634671185071 NE 55.94533173195326 -3.186422539150715 1426.585163 1260.181374
55.94533173195326 -3.186422539150715 W 55.94533173195326 -3.1867225391507152 1426.585163 1258.931374
55.94533173195326 -3.1867225391507152 ESE 55.94521692692355 -3.186445375290962 1426.585163 1257.681374
55.94521692692355 -3.186445375290962 SSE 55.94493976306379 -3.1863305702612523 1426.585163 1256.431374
55.94493976306379 -3.1863305702612523 SSW 55.94466259920404 -3.186445375290962 1426.585163 1255.181374
55.94466259920404 -3.186445375290962 SSE 55.94438543534428 -3.1863305702612523 1426.585163 1253.931374
