55.944425 -3.188396 ENE 55.94453980502971 -3.1881188361402466 0.000000 248.750000
55.94453980502971 -3.1881188361402466 ENE 55.94465461005942 -3.187841672280493 0.000000 247.500000
55.94465461005942 -3.187841672280493 ENE 55.944769415089134 -3.18756450842074 0.000000 246.250000
55.944769415089134 -3.18756450842074 ENE 55.944884220118844 -3.1872873445609864 0.000000 245.000000
55.944884220118844 -3.1872873445609864 ENE 55.944999025148554 -3.187010180701233 49.270928 256.824749
55.944999025148554 -3.187010180701233 ENE 55.945113830178265 -3.1867330168414796 0.000000 131.704170
55.945113830178265 -3.1867330168414796 ENE 55.945228635207975 -3.186455852981726 0.000000 130.454170
55.945228635207975 -3.186455852981726 ENE 55.945343440237686 -3.1861786891219728 0.000000 129.204170
55.945343440237686 -3.1861786891219728 ENE 55.945458245267396 -3.1859015252622194 0.000000 127.954170
55.945458245267396 -3.1859015252622194 S 55.94515824526739 -3.1859015252622194 113.887452 161.557950
55.94515824526739 -3.1859015252622194 S 55.94485824526739 -3.1859015252622194 220.206845 177.434411
55.94485824526739 -3.1859015252622194 S 55.94455824526739 -3.1859015252622194 235.925669 269.476424
55.94455824526739 -3.1859015252622194 SSE 55.94428108140763 -3.18578672023251 235.925669 268.226424
55.94428108140763 -3.18578672023251 S 55.94398108140763 -3.18578672023251 235.925669 266.976424
55.94398108140763 -3.18578672023251 SSE 55.94370391754787 -3.1856719152028004 235.925669 265.726424
55.94370391754787 -3.1856719152028004 S 55.94340391754787 -3.1856719152028004 313.140754 273.632146
55.94340391754787 -3.1856719152028004 SSE 55.94312675368811 -3.185557110173091 313.140754 272.382146
55.94312675368811 -3.185557110173091 W 55.94312675368811 -3.185857110173091 348.280399 331.473396
55.94312675368811 -3.185857110173091 W 55.94312675368811 -3.1861571101730912 348.280399 330.223396
55.94312675368811 -3.1861571101730912 W 55.94312675368811 -3.1864571101730914 348.280399 328.973396
55.94312675368811 -3.1864571101730914 W 55.94312675368811 -3.1867571101730916 348.280399 327.723396
55.94312675368811 -3.1867571101730916 W 55.94312675368811 -3.187057110173092 348.280399 326.473396
55.94312675368811 -3.187057110173092 W 55.94312675368811 -3.187357110173092 348.280399 325.223396
55.94312675368811 -3.187357110173092 W 55.94312675368811 -3.187657110173092 348.280399 323.973396
55.94312675368811 -3.187657110173092 WNW 55.94324155871782 -3.1879342740328456 348.280399 322.723396
55.94324155871782 -3.1879342740328456 W 55.94324155871782 -3.1882342740328458 348.280399 321.473396
55.94324155871782 -3.1882342740328458 WNW 55.94335636374753 -3.188511437892599 348.280399 320.223396
55.94335636374753 -3.188511437892599 W 55.94335636374753 -3.1888114378925994 348.280399 318.973396
55.94335636374753 -3.1888114378925994 WNW 55.94347116877724 -3.1890886017523528 348.280399 317.723396
55.94347116877724 -3.1890886017523528 ENE 55.943585973806954 -3.1888114378925994 404.918959 400.135438
55.943585973806954 -3.1888114378925994 ENE 55.943700778836664 -3.188534274032846 404.918959 398.885438
55.943700778836664 -3.188534274032846 ENE 55.943815583866375 -3.1882571101730925 404.918959 397.635438
55.943815583866375 -3.1882571101730925 ENE 55.943930388896085 -3.187979946313339 478.288346 473.714274
55.943930388896085 -3.187979946313339 ENE 55.944045193925795 -3.1877027824535857 478.288346 472.464274
55.944045193925795 -3.1877027824535857 E 55.944045193925795 -3.1874027824535855 478.288346 471.214274
55.944045193925795 -3.1874027824535855 ENE 55.944159998955506 -3.187125618593832 478.288346 469.964274
55.944159998955506 -3.187125618593832 E 55.944159998955506 -3.186825618593832 478.288346 468.714274
55.944159998955506 -3.186825618593832 W 55.944159998955506 -3.187125618593832 588.897315 538.875786
55.944159998955506 -3.187125618593832 W 55.944159998955506 -3.1874256185938323 588.897315 537.625786
55.944159998955506 -3.1874256185938323 W 55.944159998955506 -3.1877256185938325 588.897315 536.375786
55.944159998955506 -3.1877256185938325 W 55.944159998955506 -3.1880256185938327 588.897315 535.125786
55.944159998955506 -3.1880256185938327 W 55.944159998955506 -3.188325618593833 562.954907 523.707304
55.944159998955506 -3.188325618593833 W 55.944159998955506 -3.188625618593833 562.954907 522.457304
55.944159998955506 -3.188625618593833 W 55.944159998955506 -3.1889256185938333 539.127184 497.311369
55.944159998955506 -3.1889256185938333 W 55.944159998955506 -3.1892256185938335 539.127184 496.061369
55.944159998955506 -3.1892256185938335 W 55.944159998955506 -3.1895256185938337 539.127184 494.811369
55.944159998955506 -3.1895256185938337 W 55.944159998955506 -3.189825618593834 539.127184 493.561369
55.944159998955506 -3.189825618593834 WNW 55.944274803985216 -3.1901027824535872 539.127184 492.311369
55.944274803985216 -3.1901027824535872 W 55.944274803985216 -3.1904027824535874 539.127184 491.061369
55.944274803985216 -3.1904027824535874 WNW 55.94438960901493 -3.190679946313341 539.127184 489.811369
55.94438960901493 -3.190679946313341 W 55.94438960901493 -3.190979946313341 539.127184 488.561369
55.94438960901493 -3.190979946313341 WNW 55.94450441404464 -3.1912571101730944 539.127184 487.311369
55.94450441404464 -3.1912571101730944 W 55.94450441404464 -3.1915571101730946 539.127184 486.061369
55.94450441404464 -3.1915571101730946 NW 55.94471654607899 -3.1917692422074504 631.222038 489.906533
55.94471654607899 -3.1917692422074504 NW 55.94492867811335 -3.191981374241806 720.380784 591.447338
55.94492867811335 -3.191981374241806 NW 55.945140810147706 -3.192193506276162 720.380784 590.197338
55.945140810147706 -3.192193506276162 WNW 55.945255615177416 -3.1924706701359153 720.380784 588.947338
55.945255615177416 -3.1924706701359153 NNE 55.94553277903717 -3.192355865106206 805.806960 625.711135
55.94553277903717 -3.192355865106206 SSW 55.945255615177416 -3.1924706701359153 805.806960 624.461135
55.945255615177416 -3.1924706701359153 ESE 55.945140810147706 -3.192193506276162 805.806960 623.211135
55.945140810147706 -3.192193506276162 ESE 55.945026005117995 -3.1919163424164085 805.806960 621.961135
55.945026005117995 -3.1919163424164085 ESE 55.944911200088285 -3.191639178556655 805.806960 620.711135
55.944911200088285 -3.191639178556655 ESE 55.944796395058574 -3.1913620146969017 805.806960 619.461135
55.944796395058574 -3.1913620146969017 E 55.944796395058574 -3.1910620146969015 805.806960 618.211135
55.944796395058574 -3.1910620146969015 ESE 55.944681590028864 -3.190784850837148 805.806960 616.961135
55.944681590028864 -3.190784850837148 E 55.944681590028864 -3.190484850837148 805.806960 615.711135
55.944681590028864 -3.190484850837148 ESE 55.944566784999154 -3.1902076869773945 866.604685 650.979244
55.944566784999154 -3.1902076869773945 ENE 55.944681590028864 -3.189930523117641 866.604685 649.729244
55.944681590028864 -3.189930523117641 ENE 55.944796395058574 -3.1896533592578877 877.382187 710.221465
55.944796395058574 -3.1896533592578877 E 55.944796395058574 -3.1893533592578875 973.464262 743.556551
55.944796395058574 -3.1893533592578875 ENE 55.944911200088285 -3.189076195398134 973.464262 742.306551
55.944911200088285 -3.189076195398134 E 55.944911200088285 -3.188776195398134 973.464262 741.056551
55.944911200088285 -3.188776195398134 ENE 55.945026005117995 -3.1884990315383805 940.329113 665.357133
55.945026005117995 -3.1884990315383805 E 55.945026005117995 -3.1881990315383804 940.329113 664.107133
55.945026005117995 -3.1881990315383804 ENE 55.945140810147706 -3.187921867678627 940.329113 662.857133
55.945140810147706 -3.187921867678627 E 55.945140810147706 -3.1876218676786268 940.329113 661.607133
55.945140810147706 -3.1876218676786268 ENE 55.945255615177416 -3.1873447038188734 940.329113 660.357133
55.945255615177416 -3.1873447038188734 E 55.945255615177416 -3.187044703818873 940.329113 659.107133
55.945255615177416 -3.187044703818873 ENE 55.94537042020713 -3.1867675399591198 885.586755 657.857133
55.94537042020713 -3.1867675399591198 E 55.94537042020713 -3.1864675399591196 885.586755 656.607133
55.94537042020713 -3.1864675399591196 ENE 55.94548522523684 -3.186190376099366 794.928994 633.321434
55.94548522523684 -3.186190376099366 E 55.94548522523684 -3.185890376099366 794.928994 632.071434
55.94548522523684 -3.185890376099366 ENE 55.94560003026655 -3.1856132122396126 794.928994 630.821434
55.94560003026655 -3.1856132122396126 E 55.94560003026655 -3.1853132122396124 794.928994 629.571434
55.94560003026655 -3.1853132122396124 ENE 55.94571483529626 -3.185036048379859 794.928994 628.321434
55.94571483529626 -3.185036048379859 E 55.94571483529626 -3.184736048379859 794.928994 627.071434
55.94571483529626 -3.184736048379859 ENE 55.94582964032597 -3.1844588845201054 794.928994 625.821434
55.94582964032597 -3.1844588845201054 SW 55.94561750829161 -3.184671016554461 864.387508 740.655830
55.94561750829161 -3.184671016554461 SW 55.945405376257256 -3.184883148588817 864.387508 739.405830
55.945405376257256 -3.184883148588817 SW 55.9451932442229 -3.1850952806231727 814.279907 619.626177
55.9451932442229 -3.1850952806231727 SW 55.94498111218854 -3.1853074126575285 814.279907 618.376177
55.94498111218854 -3.1853074126575285 SW 55.94476898015419 -3.1855195446918843 814.279907 617.126177
55.94476898015419 -3.1855195446918843 SW 55.94455684811983 -3.18573167672624 814.279907 615.876177
55.94455684811983 -3.18573167672624 SSW 55.944279684260074 -3.1858464817559495 814.279907 614.626177
55.944279684260074 -3.1858464817559495 SW 55.94406755222572 -3.1860586137903053 814.279907 613.376177
55.94406755222572 -3.1860586137903053 SSW 55.94379038836596 -3.186173418820015 814.279907 612.126177
55.94379038836596 -3.186173418820015 SW 55.943578256331605 -3.1863855508543706 845.941610 690.447543
55.943578256331605 -3.1863855508543706 SSW 55.94330109247185 -3.18650035588408 845.941610 689.197543
55.94330109247185 -3.18650035588408 SW 55.94308896043749 -3.186712487918436 845.941610 687.947543
55.94308896043749 -3.186712487918436 SSW 55.942811796577736 -3.1868272929481454 845.941610 686.697543
55.942811796577736 -3.1868272929481454 ENE 55.94292660160745 -3.186550129088392 869.968265 802.544268
55.94292660160745 -3.186550129088392 ENE 55.94304140663716 -3.1862729652286386 838.501435 741.646599
55.94304140663716 -3.1862729652286386 ENE 55.94315621166687 -3.185995801368885 838.501435 740.396599
55.94315621166687 -3.185995801368885 ENE 55.94327101669658 -3.1857186375091318 838.501435 739.146599
55.94327101669658 -3.1857186375091318 ENE 55.94338582172629 -3.1854414736493784 838.501435 737.896599
55.94338582172629 -3.1854414736493784 ENE 55.943500626756 -3.185164309789625 838.501435 736.646599
55.943500626756 -3.185164309789625 NE 55.943712758790355 -3.184952177755269 838.501435 735.396599
55.943712758790355 -3.184952177755269 ENE 55.943827563820065 -3.1846750138955158 838.501435 734.146599
55.943827563820065 -3.1846750138955158 W 55.943827563820065 -3.184975013895516 924.377233 808.911315
55.943827563820065 -3.184975013895516 W 55.943827563820065 -3.185275013895516 924.377233 807.661315
55.943827563820065 -3.185275013895516 W 55.943827563820065 -3.1855750138955163 924.377233 806.411315
55.943827563820065 -3.1855750138955163 W 55.943827563820065 -3.1858750138955165 924.377233 805.161315
55.943827563820065 -3.1858750138955165 W 55.943827563820065 -3.1861750138955167 924.377233 803.911315
55.943827563820065 -3.1861750138955167 W 55.943827563820065 -3.186475013895517 924.377233 802.661315
55.943827563820065 -3.186475013895517 W 55.943827563820065 -3.186775013895517 924.377233 801.411315
55.943827563820065 -3.186775013895517 W 55.943827563820065 -3.1870750138955173 924.377233 800.161315
55.943827563820065 -3.1870750138955173 W 55.943827563820065 -3.1873750138955175 924.377233 798.911315
55.943827563820065 -3.1873750138955175 W 55.943827563820065 -3.1876750138955177 924.377233 797.661315
55.943827563820065 -3.1876750138955177 W 55.943827563820065 -3.187975013895518 924.377233 796.411315
55.943827563820065 -3.187975013895518 W 55.943827563820065 -3.188275013895518 924.377233 795.161315
55.943827563820065 -3.188275013895518 W 55.943827563820065 -3.1885750138955182 924.377233 793.911315
55.943827563820065 -3.1885750138955182 W 55.943827563820065 -3.1888750138955184 924.377233 792.661315
55.943827563820065 -3.1888750138955184 W 55.943827563820065 -3.1891750138955186 924.377233 791.411315
55.943827563820065 -3.1891750138955186 W 55.943827563820065 -3.189475013895519 924.377233 790.161315
55.943827563820065 -3.189475013895519 W 55.943827563820065 -3.189775013895519 924.377233 788.911315
55.943827563820065 -3.189775013895519 W 55.943827563820065 -3.190075013895519 924.377233 787.661315
55.943827563820065 -3.190075013895519 W 55.943827563820065 -3.1903750138955194 924.377233 786.411315
55.943827563820065 -3.1903750138955194 W 55.943827563820065 -3.1906750138955196 946.671346 796.219879
55.943827563820065 -3.1906750138955196 W 55.943827563820065 -3.1909750138955197 946.671346 794.969879
55.943827563820065 -3.1909750138955197 WSW 55.943712758790355 -3.191252177755273 946.671346 793.719879
55.943712758790355 -3.191252177755273 NNE 55.94398992265011 -3.1911373727255636 1008.368858 813.834423
55.94398992265011 -3.1911373727255636 NNE 55.94426708650987 -3.191022567695854 1008.368858 812.584423
55.94426708650987 -3.191022567695854 NE 55.944479218544224 -3.1908104356614984 1008.368858 811.334423
55.944479218544224 -3.1908104356614984 NNE 55.94475638240398 -3.190695630631789 1008.368858 810.084423
55.94475638240398 -3.190695630631789 NE 55.94496851443834 -3.190483498597433 1008.368858 808.834423
55.94496851443834 -3.190483498597433 NNE 55.94524567829809 -3.1903686935677236 1008.368858 807.584423
55.94524567829809 -3.1903686935677236 ENE 55.9453604833278 -3.19009152970797 1124.141239 892.391618
55.9453604833278 -3.19009152970797 ENE 55.945475288357514 -3.1898143658482168 1124.141239 891.141618
55.945475288357514 -3.1898143658482168 ENE 55.945590093387224 -3.1895372019884634 1124.141239 889.891618
55.945590093387224 -3.1895372019884634 ENE 55.945704898416935 -3.18926003812871 1124.141239 888.641618
55.945704898416935 -3.18926003812871 SW 55.94549276638258 -3.1894721701630657 1204.771727 1003.238096
55.94549276638258 -3.1894721701630657 WSW 55.94537796135287 -3.189749334022819 1204.771727 1001.988096
55.94537796135287 -3.189749334022819 SW 55.94516582931851 -3.189961466057175 1204.771727 1000.738096
55.94516582931851 -3.189961466057175 WSW 55.9450510242888 -3.1902386299169283 1204.771727 999.488096
55.9450510242888 -3.1902386299169283 SW 55.944838892254445 -3.190450761951284 1204.771727 998.238096
55.944838892254445 -3.190450761951284 WSW 55.944724087224735 -3.1907279258110375 1204.771727 996.988096
55.944724087224735 -3.1907279258110375 SW 55.94451195519038 -3.1909400578453933 1204.771727 995.738096
55.94451195519038 -3.1909400578453933 WSW 55.94439715016067 -3.1912172217051467 1204.771727 994.488096
55.94439715016067 -3.1912172217051467 SW 55.94418501812631 -3.1914293537395024 1204.771727 993.238096
55.94418501812631 -3.1914293537395024 WSW 55.9440702130966 -3.191706517599256 1204.771727 991.988096
55.9440702130966 -3.191706517599256 NNE 55.94434737695636 -3.1915917125695463 1220.426934 1031.501523
55.94434737695636 -3.1915917125695463 NNE 55.944624540816115 -3.191476907539837 1220.426934 1030.251523
55.944624540816115 -3.191476907539837 NNE 55.94490170467587 -3.1913621025101273 1220.426934 1029.001523
55.94490170467587 -3.1913621025101273 NNE 55.94517886853563 -3.191247297480418 1220.426934 1027.751523
55.94517886853563 -3.191247297480418 SSE 55.94490170467587 -3.1911324924507083 1284.356861 1144.381133
55.94490170467587 -3.1911324924507083 SSE 55.944624540816115 -3.191017687420999 1284.356861 1143.131133
55.944624540816115 -3.191017687420999 SSE 55.94434737695636 -3.1909028823912893 1284.356861 1141.881133
55.94434737695636 -3.1909028823912893 SSE 55.9440702130966 -3.1907880773615798 1284.356861 1140.631133
55.9440702130966 -3.1907880773615798 SSE 55.943793049236845 -3.1906732723318703 1284.356861 1139.381133
55.943793049236845 -3.1906732723318703 SE 55.94358091720249 -3.1904611402975145 1284.356861 1138.131133
55.94358091720249 -3.1904611402975145 SSE 55.94330375334273 -3.190346335267805 1284.356861 1136.881133
55.94330375334273 -3.190346335267805 SE 55.943091621308376 -3.190134203233449 1284.356861 1135.631133
55.943091621308376 -3.190134203233449 SSE 55.94281445744862 -3.1900193982037397 1238.961401 1119.684512
55.94281445744862 -3.1900193982037397 ENE 55.94292926247833 -3.1897422343439863 1288.399833 1188.267235
55.94292926247833 -3.1897422343439863 ENE 55.94304406750804 -3.189465070484233 1288.399833 1187.017235
55.94304406750804 -3.189465070484233 ENE 55.94315887253775 -3.1891879066244795 1288.399833 1185.767235
55.94315887253775 -3.1891879066244795 ENE 55.94327367756746 -3.188910742764726 1288.399833 1184.517235
55.94327367756746 -3.188910742764726 ENE 55.94338848259717 -3.1886335789049727 1288.399833 1183.267235
55.94338848259717 -3.1886335789049727 ENE 55.94350328762688 -3.1883564150452193 1288.399833 1182.017235
55.94350328762688 -3.1883564150452193 ENE 55.94361809265659 -3.188079251185466 1288.399833 1180.767235
55.94361809265659 -3.188079251185466 ENE 55.9437328976863 -3.1878020873257125 1288.399833 1179.517235
55.9437328976863 -3.1878020873257125 ENE 55.94384770271601 -3.187524923465959 1288.399833 1178.267235
55.94384770271601 -3.187524923465959 ENE 55.943962507745724 -3.1872477596062057 1288.399833 1177.017235
55.943962507745724 -3.1872477596062057 ENE 55.944077312775434 -3.1869705957464523 1288.399833 1175.767235
55.944077312775434 -3.1869705957464523 ENE 55.944192117805144 -3.186693431886699 1288.399833 1174.517235
55.944192117805144 -3.186693431886699 ENE 55.944306922834855 -3.1864162680269454 1288.399833 1173.267235
55.944306922834855 -3.1864162680269454 ENE 55.944421727864565 -3.186139104167192 1283.952984 1067.768302
55.944421727864565 -3.186139104167192 ENE 55.944536532894276 -3.1858619403074386 1283.952984 1066.518302
55.944536532894276 -3.1858619403074386 ENE 55.944651337923986 -3.1855847764476852 1283.952984 1065.268302
55.944651337923986 -3.1855847764476852 ENE 55.944766142953696 -3.185307612587932 1283.952984 1064.018302
55.944766142953696 -3.185307612587932 ENE 55.94488094798341 -3.1850304487281784 1283.952984 1062.768302
55.94488094798341 -3.1850304487281784 NE 55.94509308001776 -3.1848183166938226 1283.952984 1061.518302
55.94509308001776 -3.1848183166938226 WSW 55.94497827498805 -3.185095480553576 1316.745845 1147.378305
55.94497827498805 -3.185095480553576 WSW 55.94486346995834 -3.1853726444133295 1316.745845 1146.128305
55.94486346995834 -3.1853726444133295 WSW 55.94474866492863 -3.185649808273083 1316.745845 1144.878305
55.94474866492863 -3.185649808273083 WSW 55.94463385989892 -3.1859269721328363 1316.745845 1143.628305
55.94463385989892 -3.1859269721328363 WSW 55.94451905486921 -3.1862041359925897 1316.745845 1142.378305
55.94451905486921 -3.1862041359925897 WSW 55.9444042498395 -3.186481299852343 1316.745845 1141.128305
55.9444042498395 -3.186481299852343 WSW 55.94428944480979 -3.1867584637120965 1316.745845 1139.878305
55.94428944480979 -3.1867584637120965 WSW 55.94417463978008 -3.18703562757185 1316.745845 1138.628305
55.94417463978008 -3.18703562757185 WSW 55.94405983475037 -3.1873127914316033 1316.745845 1137.378305
55.94405983475037 -3.1873127914316033 WSW 55.94394502972066 -3.1875899552913567 1316.745845 1136.128305
55.94394502972066 -3.1875899552913567 WSW 55.94383022469095 -3.18786711915111 1316.745845 1134.878305
55.94383022469095 -3.18786711915111 WSW 55.94371541966124 -3.1881442830108635 1316.745845 1133.628305
55.94371541966124 -3.1881442830108635 WSW 55.94360061463153 -3.188421446870617 1316.745845 1132.378305
55.94360061463153 -3.188421446870617 WSW 55.94348580960182 -3.1886986107303703 1316.745845 1131.128305
55.94348580960182 -3.1886986107303703 WSW 55.94337100457211 -3.1889757745901237 1316.745845 1129.878305
55.94337100457211 -3.1889757745901237 WSW 55.9432561995424 -3.189252938449877 1316.745845 1128.628305
55.9432561995424 -3.189252938449877 WSW 55.943141394512686 -3.1895301023096305 1316.745845 1127.378305
55.943141394512686 -3.1895301023096305 WSW 55.943026589482976 -3.189807266169384 1316.745845 1126.128305
55.943026589482976 -3.189807266169384 WSW 55.942911784453266 -3.1900844300291373 1316.745845 1124.878305
55.942911784453266 -3.1900844300291373 W 55.942911784453266 -3.1903844300291375 1316.745845 1123.628305
55.942911784453266 -3.1903844300291375 WSW 55.942796979423555 -3.190661593888891 1316.745845 1122.378305
55.942796979423555 -3.190661593888891 W 55.942796979423555 -3.190961593888891 1316.745845 1121.128305
55.942796979423555 -3.190961593888891 WSW 55.942682174393845 -3.1912387577486445 1394.401263 1203.370184
55.942682174393845 -3.1912387577486445 NE 55.9428943064282 -3.1910266257142887 1394.401263 1202.120184
55.9428943064282 -3.1910266257142887 NE 55.94310643846256 -3.190814493679933 1394.401263 1200.870184
55.94310643846256 -3.190814493679933 NE 55.94331857049691 -3.190602361645577 1394.401263 1199.620184
55.94331857049691 -3.190602361645577 NE 55.94353070253127 -3.1903902296112214 1394.401263 1198.370184
55.94353070253127 -3.1903902296112214 NE 55.943742834565626 -3.1901780975768657 1394.401263 1197.120184
55.943742834565626 -3.1901780975768657 NE 55.94395496659998 -3.18996596554251 1394.401263 1195.870184
55.94395496659998 -3.18996596554251 NE 55.94416709863434 -3.189753833508154 1394.401263 1194.620184
55.94416709863434 -3.189753833508154 NE 55.944379230668694 -3.1895417014737983 1394.401263 1193.370184
55.944379230668694 -3.1895417014737983 NE 55.94459136270305 -3.1893295694394426 1394.401263 1192.120184
55.94459136270305 -3.1893295694394426 NE 55.94480349473741 -3.189117437405087 1394.401263 1190.870184
55.94480349473741 -3.189117437405087 ENE 55.94491829976712 -3.1888402735453334 1394.401263 1189.620184
55.94491829976712 -3.1888402735453334 NE 55.94513043180147 -3.1886281415109776 1394.401263 1188.370184
55.94513043180147 -3.1886281415109776 ENE 55.945245236831184 -3.188350977651224 1394.401263 1187.120184
55.945245236831184 -3.188350977651224 NE 55.94545736886554 -3.1881388456168684 1394.401263 1185.870184
55.94545736886554 -3.1881388456168684 ENE 55.94557217389525 -3.187861681757115 1394.401263 1184.620184
55.94557217389525 -3.187861681757115 NE 55.94578430592961 -3.1876495497227593 1394.401263 1183.370184
55.94578430592961 -3.1876495497227593 W 55.94578430592961 -3.1879495497227595 1405.235246 1264.689275
55.94578430592961 -3.1879495497227595 W 55.94578430592961 -3.1882495497227596 1405.235246 1263.439275
55.94578430592961 -3.1882495497227596 WSW 55.945669500899896 -3.188526713582513 1405.235246 1262.189275
55.945669500899896 -3.188526713582513 W 55.945669500899896 -3.1888267135825132 1405.235246 1260.939275
55.945669500899896 -3.1888267135825132 SW 55.94545736886554 -3.189038845616869 1427.128443 1360.678190
55.94545736886554 -3.189038845616869 WSW 55.94534256383583 -3.1893160094766224 1427.128443 1359.428190
55.94534256383583 -3.1893160094766224 SW 55.94513043180147 -3.189528141510978 1427.128443 1358.178190
55.94513043180147 -3.189528141510978 WSW 55.94501562677176 -3.1898053053707316 1427.128443 1356.928190
55.94501562677176 -3.1898053053707316 SW 55.94480349473741 -3.1900174374050874 1427.128443 1355.678190
55.94480349473741 -3.1900174374050874 WSW 55.9446886897077 -3.1902946012648408 1427.128443 1354.428190
55.9446886897077 -3.1902946012648408 SW 55.94447655767334 -3.1905067332991965 1427.128443 1353.178190
55.94447655767334 -3.1905067332991965 WSW 55.94436175264363 -3.19078389715895 1427.128443 1351.928190
55.94436175264363 -3.19078389715895 SW 55.944149620609274 -3.1909960291933057 1427.128443 1350.678190
55.944149620609274 -3.1909960291933057 WSW 55.94403481557956 -3.191273193053059 1427.128443 1349.428190
55.94403481557956 -3.191273193053059 SW 55.94382268354521 -3.191485325087415 1471.442483 1353.791823
55.94382268354521 -3.191485325087415 SE 55.94361055151085 -3.191273193053059 1471.442483 1352.541823
55.94361055151085 -3.191273193053059 SE 55.943398419476495 -3.1910610610187033 1471.442483 1351.291823
55.943398419476495 -3.1910610610187033 S 55.94309841947649 -3.1910610610187033 1402.989507 1346.092167
55.94309841947649 -3.1910610610187033 W 55.94309841947649 -3.1913610610187035 1402.989507 1344.842167
55.94309841947649 -3.1913610610187035 SW 55.942886287442136 -3.1915731930530593 1402.989507 1343.592167
55.942886287442136 -3.1915731930530593 SE 55.94267415540778 -3.1913610610187035 1402.989507 1342.342167
55.94267415540778 -3.1913610610187035 SE 55.94246202337342 -3.1911489289843478 1402.989507 1341.092167
55.94246202337342 -3.1911489289843478 SSE 55.94218485951367 -3.1910341239546383 1402.989507 1339.842167
55.94218485951367 -3.1910341239546383 ENE 55.94229966454338 -3.190756960094885 1402.989507 1338.592167
55.94229966454338 -3.190756960094885 W 55.94229966454338 -3.191056960094885 1402.989507 1337.342167
55.94229966454338 -3.191056960094885 WNW 55.94241446957309 -3.1913341239546384 1402.989507 1336.092167
55.94241446957309 -3.1913341239546384 NE 55.942626601607444 -3.1911219919202827 1402.989507 1334.842167
55.942626601607444 -3.1911219919202827 ENE 55.942741406637154 -3.1908448280605293 1402.989507 1333.592167
55.942741406637154 -3.1908448280605293 SSE 55.9424642427774 -3.1907300230308198 1402.989507 1332.342167
