55.944425 -3.188396 ENE 55.94453980502971 -3.1881188361402466 0.000000 248.750000
55.94453980502971 -3.1881188361402466 ENE 55.94465461005942 -3.187841672280493 0.000000 247.500000
55.94465461005942 -3.187841672280493 ENE 55.944769415089134 -3.18756450842074 0.000000 246.250000
55.944769415089134 -3.18756450842074 ENE 55.944884220118844 -3.1872873445609864 0.000000 245.000000
55.944884220118844 -3.1872873445609864 ENE 55.944999025148554 -3.187010180701233 49.270928 256.824749
55.944999025148554 -3.187010180701233 E 55.944999025148554 -3.186710180701233 0.000000 131.704170
55.944999025148554 -3.186710180701233 ENE 55.945113830178265 -3.1864330168414794 0.000000 130.454170
55.945113830178265 -3.1864330168414794 E 55.945113830178265 -3.186133016841479 0.000000 129.204170
55.945113830178265 -3.186133016841479 WSW 55.944999025148554 -3.1864101807012326 106.319393 145.080631
55.944999025148554 -3.1864101807012326 WSW 55.944884220118844 -3.186687344560986 106.319393 143.830631
55.944884220118844 -3.186687344560986 WSW 55.944769415089134 -3.1869645084207394 106.319393 142.580631
55.944769415089134 -3.1869645084207394 WSW 55.94465461005942 -3.187241672280493 106.319393 141.330631
55.94465461005942 -3.187241672280493 SW 55.94444247802507 -3.1874538043148486 106.319393 140.080631
55.94444247802507 -3.1874538043148486 WSW 55.94432767299536 -3.187730968174602 106.319393 138.830631
55.94432767299536 -3.187730968174602 SW 55.944115540961 -3.1879431002089578 106.319393 137.580631
55.944115540961 -3.1879431002089578 E 55.944115540961 -3.1876431002089576 80.376984 126.162149
55.944115540961 -3.1876431002089576 E 55.944115540961 -3.1873431002089574 80.376984 124.912149
55.944115540961 -3.1873431002089574 E 55.944115540961 -3.187043100208957 80.376984 123.662149
55.944115540961 -3.187043100208957 ENE 55.94423034599071 -3.186765936349204 80.376984 122.412149
55.94423034599071 -3.186765936349204 E 55.94423034599071 -3.1864659363492036 190.985953 192.573660
55.94423034599071 -3.1864659363492036 S 55.94393034599071 -3.1864659363492036 186.539104 87.074728
55.94393034599071 -3.1864659363492036 NW 55.944142478025064 -3.1866780683835594 218.200807 165.396094
55.944142478025064 -3.1866780683835594 WNW 55.944257283054775 -3.186955232243313 218.200807 164.146094
55.944257283054775 -3.186955232243313 NW 55.94446941508913 -3.1871673642776686 218.200807 162.896094
55.94446941508913 -3.1871673642776686 WNW 55.94458422011884 -3.187444528137422 218.200807 161.646094
55.94458422011884 -3.187444528137422 NW 55.9447963521532 -3.1876566601717777 218.200807 160.396094
55.9447963521532 -3.1876566601717777 WNW 55.94491115718291 -3.187933824031531 218.200807 159.146094
55.94491115718291 -3.187933824031531 NW 55.945123289217264 -3.188145956065887 218.200807 157.896094
55.945123289217264 -3.188145956065887 WNW 55.945238094246974 -3.1884231199256403 218.200807 156.646094
55.945238094246974 -3.1884231199256403 NW 55.94545022628133 -3.188635251959996 218.200807 155.396094
55.94545022628133 -3.188635251959996 WNW 55.94556503131104 -3.1889124158197495 218.200807 154.146094
55.94556503131104 -3.1889124158197495 E 55.94556503131104 -3.1886124158197493 240.094004 253.885008
55.94556503131104 -3.1886124158197493 E 55.94556503131104 -3.188312415819749 240.094004 252.635008
55.94556503131104 -3.188312415819749 E 55.94556503131104 -3.188012415819749 240.094004 251.385008
55.94556503131104 -3.188012415819749 E 55.94556503131104 -3.1877124158197487 240.094004 250.135008
55.94556503131104 -3.1877124158197487 E 55.94556503131104 -3.1874124158197485 250.927987 331.454099
55.94556503131104 -3.1874124158197485 E 55.94556503131104 -3.1871124158197484 250.927987 330.204099
55.94556503131104 -3.1871124158197484 E 55.94556503131104 -3.186812415819748 250.927987 328.954099
55.94556503131104 -3.186812415819748 E 55.94556503131104 -3.186512415819748 160.270226 305.668400
55.94556503131104 -3.186512415819748 E 55.94556503131104 -3.186212415819748 160.270226 304.418400
55.94556503131104 -3.186212415819748 ESE 55.94545022628133 -3.1859352519599944 160.270226 303.168400
55.94545022628133 -3.1859352519599944 S 55.94515022628133 -3.1859352519599944 274.157679 336.772180
55.94515022628133 -3.1859352519599944 S 55.944850226281325 -3.1859352519599944 274.157679 335.522180
55.944850226281325 -3.1859352519599944 S 55.94455022628132 -3.1859352519599944 289.876503 427.564193
55.94455022628132 -3.1859352519599944 SSE 55.944273062421566 -3.185820446930285 289.876503 426.314193
55.944273062421566 -3.185820446930285 S 55.94397306242156 -3.185820446930285 289.876503 425.064193
55.94397306242156 -3.185820446930285 SSE 55.943695898561806 -3.1857056419005754 289.876503 423.814193
55.943695898561806 -3.1857056419005754 S 55.9433958985618 -3.1857056419005754 367.091588 431.719915
55.9433958985618 -3.1857056419005754 SSE 55.94311873470205 -3.185590836870866 367.091588 430.469915
55.94311873470205 -3.185590836870866 WNW 55.94323353973176 -3.1858680007306193 402.231233 489.561166
55.94323353973176 -3.1858680007306193 WNW 55.94334834476147 -3.1861451645903727 402.231233 488.311166
55.94334834476147 -3.1861451645903727 WNW 55.94346314979118 -3.186422328450126 402.231233 487.061166
55.94346314979118 -3.186422328450126 WNW 55.94357795482089 -3.1866994923098795 402.231233 485.811166
55.94357795482089 -3.1866994923098795 WNW 55.9436927598506 -3.186976656169633 402.231233 484.561166
55.9436927598506 -3.186976656169633 WNW 55.94380756488031 -3.1872538200293863 397.404629 424.267892
55.94380756488031 -3.1872538200293863 WNW 55.94392236991002 -3.1875309838891397 397.404629 423.017892
55.94392236991002 -3.1875309838891397 WNW 55.94403717493973 -3.187808147748893 397.404629 421.767892
55.94403717493973 -3.187808147748893 WNW 55.94415197996944 -3.1880853116086465 397.404629 420.517892
55.94415197996944 -3.1880853116086465 WNW 55.94426678499915 -3.1883624754684 397.404629 419.267892
55.94426678499915 -3.1883624754684 WNW 55.94438159002886 -3.1886396393281533 397.404629 418.017892
55.94438159002886 -3.1886396393281533 WNW 55.94449639505857 -3.1889168031879067 373.576907 392.871957
55.94449639505857 -3.1889168031879067 WNW 55.94461120008828 -3.18919396704766 373.576907 391.621957
55.94461120008828 -3.18919396704766 W 55.94461120008828 -3.1894939670476603 373.576907 390.371957
55.94461120008828 -3.1894939670476603 WNW 55.94472600511799 -3.1897711309074137 469.658981 423.707043
55.94472600511799 -3.1897711309074137 SSW 55.944448841258236 -3.189885935937123 469.658981 422.457043
55.944448841258236 -3.189885935937123 SW 55.94423670922388 -3.190098067971479 480.436483 482.949265
55.94423670922388 -3.190098067971479 SSW 55.94395954536412 -3.1902128730011885 480.436483 481.699265
55.94395954536412 -3.1902128730011885 SW 55.94374741332977 -3.1904250050355443 480.436483 480.449265
55.94374741332977 -3.1904250050355443 SSW 55.94347024947001 -3.190539810065254 480.436483 479.199265
55.94347024947001 -3.190539810065254 SW 55.943258117435654 -3.1907519420996096 480.436483 477.949265
55.943258117435654 -3.1907519420996096 SSW 55.9429809535759 -3.190866747129319 480.436483 476.699265
55.9429809535759 -3.190866747129319 SW 55.94276882154154 -3.191078879163675 480.436483 475.449265
55.94276882154154 -3.191078879163675 S 55.94246882154154 -3.191078879163675 558.091901 557.691144
55.94246882154154 -3.191078879163675 N 55.94276882154154 -3.191078879163675 558.091901 556.441144
55.94276882154154 -3.191078879163675 NNE 55.9430459854013 -3.1909640741339653 558.091901 555.191144
55.9430459854013 -3.1909640741339653 NNE 55.943323149261055 -3.190849269104256 558.091901 553.941144
55.943323149261055 -3.190849269104256 NNE 55.94360031312081 -3.1907344640745463 558.091901 552.691144
55.94360031312081 -3.1907344640745463 NNE 55.94387747698057 -3.190619659044837 558.091901 551.441144
55.94387747698057 -3.190619659044837 NNE 55.944154640840324 -3.1905048540151273 580.386015 561.249708
55.944154640840324 -3.1905048540151273 NNE 55.94443180470008 -3.190390048985418 580.386015 559.999708
55.94443180470008 -3.190390048985418 N 55.94473180470008 -3.190390048985418 641.183740 595.267816
55.94473180470008 -3.190390048985418 N 55.945031804700086 -3.190390048985418 641.183740 594.017816
55.945031804700086 -3.190390048985418 WSW 55.944916999670376 -3.190667212845171 756.956121 678.825011
55.944916999670376 -3.190667212845171 WSW 55.944802194640666 -3.1909443767049246 756.956121 677.575011
55.944802194640666 -3.1909443767049246 WSW 55.944687389610955 -3.191221540564678 756.956121 676.325011
55.944687389610955 -3.191221540564678 WSW 55.944572584581245 -3.1914987044244314 756.956121 675.075011
55.944572584581245 -3.1914987044244314 ENE 55.944687389610955 -3.191221540564678 849.050975 678.920175
55.944687389610955 -3.191221540564678 ENE 55.944802194640666 -3.1909443767049246 849.050975 677.670175
55.944802194640666 -3.1909443767049246 ENE 55.944916999670376 -3.190667212845171 849.050975 676.420175
55.944916999670376 -3.190667212845171 ENE 55.945031804700086 -3.190390048985418 849.050975 675.170175
55.945031804700086 -3.190390048985418 ENE 55.9451466097298 -3.1901128851256644 849.050975 673.920175
55.9451466097298 -3.1901128851256644 ENE 55.94526141475951 -3.189835721265911 849.050975 672.670175
55.94526141475951 -3.189835721265911 ENE 55.94537621978922 -3.1895585574061576 849.050975 671.420175
55.94537621978922 -3.1895585574061576 NE 55.945588351823574 -3.189346425371802 849.050975 670.170175
55.945588351823574 -3.189346425371802 ENE 55.945703156853284 -3.1890692615120484 849.050975 668.920175
55.945703156853284 -3.1890692615120484 WSW 55.945588351823574 -3.189346425371802 929.681463 783.516653
55.945588351823574 -3.189346425371802 ENE 55.945703156853284 -3.1890692615120484 929.681463 782.266653
55.945703156853284 -3.1890692615120484 WSW 55.945588351823574 -3.189346425371802 929.681463 781.016653
55.945588351823574 -3.189346425371802 WSW 55.94547354679386 -3.189623589231555 929.681463 779.766653
55.94547354679386 -3.189623589231555 WSW 55.94535874176415 -3.1899007530913086 929.681463 778.516653
55.94535874176415 -3.1899007530913086 WSW 55.94524393673444 -3.190177916951062 929.681463 777.266653
55.94524393673444 -3.190177916951062 WSW 55.94512913170473 -3.1904550808108154 929.681463 776.016653
55.94512913170473 -3.1904550808108154 WSW 55.94501432667502 -3.190732244670569 929.681463 774.766653
55.94501432667502 -3.190732244670569 WSW 55.94489952164531 -3.1910094085303222 929.681463 773.516653
55.94489952164531 -3.1910094085303222 WSW 55.9447847166156 -3.1912865723900756 929.681463 772.266653
55.9447847166156 -3.1912865723900756 SW 55.944572584581245 -3.1914987044244314 929.681463 771.016653
55.944572584581245 -3.1914987044244314 E 55.944572584581245 -3.191198704424431 929.681463 769.766653
55.944572584581245 -3.191198704424431 E 55.944572584581245 -3.190898704424431 929.681463 768.516653
55.944572584581245 -3.190898704424431 ESE 55.944457779551534 -3.1906215405646776 929.681463 767.266653
55.944457779551534 -3.1906215405646776 E 55.944457779551534 -3.1903215405646774 929.681463 766.016653
55.944457779551534 -3.1903215405646774 ESE 55.944342974521824 -3.190044376704924 929.681463 764.766653
55.944342974521824 -3.190044376704924 E 55.944342974521824 -3.189744376704924 929.681463 763.516653
55.944342974521824 -3.189744376704924 ESE 55.94422816949211 -3.1894672128451704 929.681463 762.266653
55.94422816949211 -3.1894672128451704 E 55.94422816949211 -3.1891672128451702 929.681463 761.016653
55.94422816949211 -3.1891672128451702 ESE 55.9441133644624 -3.188890048985417 929.681463 759.766653
55.9441133644624 -3.188890048985417 E 55.9441133644624 -3.1885900489854166 929.681463 758.516653
55.9441133644624 -3.1885900489854166 ESE 55.94399855943269 -3.1883128851256632 929.681463 757.266653
55.94399855943269 -3.1883128851256632 W 55.94399855943269 -3.1886128851256634 1003.050850 833.345490
55.94399855943269 -3.1886128851256634 W 55.94399855943269 -3.1889128851256636 1003.050850 832.095490
55.94399855943269 -3.1889128851256636 W 55.94399855943269 -3.189212885125664 1003.050850 830.845490
55.94399855943269 -3.189212885125664 W 55.94399855943269 -3.189512885125664 1003.050850 829.595490
55.94399855943269 -3.189512885125664 W 55.94399855943269 -3.189812885125664 1003.050850 828.345490
55.94399855943269 -3.189812885125664 W 55.94399855943269 -3.1901128851256644 1003.050850 827.095490
55.94399855943269 -3.1901128851256644 WSW 55.94388375440298 -3.190390048985418 1003.050850 825.845490
55.94388375440298 -3.190390048985418 W 55.94388375440298 -3.190690048985418 1003.050850 824.595490
55.94388375440298 -3.190690048985418 WSW 55.94376894937327 -3.1909672128451714 1003.050850 823.345490
55.94376894937327 -3.1909672128451714 W 55.94376894937327 -3.1912672128451716 1003.050850 822.095490
55.94376894937327 -3.1912672128451716 E 55.94376894937327 -3.1909672128451714 1064.748361 842.210034
55.94376894937327 -3.1909672128451714 E 55.94376894937327 -3.190667212845171 1064.748361 840.960034
55.94376894937327 -3.190667212845171 ESE 55.94365414434356 -3.190390048985418 1064.748361 839.710034
55.94365414434356 -3.190390048985418 E 55.94365414434356 -3.1900900489854176 1064.748361 838.460034
55.94365414434356 -3.1900900489854176 ESE 55.94353933931385 -3.189812885125664 1064.748361 837.210034
55.94353933931385 -3.189812885125664 E 55.94353933931385 -3.189512885125664 1064.748361 835.960034
55.94353933931385 -3.189512885125664 ESE 55.94342453428414 -3.1892357212659106 1064.748361 834.710034
55.94342453428414 -3.1892357212659106 ENE 55.94353933931385 -3.188958557406157 1121.386921 917.122075
55.94353933931385 -3.188958557406157 ENE 55.94365414434356 -3.188681393546404 1121.386921 915.872075
55.94365414434356 -3.188681393546404 ENE 55.94376894937327 -3.1884042296866504 1121.386921 914.622075
55.94376894937327 -3.1884042296866504 ENE 55.94388375440298 -3.188127065826897 1121.386921 913.372075
55.94388375440298 -3.188127065826897 ENE 55.94399855943269 -3.1878499019671436 1121.386921 912.122075
55.94399855943269 -3.1878499019671436 ENE 55.9441133644624 -3.18757273810739 1121.386921 910.872075
55.9441133644624 -3.18757273810739 ENE 55.94422816949211 -3.1872955742476368 1121.386921 909.622075
55.94422816949211 -3.1872955742476368 ENE 55.944342974521824 -3.1870184103878834 1121.386921 908.372075
55.944342974521824 -3.1870184103878834 ENE 55.944457779551534 -3.18674124652813 1121.386921 907.122075
55.944457779551534 -3.18674124652813 ENE 55.944572584581245 -3.1864640826683766 1121.386921 905.872075
55.944572584581245 -3.1864640826683766 ENE 55.944687389610955 -3.186186918808623 1121.386921 904.622075
55.944687389610955 -3.186186918808623 ENE 55.944802194640666 -3.1859097549488697 1121.386921 903.372075
55.944802194640666 -3.1859097549488697 ENE 55.944916999670376 -3.1856325910891163 1121.386921 902.122075
55.944916999670376 -3.1856325910891163 E 55.944916999670376 -3.185332591089116 1121.386921 900.872075
55.944916999670376 -3.185332591089116 ENE 55.945031804700086 -3.1850554272293627 1121.386921 899.622075
55.945031804700086 -3.1850554272293627 E 55.945031804700086 -3.1847554272293626 1071.279320 779.842422
55.945031804700086 -3.1847554272293626 W 55.945031804700086 -3.1850554272293627 1104.072181 865.702425
55.945031804700086 -3.1850554272293627 W 55.945031804700086 -3.185355427229363 1104.072181 864.452425
55.945031804700086 -3.185355427229363 W 55.945031804700086 -3.185655427229363 1104.072181 863.202425
55.945031804700086 -3.185655427229363 W 55.945031804700086 -3.1859554272293633 1104.072181 861.952425
55.945031804700086 -3.1859554272293633 W 55.945031804700086 -3.1862554272293635 1104.072181 860.702425
55.945031804700086 -3.1862554272293635 W 55.945031804700086 -3.1865554272293637 1104.072181 859.452425
55.945031804700086 -3.1865554272293637 W 55.945031804700086 -3.186855427229364 1104.072181 858.202425
55.945031804700086 -3.186855427229364 W 55.945031804700086 -3.187155427229364 1049.329823 856.952425
55.945031804700086 -3.187155427229364 W 55.945031804700086 -3.1874554272293643 1049.329823 855.702425
55.945031804700086 -3.1874554272293643 W 55.945031804700086 -3.1877554272293644 1049.329823 854.452425
55.945031804700086 -3.1877554272293644 W 55.945031804700086 -3.1880554272293646 1049.329823 853.202425
55.945031804700086 -3.1880554272293646 W 55.945031804700086 -3.188355427229365 1049.329823 851.952425
55.945031804700086 -3.188355427229365 W 55.945031804700086 -3.188655427229365 1049.329823 850.702425
55.945031804700086 -3.188655427229365 W 55.945031804700086 -3.188955427229365 1016.194674 775.003007
55.945031804700086 -3.188955427229365 W 55.945031804700086 -3.1892554272293654 1016.194674 773.753007
55.945031804700086 -3.1892554272293654 W 55.945031804700086 -3.1895554272293656 1016.194674 772.503007
55.945031804700086 -3.1895554272293656 W 55.945031804700086 -3.1898554272293658 1016.194674 771.253007
55.945031804700086 -3.1898554272293658 W 55.945031804700086 -3.190155427229366 1016.194674 770.003007
55.945031804700086 -3.190155427229366 W 55.945031804700086 -3.190455427229366 1016.194674 768.753007
55.945031804700086 -3.190455427229366 W 55.945031804700086 -3.1907554272293663 1016.194674 767.503007
55.945031804700086 -3.1907554272293663 W 55.945031804700086 -3.1910554272293665 1016.194674 766.253007
55.945031804700086 -3.1910554272293665 W 55.945031804700086 -3.1913554272293667 1016.194674 765.003007
55.945031804700086 -3.1913554272293667 WNW 55.9451466097298 -3.19163259108912 1016.194674 763.753007
55.9451466097298 -3.19163259108912 W 55.9451466097298 -3.1919325910891203 1016.194674 762.503007
55.9451466097298 -3.1919325910891203 WNW 55.94526141475951 -3.1922097549488737 1016.194674 761.253007
55.94526141475951 -3.1922097549488737 W 55.94526141475951 -3.192509754948874 1016.194674 760.003007
55.94526141475951 -3.192509754948874 SE 55.94504928272515 -3.192297622914518 1101.620850 796.766805
55.94504928272515 -3.192297622914518 SE 55.944837150690795 -3.1920854908801624 1101.620850 795.516805
55.944837150690795 -3.1920854908801624 SE 55.94462501865644 -3.1918733588458066 1101.620850 794.266805
55.94462501865644 -3.1918733588458066 SSE 55.94434785479668 -3.191758553816097 1101.620850 793.016805
55.94434785479668 -3.191758553816097 SE 55.944135722762326 -3.1915464217817413 1190.779596 894.557609
55.944135722762326 -3.1915464217817413 SSE 55.94385855890257 -3.191431616752032 1206.434803 934.071036
55.94385855890257 -3.191431616752032 E 55.94385855890257 -3.1911316167520316 1250.748843 938.434670
55.94385855890257 -3.1911316167520316 E 55.94385855890257 -3.1908316167520314 1250.748843 937.184670
55.94385855890257 -3.1908316167520314 E 55.94385855890257 -3.1905316167520312 1250.748843 935.934670
55.94385855890257 -3.1905316167520312 E 55.94385855890257 -3.190231616752031 1250.748843 934.684670
55.94385855890257 -3.190231616752031 E 55.94385855890257 -3.189931616752031 1250.748843 933.434670
55.94385855890257 -3.189931616752031 E 55.94385855890257 -3.1896316167520307 1250.748843 932.184670
55.94385855890257 -3.1896316167520307 E 55.94385855890257 -3.1893316167520305 1250.748843 930.934670
55.94385855890257 -3.1893316167520305 E 55.94385855890257 -3.1890316167520303 1250.748843 929.684670
55.94385855890257 -3.1890316167520303 E 55.94385855890257 -3.18873161675203 1250.748843 928.434670
55.94385855890257 -3.18873161675203 E 55.94385855890257 -3.18843161675203 1250.748843 927.184670
55.94385855890257 -3.18843161675203 E 55.94385855890257 -3.1881316167520297 1250.748843 925.934670
55.94385855890257 -3.1881316167520297 E 55.94385855890257 -3.1878316167520295 1250.748843 924.684670
55.94385855890257 -3.1878316167520295 E 55.94385855890257 -3.1875316167520293 1250.748843 923.434670
55.94385855890257 -3.1875316167520293 E 55.94385855890257 -3.187231616752029 1250.748843 922.184670
55.94385855890257 -3.187231616752029 E 55.94385855890257 -3.186931616752029 1250.748843 920.934670
55.94385855890257 -3.186931616752029 E 55.94385855890257 -3.1866316167520288 1250.748843 919.684670
55.94385855890257 -3.1866316167520288 E 55.94385855890257 -3.1863316167520286 1250.748843 918.434670
55.94385855890257 -3.1863316167520286 E 55.94385855890257 -3.1860316167520284 1250.748843 917.184670
55.94385855890257 -3.1860316167520284 E 55.94385855890257 -3.185731616752028 1250.748843 915.934670
55.94385855890257 -3.185731616752028 E 55.94385855890257 -3.185431616752028 1250.748843 914.684670
55.94385855890257 -3.185431616752028 E 55.94385855890257 -3.185131616752028 1250.748843 913.434670
55.94385855890257 -3.185131616752028 E 55.94385855890257 -3.1848316167520276 1250.748843 912.184670
55.94385855890257 -3.1848316167520276 WSW 55.94374375387286 -3.185108780611781 1336.624641 986.949386
55.94374375387286 -3.185108780611781 WSW 55.94362894884315 -3.1853859444715344 1336.624641 985.699386
55.94362894884315 -3.1853859444715344 WSW 55.94351414381344 -3.185663108331288 1336.624641 984.449386
55.94351414381344 -3.185663108331288 WSW 55.94339933878373 -3.1859402721910413 1336.624641 983.199386
55.94339933878373 -3.1859402721910413 W 55.94339933878373 -3.1862402721910414 1336.624641 981.949386
55.94339933878373 -3.1862402721910414 WSW 55.94328453375402 -3.186517436050795 1336.624641 980.699386
55.94328453375402 -3.186517436050795 W 55.94328453375402 -3.186817436050795 1336.624641 979.449386
55.94328453375402 -3.186817436050795 WSW 55.94316972872431 -3.1870945999105484 1336.624641 978.199386
55.94316972872431 -3.1870945999105484 W 55.94316972872431 -3.1873945999105486 1336.624641 976.949386
55.94316972872431 -3.1873945999105486 WSW 55.943054923694596 -3.187671763770302 1336.624641 975.699386
55.943054923694596 -3.187671763770302 W 55.943054923694596 -3.1879717637703022 1336.624641 974.449386
55.943054923694596 -3.1879717637703022 WSW 55.942940118664886 -3.1882489276300556 1336.624641 973.199386
55.942940118664886 -3.1882489276300556 W 55.942940118664886 -3.188548927630056 1336.624641 971.949386
55.942940118664886 -3.188548927630056 WSW 55.942825313635176 -3.1888260914898092 1336.624641 970.699386
55.942825313635176 -3.1888260914898092 W 55.942825313635176 -3.1891260914898094 1336.624641 969.449386
55.942825313635176 -3.1891260914898094 WSW 55.942710508605465 -3.189403255349563 1336.624641 968.199386
55.942710508605465 -3.189403255349563 W 55.942710508605465 -3.189703255349563 1336.624641 966.949386
55.942710508605465 -3.189703255349563 ENE 55.942825313635176 -3.1894260914898096 1386.063073 1035.532109
55.942825313635176 -3.1894260914898096 ENE 55.942940118664886 -3.189148927630056 1386.063073 1034.282109
55.942940118664886 -3.189148927630056 ENE 55.943054923694596 -3.188871763770303 1386.063073 1033.032109
55.943054923694596 -3.188871763770303 ENE 55.94316972872431 -3.1885945999105494 1386.063073 1031.782109
55.94316972872431 -3.1885945999105494 ENE 55.94328453375402 -3.188317436050796 1386.063073 1030.532109
55.94328453375402 -3.188317436050796 ENE 55.94339933878373 -3.1880402721910426 1386.063073 1029.282109
55.94339933878373 -3.1880402721910426 ENE 55.94351414381344 -3.187763108331289 1386.063073 1028.032109
55.94351414381344 -3.187763108331289 NE 55.943726275847794 -3.1875509762969334 1386.063073 1026.782109
55.943726275847794 -3.1875509762969334 ENE 55.943841080877505 -3.18727381243718 1386.063073 1025.532109
55.943841080877505 -3.18727381243718 NE 55.94405321291186 -3.1870616804028242 1386.063073 1024.282109
55.94405321291186 -3.1870616804028242 ENE 55.94416801794157 -3.186784516543071 1386.063073 1023.032109
55.94416801794157 -3.186784516543071 NE 55.94438014997593 -3.186572384508715 1386.063073 1021.782109
55.94438014997593 -3.186572384508715 ENE 55.94449495500564 -3.1862952206489616 1386.063073 1020.532109
55.94449495500564 -3.1862952206489616 NE 55.944707087039994 -3.186083088614606 1386.063073 1019.282109
55.944707087039994 -3.186083088614606 ENE 55.944821892069704 -3.1858059247548525 1386.063073 1018.032109
55.944821892069704 -3.1858059247548525 NE 55.94503402410406 -3.1855937927204967 1386.063073 1016.782109
55.94503402410406 -3.1855937927204967 ENE 55.94514882913377 -3.1853166288607433 1386.063073 1015.532109
55.94514882913377 -3.1853166288607433 NE 55.94536096116813 -3.1851044968263875 1386.063073 1014.282109
55.94536096116813 -3.1851044968263875 ENE 55.94547576619784 -3.184827332966634 1386.063073 1013.032109
55.94547576619784 -3.184827332966634 NE 55.945687898232194 -3.1846152009322783 1386.063073 1011.782109
55.945687898232194 -3.1846152009322783 ENE 55.945802703261904 -3.184338037072525 1386.063073 1010.532109
55.945802703261904 -3.184338037072525 WNW 55.945917508291615 -3.1846152009322783 1455.521587 1125.366506
55.945917508291615 -3.1846152009322783 ESE 55.945802703261904 -3.184338037072525 1455.521587 1124.116506
55.945802703261904 -3.184338037072525 N 55.94610270326191 -3.184338037072525 1455.521587 1122.866506
55.94610270326191 -3.184338037072525 S 55.945802703261904 -3.184338037072525 1455.521587 1121.616506
55.945802703261904 -3.184338037072525 N 55.94610270326191 -3.184338037072525 1455.521587 1120.366506
55.94610270326191 -3.184338037072525 NW 55.94631483529626 -3.1845501691068807 1455.521587 1119.116506
55.94631483529626 -3.1845501691068807 NE 55.94652696733062 -3.184338037072525 1455.521587 1117.866506
55.94652696733062 -3.184338037072525 WSW 55.94641216230091 -3.1846152009322783 1455.521587 1116.616506
