55.944425 -3.188396 ENE 55.94453980502971 -3.1881188361402466 0.000000 248.750000
55.94453980502971 -3.1881188361402466 ENE 55.94465461005942 -3.187841672280493 0.000000 247.500000
55.94465461005942 -3.187841672280493 ENE 55.944769415089134 -3.18756450842074 0.000000 246.250000
55.944769415089134 -3.18756450842074 ENE 55.944884220118844 -3.1872873445609864 0.000000 245.000000
55.944884220118844 -3.1872873445609864 ENE 55.944999025148554 -3.187010180701233 49.270928 256.824749
55.944999025148554 -3.187010180701233 ENE 55.945113830178265 -3.1867330168414796 0.000000 131.704170
55.945113830178265 -3.1867330168414796 ENE 55.945228635207975 -3.186455852981726 0.000000 130.454170
55.945228635207975 -3.186455852981726 ENE 55.945343440237686 -3.1861786891219728 0.000000 129.204170
55.945343440237686 -3.1861786891219728 ENE 55.945458245267396 -3.1859015252622194 0.000000 127.954170
55.945458245267396 -3.1859015252622194 S 55.94515824526739 -3.1859015252622194 113.887452 161.557950
55.94515824526739 -3.1859015252622194 S 55.94485824526739 -3.1859015252622194 220.206845 177.434411
55.94485824526739 -3.1859015252622194 S 55.94455824526739 -3.1859015252622194 235.925669 269.476424
55.94455824526739 -3.1859015252622194 SSE 55.94428108140763 -3.18578672023251 235.925669 268.226424
55.94428108140763 -3.18578672023251 S 55.94398108140763 -3.18578672023251 235.925669 266.976424
55.94398108140763 -3.18578672023251 SSE 55.94370391754787 -3.1856719152028004 235.925669 265.726424
55.94370391754787 -3.1856719152028004 S 55.94340391754787 -3.1856719152028004 313.140754 273.632146
55.94340391754787 -3.1856719152028004 SSE 55.94312675368811 -3.185557110173091 313.140754 272.382146
55.94312675368811 -3.185557110173091 NNE 55.94340391754787 -3.1854423051433813 348.280399 331.473396
55.94340391754787 -3.1854423051433813 NNE 55.943681081407625 -3.185327500113672 348.280399 330.223396
55.943681081407625 -3.185327500113672 NNE 55.94395824526738 -3.1852126950839623 348.280399 328.973396
55.94395824526738 -3.1852126950839623 NNE 55.94423540912714 -3.185097890054253 348.280399 327.723396
55.94423540912714 -3.185097890054253 NNE 55.944512572986895 -3.1849830850245433 348.280399 326.473396
55.944512572986895 -3.1849830850245433 NNE 55.94478973684665 -3.184868279994834 348.280399 325.223396
55.94478973684665 -3.184868279994834 NNE 55.94506690070641 -3.1847534749651243 348.280399 323.973396
55.94506690070641 -3.1847534749651243 WNW 55.94518170573612 -3.1850306388248777 381.073260 409.833400
55.94518170573612 -3.1850306388248777 WNW 55.94529651076583 -3.185307802684631 330.965659 290.053746
55.94529651076583 -3.185307802684631 W 55.94529651076583 -3.1856078026846313 330.965659 288.803746
55.94529651076583 -3.1856078026846313 WNW 55.94541131579554 -3.1858849665443847 330.965659 287.553746
55.94541131579554 -3.1858849665443847 W 55.94541131579554 -3.186184966544385 330.965659 286.303746
55.94541131579554 -3.186184966544385 WNW 55.94552612082525 -3.1864621304041383 330.965659 285.053746
55.94552612082525 -3.1864621304041383 W 55.94552612082525 -3.1867621304041385 240.307898 261.768047
55.94552612082525 -3.1867621304041385 WNW 55.94564092585496 -3.187039294263892 240.307898 260.518047
55.94564092585496 -3.187039294263892 W 55.94564092585496 -3.187339294263892 240.307898 259.268047
55.94564092585496 -3.187339294263892 WNW 55.94575573088467 -3.1876164581236455 240.307898 258.018047
55.94575573088467 -3.1876164581236455 SSE 55.945478567024914 -3.187501653093936 251.141881 339.337138
55.945478567024914 -3.187501653093936 SSE 55.94520140316516 -3.1873868480642265 251.141881 338.087138
55.94520140316516 -3.1873868480642265 SE 55.9449892711308 -3.1871747160298707 251.141881 336.837138
55.9449892711308 -3.1871747160298707 SSE 55.944712107271044 -3.187059911000161 251.141881 335.587138
55.944712107271044 -3.187059911000161 SE 55.94449997523669 -3.1868477789658054 251.141881 334.337138
55.94449997523669 -3.1868477789658054 SSE 55.94422281137693 -3.186732973936096 251.141881 333.087138
55.94422281137693 -3.186732973936096 W 55.94422281137693 -3.187032973936096 361.750850 403.248649
55.94422281137693 -3.187032973936096 W 55.94422281137693 -3.1873329739360963 361.750850 401.998649
55.94422281137693 -3.1873329739360963 WSW 55.94410800634722 -3.1876101377958497 361.750850 400.748649
55.94410800634722 -3.1876101377958497 W 55.94410800634722 -3.18791013779585 361.750850 399.498649
55.94410800634722 -3.18791013779585 E 55.94410800634722 -3.1876101377958497 335.808442 388.080167
55.94410800634722 -3.1876101377958497 E 55.94410800634722 -3.1873101377958495 335.808442 386.830167
55.94410800634722 -3.1873101377958495 E 55.94410800634722 -3.1870101377958493 335.808442 385.580167
55.94410800634722 -3.1870101377958493 E 55.94410800634722 -3.186710137795849 335.808442 384.330167
55.94410800634722 -3.186710137795849 E 55.94410800634722 -3.186410137795849 335.808442 383.080167
55.94410800634722 -3.186410137795849 E 55.94410800634722 -3.1861101377958487 367.470145 461.401533
55.94410800634722 -3.1861101377958487 E 55.94410800634722 -3.1858101377958485 367.470145 460.151533
55.94410800634722 -3.1858101377958485 E 55.94410800634722 -3.1855101377958484 367.470145 458.901533
55.94410800634722 -3.1855101377958484 ESE 55.94399320131751 -3.185232973936095 367.470145 457.651533
55.94399320131751 -3.185232973936095 E 55.94399320131751 -3.1849329739360948 367.470145 456.401533
55.94399320131751 -3.1849329739360948 ESE 55.9438783962878 -3.1846558100763414 367.470145 455.151533
55.9438783962878 -3.1846558100763414 N 55.9441783962878 -3.1846558100763414 453.345942 529.916250
55.9441783962878 -3.1846558100763414 N 55.944478396287806 -3.1846558100763414 453.345942 528.666250
55.944478396287806 -3.1846558100763414 NNE 55.94475556014756 -3.184541005046632 453.345942 527.416250
55.94475556014756 -3.184541005046632 N 55.945055560147566 -3.184541005046632 453.345942 526.166250
55.945055560147566 -3.184541005046632 NNE 55.94533272400732 -3.1844262000169223 453.345942 524.916250
55.94533272400732 -3.1844262000169223 N 55.945632724007325 -3.1844262000169223 453.345942 523.666250
55.945632724007325 -3.1844262000169223 WSW 55.945517918977615 -3.1847033638766757 522.804456 638.500646
55.945517918977615 -3.1847033638766757 WSW 55.945403113947904 -3.184980527736429 522.804456 637.250646
55.945403113947904 -3.184980527736429 WSW 55.945288308918194 -3.1852576915961825 522.804456 636.000646
55.945288308918194 -3.1852576915961825 WSW 55.94517350388848 -3.185534855455936 522.804456 634.750646
55.94517350388848 -3.185534855455936 WSW 55.94505869885877 -3.1858120193156894 522.804456 633.500646
55.94505869885877 -3.1858120193156894 WSW 55.94494389382906 -3.1860891831754428 522.804456 632.250646
55.94494389382906 -3.1860891831754428 WSW 55.94482908879935 -3.186366347035196 522.804456 631.000646
55.94482908879935 -3.186366347035196 WSW 55.94471428376964 -3.1866435108949496 522.804456 629.750646
55.94471428376964 -3.1866435108949496 WSW 55.94459947873993 -3.186920674754703 522.804456 628.500646
55.94459947873993 -3.186920674754703 WSW 55.94448467371022 -3.1871978386144564 522.804456 627.250646
55.94448467371022 -3.1871978386144564 WSW 55.94436986868051 -3.18747500247421 522.804456 626.000646
55.94436986868051 -3.18747500247421 WSW 55.9442550636508 -3.187752166333963 522.804456 624.750646
55.9442550636508 -3.187752166333963 WSW 55.94414025862109 -3.1880293301937166 522.804456 623.500646
55.94414025862109 -3.1880293301937166 SW 55.943928126586734 -3.1882414622280724 522.804456 622.250646
55.943928126586734 -3.1882414622280724 WSW 55.94381332155702 -3.1885186260878258 596.173844 698.329482
55.94381332155702 -3.1885186260878258 SW 55.94360118952267 -3.1887307581221815 596.173844 697.079482
55.94360118952267 -3.1887307581221815 WSW 55.94348638449296 -3.189007921981935 596.173844 695.829482
55.94348638449296 -3.189007921981935 WNW 55.94360118952267 -3.1892850858416883 652.812404 778.241524
55.94360118952267 -3.1892850858416883 WNW 55.94371599455238 -3.1895622497014418 652.812404 776.991524
55.94371599455238 -3.1895622497014418 WNW 55.94383079958209 -3.189839413561195 652.812404 775.741524
55.94383079958209 -3.189839413561195 WNW 55.9439456046118 -3.1901165774209486 652.812404 774.491524
55.9439456046118 -3.1901165774209486 WNW 55.94406040964151 -3.190393741280702 652.812404 773.241524
55.94406040964151 -3.190393741280702 WNW 55.94417521467122 -3.1906709051404554 675.106518 783.050088
55.94417521467122 -3.1906709051404554 WNW 55.94429001970093 -3.1909480690002088 675.106518 781.800088
55.94429001970093 -3.1909480690002088 WNW 55.94440482473064 -3.191225232859962 675.106518 780.550088
55.94440482473064 -3.191225232859962 WNW 55.94451962976035 -3.1915023967197156 675.106518 779.300088
55.94451962976035 -3.1915023967197156 WSW 55.94440482473064 -3.191779560579469 767.201371 783.145252
55.94440482473064 -3.191779560579469 ENE 55.94451962976035 -3.1915023967197156 856.360117 884.686056
55.94451962976035 -3.1915023967197156 SE 55.944307497725994 -3.19129026468536 856.360117 883.436056
55.944307497725994 -3.19129026468536 SE 55.94409536569164 -3.191078132651004 856.360117 882.186056
55.94409536569164 -3.191078132651004 SE 55.94388323365728 -3.1908660006166483 856.360117 880.936056
55.94388323365728 -3.1908660006166483 SE 55.943671101622925 -3.1906538685822925 856.360117 879.686056
55.943671101622925 -3.1906538685822925 SE 55.94345896958857 -3.1904417365479367 856.360117 878.436056
55.94345896958857 -3.1904417365479367 SE 55.94324683755421 -3.190229604513581 856.360117 877.186056
55.94324683755421 -3.190229604513581 SSE 55.942969673694456 -3.1901147994838714 856.360117 875.936056
55.942969673694456 -3.1901147994838714 SE 55.9427575416601 -3.1899026674495157 810.964657 859.989435
55.9427575416601 -3.1899026674495157 NNW 55.94303470551986 -3.190017472479225 860.403089 928.572158
55.94303470551986 -3.190017472479225 N 55.94333470551986 -3.190017472479225 860.403089 927.322158
55.94333470551986 -3.190017472479225 NNW 55.943611869379616 -3.1901322775089347 860.403089 926.072158
55.943611869379616 -3.1901322775089347 N 55.94391186937962 -3.1901322775089347 860.403089 924.822158
55.94391186937962 -3.1901322775089347 NNW 55.944189033239375 -3.190247082538644 860.403089 923.572158
55.944189033239375 -3.190247082538644 N 55.94448903323938 -3.190247082538644 860.403089 922.322158
55.94448903323938 -3.190247082538644 NNW 55.944766197099135 -3.1903618875683537 921.200814 957.590267
55.944766197099135 -3.1903618875683537 SSW 55.94448903323938 -3.190476692598063 921.200814 956.340267
55.94448903323938 -3.190476692598063 SSW 55.94421186937962 -3.1905914976277727 921.200814 955.090267
55.94421186937962 -3.1905914976277727 SSW 55.943934705519865 -3.1907063026574822 921.200814 953.840267
55.943934705519865 -3.1907063026574822 SSW 55.94365754166011 -3.1908211076871917 921.200814 952.590267
55.94365754166011 -3.1908211076871917 SSW 55.94338037780035 -3.1909359127169012 921.200814 951.340267
55.94338037780035 -3.1909359127169012 SSW 55.943103213940596 -3.1910507177466108 921.200814 950.090267
55.943103213940596 -3.1910507177466108 S 55.94280321394059 -3.1910507177466108 852.747838 944.890611
55.94280321394059 -3.1910507177466108 NNE 55.94308037780035 -3.1909359127169012 930.403256 1027.132490
55.94308037780035 -3.1909359127169012 NNE 55.943357541660106 -3.1908211076871917 930.403256 1025.882490
55.943357541660106 -3.1908211076871917 NNE 55.94363470551986 -3.1907063026574822 930.403256 1024.632490
55.94363470551986 -3.1907063026574822 NNE 55.94391186937962 -3.1905914976277727 930.403256 1023.382490
55.94391186937962 -3.1905914976277727 N 55.94421186937962 -3.1905914976277727 930.403256 1022.132490
55.94421186937962 -3.1905914976277727 NNE 55.94448903323938 -3.190476692598063 930.403256 1020.882490
55.94448903323938 -3.190476692598063 N 55.94478903323938 -3.190476692598063 930.403256 1019.632490
55.94478903323938 -3.190476692598063 NNE 55.94506619709914 -3.1903618875683537 930.403256 1018.382490
55.94506619709914 -3.1903618875683537 SE 55.94485406506478 -3.190149755533998 1046.175637 1103.189685
55.94485406506478 -3.190149755533998 SE 55.944641933030425 -3.189937623499642 1046.175637 1101.939685
55.944641933030425 -3.189937623499642 SE 55.94442980099607 -3.1897254914652864 1056.953139 1162.431907
55.94442980099607 -3.1897254914652864 ESE 55.94431499596636 -3.189448327605533 1056.953139 1161.181907
55.94431499596636 -3.189448327605533 SE 55.944102863932 -3.189236195571177 1056.953139 1159.931907
55.944102863932 -3.189236195571177 ESE 55.94398805890229 -3.188959031711424 1056.953139 1158.681907
55.94398805890229 -3.188959031711424 SE 55.943775926867936 -3.188746899677068 1056.953139 1157.431907
55.943775926867936 -3.188746899677068 ESE 55.943661121838225 -3.1884697358173146 1056.953139 1156.181907
55.943661121838225 -3.1884697358173146 SE 55.94344898980387 -3.188257603782959 1056.953139 1154.931907
55.94344898980387 -3.188257603782959 ESE 55.94333418477416 -3.1879804399232055 1056.953139 1153.681907
55.94333418477416 -3.1879804399232055 SE 55.9431220527398 -3.1877683078888497 1056.953139 1152.431907
55.9431220527398 -3.1877683078888497 ESE 55.94300724771009 -3.1874911440290963 1056.953139 1151.181907
55.94300724771009 -3.1874911440290963 SE 55.942795115675736 -3.1872790119947405 1056.953139 1149.931907
55.942795115675736 -3.1872790119947405 ESE 55.942680310646026 -3.187001848134987 1056.953139 1148.681907
55.942680310646026 -3.187001848134987 NW 55.94289244268038 -3.187213980169343 1080.979794 1264.528632
55.94289244268038 -3.187213980169343 NW 55.94310457471474 -3.1874261122036986 1080.979794 1263.278632
55.94310457471474 -3.1874261122036986 NNW 55.943381738574494 -3.187540917233408 1080.979794 1262.028632
55.943381738574494 -3.187540917233408 NW 55.94359387060885 -3.187753049267764 1080.979794 1260.778632
55.94359387060885 -3.187753049267764 NNW 55.94387103446861 -3.1878678542974734 1080.979794 1259.528632
55.94387103446861 -3.1878678542974734 NW 55.94408316650296 -3.188079986331829 1080.979794 1258.278632
55.94408316650296 -3.188079986331829 NNW 55.94436033036272 -3.1881947913615387 1080.979794 1257.028632
55.94436033036272 -3.1881947913615387 NW 55.944572462397076 -3.1884069233958945 1080.979794 1255.778632
55.944572462397076 -3.1884069233958945 NNW 55.94484962625683 -3.188521728425604 1080.979794 1254.528632
55.94484962625683 -3.188521728425604 NW 55.94506175829119 -3.1887338604599598 1047.844645 1178.829214
55.94506175829119 -3.1887338604599598 NNW 55.945338922150945 -3.1888486654896693 1047.844645 1177.579214
55.945338922150945 -3.1888486654896693 NW 55.9455510541853 -3.189060797524025 1047.844645 1176.329214
55.9455510541853 -3.189060797524025 W 55.9455510541853 -3.1893607975240252 1128.475133 1290.925692
55.9455510541853 -3.1893607975240252 W 55.9455510541853 -3.1896607975240254 1128.475133 1289.675692
55.9455510541853 -3.1896607975240254 W 55.9455510541853 -3.1899607975240256 1128.475133 1288.425692
55.9455510541853 -3.1899607975240256 W 55.9455510541853 -3.190260797524026 1128.475133 1287.175692
55.9455510541853 -3.190260797524026 W 55.9455510541853 -3.190560797524026 1128.475133 1285.925692
55.9455510541853 -3.190560797524026 W 55.9455510541853 -3.190860797524026 1128.475133 1284.675692
55.9455510541853 -3.190860797524026 W 55.9455510541853 -3.1911607975240264 1128.475133 1283.425692
55.9455510541853 -3.1911607975240264 WSW 55.94543624915559 -3.1914379613837798 1128.475133 1282.175692
55.94543624915559 -3.1914379613837798 W 55.94543624915559 -3.19173796138378 1128.475133 1280.925692
55.94543624915559 -3.19173796138378 WSW 55.94532144412588 -3.1920151252435334 1017.523429 1248.650301
55.94532144412588 -3.1920151252435334 W 55.94532144412588 -3.1923151252435336 1017.523429 1247.400301
55.94532144412588 -3.1923151252435336 SSE 55.945044280266124 -3.192200320213824 1102.949605 1284.164098
55.945044280266124 -3.192200320213824 SE 55.94483214823177 -3.1919881881794683 1102.949605 1282.914098
55.94483214823177 -3.1919881881794683 SSE 55.94455498437201 -3.1918733831497588 1102.949605 1281.664098
55.94455498437201 -3.1918733831497588 SE 55.944342852337655 -3.191661251115403 1102.949605 1280.414098
55.944342852337655 -3.191661251115403 SSE 55.9440656884779 -3.1915464460856935 1102.949605 1279.164098
55.9440656884779 -3.1915464460856935 NNE 55.944342852337655 -3.191431641055984 1118.604812 1318.677525
55.944342852337655 -3.191431641055984 NNE 55.94462001619741 -3.1913168360262745 1118.604812 1317.427525
55.94462001619741 -3.1913168360262745 N 55.944920016197415 -3.1913168360262745 1118.604812 1316.177525
55.944920016197415 -3.1913168360262745 NNE 55.94519718005717 -3.191202030996565 1118.604812 1314.927525
55.94519718005717 -3.191202030996565 N 55.945497180057174 -3.191202030996565 1182.534739 1431.557135
55.945497180057174 -3.191202030996565 E 55.945497180057174 -3.1909020309965648 1182.534739 1430.307135
55.945497180057174 -3.1909020309965648 E 55.945497180057174 -3.1906020309965646 1182.534739 1429.057135
55.945497180057174 -3.1906020309965646 E 55.945497180057174 -3.1903020309965644 1182.534739 1427.807135
55.945497180057174 -3.1903020309965644 E 55.945497180057174 -3.190002030996564 1182.534739 1426.557135
55.945497180057174 -3.190002030996564 E 55.945497180057174 -3.189702030996564 1182.534739 1425.307135
55.945497180057174 -3.189702030996564 E 55.945497180057174 -3.189402030996564 1182.534739 1424.057135
55.945497180057174 -3.189402030996564 ENE 55.945611985086884 -3.1891248671368104 1182.534739 1422.807135
55.945611985086884 -3.1891248671368104 E 55.945611985086884 -3.1888248671368102 1182.534739 1421.557135
55.945611985086884 -3.1888248671368102 NW 55.94582411712124 -3.189036999171166 1204.427936 1521.296050
55.94582411712124 -3.189036999171166 SE 55.945611985086884 -3.1888248671368102 1204.427936 1520.046050
55.945611985086884 -3.1888248671368102 SW 55.94539985305253 -3.189036999171166 1204.427936 1518.796050
55.94539985305253 -3.189036999171166 SW 55.94518772101817 -3.189249131205522 1204.427936 1517.546050
55.94518772101817 -3.189249131205522 SW 55.944975588983816 -3.1894612632398776 1204.427936 1516.296050
55.944975588983816 -3.1894612632398776 SW 55.94476345694946 -3.1896733952742333 1204.427936 1515.046050
55.94476345694946 -3.1896733952742333 WSW 55.94464865191975 -3.1899505591339867 1300.510010 1548.381135
55.94464865191975 -3.1899505591339867 SW 55.94443651988539 -3.1901626911683425 1300.510010 1547.131135
55.94443651988539 -3.1901626911683425 WSW 55.94432171485568 -3.190439855028096 1300.510010 1545.881135
55.94432171485568 -3.190439855028096 SW 55.944109582821326 -3.1906519870624517 1300.510010 1544.631135
55.944109582821326 -3.1906519870624517 WSW 55.943994777791616 -3.190929150922205 1300.510010 1543.381135
55.943994777791616 -3.190929150922205 SW 55.94378264575726 -3.191141282956561 1300.510010 1542.131135
55.94378264575726 -3.191141282956561 WNW 55.94389745078697 -3.1914184468163143 1362.207522 1562.245680
55.94389745078697 -3.1914184468163143 WNW 55.94401225581668 -3.1916956106760677 1406.521562 1566.609313
55.94401225581668 -3.1916956106760677 ESE 55.94389745078697 -3.1914184468163143 1406.521562 1565.359313
55.94389745078697 -3.1914184468163143 WSW 55.94378264575726 -3.1916956106760677 1406.521562 1564.109313
55.94378264575726 -3.1916956106760677 N 55.94408264575726 -3.1916956106760677 1406.521562 1562.859313
55.94408264575726 -3.1916956106760677 N 55.944382645757265 -3.1916956106760677 1406.521562 1561.609313
55.944382645757265 -3.1916956106760677 SW 55.94417051372291 -3.1919077427104234 1406.521562 1560.359313
55.94417051372291 -3.1919077427104234 NW 55.944382645757265 -3.192119874744779 1406.521562 1559.109313
55.944382645757265 -3.192119874744779 SE 55.94417051372291 -3.1919077427104234 1406.521562 1557.859313
55.94417051372291 -3.1919077427104234 SSE 55.94389334986315 -3.191792937680714 1406.521562 1556.609313
55.94389334986315 -3.191792937680714 ESE 55.94377854483344 -3.1915157738209605 1406.521562 1555.359313
55.94377854483344 -3.1915157738209605 SSE 55.943501380973686 -3.191400968791251 1406.521562 1554.109313
55.943501380973686 -3.191400968791251 NNW 55.94377854483344 -3.1915157738209605 1406.521562 1552.859313
55.94377854483344 -3.1915157738209605 NW 55.9439906768678 -3.1917279058553163 1406.521562 1551.609313
55.9439906768678 -3.1917279058553163 WSW 55.94387587183809 -3.1920050697150697 1406.521562 1550.359313
55.94387587183809 -3.1920050697150697 NE 55.944088003872444 -3.191792937680714 1406.521562 1549.109313
55.944088003872444 -3.191792937680714 ESE 55.943973198842734 -3.1915157738209605 1406.521562 1547.859313
55.943973198842734 -3.1915157738209605 ESE 55.943858393813024 -3.191238609961207 1406.521562 1546.609313
55.943858393813024 -3.191238609961207 SSE 55.94358122995327 -3.1911238049314976 1406.521562 1545.359313
55.94358122995327 -3.1911238049314976 NNW 55.943858393813024 -3.191238609961207 1406.521562 1544.109313
55.943858393813024 -3.191238609961207 WNW 55.943973198842734 -3.1915157738209605 1406.521562 1542.859313
55.943973198842734 -3.1915157738209605 SW 55.94376106680838 -3.1917279058553163 1406.521562 1541.609313
55.94376106680838 -3.1917279058553163 SSE 55.94348390294862 -3.191613100825607 1406.521562 1540.359313
55.94348390294862 -3.191613100825607 N 55.943783902948624 -3.191613100825607 1406.521562 1539.109313
55.943783902948624 -3.191613100825607 NW 55.94399603498298 -3.1918252328599626 1406.521562 1537.859313
55.94399603498298 -3.1918252328599626 SW 55.943783902948624 -3.1920373648943183 1406.521562 1536.609313
55.943783902948624 -3.1920373648943183 SSW 55.94350673908887 -3.192152169924028 1406.521562 1535.359313
55.94350673908887 -3.192152169924028 NNW 55.943783902948624 -3.1922669749537373 1406.521562 1534.109313
55.943783902948624 -3.1922669749537373 SW 55.94357177091427 -3.192479106988093 1325.900762 1441.488105
55.94357177091427 -3.192479106988093 ENE 55.94368657594398 -3.1922019431283397 1325.900762 1440.238105
55.94368657594398 -3.1922019431283397 SW 55.94347444390962 -3.1924140751626955 1325.900762 1438.988105
55.94347444390962 -3.1924140751626955 NW 55.94368657594398 -3.1926262071970513 1325.900762 1437.738105
55.94368657594398 -3.1926262071970513 SW 55.94347444390962 -3.192838339231407 1325.900762 1436.488105
55.94347444390962 -3.192838339231407 SW 55.943262311875266 -3.193050471265763 1325.900762 1435.238105
55.943262311875266 -3.193050471265763 W 55.943262311875266 -3.193350471265763 1325.900762 1433.988105
55.943262311875266 -3.193350471265763 WSW 55.943147506845555 -3.1936276351255164 1325.900762 1432.738105
55.943147506845555 -3.1936276351255164 NE 55.94335963887991 -3.1934155030911606 1325.900762 1431.488105
55.94335963887991 -3.1934155030911606 NW 55.94357177091427 -3.1936276351255164 1325.900762 1430.238105
55.94357177091427 -3.1936276351255164 S 55.943271770914265 -3.1936276351255164 1325.900762 1428.988105
55.943271770914265 -3.1936276351255164 ESE 55.943156965884555 -3.193350471265763 1325.900762 1427.738105
55.943156965884555 -3.193350471265763 NE 55.94336909791891 -3.193138339231407 1325.900762 1426.488105
55.94336909791891 -3.193138339231407 NNE 55.94364626177867 -3.1930235342016977 1325.900762 1425.238105
55.94364626177867 -3.1930235342016977 ESE 55.94353145674896 -3.1927463703419443 1325.900762 1423.988105
55.94353145674896 -3.1927463703419443 SSW 55.9432542928892 -3.192861175371654 1325.900762 1422.738105
55.9432542928892 -3.192861175371654 NNW 55.94353145674896 -3.1929759804013633 1325.900762 1421.488105
55.94353145674896 -3.1929759804013633 E 55.94353145674896 -3.192675980401363 1325.900762 1420.238105
55.94353145674896 -3.192675980401363 SE 55.9433193247146 -3.1924638483670074 1325.900762 1418.988105
55.9433193247146 -3.1924638483670074 SW 55.943107192680245 -3.192675980401363 1325.900762 1417.738105
55.943107192680245 -3.192675980401363 NW 55.9433193247146 -3.192888112435719 1325.900762 1416.488105
55.9433193247146 -3.192888112435719 WSW 55.94320451968489 -3.1931652762954723 1325.900762 1415.238105
55.94320451968489 -3.1931652762954723 WSW 55.94308971465518 -3.1934424401552257 1325.900762 1413.988105
55.94308971465518 -3.1934424401552257 ESE 55.94297490962547 -3.1931652762954723 1325.900762 1412.738105
55.94297490962547 -3.1931652762954723 SSW 55.94269774576571 -3.193280081325182 1325.900762 1411.488105
55.94269774576571 -3.193280081325182 E 55.94269774576571 -3.1929800813251816 1325.900762 1410.238105
55.94269774576571 -3.1929800813251816 E 55.94269774576571 -3.1926800813251814 1325.900762 1408.988105
55.94269774576571 -3.1926800813251814 WSW 55.942582940736 -3.192957245184935 1325.900762 1407.738105
55.942582940736 -3.192957245184935 WSW 55.94246813570629 -3.1932344090446882 1325.900762 1406.488105
55.94246813570629 -3.1932344090446882 SSW 55.942190971846536 -3.1933492140743978 1325.900762 1405.238105
55.942190971846536 -3.1933492140743978 SSW 55.94191380798678 -3.1934640191041073 1325.900762 1403.988105
55.94191380798678 -3.1934640191041073 S 55.941613807986776 -3.1934640191041073 1325.900762 1402.738105
55.941613807986776 -3.1934640191041073 ESE 55.941499002957066 -3.193186855244354 1325.900762 1401.488105
55.941499002957066 -3.193186855244354 SSE 55.94122183909731 -3.1930720502146444 1325.900762 1400.238105
55.94122183909731 -3.1930720502146444 ESE 55.9411070340676 -3.192794886354891 1325.900762 1398.988105
55.9411070340676 -3.192794886354891 ENE 55.94122183909731 -3.1925177224951375 1325.900762 1397.738105
