55.944425 -3.188396 ENE 55.94453980502971 -3.1881188361402466 0.000000 248.750000
55.94453980502971 -3.1881188361402466 ENE 55.94465461005942 -3.187841672280493 0.000000 247.500000
55.94465461005942 -3.187841672280493 ENE 55.944769415089134 -3.18756450842074 0.000000 246.250000
55.944769415089134 -3.18756450842074 ENE 55.944884220118844 -3.1872873445609864 0.000000 245.000000
55.944884220118844 -3.1872873445609864 ENE 55.944999025148554 -3.187010180701233 49.270928 256.824749
55.944999025148554 -3.187010180701233 ENE 55.945113830178265 -3.1867330168414796 0.000000 131.704170
55.945113830178265 -3.1867330168414796 ENE 55.945228635207975 -3.186455852981726 0.000000 130.454170
55.945228635207975 -3.186455852981726 ENE 55.945343440237686 -3.1861786891219728 0.000000 129.204170
55.945343440237686 -3.1861786891219728 ENE 55.945458245267396 -3.1859015252622194 0.000000 127.954170
55.945458245267396 -3.1859015252622194 S 55.94515824526739 -3.1859015252622194 113.887452 161.557950
55.94515824526739 -3.1859015252622194 S 55.94485824526739 -3.1859015252622194 220.206845 177.434411
55.94485824526739 -3.1859015252622194 S 55.94455824526739 -3.1859015252622194 235.925669 269.476424
55.94455824526739 -3.1859015252622194 SSE 55.94428108140763 -3.18578672023251 235.925669 268.226424
55.94428108140763 -3.18578672023251 S 55.94398108140763 -3.18578672023251 235.925669 266.976424
55.94398108140763 -3.18578672023251 SSE 55.94370391754787 -3.1856719152028004 235.925669 265.726424
55.94370391754787 -3.1856719152028004 S 55.94340391754787 -3.1856719152028004 313.140754 273.632146
55.94340391754787 -3.1856719152028004 SSE 55.94312675368811 -3.185557110173091 313.140754 272.382146
55.94312675368811 -3.185557110173091 W 55.94312675368811 -3.185857110173091 348.280399 331.473396
55.94312675368811 -3.185857110173091 W 55.94312675368811 -3.1861571101730912 348.280399 330.223396
55.94312675368811 -3.1861571101730912 W 55.94312675368811 -3.1864571101730914 348.280399 328.973396
55.94312675368811 -3.1864571101730914 W 55.94312675368811 -3.1867571101730916 348.280399 327.723396
55.94312675368811 -3.1867571101730916 W 55.94312675368811 -3.187057110173092 348.280399 326.473396
55.94312675368811 -3.187057110173092 W 55.94312675368811 -3.187357110173092 348.280399 325.223396
55.94312675368811 -3.187357110173092 W 55.94312675368811 -3.187657110173092 348.280399 323.973396
55.94312675368811 -3.187657110173092 WNW 55.94324155871782 -3.1879342740328456 348.280399 322.723396
55.94324155871782 -3.1879342740328456 W 55.94324155871782 -3.1882342740328458 348.280399 321.473396
55.94324155871782 -3.1882342740328458 WNW 55.94335636374753 -3.188511437892599 348.280399 320.223396
55.94335636374753 -3.188511437892599 W 55.94335636374753 -3.1888114378925994 348.280399 318.973396
55.94335636374753 -3.1888114378925994 WNW 55.94347116877724 -3.1890886017523528 348.280399 317.723396
55.94347116877724 -3.1890886017523528 E 55.94347116877724 -3.1887886017523526 404.918959 400.135438
55.94347116877724 -3.1887886017523526 E 55.94347116877724 -3.1884886017523524 404.918959 398.885438
55.94347116877724 -3.1884886017523524 E 55.94347116877724 -3.188188601752352 404.918959 397.635438
55.94347116877724 -3.188188601752352 E 55.94347116877724 -3.187888601752352 404.918959 396.385438
55.94347116877724 -3.187888601752352 E 55.94347116877724 -3.187588601752352 404.918959 395.135438
55.94347116877724 -3.187588601752352 E 55.94347116877724 -3.1872886017523516 404.918959 393.885438
55.94347116877724 -3.1872886017523516 E 55.94347116877724 -3.1869886017523514 400.092355 333.592164
55.94347116877724 -3.1869886017523514 E 55.94347116877724 -3.1866886017523512 400.092355 332.342164
55.94347116877724 -3.1866886017523512 ENE 55.943585973806954 -3.186411437892598 400.092355 331.092164
55.943585973806954 -3.186411437892598 E 55.943585973806954 -3.1861114378925977 400.092355 329.842164
55.943585973806954 -3.1861114378925977 ENE 55.943700778836664 -3.1858342740328442 400.092355 328.592164
55.943700778836664 -3.1858342740328442 E 55.943700778836664 -3.185534274032844 400.092355 327.342164
55.943700778836664 -3.185534274032844 ENE 55.943815583866375 -3.1852571101730907 400.092355 326.092164
55.943815583866375 -3.1852571101730907 E 55.943815583866375 -3.1849571101730905 400.092355 324.842164
55.943815583866375 -3.1849571101730905 ENE 55.943930388896085 -3.184679946313337 400.092355 323.592164
55.943930388896085 -3.184679946313337 W 55.943930388896085 -3.1849799463133373 485.968152 398.356881
55.943930388896085 -3.1849799463133373 W 55.943930388896085 -3.1852799463133374 485.968152 397.106881
55.943930388896085 -3.1852799463133374 W 55.943930388896085 -3.1855799463133376 485.968152 395.856881
55.943930388896085 -3.1855799463133376 W 55.943930388896085 -3.185879946313338 485.968152 394.606881
55.943930388896085 -3.185879946313338 W 55.943930388896085 -3.186179946313338 485.968152 393.356881
55.943930388896085 -3.186179946313338 WNW 55.944045193925795 -3.1864571101730914 517.629856 471.678246
55.944045193925795 -3.1864571101730914 W 55.944045193925795 -3.1867571101730916 517.629856 470.428246
55.944045193925795 -3.1867571101730916 WNW 55.944159998955506 -3.187034274032845 628.238825 540.589758
55.944159998955506 -3.187034274032845 W 55.944159998955506 -3.187334274032845 628.238825 539.339758
55.944159998955506 -3.187334274032845 WNW 55.944274803985216 -3.1876114378925986 628.238825 538.089758
55.944274803985216 -3.1876114378925986 W 55.944274803985216 -3.187911437892599 628.238825 536.839758
55.944274803985216 -3.187911437892599 WNW 55.94438960901493 -3.188188601752352 602.296416 525.421276
55.94438960901493 -3.188188601752352 W 55.94438960901493 -3.1884886017523524 602.296416 524.171276
55.94438960901493 -3.1884886017523524 WNW 55.94450441404464 -3.188765765612106 602.296416 522.921276
55.94450441404464 -3.188765765612106 W 55.94450441404464 -3.189065765612106 578.468694 497.775341
55.94450441404464 -3.189065765612106 WNW 55.94461921907435 -3.1893429294718594 578.468694 496.525341
55.94461921907435 -3.1893429294718594 W 55.94461921907435 -3.1896429294718596 578.468694 495.275341
55.94461921907435 -3.1896429294718596 NE 55.944831351108704 -3.189430797437504 674.550769 528.610427
55.944831351108704 -3.189430797437504 NE 55.94504348314306 -3.189218665403148 674.550769 527.360427
55.94504348314306 -3.189218665403148 NNE 55.945320647002816 -3.1891038603734385 674.550769 526.110427
55.945320647002816 -3.1891038603734385 NE 55.94553277903717 -3.1888917283390827 674.550769 524.860427
55.94553277903717 -3.1888917283390827 NW 55.94574491107153 -3.1891038603734385 696.443965 624.599342
55.94574491107153 -3.1891038603734385 E 55.94574491107153 -3.1888038603734383 777.074453 739.195819
55.94574491107153 -3.1888038603734383 E 55.94574491107153 -3.188503860373438 777.074453 737.945819
55.94574491107153 -3.188503860373438 E 55.94574491107153 -3.188203860373438 777.074453 736.695819
55.94574491107153 -3.188203860373438 E 55.94574491107153 -3.1879038603734378 777.074453 735.445819
55.94574491107153 -3.1879038603734378 E 55.94574491107153 -3.1876038603734376 777.074453 734.195819
55.94574491107153 -3.1876038603734376 WSW 55.94563010604182 -3.187881024233191 787.908436 815.514910
55.94563010604182 -3.187881024233191 WSW 55.94551530101211 -3.1881581880929444 787.908436 814.264910
55.94551530101211 -3.1881581880929444 WSW 55.9454004959824 -3.188435351952698 787.908436 813.014910
55.9454004959824 -3.188435351952698 WSW 55.94528569095269 -3.188712515812451 787.908436 811.764910
55.94528569095269 -3.188712515812451 WSW 55.94517088592298 -3.1889896796722046 787.908436 810.514910
55.94517088592298 -3.1889896796722046 WSW 55.945056080893266 -3.189266843531958 787.908436 809.264910
55.945056080893266 -3.189266843531958 WSW 55.944941275863556 -3.1895440073917114 787.908436 808.014910
55.944941275863556 -3.1895440073917114 W 55.944941275863556 -3.1898440073917116 787.908436 806.764910
55.944941275863556 -3.1898440073917116 WSW 55.944826470833846 -3.190121171251465 787.908436 805.514910
55.944826470833846 -3.190121171251465 W 55.944826470833846 -3.190421171251465 787.908436 804.264910
55.944826470833846 -3.190421171251465 WSW 55.944711665804135 -3.1906983351112186 848.706161 839.533018
55.944711665804135 -3.1906983351112186 W 55.944711665804135 -3.1909983351112188 848.706161 838.283018
55.944711665804135 -3.1909983351112188 WSW 55.944596860774425 -3.191275498970972 848.706161 837.033018
55.944596860774425 -3.191275498970972 W 55.944596860774425 -3.1915754989709724 848.706161 835.783018
55.944596860774425 -3.1915754989709724 SE 55.94438472874007 -3.1913633669366166 937.864907 937.323823
55.94438472874007 -3.1913633669366166 SE 55.94417259670571 -3.191151234902261 1029.959761 941.168987
55.94417259670571 -3.191151234902261 SE 55.943960464671356 -3.190939102867905 1029.959761 939.918987
55.943960464671356 -3.190939102867905 SE 55.943748332637 -3.1907269708335493 1029.959761 938.668987
55.943748332637 -3.1907269708335493 SE 55.943536200602644 -3.1905148387991935 1029.959761 937.418987
55.943536200602644 -3.1905148387991935 SE 55.94332406856829 -3.1903027067648377 1029.959761 936.168987
55.94332406856829 -3.1903027067648377 SSE 55.94304690470853 -3.1901879017351282 1029.959761 934.918987
55.94304690470853 -3.1901879017351282 SE 55.942834772674175 -3.1899757697007725 984.564300 918.972366
55.942834772674175 -3.1899757697007725 NNW 55.94311193653393 -3.190090574730482 1034.002733 987.555089
55.94311193653393 -3.190090574730482 NNW 55.94338910039369 -3.1902053797601915 1034.002733 986.305089
55.94338910039369 -3.1902053797601915 NNW 55.943666264253444 -3.190320184789901 1034.002733 985.055089
55.943666264253444 -3.190320184789901 NNW 55.9439434281132 -3.1904349898196105 1034.002733 983.805089
55.9439434281132 -3.1904349898196105 NNW 55.94422059197296 -3.19054979484932 1056.296847 993.613653
55.94422059197296 -3.19054979484932 NNW 55.944497755832714 -3.1906645998790295 1056.296847 992.363653
55.944497755832714 -3.1906645998790295 NNW 55.94477491969247 -3.190779404908739 1056.296847 991.113653
55.94477491969247 -3.190779404908739 NW 55.94498705172683 -3.190991536943095 1056.296847 989.863653
55.94498705172683 -3.190991536943095 NNW 55.94526421558658 -3.1911063419728043 1056.296847 988.613653
55.94526421558658 -3.1911063419728043 E 55.94526421558658 -3.190806341972804 1120.226774 1105.243262
55.94526421558658 -3.190806341972804 E 55.94526421558658 -3.190506341972804 1120.226774 1103.993262
55.94526421558658 -3.190506341972804 E 55.94526421558658 -3.1902063419728037 1235.999155 1188.800457
55.94526421558658 -3.1902063419728037 E 55.94526421558658 -3.1899063419728035 1235.999155 1187.550457
55.94526421558658 -3.1899063419728035 E 55.94526421558658 -3.1896063419728033 1235.999155 1186.300457
55.94526421558658 -3.1896063419728033 E 55.94526421558658 -3.189306341972803 1235.999155 1185.050457
55.94526421558658 -3.189306341972803 E 55.94526421558658 -3.189006341972803 1235.999155 1183.800457
55.94526421558658 -3.189006341972803 E 55.94526421558658 -3.188706341972803 1235.999155 1182.550457
55.94526421558658 -3.188706341972803 E 55.94526421558658 -3.1884063419728026 1235.999155 1181.300457
55.94526421558658 -3.1884063419728026 E 55.94526421558658 -3.1881063419728024 1235.999155 1180.050457
55.94526421558658 -3.1881063419728024 E 55.94526421558658 -3.187806341972802 1235.999155 1178.800457
55.94526421558658 -3.187806341972802 E 55.94526421558658 -3.187506341972802 1235.999155 1177.550457
55.94526421558658 -3.187506341972802 E 55.94526421558658 -3.187206341972802 1235.999155 1176.300457
55.94526421558658 -3.187206341972802 E 55.94526421558658 -3.1869063419728016 1235.999155 1175.050457
55.94526421558658 -3.1869063419728016 ENE 55.94537902061629 -3.1866291781130482 1181.256797 1173.800457
55.94537902061629 -3.1866291781130482 E 55.94537902061629 -3.186329178113048 1090.599037 1150.514758
55.94537902061629 -3.186329178113048 ENE 55.945493825646004 -3.1860520142532947 1090.599037 1149.264758
55.945493825646004 -3.1860520142532947 E 55.945493825646004 -3.1857520142532945 1090.599037 1148.014758
55.945493825646004 -3.1857520142532945 ENE 55.945608630675714 -3.185474850393541 1090.599037 1146.764758
55.945608630675714 -3.185474850393541 E 55.945608630675714 -3.185174850393541 1090.599037 1145.514758
55.945608630675714 -3.185174850393541 ENE 55.945723435705425 -3.1848976865337875 1090.599037 1144.264758
55.945723435705425 -3.1848976865337875 E 55.945723435705425 -3.1845976865337873 1090.599037 1143.014758
55.945723435705425 -3.1845976865337873 WSW 55.945608630675714 -3.1848748503935407 1160.057551 1257.849155
55.945608630675714 -3.1848748503935407 WSW 55.945493825646004 -3.185152014253294 1160.057551 1256.599155
55.945493825646004 -3.185152014253294 WSW 55.94537902061629 -3.1854291781130475 1160.057551 1255.349155
55.94537902061629 -3.1854291781130475 WSW 55.94526421558658 -3.185706341972801 1160.057551 1254.099155
55.94526421558658 -3.185706341972801 WSW 55.94514941055687 -3.1859835058325543 1160.057551 1252.849155
55.94514941055687 -3.1859835058325543 WSW 55.94503460552716 -3.1862606696923077 1160.057551 1251.599155
55.94503460552716 -3.1862606696923077 WSW 55.94491980049745 -3.186537833552061 1160.057551 1250.349155
55.94491980049745 -3.186537833552061 WSW 55.94480499546774 -3.1868149974118145 1160.057551 1249.099155
55.94480499546774 -3.1868149974118145 WSW 55.94469019043803 -3.187092161271568 1160.057551 1247.849155
55.94469019043803 -3.187092161271568 WSW 55.94457538540832 -3.1873693251313213 1160.057551 1246.599155
55.94457538540832 -3.1873693251313213 SW 55.944363253373965 -3.187581457165677 1160.057551 1245.349155
55.944363253373965 -3.187581457165677 WSW 55.944248448344254 -3.1878586210254305 1160.057551 1244.099155
55.944248448344254 -3.1878586210254305 SW 55.9440363163099 -3.1880707530597863 1160.057551 1242.849155
55.9440363163099 -3.1880707530597863 WSW 55.94392151128019 -3.1883479169195397 1233.426938 1318.927991
55.94392151128019 -3.1883479169195397 ENE 55.9440363163099 -3.1880707530597863 1233.426938 1317.677991
55.9440363163099 -3.1880707530597863 ENE 55.94415112133961 -3.187793589200033 1233.426938 1316.427991
55.94415112133961 -3.187793589200033 ENE 55.94426592636932 -3.1875164253402795 1233.426938 1315.177991
55.94426592636932 -3.1875164253402795 ENE 55.94438073139903 -3.187239261480526 1233.426938 1313.927991
55.94438073139903 -3.187239261480526 ENE 55.94449553642874 -3.1869620976207726 1233.426938 1312.677991
55.94449553642874 -3.1869620976207726 ENE 55.94461034145845 -3.1866849337610192 1233.426938 1311.427991
55.94461034145845 -3.1866849337610192 ENE 55.94472514648816 -3.186407769901266 1233.426938 1310.177991
55.94472514648816 -3.186407769901266 ENE 55.94483995151787 -3.1861306060415124 1233.426938 1308.927991
55.94483995151787 -3.1861306060415124 E 55.94483995151787 -3.1858306060415122 1233.426938 1307.677991
55.94483995151787 -3.1858306060415122 ENE 55.94495475654758 -3.185553442181759 1233.426938 1306.427991
55.94495475654758 -3.185553442181759 E 55.94495475654758 -3.1852534421817587 1233.426938 1305.177991
55.94495475654758 -3.1852534421817587 ENE 55.94506956157729 -3.1849762783220052 1233.426938 1303.927991
55.94506956157729 -3.1849762783220052 SW 55.944857429542935 -3.185188410356361 1183.319336 1184.148338
55.944857429542935 -3.185188410356361 SW 55.94464529750858 -3.185400542390717 1183.319336 1182.898338
55.94464529750858 -3.185400542390717 SW 55.94443316547422 -3.1856126744250726 1183.319336 1181.648338
55.94443316547422 -3.1856126744250726 SW 55.94422103343987 -3.1858248064594283 1183.319336 1180.398338
55.94422103343987 -3.1858248064594283 SW 55.94400890140551 -3.186036938493784 1183.319336 1179.148338
55.94400890140551 -3.186036938493784 SW 55.943796769371154 -3.18624907052814 1183.319336 1177.898338
55.943796769371154 -3.18624907052814 SSW 55.9435196055114 -3.1863638755578494 1183.319336 1176.648338
55.9435196055114 -3.1863638755578494 SW 55.94330747347704 -3.186576007592205 1183.319336 1175.398338
55.94330747347704 -3.186576007592205 SSW 55.943030309617285 -3.1866908126219147 1183.319336 1174.148338
55.943030309617285 -3.1866908126219147 SW 55.94281817758293 -3.1869029446562704 1183.319336 1172.898338
55.94281817758293 -3.1869029446562704 WNW 55.94293298261264 -3.187180108516024 1207.345991 1288.745064
55.94293298261264 -3.187180108516024 WNW 55.94304778764235 -3.1874572723757773 1207.345991 1287.495064
55.94304778764235 -3.1874572723757773 WNW 55.94316259267206 -3.1877344362355307 1207.345991 1286.245064
55.94316259267206 -3.1877344362355307 WNW 55.94327739770177 -3.188011600095284 1207.345991 1284.995064
55.94327739770177 -3.188011600095284 WNW 55.94339220273148 -3.1882887639550375 1207.345991 1283.745064
55.94339220273148 -3.1882887639550375 WNW 55.94350700776119 -3.188565927814791 1207.345991 1282.495064
55.94350700776119 -3.188565927814791 NW 55.94371913979555 -3.1887780598491466 1207.345991 1281.245064
55.94371913979555 -3.1887780598491466 WNW 55.94383394482526 -3.1890552237089 1207.345991 1279.995064
55.94383394482526 -3.1890552237089 NW 55.944046076859614 -3.189267355743256 1207.345991 1278.745064
55.944046076859614 -3.189267355743256 WNW 55.944160881889324 -3.189544519603009 1207.345991 1277.495064
55.944160881889324 -3.189544519603009 NW 55.94437301392368 -3.189756651637365 1207.345991 1276.245064
55.94437301392368 -3.189756651637365 WNW 55.94448781895339 -3.1900338154971184 1207.345991 1274.995064
55.94448781895339 -3.1900338154971184 WSW 55.94437301392368 -3.190310979356872 1218.123493 1335.487285
55.94437301392368 -3.190310979356872 WSW 55.94425820889397 -3.190588143216625 1218.123493 1334.237285
55.94425820889397 -3.190588143216625 W 55.94425820889397 -3.1908881432166254 1218.123493 1332.987285
55.94425820889397 -3.1908881432166254 WSW 55.94414340386426 -3.191165307076379 1218.123493 1331.737285
55.94414340386426 -3.191165307076379 W 55.94414340386426 -3.191465307076379 1218.123493 1330.487285
55.94414340386426 -3.191465307076379 WSW 55.94402859883455 -3.1917424709361324 1262.437533 1334.850919
55.94402859883455 -3.1917424709361324 SSE 55.94375143497479 -3.191627665906423 1278.092740 1374.364346
55.94375143497479 -3.191627665906423 SSE 55.943474271115036 -3.1915128608767134 1278.092740 1373.114346
55.943474271115036 -3.1915128608767134 SSE 55.94319710725528 -3.191398055847004 1278.092740 1371.864346
55.94319710725528 -3.191398055847004 SE 55.942984975220924 -3.191185923812648 1209.639764 1366.664690
55.942984975220924 -3.191185923812648 SSE 55.94270781136117 -3.1910711187829386 1209.639764 1365.414690
55.94270781136117 -3.1910711187829386 ENE 55.94282261639088 -3.190793954923185 1287.295182 1447.656569
55.94282261639088 -3.190793954923185 ENE 55.94293742142059 -3.190516791063432 1287.295182 1446.406569
55.94293742142059 -3.190516791063432 ENE 55.9430522264503 -3.1902396272036784 1287.295182 1445.156569
55.9430522264503 -3.1902396272036784 ENE 55.94316703148001 -3.189962463343925 1287.295182 1443.906569
55.94316703148001 -3.189962463343925 ENE 55.94328183650972 -3.1896852994841716 1287.295182 1442.656569
55.94328183650972 -3.1896852994841716 ENE 55.94339664153943 -3.189408135624418 1287.295182 1441.406569
55.94339664153943 -3.189408135624418 ENE 55.94351144656914 -3.1891309717646648 1287.295182 1440.156569
55.94351144656914 -3.1891309717646648 ENE 55.94362625159885 -3.1888538079049114 1287.295182 1438.906569
55.94362625159885 -3.1888538079049114 ENE 55.94374105662856 -3.188576644045158 1287.295182 1437.656569
55.94374105662856 -3.188576644045158 ENE 55.94385586165827 -3.1882994801854045 1287.295182 1436.406569
55.94385586165827 -3.1882994801854045 ENE 55.94397066668798 -3.188022316325651 1287.295182 1435.156569
55.94397066668798 -3.188022316325651 ENE 55.94408547171769 -3.1877451524658977 1287.295182 1433.906569
55.94408547171769 -3.1877451524658977 ENE 55.9442002767474 -3.1874679886061443 1287.295182 1432.656569
55.9442002767474 -3.1874679886061443 ENE 55.94431508177711 -3.187190824746391 1287.295182 1431.406569
55.94431508177711 -3.187190824746391 ENE 55.94442988680682 -3.1869136608866375 1287.295182 1430.156569
55.94442988680682 -3.1869136608866375 ENE 55.94454469183653 -3.186636497026884 1287.295182 1428.906569
55.94454469183653 -3.186636497026884 ENE 55.944659496866244 -3.1863593331671307 1282.848332 1323.407637
55.944659496866244 -3.1863593331671307 ENE 55.944774301895954 -3.1860821693073773 1282.848332 1322.157637
55.944774301895954 -3.1860821693073773 ENE 55.944889106925665 -3.185805005447624 1282.848332 1320.907637
55.944889106925665 -3.185805005447624 E 55.944889106925665 -3.1855050054476237 1282.848332 1319.657637
55.944889106925665 -3.1855050054476237 ENE 55.945003911955375 -3.1852278415878703 1282.848332 1318.407637
55.945003911955375 -3.1852278415878703 E 55.945003911955375 -3.18492784158787 1282.848332 1317.157637
55.945003911955375 -3.18492784158787 W 55.945003911955375 -3.1852278415878703 1315.641194 1403.017640
55.945003911955375 -3.1852278415878703 WSW 55.944889106925665 -3.1855050054476237 1315.641194 1401.767640
55.944889106925665 -3.1855050054476237 W 55.944889106925665 -3.185805005447624 1315.641194 1400.517640
55.944889106925665 -3.185805005447624 WSW 55.944774301895954 -3.1860821693073773 1315.641194 1399.267640
55.944774301895954 -3.1860821693073773 W 55.944774301895954 -3.1863821693073775 1315.641194 1398.017640
55.944774301895954 -3.1863821693073775 WSW 55.944659496866244 -3.186659333167131 1315.641194 1396.767640
55.944659496866244 -3.186659333167131 W 55.944659496866244 -3.186959333167131 1315.641194 1395.517640
55.944659496866244 -3.186959333167131 WSW 55.94454469183653 -3.1872364970268845 1315.641194 1394.267640
55.94454469183653 -3.1872364970268845 W 55.94454469183653 -3.1875364970268847 1315.641194 1393.017640
55.94454469183653 -3.1875364970268847 WSW 55.94442988680682 -3.187813660886638 1315.641194 1391.767640
55.94442988680682 -3.187813660886638 W 55.94442988680682 -3.1881136608866383 1315.641194 1390.517640
55.94442988680682 -3.1881136608866383 WSW 55.94431508177711 -3.1883908247463917 1315.641194 1389.267640
55.94431508177711 -3.1883908247463917 W 55.94431508177711 -3.188690824746392 1315.641194 1388.017640
55.94431508177711 -3.188690824746392 WSW 55.9442002767474 -3.1889679886061453 1315.641194 1386.767640
55.9442002767474 -3.1889679886061453 W 55.9442002767474 -3.1892679886061455 1315.641194 1385.517640
55.9442002767474 -3.1892679886061455 WSW 55.94408547171769 -3.189545152465899 1315.641194 1384.267640
55.94408547171769 -3.189545152465899 W 55.94408547171769 -3.189845152465899 1315.641194 1383.017640
55.94408547171769 -3.189845152465899 WSW 55.94397066668798 -3.1901223163256525 1315.641194 1381.767640
55.94397066668798 -3.1901223163256525 W 55.94397066668798 -3.1904223163256527 1315.641194 1380.517640
55.94397066668798 -3.1904223163256527 WSW 55.94385586165827 -3.190699480185406 1315.641194 1379.267640
55.94385586165827 -3.190699480185406 W 55.94385586165827 -3.1909994801854062 1315.641194 1378.017640
55.94385586165827 -3.1909994801854062 WSW 55.94374105662856 -3.1912766440451596 1315.641194 1376.767640
55.94374105662856 -3.1912766440451596 NW 55.94395318866292 -3.1914887760795154 1377.338705 1396.882184
55.94395318866292 -3.1914887760795154 NW 55.94416532069727 -3.191700908113871 1377.338705 1395.632184
55.94416532069727 -3.191700908113871 NW 55.94437745273163 -3.191913040148227 1377.338705 1394.382184
55.94437745273163 -3.191913040148227 NNW 55.944654616591386 -3.1920278451779365 1377.338705 1393.132184
55.944654616591386 -3.1920278451779365 NW 55.94486674862574 -3.1922399772122922 1377.338705 1391.882184
55.94486674862574 -3.1922399772122922 NNW 55.9451439124855 -3.1923547822420018 1377.338705 1390.632184
55.9451439124855 -3.1923547822420018 NW 55.945356044519855 -3.1925669142763575 1462.764882 1427.395982
55.945356044519855 -3.1925669142763575 WNW 55.945470849549565 -3.192844078136111 1462.764882 1426.145982
55.945470849549565 -3.192844078136111 NNE 55.94574801340932 -3.1927292731064014 1462.764882 1424.895982
55.94574801340932 -3.1927292731064014 S 55.94544801340932 -3.1927292731064014 1462.764882 1423.645982
55.94544801340932 -3.1927292731064014 WSW 55.94533320837961 -3.193006436966155 1462.764882 1422.395982
55.94533320837961 -3.193006436966155 SSW 55.94505604451985 -3.1931212419958643 1462.764882 1421.145982
55.94505604451985 -3.1931212419958643 SW 55.944843912485496 -3.19333337403022 1462.764882 1419.895982
55.944843912485496 -3.19333337403022 WNW 55.944958717515206 -3.1936105378899735 1462.764882 1418.645982
55.944958717515206 -3.1936105378899735 NW 55.94517084954956 -3.1938226699243293 1462.764882 1417.395982
55.94517084954956 -3.1938226699243293 NNW 55.94544801340932 -3.193937474954039 1462.764882 1416.145982
55.94544801340932 -3.193937474954039 NE 55.945660145443675 -3.193725342919683 1462.764882 1414.895982
55.945660145443675 -3.193725342919683 WNW 55.945774950473385 -3.1940025067794364 1462.764882 1413.645982
55.945774950473385 -3.1940025067794364 SE 55.94556281843903 -3.1937903747450807 1462.764882 1412.395982
55.94556281843903 -3.1937903747450807 SE 55.94535068640467 -3.193578242710725 1462.764882 1411.145982
55.94535068640467 -3.193578242710725 SSE 55.94507352254492 -3.1934634376810154 1462.764882 1409.895982
55.94507352254492 -3.1934634376810154 WSW 55.944958717515206 -3.1937406015407688 1462.764882 1408.645982
55.944958717515206 -3.1937406015407688 N 55.94525871751521 -3.1937406015407688 1462.764882 1407.395982
