55.944425 -3.188396 ENE 55.94453980502971 -3.1881188361402466 0.000000 248.750000
55.94453980502971 -3.1881188361402466 ENE 55.94465461005942 -3.187841672280493 0.000000 247.500000
55.94465461005942 -3.187841672280493 ENE 55.944769415089134 -3.18756450842074 0.000000 246.250000
55.944769415089134 -3.18756450842074 ENE 55.944884220118844 -3.1872873445609864 0.000000 245.000000
55.944884220118844 -3.1872873445609864 ENE 55.944999025148554 -3.187010180701233 49.270928 256.824749
55.944999025148554 -3.187010180701233 ENE 55.945113830178265 -3.1867330168414796 0.000000 131.704170
55.945113830178265 -3.1867330168414796 ENE 55.945228635207975 -3.186455852981726 0.000000 130.454170
55.945228635207975 -3.186455852981726 ENE 55.945343440237686 -3.1861786891219728 0.000000 129.204170
55.945343440237686 -3.1861786891219728 ENE 55.945458245267396 -3.1859015252622194 0.000000 127.954170
55.945458245267396 -3.1859015252622194 S 55.94515824526739 -3.1859015252622194 113.887452 161.557950
55.94515824526739 -3.1859015252622194 S 55.94485824526739 -3.1859015252622194 220.206845 177.434411
55.94485824526739 -3.1859015252622194 S 55.94455824526739 -3.1859015252622194 235.925669 269.476424
55.94455824526739 -3.1859015252622194 SSE 55.94428108140763 -3.18578672023251 235.925669 268.226424
55.94428108140763 -3.18578672023251 S 55.94398108140763 -3.18578672023251 235.925669 266.976424
55.94398108140763 -3.18578672023251 SSE 55.94370391754787 -3.1856719152028004 235.925669 265.726424
55.94370391754787 -3.1856719152028004 S 55.94340391754787 -3.1856719152028004 313.140754 273.632146
55.94340391754787 -3.1856719152028004 SSE 55.94312675368811 -3.185557110173091 313.140754 272.382146
55.94312675368811 -3.185557110173091 S 55.94282675368811 -3.185557110173091 348.280399 331.473396
55.94282675368811 -3.185557110173091 WNW 55.94294155871782 -3.1858342740328442 348.280399 330.223396
55.94294155871782 -3.1858342740328442 WNW 55.94305636374753 -3.1861114378925977 348.280399 328.973396
55.94305636374753 -3.1861114378925977 WNW 55.94317116877724 -3.186388601752351 348.280399 327.723396
55.94317116877724 -3.186388601752351 WNW 55.94328597380695 -3.1866657656121045 348.280399 326.473396
55.94328597380695 -3.1866657656121045 WNW 55.94340077883666 -3.186942929471858 348.280399 325.223396
55.94340077883666 -3.186942929471858 WNW 55.94351558386637 -3.1872200933316113 348.280399 323.973396
55.94351558386637 -3.1872200933316113 WNW 55.94363038889608 -3.1874972571913647 343.453795 263.680123
55.94363038889608 -3.1874972571913647 WNW 55.94374519392579 -3.187774421051118 343.453795 262.430123
55.94374519392579 -3.187774421051118 NW 55.94395732596015 -3.187986553085474 343.453795 261.180123
55.94395732596015 -3.187986553085474 NNW 55.944234489819905 -3.1881013581151834 416.823182 337.258960
55.944234489819905 -3.1881013581151834 NW 55.94444662185426 -3.188313490149539 390.880773 325.840478
55.94444662185426 -3.188313490149539 NNW 55.94472378571402 -3.1884282951792486 390.880773 324.590478
55.94472378571402 -3.1884282951792486 NW 55.944935917748374 -3.1886404272136044 390.880773 323.340478
55.944935917748374 -3.1886404272136044 NNW 55.94521308160813 -3.188755232243314 357.745624 247.641060
55.94521308160813 -3.188755232243314 NW 55.94542521364249 -3.1889673642776697 357.745624 246.391060
55.94542521364249 -3.1889673642776697 NNW 55.94570237750224 -3.189082169307379 379.638821 346.129974
55.94570237750224 -3.189082169307379 ESE 55.94558757247253 -3.188805005447626 460.269309 460.726452
55.94558757247253 -3.188805005447626 ESE 55.94547276744282 -3.1885278415878724 460.269309 459.476452
55.94547276744282 -3.1885278415878724 SE 55.94526063540847 -3.1883157095535166 460.269309 458.226452
55.94526063540847 -3.1883157095535166 ESE 55.945145830378756 -3.188038545693763 460.269309 456.976452
55.945145830378756 -3.188038545693763 SE 55.9449336983444 -3.1878264136594074 460.269309 455.726452
55.9449336983444 -3.1878264136594074 ESE 55.94481889331469 -3.187549249799654 460.269309 454.476452
55.94481889331469 -3.187549249799654 SE 55.94460676128033 -3.1873371177652983 460.269309 453.226452
55.94460676128033 -3.1873371177652983 ESE 55.94449195625062 -3.187059953905545 460.269309 451.976452
55.94449195625062 -3.187059953905545 SE 55.94427982421627 -3.186847821871189 460.269309 450.726452
55.94427982421627 -3.186847821871189 ESE 55.944165019186556 -3.1865706580114357 570.878278 520.887963
55.944165019186556 -3.1865706580114357 WSW 55.944050214156846 -3.186847821871189 570.878278 519.637963
55.944050214156846 -3.186847821871189 WSW 55.943935409127135 -3.1871249857309425 570.878278 518.387963
55.943935409127135 -3.1871249857309425 WSW 55.943820604097425 -3.187402149590696 570.878278 517.137963
55.943820604097425 -3.187402149590696 WSW 55.943705799067715 -3.1876793134504493 570.878278 515.887963
55.943705799067715 -3.1876793134504493 WSW 55.943590994038004 -3.1879564773102027 570.878278 514.637963
55.943590994038004 -3.1879564773102027 W 55.943590994038004 -3.188256477310203 570.878278 513.387963
55.943590994038004 -3.188256477310203 WSW 55.943476189008294 -3.1885336411699563 570.878278 512.137963
55.943476189008294 -3.1885336411699563 W 55.943476189008294 -3.1888336411699565 570.878278 510.887963
55.943476189008294 -3.1888336411699565 W 55.943476189008294 -3.1891336411699567 627.516838 593.300005
55.943476189008294 -3.1891336411699567 W 55.943476189008294 -3.189433641169957 627.516838 592.050005
55.943476189008294 -3.189433641169957 WNW 55.943590994038004 -3.1897108050297103 627.516838 590.800005
55.943590994038004 -3.1897108050297103 W 55.943590994038004 -3.1900108050297105 627.516838 589.550005
55.943590994038004 -3.1900108050297105 WNW 55.943705799067715 -3.190287968889464 627.516838 588.300005
55.943705799067715 -3.190287968889464 W 55.943705799067715 -3.190587968889464 627.516838 587.050005
55.943705799067715 -3.190587968889464 WNW 55.943820604097425 -3.1908651327492175 627.516838 585.800005
55.943820604097425 -3.1908651327492175 W 55.943820604097425 -3.1911651327492176 627.516838 584.550005
55.943820604097425 -3.1911651327492176 WNW 55.943935409127135 -3.191442296608971 689.214350 604.664549
55.943935409127135 -3.191442296608971 ENE 55.944050214156846 -3.1911651327492176 733.528390 609.028183
55.944050214156846 -3.1911651327492176 ENE 55.944165019186556 -3.1908879688894642 733.528390 607.778183
55.944165019186556 -3.1908879688894642 ENE 55.94427982421627 -3.190610805029711 733.528390 606.528183
55.94427982421627 -3.190610805029711 ENE 55.94439462924598 -3.1903336411699574 733.528390 605.278183
55.94439462924598 -3.1903336411699574 ENE 55.94450943427569 -3.190056477310204 733.528390 604.028183
55.94450943427569 -3.190056477310204 ENE 55.9446242393054 -3.1897793134504506 744.305892 664.520405
55.9446242393054 -3.1897793134504506 ENE 55.94473904433511 -3.189502149590697 840.387966 697.855490
55.94473904433511 -3.189502149590697 ENE 55.94485384936482 -3.189224985730944 840.387966 696.605490
55.94485384936482 -3.189224985730944 ENE 55.94496865439453 -3.1889478218711904 840.387966 695.355490
55.94496865439453 -3.1889478218711904 ENE 55.94508345942424 -3.188670658011437 840.387966 694.105490
55.94508345942424 -3.188670658011437 ENE 55.94519826445395 -3.1883934941516836 840.387966 692.855490
55.94519826445395 -3.1883934941516836 NE 55.945410396488306 -3.188181362117328 840.387966 691.605490
55.945410396488306 -3.188181362117328 ENE 55.945525201518016 -3.1879041982575744 840.387966 690.355490
55.945525201518016 -3.1879041982575744 NE 55.94573733355237 -3.1876920662232187 840.387966 689.105490
55.94573733355237 -3.1876920662232187 SW 55.945525201518016 -3.1879041982575744 851.221949 770.424581
55.945525201518016 -3.1879041982575744 SW 55.94531306948366 -3.18811633029193 851.221949 769.174581
55.94531306948366 -3.18811633029193 SW 55.945100937449304 -3.188328462326286 851.221949 767.924581
55.945100937449304 -3.188328462326286 SW 55.94488880541495 -3.1885405943606417 851.221949 766.674581
55.94488880541495 -3.1885405943606417 SW 55.94467667338059 -3.1887527263949975 851.221949 765.424581
55.94467667338059 -3.1887527263949975 SW 55.944464541346235 -3.1889648584293533 851.221949 764.174581
55.944464541346235 -3.1889648584293533 SW 55.94425240931188 -3.189176990463709 827.394227 739.028646
55.94425240931188 -3.189176990463709 SW 55.94404027727752 -3.189389122498065 827.394227 737.778646
55.94404027727752 -3.189389122498065 SW 55.94382814524317 -3.1896012545324206 827.394227 736.528646
55.94382814524317 -3.1896012545324206 SW 55.94361601320881 -3.1898133865667764 827.394227 735.278646
55.94361601320881 -3.1898133865667764 SW 55.943403881174454 -3.190025518601132 827.394227 734.028646
55.943403881174454 -3.190025518601132 WSW 55.943289076144744 -3.1903026824608856 827.394227 732.778646
55.943289076144744 -3.1903026824608856 SW 55.94307694411039 -3.1905148144952413 827.394227 731.528646
55.94307694411039 -3.1905148144952413 WSW 55.94296213908068 -3.1907919783549947 827.394227 730.278646
55.94296213908068 -3.1907919783549947 SW 55.94275000704632 -3.1910041103893505 827.394227 729.028646
55.94275000704632 -3.1910041103893505 NNW 55.94302717090608 -3.19111891541906 905.049645 811.270525
55.94302717090608 -3.19111891541906 NNW 55.943304334765834 -3.1912337204487695 905.049645 810.020525
55.943304334765834 -3.1912337204487695 NNW 55.94358149862559 -3.191348525478479 836.596668 804.820869
55.94358149862559 -3.191348525478479 NNW 55.94385866248535 -3.1914633305081885 836.596668 803.570869
55.94385866248535 -3.1914633305081885 NNW 55.944135826345104 -3.191578135537898 836.596668 802.320869
55.944135826345104 -3.191578135537898 N 55.94443582634511 -3.191578135537898 852.251875 841.834297
55.94443582634511 -3.191578135537898 NNE 55.94471299020486 -3.1914633305081885 944.346729 845.679460
55.94471299020486 -3.1914633305081885 NNE 55.94499015406462 -3.191348525478479 944.346729 844.429460
55.94499015406462 -3.191348525478479 NNE 55.945267317924376 -3.1912337204487695 944.346729 843.179460
55.945267317924376 -3.1912337204487695 SSW 55.94499015406462 -3.191348525478479 1008.276656 959.809070
55.94499015406462 -3.191348525478479 SSW 55.94471299020486 -3.1914633305081885 1008.276656 958.559070
55.94471299020486 -3.1914633305081885 WNW 55.94482779523457 -3.191740494367942 1008.276656 957.309070
55.94482779523457 -3.191740494367942 WNW 55.944942600264284 -3.1920176582276953 1008.276656 956.059070
55.944942600264284 -3.1920176582276953 NW 55.94515473229864 -3.192229790262051 1008.276656 954.809070
55.94515473229864 -3.192229790262051 WNW 55.94526953732835 -3.1925069541218045 1008.276656 953.559070
55.94526953732835 -3.1925069541218045 SE 55.945057405293994 -3.1922948220874487 1093.702832 990.322867
55.945057405293994 -3.1922948220874487 SE 55.94484527325964 -3.192082690053093 1093.702832 989.072867
55.94484527325964 -3.192082690053093 SE 55.94463314122528 -3.191870558018737 1093.702832 987.822867
55.94463314122528 -3.191870558018737 SE 55.944421009190926 -3.1916584259843814 1093.702832 986.572867
55.944421009190926 -3.1916584259843814 SE 55.94420887715657 -3.1914462939500257 1182.861578 1088.113672
55.94420887715657 -3.1914462939500257 SE 55.94399674512221 -3.19123416191567 1182.861578 1086.863672
55.94399674512221 -3.19123416191567 SE 55.94378461308786 -3.191022029881314 1182.861578 1085.613672
55.94378461308786 -3.191022029881314 SE 55.9435724810535 -3.1908098978469583 1182.861578 1084.363672
55.9435724810535 -3.1908098978469583 SE 55.943360349019144 -3.1905977658126026 1182.861578 1083.113672
55.943360349019144 -3.1905977658126026 SE 55.94314821698479 -3.190385633778247 1182.861578 1081.863672
55.94314821698479 -3.190385633778247 SE 55.94293608495043 -3.190173501743891 1182.861578 1080.613672
55.94293608495043 -3.190173501743891 SE 55.942723952916076 -3.1899613697095353 1182.861578 1079.363672
55.942723952916076 -3.1899613697095353 ENE 55.942838757945786 -3.189684205849782 1232.300011 1147.946395
55.942838757945786 -3.189684205849782 ENE 55.9429535629755 -3.1894070419900284 1232.300011 1146.696395
55.9429535629755 -3.1894070419900284 ENE 55.94306836800521 -3.189129878130275 1232.300011 1145.446395
55.94306836800521 -3.189129878130275 E 55.94306836800521 -3.188829878130275 1232.300011 1144.196395
55.94306836800521 -3.188829878130275 ENE 55.94318317303492 -3.1885527142705214 1232.300011 1142.946395
55.94318317303492 -3.1885527142705214 E 55.94318317303492 -3.1882527142705213 1232.300011 1141.696395
55.94318317303492 -3.1882527142705213 ENE 55.94329797806463 -3.187975550410768 1232.300011 1140.446395
55.94329797806463 -3.187975550410768 E 55.94329797806463 -3.1876755504107677 1232.300011 1139.196395
55.94329797806463 -3.1876755504107677 ENE 55.94341278309434 -3.1873983865510143 1232.300011 1137.946395
55.94341278309434 -3.1873983865510143 E 55.94341278309434 -3.187098386551014 1232.300011 1136.696395
55.94341278309434 -3.187098386551014 ENE 55.94352758812405 -3.1868212226912607 1232.300011 1135.446395
55.94352758812405 -3.1868212226912607 E 55.94352758812405 -3.1865212226912605 1232.300011 1134.196395
55.94352758812405 -3.1865212226912605 ENE 55.94364239315376 -3.186244058831507 1232.300011 1132.946395
55.94364239315376 -3.186244058831507 E 55.94364239315376 -3.185944058831507 1232.300011 1131.696395
55.94364239315376 -3.185944058831507 ENE 55.94375719818347 -3.1856668949717535 1232.300011 1130.446395
55.94375719818347 -3.1856668949717535 E 55.94375719818347 -3.1853668949717533 1232.300011 1129.196395
55.94375719818347 -3.1853668949717533 ENE 55.94387200321318 -3.185089731112 1232.300011 1127.946395
55.94387200321318 -3.185089731112 E 55.94387200321318 -3.1847897311119997 1232.300011 1126.696395
55.94387200321318 -3.1847897311119997 W 55.94387200321318 -3.185089731112 1318.175808 1201.461111
55.94387200321318 -3.185089731112 W 55.94387200321318 -3.185389731112 1318.175808 1200.211111
55.94387200321318 -3.185389731112 W 55.94387200321318 -3.1856897311120003 1318.175808 1198.961111
55.94387200321318 -3.1856897311120003 W 55.94387200321318 -3.1859897311120005 1318.175808 1197.711111
55.94387200321318 -3.1859897311120005 W 55.94387200321318 -3.1862897311120006 1318.175808 1196.461111
55.94387200321318 -3.1862897311120006 NE 55.944084135247536 -3.186077599077645 1349.837511 1274.782477
55.944084135247536 -3.186077599077645 NE 55.94429626728189 -3.185865467043289 1349.837511 1273.532477
55.94429626728189 -3.185865467043289 NE 55.94450839931625 -3.1856533350089333 1349.837511 1272.282477
55.94450839931625 -3.1856533350089333 NE 55.944720531350605 -3.1854412029745776 1349.837511 1271.032477
55.944720531350605 -3.1854412029745776 NE 55.94493266338496 -3.185229070940222 1349.837511 1269.782477
55.94493266338496 -3.185229070940222 NE 55.94514479541932 -3.185016938905866 1349.837511 1268.532477
55.94514479541932 -3.185016938905866 NE 55.94535692745367 -3.1848048068715102 1299.729910 1148.752824
55.94535692745367 -3.1848048068715102 NE 55.94556905948803 -3.1845926748371545 1299.729910 1147.502824
55.94556905948803 -3.1845926748371545 NE 55.945781191522386 -3.1843805428027987 1299.729910 1146.252824
55.945781191522386 -3.1843805428027987 SW 55.94556905948803 -3.1845926748371545 1369.188424 1261.087220
55.94556905948803 -3.1845926748371545 SW 55.94535692745367 -3.1848048068715102 1369.188424 1259.837220
55.94535692745367 -3.1848048068715102 SW 55.94514479541932 -3.185016938905866 1369.188424 1258.587220
55.94514479541932 -3.185016938905866 SW 55.94493266338496 -3.185229070940222 1369.188424 1257.337220
55.94493266338496 -3.185229070940222 SW 55.944720531350605 -3.1854412029745776 1369.188424 1256.087220
55.944720531350605 -3.1854412029745776 SW 55.94450839931625 -3.1856533350089333 1369.188424 1254.837220
55.94450839931625 -3.1856533350089333 SW 55.94429626728189 -3.185865467043289 1369.188424 1253.587220
55.94429626728189 -3.185865467043289 SW 55.944084135247536 -3.186077599077645 1369.188424 1252.337220
55.944084135247536 -3.186077599077645 SSW 55.94380697138778 -3.1861924041073544 1369.188424 1251.087220
55.94380697138778 -3.1861924041073544 SW 55.94359483935342 -3.18640453614171 1369.188424 1249.837220
55.94359483935342 -3.18640453614171 SSW 55.94331767549367 -3.1865193411714197 1369.188424 1248.587220
55.94331767549367 -3.1865193411714197 SW 55.94310554345931 -3.1867314732057754 1369.188424 1247.337220
55.94310554345931 -3.1867314732057754 SSW 55.942828379599554 -3.186846278235485 1369.188424 1246.087220
55.942828379599554 -3.186846278235485 NE 55.94304051163391 -3.186634146201129 1393.215079 1361.933946
55.94304051163391 -3.186634146201129 NE 55.943252643668266 -3.1864220141667734 1393.215079 1360.683946
55.943252643668266 -3.1864220141667734 NE 55.94346477570262 -3.1862098821324176 1393.215079 1359.433946
55.94346477570262 -3.1862098821324176 NE 55.94367690773698 -3.185997750098062 1393.215079 1358.183946
55.94367690773698 -3.185997750098062 NE 55.943889039771335 -3.185785618063706 1393.215079 1356.933946
55.943889039771335 -3.185785618063706 NE 55.94410117180569 -3.1855734860293503 1393.215079 1355.683946
55.94410117180569 -3.1855734860293503 NE 55.94431330384005 -3.1853613539949945 1393.215079 1354.433946
55.94431330384005 -3.1853613539949945 NE 55.944525435874404 -3.1851492219606388 1393.215079 1353.183946
55.944525435874404 -3.1851492219606388 NNE 55.94480259973416 -3.1850344169309293 1393.215079 1351.933946
55.94480259973416 -3.1850344169309293 NE 55.94501473176852 -3.1848222848965735 1393.215079 1350.683946
55.94501473176852 -3.1848222848965735 NNE 55.94529189562827 -3.184707479866864 1426.007940 1436.543949
55.94529189562827 -3.184707479866864 W 55.94529189562827 -3.185007479866864 1426.007940 1435.293949
55.94529189562827 -3.185007479866864 W 55.94529189562827 -3.1853074798668644 1426.007940 1434.043949
55.94529189562827 -3.1853074798668644 W 55.94529189562827 -3.1856074798668645 1426.007940 1432.793949
55.94529189562827 -3.1856074798668645 W 55.94529189562827 -3.1859074798668647 1426.007940 1431.543949
55.94529189562827 -3.1859074798668647 W 55.94529189562827 -3.186207479866865 1426.007940 1430.293949
55.94529189562827 -3.186207479866865 W 55.94529189562827 -3.186507479866865 1426.007940 1429.043949
55.94529189562827 -3.186507479866865 W 55.94529189562827 -3.1868074798668653 1426.007940 1427.793949
55.94529189562827 -3.1868074798668653 W 55.94529189562827 -3.1871074798668655 1426.007940 1426.543949
55.94529189562827 -3.1871074798668655 W 55.94529189562827 -3.1874074798668657 1426.007940 1425.293949
55.94529189562827 -3.1874074798668657 W 55.94529189562827 -3.187707479866866 1426.007940 1424.043949
55.94529189562827 -3.187707479866866 W 55.94529189562827 -3.188007479866866 1426.007940 1422.793949
55.94529189562827 -3.188007479866866 W 55.94529189562827 -3.1883074798668662 1426.007940 1421.543949
55.94529189562827 -3.1883074798668662 W 55.94529189562827 -3.1886074798668664 1426.007940 1420.293949
55.94529189562827 -3.1886074798668664 W 55.94529189562827 -3.1889074798668666 1426.007940 1419.043949
55.94529189562827 -3.1889074798668666 W 55.94529189562827 -3.189207479866867 1426.007940 1417.793949
55.94529189562827 -3.189207479866867 W 55.94529189562827 -3.189507479866867 1426.007940 1416.543949
55.94529189562827 -3.189507479866867 W 55.94529189562827 -3.189807479866867 1426.007940 1415.293949
55.94529189562827 -3.189807479866867 W 55.94529189562827 -3.1901074798668674 1426.007940 1414.043949
55.94529189562827 -3.1901074798668674 W 55.94529189562827 -3.1904074798668676 1541.780322 1498.851144
55.94529189562827 -3.1904074798668676 S 55.94499189562827 -3.1904074798668676 1541.780322 1497.601144
55.94499189562827 -3.1904074798668676 S 55.94469189562827 -3.1904074798668676 1541.780322 1496.351144
55.94469189562827 -3.1904074798668676 S 55.944391895628264 -3.1904074798668676 1602.578047 1531.619252
55.944391895628264 -3.1904074798668676 S 55.94409189562826 -3.1904074798668676 1602.578047 1530.369252
55.94409189562826 -3.1904074798668676 SW 55.943879763593905 -3.1906196119012233 1624.872161 1540.177816
55.943879763593905 -3.1906196119012233 SSE 55.94360259973415 -3.190504806871514 1624.872161 1538.927816
55.94360259973415 -3.190504806871514 NNE 55.943879763593905 -3.1903900018418043 1624.872161 1537.677816
55.943879763593905 -3.1903900018418043 NW 55.94409189562826 -3.19060213387616 1624.872161 1536.427816
55.94409189562826 -3.19060213387616 S 55.94379189562826 -3.19060213387616 1624.872161 1535.177816
55.94379189562826 -3.19060213387616 NNW 55.944069059488015 -3.1907169389058696 1624.872161 1533.927816
55.944069059488015 -3.1907169389058696 NNE 55.94434622334777 -3.19060213387616 1624.872161 1532.677816
55.94434622334777 -3.19060213387616 SSW 55.944069059488015 -3.1907169389058696 1624.872161 1531.427816
55.944069059488015 -3.1907169389058696 NNW 55.94434622334777 -3.190831743935579 1624.872161 1530.177816
55.94434622334777 -3.190831743935579 WSW 55.94423141831806 -3.1911089077953325 1624.872161 1528.927816
55.94423141831806 -3.1911089077953325 ENE 55.94434622334777 -3.190831743935579 1624.872161 1527.677816
55.94434622334777 -3.190831743935579 SSW 55.944069059488015 -3.1909465489652886 1624.872161 1526.427816
55.944069059488015 -3.1909465489652886 ENE 55.944183864517726 -3.190669385105535 1624.872161 1525.177816
55.944183864517726 -3.190669385105535 SSW 55.94390670065797 -3.1907841901352447 1624.872161 1523.927816
55.94390670065797 -3.1907841901352447 ESE 55.94379189562826 -3.1905070262754913 1624.872161 1522.677816
55.94379189562826 -3.1905070262754913 WSW 55.94367709059855 -3.1907841901352447 1624.872161 1521.427816
55.94367709059855 -3.1907841901352447 SSW 55.94339992673879 -3.1908989951649542 1624.872161 1520.177816
55.94339992673879 -3.1908989951649542 WSW 55.94328512170908 -3.1911761590247076 1624.872161 1518.927816
55.94328512170908 -3.1911761590247076 SSW 55.943007957849325 -3.191290964054417 1624.872161 1517.677816
55.943007957849325 -3.191290964054417 SSW 55.94273079398957 -3.1914057690841267 1624.872161 1516.427816
55.94273079398957 -3.1914057690841267 NW 55.942942926023925 -3.1916179011184824 1624.872161 1515.177816
55.942942926023925 -3.1916179011184824 ESE 55.942828120994214 -3.191340737258729 1624.872161 1513.927816
55.942828120994214 -3.191340737258729 SW 55.94261598895986 -3.191552869293085 1624.872161 1512.677816
55.94261598895986 -3.191552869293085 NW 55.942828120994214 -3.1917650013274406 1624.872161 1511.427816
55.942828120994214 -3.1917650013274406 SSE 55.94255095713446 -3.191650196297731 1624.872161 1510.177816
55.94255095713446 -3.191650196297731 ENE 55.94266576216417 -3.1913730324379777 1624.872161 1508.927816
55.94266576216417 -3.1913730324379777 NE 55.942877894198524 -3.191160900403622 1624.872161 1507.677816
55.942877894198524 -3.191160900403622 N 55.94317789419853 -3.191160900403622 1624.872161 1506.427816
55.94317789419853 -3.191160900403622 E 55.94317789419853 -3.1908609004036217 1624.872161 1505.177816
55.94317789419853 -3.1908609004036217 NNE 55.943455058058284 -3.190746095373912 1624.872161 1503.927816
55.943455058058284 -3.190746095373912 SSE 55.94317789419853 -3.1906312903442027 1624.872161 1502.677816
55.94317789419853 -3.1906312903442027 NNE 55.943455058058284 -3.190516485314493 1624.872161 1501.427816
55.943455058058284 -3.190516485314493 NW 55.94366719009264 -3.190728617348849 1624.872161 1500.177816
55.94366719009264 -3.190728617348849 WNW 55.94378199512235 -3.1910057812086023 1624.872161 1498.927816
55.94378199512235 -3.1910057812086023 ENE 55.94389680015206 -3.190728617348849 1624.872161 1497.677816
55.94389680015206 -3.190728617348849 ENE 55.94401160518177 -3.1904514534890955 1624.872161 1496.427816
55.94401160518177 -3.1904514534890955 NE 55.94422373721613 -3.1902393214547398 1624.872161 1495.177816
55.94422373721613 -3.1902393214547398 SE 55.94401160518177 -3.190027189420384 1624.872161 1493.927816
55.94401160518177 -3.190027189420384 WSW 55.94389680015206 -3.1903043532801374 1624.872161 1492.677816
55.94389680015206 -3.1903043532801374 NNW 55.94417396401182 -3.190419158309847 1624.872161 1491.427816
55.94417396401182 -3.190419158309847 WSW 55.94405915898211 -3.1906963221696003 1624.872161 1490.177816
55.94405915898211 -3.1906963221696003 W 55.94405915898211 -3.1909963221696005 1624.872161 1488.927816
55.94405915898211 -3.1909963221696005 N 55.94435915898211 -3.1909963221696005 1624.872161 1487.677816
55.94435915898211 -3.1909963221696005 SW 55.94414702694775 -3.1912084542039563 1624.872161 1486.427816
55.94414702694775 -3.1912084542039563 W 55.94414702694775 -3.1915084542039565 1624.872161 1485.177816
55.94414702694775 -3.1915084542039565 WSW 55.94403222191804 -3.19178561806371 1624.872161 1483.927816
55.94403222191804 -3.19178561806371 SW 55.94382008988369 -3.1919977500980656 1624.872161 1482.677816
55.94382008988369 -3.1919977500980656 N 55.94412008988369 -3.1919977500980656 1624.872161 1481.427816
55.94412008988369 -3.1919977500980656 NE 55.944332221918046 -3.19178561806371 1624.872161 1480.177816
55.944332221918046 -3.19178561806371 SSW 55.94405505805829 -3.1919004230934194 1624.872161 1478.927816
55.94405505805829 -3.1919004230934194 ESE 55.94394025302858 -3.191623259233666 1624.872161 1477.677816
55.94394025302858 -3.191623259233666 S 55.943640253028576 -3.191623259233666 1624.872161 1476.427816
55.943640253028576 -3.191623259233666 NNW 55.94391741688833 -3.1917380642633755 1624.872161 1475.177816
55.94391741688833 -3.1917380642633755 E 55.94391741688833 -3.1914380642633753 1624.872161 1473.927816
