55.944425 -3.188396 ENE 55.94453980502971 -3.1881188361402466 0.000000 248.750000
55.94453980502971 -3.1881188361402466 ENE 55.94465461005942 -3.187841672280493 0.000000 247.500000
55.94465461005942 -3.187841672280493 ENE 55.944769415089134 -3.18756450842074 0.000000 246.250000
55.944769415089134 -3.18756450842074 ENE 55.944884220118844 -3.1872873445609864 0.000000 245.000000
55.944884220118844 -3.1872873445609864 ENE 55.944999025148554 -3.187010180701233 49.270928 256.824749
55.944999025148554 -3.187010180701233 ENE 55.945113830178265 -3.1867330168414796 0.000000 131.704170
55.945113830178265 -3.1867330168414796 ENE 55.945228635207975 -3.186455852981726 0.000000 130.454170
55.945228635207975 -3.186455852981726 ENE 55.945343440237686 -3.1861786891219728 0.000000 129.204170
55.945343440237686 -3.1861786891219728 ENE 55.945458245267396 -3.1859015252622194 0.000000 127.954170
55.945458245267396 -3.1859015252622194 S 55.94515824526739 -3.1859015252622194 113.887452 161.557950
55.94515824526739 -3.1859015252622194 S 55.94485824526739 -3.1859015252622194 220.206845 177.434411
55.94485824526739 -3.1859015252622194 S 55.94455824526739 -3.1859015252622194 235.925669 269.476424
55.94455824526739 -3.1859015252622194 SSE 55.94428108140763 -3.18578672023251 235.925669 268.226424
55.94428108140763 -3.18578672023251 S 55.94398108140763 -3.18578672023251 235.925669 266.976424
55.94398108140763 -3.18578672023251 SSE 55.94370391754787 -3.1856719152028004 235.925669 265.726424
55.94370391754787 -3.1856719152028004 S 55.94340391754787 -3.1856719152028004 313.140754 273.632146
55.94340391754787 -3.1856719152028004 SSE 55.94312675368811 -3.185557110173091 313.140754 272.382146
55.94312675368811 -3.185557110173091 WNW 55.94324155871782 -3.1858342740328442 348.280399 331.473396
55.94324155871782 -3.1858342740328442 WNW 55.94335636374753 -3.1861114378925977 348.280399 330.223396
55.94335636374753 -3.1861114378925977 WNW 55.94347116877724 -3.186388601752351 348.280399 328.973396
55.94347116877724 -3.186388601752351 WNW 55.943585973806954 -3.1866657656121045 348.280399 327.723396
55.943585973806954 -3.1866657656121045 WNW 55.943700778836664 -3.186942929471858 348.280399 326.473396
55.943700778836664 -3.186942929471858 WNW 55.943815583866375 -3.1872200933316113 343.453795 266.180123
55.943815583866375 -3.1872200933316113 WNW 55.943930388896085 -3.1874972571913647 343.453795 264.930123
55.943930388896085 -3.1874972571913647 WNW 55.944045193925795 -3.187774421051118 343.453795 263.680123
55.944045193925795 -3.187774421051118 WNW 55.944159998955506 -3.1880515849108715 343.453795 262.430123
55.944159998955506 -3.1880515849108715 W 55.944159998955506 -3.1883515849108717 317.511386 251.011641
55.944159998955506 -3.1883515849108717 WNW 55.944274803985216 -3.188628748770625 317.511386 249.761641
55.944274803985216 -3.188628748770625 W 55.944274803985216 -3.1889287487706253 293.683664 224.615706
55.944274803985216 -3.1889287487706253 WNW 55.94438960901493 -3.1892059126303787 293.683664 223.365706
55.94438960901493 -3.1892059126303787 W 55.94438960901493 -3.189505912630379 293.683664 222.115706
55.94438960901493 -3.189505912630379 WNW 55.94450441404464 -3.1897830764901323 293.683664 220.865706
55.94450441404464 -3.1897830764901323 W 55.94450441404464 -3.1900830764901325 389.765739 254.200792
55.94450441404464 -3.1900830764901325 E 55.94450441404464 -3.1897830764901323 400.543241 314.693014
55.94450441404464 -3.1897830764901323 E 55.94450441404464 -3.189483076490132 400.543241 313.443014
55.94450441404464 -3.189483076490132 E 55.94450441404464 -3.189183076490132 400.543241 312.193014
55.94450441404464 -3.189183076490132 E 55.94450441404464 -3.1888830764901317 400.543241 310.943014
55.94450441404464 -3.1888830764901317 E 55.94450441404464 -3.1885830764901315 400.543241 309.693014
55.94450441404464 -3.1885830764901315 E 55.94450441404464 -3.1882830764901313 400.543241 308.443014
55.94450441404464 -3.1882830764901313 E 55.94450441404464 -3.187983076490131 400.543241 307.193014
55.94450441404464 -3.187983076490131 E 55.94450441404464 -3.187683076490131 400.543241 305.943014
55.94450441404464 -3.187683076490131 E 55.94450441404464 -3.1873830764901308 400.543241 304.693014
55.94450441404464 -3.1873830764901308 ESE 55.94438960901493 -3.1871059126303773 400.543241 303.443014
55.94438960901493 -3.1871059126303773 E 55.94438960901493 -3.186805912630377 400.543241 302.193014
55.94438960901493 -3.186805912630377 ESE 55.944274803985216 -3.1865287487706238 511.152210 372.354525
55.944274803985216 -3.1865287487706238 E 55.944274803985216 -3.1862287487706236 506.705360 266.855593
55.944274803985216 -3.1862287487706236 ESE 55.944159998955506 -3.18595158491087 506.705360 265.605593
55.944159998955506 -3.18595158491087 E 55.944159998955506 -3.18565158491087 506.705360 264.355593
55.944159998955506 -3.18565158491087 ESE 55.944045193925795 -3.1853744210511166 506.705360 263.105593
55.944045193925795 -3.1853744210511166 E 55.944045193925795 -3.1850744210511164 506.705360 261.855593
55.944045193925795 -3.1850744210511164 ESE 55.943930388896085 -3.184797257191363 506.705360 260.605593
55.943930388896085 -3.184797257191363 WNW 55.944045193925795 -3.1850744210511164 592.581158 335.370309
55.944045193925795 -3.1850744210511164 WNW 55.944159998955506 -3.18535158491087 592.581158 334.120309
55.944159998955506 -3.18535158491087 WNW 55.944274803985216 -3.185628748770623 592.581158 332.870309
55.944274803985216 -3.185628748770623 WNW 55.94438960901493 -3.1859059126303766 592.581158 331.620309
55.94438960901493 -3.1859059126303766 W 55.94438960901493 -3.186205912630377 592.581158 330.370309
55.94438960901493 -3.186205912630377 WNW 55.94450441404464 -3.18648307649013 592.581158 329.120309
55.94450441404464 -3.18648307649013 W 55.94450441404464 -3.1867830764901304 592.581158 327.870309
55.94450441404464 -3.1867830764901304 WNW 55.94461921907435 -3.1870602403498838 592.581158 326.620309
55.94461921907435 -3.1870602403498838 W 55.94461921907435 -3.187360240349884 592.581158 325.370309
55.94461921907435 -3.187360240349884 WNW 55.94473402410406 -3.1876374042096374 592.581158 324.120309
55.94473402410406 -3.1876374042096374 W 55.94473402410406 -3.1879374042096376 592.581158 322.870309
55.94473402410406 -3.1879374042096376 WNW 55.94484882913377 -3.188214568069391 592.581158 321.620309
55.94484882913377 -3.188214568069391 W 55.94484882913377 -3.188514568069391 592.581158 320.370309
55.94484882913377 -3.188514568069391 WNW 55.94496363416348 -3.1887917319291446 559.446008 244.670891
55.94496363416348 -3.1887917319291446 W 55.94496363416348 -3.1890917319291447 559.446008 243.420891
55.94496363416348 -3.1890917319291447 WNW 55.94507843919319 -3.189368895788898 559.446008 242.170891
55.94507843919319 -3.189368895788898 W 55.94507843919319 -3.1896688957888983 559.446008 240.920891
55.94507843919319 -3.1896688957888983 WNW 55.9451932442229 -3.1899460596486517 559.446008 239.670891
55.9451932442229 -3.1899460596486517 W 55.9451932442229 -3.190246059648652 559.446008 238.420891
55.9451932442229 -3.190246059648652 ENE 55.94530804925261 -3.1899688957888985 675.218390 323.228086
55.94530804925261 -3.1899688957888985 ENE 55.94542285428232 -3.189691731929145 675.218390 321.978086
55.94542285428232 -3.189691731929145 ENE 55.94553765931203 -3.1894145680693917 675.218390 320.728086
55.94553765931203 -3.1894145680693917 E 55.94553765931203 -3.1891145680693915 675.218390 319.478086
55.94553765931203 -3.1891145680693915 ENE 55.94565246434174 -3.188837404209638 755.848878 434.074563
55.94565246434174 -3.188837404209638 SSE 55.945375300481984 -3.1887225991799286 777.742074 533.813478
55.945375300481984 -3.1887225991799286 SSE 55.94509813662223 -3.188607794150219 777.742074 532.563478
55.94509813662223 -3.188607794150219 SSE 55.94482097276247 -3.1884929891205096 777.742074 531.313478
55.94482097276247 -3.1884929891205096 SSE 55.944543808902715 -3.1883781840908 777.742074 530.063478
55.944543808902715 -3.1883781840908 SSE 55.94426664504296 -3.1882633790610906 777.742074 528.813478
55.94426664504296 -3.1882633790610906 SSE 55.9439894811832 -3.188148574031381 777.742074 527.563478
55.9439894811832 -3.188148574031381 SE 55.943777349148846 -3.1879364419970253 851.111461 603.642315
55.943777349148846 -3.1879364419970253 SE 55.94356521711449 -3.1877243099626695 851.111461 602.392315
55.94356521711449 -3.1877243099626695 SE 55.94335308508013 -3.1875121779283138 851.111461 601.142315
55.94335308508013 -3.1875121779283138 SE 55.94314095304578 -3.187300045893958 851.111461 599.892315
55.94314095304578 -3.187300045893958 SSE 55.94286378918602 -3.1871852408642485 851.111461 598.642315
55.94286378918602 -3.1871852408642485 SE 55.942651657151664 -3.1869731088298927 851.111461 597.392315
55.942651657151664 -3.1869731088298927 WSW 55.942536852121954 -3.187250272689646 875.138117 713.239041
55.942536852121954 -3.187250272689646 ENE 55.942651657151664 -3.1869731088298927 875.138117 711.989041
55.942651657151664 -3.1869731088298927 WNW 55.942766462181375 -3.187250272689646 875.138117 710.739041
55.942766462181375 -3.187250272689646 WNW 55.942881267211085 -3.1875274365493995 875.138117 709.489041
55.942881267211085 -3.1875274365493995 WNW 55.942996072240796 -3.187804600409153 875.138117 708.239041
55.942996072240796 -3.187804600409153 WNW 55.943110877270506 -3.1880817642689063 875.138117 706.989041
55.943110877270506 -3.1880817642689063 WNW 55.943225682300216 -3.1883589281286597 875.138117 705.739041
55.943225682300216 -3.1883589281286597 WNW 55.94334048732993 -3.188636091988413 875.138117 704.489041
55.94334048732993 -3.188636091988413 WNW 55.94345529235964 -3.1889132558481665 875.138117 703.239041
55.94345529235964 -3.1889132558481665 WNW 55.94357009738935 -3.18919041970792 931.776677 785.651082
55.94357009738935 -3.18919041970792 WNW 55.94368490241906 -3.1894675835676733 931.776677 784.401082
55.94368490241906 -3.1894675835676733 WNW 55.94379970744877 -3.1897447474274268 931.776677 783.151082
55.94379970744877 -3.1897447474274268 WNW 55.94391451247848 -3.19002191128718 931.776677 781.901082
55.94391451247848 -3.19002191128718 WNW 55.94402931750819 -3.1902990751469336 931.776677 780.651082
55.94402931750819 -3.1902990751469336 WNW 55.9441441225379 -3.190576239006687 954.070791 790.459646
55.9441441225379 -3.190576239006687 WNW 55.94425892756761 -3.1908534028664404 954.070791 789.209646
55.94425892756761 -3.1908534028664404 WNW 55.94437373259732 -3.1911305667261938 954.070791 787.959646
55.94437373259732 -3.1911305667261938 WNW 55.94448853762703 -3.191407730585947 954.070791 786.709646
55.94448853762703 -3.191407730585947 E 55.94448853762703 -3.191107730585947 1046.165644 790.554810
55.94448853762703 -3.191107730585947 ENE 55.94460334265674 -3.1908305667261936 1046.165644 789.304810
55.94460334265674 -3.1908305667261936 E 55.94460334265674 -3.1905305667261934 1046.165644 788.054810
55.94460334265674 -3.1905305667261934 SW 55.944391210622385 -3.190742698760549 1106.963369 823.322918
55.944391210622385 -3.190742698760549 SW 55.94417907858803 -3.190954830794905 1106.963369 822.072918
55.94417907858803 -3.190954830794905 SW 55.94396694655367 -3.1911669628292607 1106.963369 820.822918
55.94396694655367 -3.1911669628292607 E 55.94396694655367 -3.1908669628292605 1168.660881 840.937463
55.94396694655367 -3.1908669628292605 E 55.94396694655367 -3.1905669628292603 1168.660881 839.687463
55.94396694655367 -3.1905669628292603 E 55.94396694655367 -3.19026696282926 1168.660881 838.437463
55.94396694655367 -3.19026696282926 E 55.94396694655367 -3.18996696282926 1168.660881 837.187463
55.94396694655367 -3.18996696282926 E 55.94396694655367 -3.1896669628292598 1168.660881 835.937463
55.94396694655367 -3.1896669628292598 E 55.94396694655367 -3.1893669628292596 1168.660881 834.687463
55.94396694655367 -3.1893669628292596 E 55.94396694655367 -3.1890669628292594 1168.660881 833.437463
55.94396694655367 -3.1890669628292594 E 55.94396694655367 -3.188766962829259 1168.660881 832.187463
55.94396694655367 -3.188766962829259 E 55.94396694655367 -3.188466962829259 1168.660881 830.937463
55.94396694655367 -3.188466962829259 E 55.94396694655367 -3.188166962829259 1168.660881 829.687463
55.94396694655367 -3.188166962829259 E 55.94396694655367 -3.1878669628292586 1168.660881 828.437463
55.94396694655367 -3.1878669628292586 E 55.94396694655367 -3.1875669628292584 1168.660881 827.187463
55.94396694655367 -3.1875669628292584 E 55.94396694655367 -3.1872669628292583 1168.660881 825.937463
55.94396694655367 -3.1872669628292583 E 55.94396694655367 -3.186966962829258 1168.660881 824.687463
55.94396694655367 -3.186966962829258 E 55.94396694655367 -3.186666962829258 1168.660881 823.437463
55.94396694655367 -3.186666962829258 ESE 55.94385214152396 -3.1863897989695045 1168.660881 822.187463
55.94385214152396 -3.1863897989695045 WNW 55.94396694655367 -3.186666962829258 1200.322584 900.508828
55.94396694655367 -3.186666962829258 WNW 55.94408175158338 -3.1869441266890113 1200.322584 899.258828
55.94408175158338 -3.1869441266890113 WNW 55.94419655661309 -3.1872212905487647 1200.322584 898.008828
55.94419655661309 -3.1872212905487647 WNW 55.944311361642804 -3.187498454408518 1200.322584 896.758828
55.944311361642804 -3.187498454408518 WNW 55.944426166672514 -3.1877756182682715 1200.322584 895.508828
55.944426166672514 -3.1877756182682715 WNW 55.944540971702224 -3.188052782128025 1200.322584 894.258828
55.944540971702224 -3.188052782128025 WNW 55.944655776731935 -3.1883299459877783 1200.322584 893.008828
55.944655776731935 -3.1883299459877783 WNW 55.944770581761645 -3.1886071098475317 1200.322584 891.758828
55.944770581761645 -3.1886071098475317 WNW 55.944885386791356 -3.188884273707285 1200.322584 890.508828
55.944885386791356 -3.188884273707285 W 55.944885386791356 -3.1891842737072853 1200.322584 889.258828
55.944885386791356 -3.1891842737072853 WNW 55.945000191821066 -3.1894614375670387 1200.322584 888.008828
55.945000191821066 -3.1894614375670387 W 55.945000191821066 -3.189761437567039 1200.322584 886.758828
55.945000191821066 -3.189761437567039 WNW 55.945114996850776 -3.1900386014267923 1200.322584 885.508828
55.945114996850776 -3.1900386014267923 W 55.945114996850776 -3.1903386014267925 1200.322584 884.258828
55.945114996850776 -3.1903386014267925 WNW 55.94522980188049 -3.190615765286546 1200.322584 883.008828
55.94522980188049 -3.190615765286546 W 55.94522980188049 -3.190915765286546 1200.322584 881.758828
55.94522980188049 -3.190915765286546 WNW 55.9453446069102 -3.1911929291462995 1200.322584 880.508828
55.9453446069102 -3.1911929291462995 SSW 55.94506744305044 -3.191307734176009 1264.252511 997.138438
55.94506744305044 -3.191307734176009 SSW 55.944790279190684 -3.1914225392057185 1264.252511 995.888438
55.944790279190684 -3.1914225392057185 SW 55.94457814715633 -3.1916346712400743 1264.252511 994.638438
55.94457814715633 -3.1916346712400743 NW 55.944790279190684 -3.19184680327443 1353.411257 1096.179243
55.944790279190684 -3.19184680327443 NW 55.94500241122504 -3.192058935308786 1353.411257 1094.929243
55.94500241122504 -3.192058935308786 NW 55.9452145432594 -3.1922710673431416 1353.411257 1093.679243
55.9452145432594 -3.1922710673431416 E 55.9452145432594 -3.1919710673431414 1438.837433 1130.443040
55.9452145432594 -3.1919710673431414 E 55.9452145432594 -3.191671067343141 1438.837433 1129.193040
55.9452145432594 -3.191671067343141 E 55.9452145432594 -3.191371067343141 1438.837433 1127.943040
55.9452145432594 -3.191371067343141 E 55.9452145432594 -3.191071067343141 1438.837433 1126.693040
55.9452145432594 -3.191071067343141 E 55.9452145432594 -3.1907710673431406 1438.837433 1125.443040
55.9452145432594 -3.1907710673431406 E 55.9452145432594 -3.1904710673431405 1438.837433 1124.193040
55.9452145432594 -3.1904710673431405 E 55.9452145432594 -3.1901710673431403 1438.837433 1122.943040
55.9452145432594 -3.1901710673431403 E 55.9452145432594 -3.18987106734314 1438.837433 1121.693040
55.9452145432594 -3.18987106734314 E 55.9452145432594 -3.18957106734314 1438.837433 1120.443040
55.9452145432594 -3.18957106734314 E 55.9452145432594 -3.1892710673431397 1438.837433 1119.193040
55.9452145432594 -3.1892710673431397 E 55.9452145432594 -3.1889710673431395 1438.837433 1117.943040
55.9452145432594 -3.1889710673431395 E 55.9452145432594 -3.1886710673431393 1438.837433 1116.693040
55.9452145432594 -3.1886710673431393 E 55.9452145432594 -3.188371067343139 1438.837433 1115.443040
55.9452145432594 -3.188371067343139 E 55.9452145432594 -3.188071067343139 1438.837433 1114.193040
55.9452145432594 -3.188071067343139 E 55.9452145432594 -3.1877710673431388 1438.837433 1112.943040
55.9452145432594 -3.1877710673431388 E 55.9452145432594 -3.1874710673431386 1438.837433 1111.693040
55.9452145432594 -3.1874710673431386 E 55.9452145432594 -3.1871710673431384 1438.837433 1110.443040
55.9452145432594 -3.1871710673431384 E 55.9452145432594 -3.186871067343138 1438.837433 1109.193040
55.9452145432594 -3.186871067343138 E 55.9452145432594 -3.186571067343138 1384.095075 1107.943040
55.9452145432594 -3.186571067343138 E 55.9452145432594 -3.186271067343138 1384.095075 1106.693040
55.9452145432594 -3.186271067343138 E 55.9452145432594 -3.1859710673431376 1384.095075 1105.443040
55.9452145432594 -3.1859710673431376 E 55.9452145432594 -3.1856710673431374 1384.095075 1104.193040
55.9452145432594 -3.1856710673431374 E 55.9452145432594 -3.1853710673431372 1384.095075 1102.943040
55.9452145432594 -3.1853710673431372 ESE 55.945099738229686 -3.185093903483384 1384.095075 1101.693040
55.945099738229686 -3.185093903483384 E 55.945099738229686 -3.1847939034833836 1333.987474 981.913387
55.945099738229686 -3.1847939034833836 WSW 55.944984933199976 -3.185071067343137 1366.780335 1067.773390
55.944984933199976 -3.185071067343137 WSW 55.944870128170265 -3.1853482312028905 1366.780335 1066.523390
55.944870128170265 -3.1853482312028905 WSW 55.944755323140555 -3.185625395062644 1366.780335 1065.273390
55.944755323140555 -3.185625395062644 WSW 55.944640518110845 -3.1859025589223973 1366.780335 1064.023390
55.944640518110845 -3.1859025589223973 WSW 55.944525713081134 -3.1861797227821507 1366.780335 1062.773390
55.944525713081134 -3.1861797227821507 WSW 55.944410908051424 -3.186456886641904 1366.780335 1061.523390
55.944410908051424 -3.186456886641904 WSW 55.94429610302171 -3.1867340505016575 1366.780335 1060.273390
55.94429610302171 -3.1867340505016575 WSW 55.944181297992 -3.187011214361411 1366.780335 1059.023390
55.944181297992 -3.187011214361411 WSW 55.94406649296229 -3.1872883782211643 1366.780335 1057.773390
55.94406649296229 -3.1872883782211643 WSW 55.94395168793258 -3.1875655420809177 1366.780335 1056.523390
55.94395168793258 -3.1875655420809177 WSW 55.94383688290287 -3.187842705940671 1366.780335 1055.273390
55.94383688290287 -3.187842705940671 WSW 55.94372207787316 -3.1881198698004245 1366.780335 1054.023390
55.94372207787316 -3.1881198698004245 WSW 55.94360727284345 -3.188397033660178 1366.780335 1052.773390
55.94360727284345 -3.188397033660178 WSW 55.94349246781374 -3.1886741975199313 1366.780335 1051.523390
55.94349246781374 -3.1886741975199313 SW 55.943280335779384 -3.188886329554287 1366.780335 1050.273390
55.943280335779384 -3.188886329554287 WSW 55.943165530749674 -3.1891634934140405 1366.780335 1049.023390
55.943165530749674 -3.1891634934140405 SW 55.94295339871532 -3.1893756254483963 1366.780335 1047.773390
55.94295339871532 -3.1893756254483963 WSW 55.94283859368561 -3.1896527893081497 1366.780335 1046.523390
55.94283859368561 -3.1896527893081497 SW 55.94262646165125 -3.1898649213425054 1366.780335 1045.273390
55.94262646165125 -3.1898649213425054 N 55.942926461651254 -3.1898649213425054 1416.218768 1113.856113
55.942926461651254 -3.1898649213425054 S 55.94262646165125 -3.1898649213425054 1370.823307 1097.909492
55.94262646165125 -3.1898649213425054 ENE 55.94274126668096 -3.189587757482752 1370.823307 1096.659492
55.94274126668096 -3.189587757482752 ENE 55.94285607171067 -3.1893105936229986 1370.823307 1095.409492
55.94285607171067 -3.1893105936229986 ENE 55.94297087674038 -3.189033429763245 1370.823307 1094.159492
55.94297087674038 -3.189033429763245 ENE 55.94308568177009 -3.188756265903492 1370.823307 1092.909492
55.94308568177009 -3.188756265903492 ENE 55.9432004867998 -3.1884791020437384 1370.823307 1091.659492
55.9432004867998 -3.1884791020437384 ENE 55.943315291829514 -3.188201938183985 1370.823307 1090.409492
55.943315291829514 -3.188201938183985 ENE 55.943430096859224 -3.1879247743242316 1370.823307 1089.159492
55.943430096859224 -3.1879247743242316 NE 55.94364222889358 -3.187712642289876 1370.823307 1087.909492
55.94364222889358 -3.187712642289876 ENE 55.94375703392329 -3.1874354784301224 1370.823307 1086.659492
55.94375703392329 -3.1874354784301224 NE 55.94396916595765 -3.1872233463957667 1370.823307 1085.409492
55.94396916595765 -3.1872233463957667 ENE 55.94408397098736 -3.1869461825360133 1370.823307 1084.159492
55.94408397098736 -3.1869461825360133 NE 55.94429610302171 -3.1867340505016575 1370.823307 1082.909492
55.94429610302171 -3.1867340505016575 ENE 55.944410908051424 -3.186456886641904 1370.823307 1081.659492
55.944410908051424 -3.186456886641904 NE 55.94462304008578 -3.1862447546075483 1370.823307 1080.409492
55.94462304008578 -3.1862447546075483 ENE 55.94473784511549 -3.185967590747795 1370.823307 1079.159492
55.94473784511549 -3.185967590747795 NE 55.94494997714985 -3.185755458713439 1370.823307 1077.909492
55.94494997714985 -3.185755458713439 ENE 55.94506478217956 -3.1854782948536857 1370.823307 1076.659492
55.94506478217956 -3.1854782948536857 NE 55.94527691421391 -3.18526616281933 1370.823307 1075.409492
55.94527691421391 -3.18526616281933 ENE 55.945391719243624 -3.1849889989595765 1370.823307 1074.159492
55.945391719243624 -3.1849889989595765 NE 55.94560385127798 -3.1847768669252208 1370.823307 1072.909492
55.94560385127798 -3.1847768669252208 ENE 55.94571865630769 -3.1844997030654674 1370.823307 1071.659492
55.94571865630769 -3.1844997030654674 NE 55.94593078834205 -3.1842875710311116 1440.281821 1186.493888
55.94593078834205 -3.1842875710311116 WSW 55.945815983312336 -3.184564734890865 1440.281821 1185.243888
55.945815983312336 -3.184564734890865 WSW 55.945701178282626 -3.1848418987506184 1440.281821 1183.993888
55.945701178282626 -3.1848418987506184 WSW 55.945586373252915 -3.185119062610372 1440.281821 1182.743888
55.945586373252915 -3.185119062610372 WSW 55.945471568223205 -3.185396226470125 1440.281821 1181.493888
55.945471568223205 -3.185396226470125 WSW 55.945356763193494 -3.1856733903298786 1440.281821 1180.243888
55.945356763193494 -3.1856733903298786 WSW 55.945241958163784 -3.185950554189632 1440.281821 1178.993888
55.945241958163784 -3.185950554189632 WSW 55.945127153134074 -3.1862277180493854 1440.281821 1177.743888
55.945127153134074 -3.1862277180493854 WSW 55.94501234810436 -3.186504881909139 1440.281821 1176.493888
55.94501234810436 -3.186504881909139 WSW 55.94489754307465 -3.1867820457688922 1440.281821 1175.243888
55.94489754307465 -3.1867820457688922 WSW 55.94478273804494 -3.1870592096286456 1440.281821 1173.993888
55.94478273804494 -3.1870592096286456 WSW 55.94466793301523 -3.187336373488399 1440.281821 1172.743888
55.94466793301523 -3.187336373488399 WSW 55.94455312798552 -3.1876135373481524 1440.281821 1171.493888
55.94455312798552 -3.1876135373481524 WSW 55.94443832295581 -3.187890701207906 1440.281821 1170.243888
55.94443832295581 -3.187890701207906 WSW 55.9443235179261 -3.1881678650676593 1440.281821 1168.993888
55.9443235179261 -3.1881678650676593 WSW 55.94420871289639 -3.1884450289274127 1440.281821 1167.743888
55.94420871289639 -3.1884450289274127 WSW 55.94409390786668 -3.188722192787166 1440.281821 1166.493888
55.94409390786668 -3.188722192787166 WSW 55.94397910283697 -3.1889993566469195 1440.281821 1165.243888
55.94397910283697 -3.1889993566469195 WSW 55.94386429780726 -3.189276520506673 1440.281821 1163.993888
55.94386429780726 -3.189276520506673 WSW 55.94374949277755 -3.1895536843664263 1440.281821 1162.743888
55.94374949277755 -3.1895536843664263 SW 55.94353736074319 -3.189765816400782 1440.281821 1161.493888
55.94353736074319 -3.189765816400782 WSW 55.94342255571348 -3.1900429802605355 1440.281821 1160.243888
55.94342255571348 -3.1900429802605355 SW 55.943210423679126 -3.1902551122948912 1440.281821 1158.993888
55.943210423679126 -3.1902551122948912 WSW 55.943095618649416 -3.1905322761546446 1440.281821 1157.743888
55.943095618649416 -3.1905322761546446 SW 55.94288348661506 -3.1907444081890004 1440.281821 1156.493888
55.94288348661506 -3.1907444081890004 WSW 55.94276868158535 -3.191021572048754 1440.281821 1155.243888
55.94276868158535 -3.191021572048754 SW 55.94255654955099 -3.1912337040831096 1517.937239 1237.485767
55.94255654955099 -3.1912337040831096 NNW 55.94283371341075 -3.191348509112819 1517.937239 1236.235767
55.94283371341075 -3.191348509112819 NNW 55.943110877270506 -3.1914633141425286 1517.937239 1234.985767
55.943110877270506 -3.1914633141425286 NNW 55.94338804113026 -3.191578119172238 1517.937239 1233.735767
55.94338804113026 -3.191578119172238 NNW 55.94366520499002 -3.1916929242019476 1517.937239 1232.485767
55.94366520499002 -3.1916929242019476 N 55.94396520499002 -3.1916929242019476 1517.937239 1231.235767
55.94396520499002 -3.1916929242019476 WNW 55.94408001001973 -3.191970088061701 1533.592446 1270.749194
