55.944425 -3.188396 ENE 55.94453980502971 -3.1881188361402466 0.000000 248.750000
55.94453980502971 -3.1881188361402466 ENE 55.94465461005942 -3.187841672280493 0.000000 247.500000
55.94465461005942 -3.187841672280493 ENE 55.944769415089134 -3.18756450842074 0.000000 246.250000
55.944769415089134 -3.18756450842074 ENE 55.944884220118844 -3.1872873445609864 0.000000 245.000000
55.944884220118844 -3.1872873445609864 ENE 55.944999025148554 -3.187010180701233 49.270928 256.824749
55.944999025148554 -3.187010180701233 ENE 55.945113830178265 -3.1867330168414796 0.000000 131.704170
55.945113830178265 -3.1867330168414796 ENE 55.945228635207975 -3.186455852981726 0.000000 130.454170
55.945228635207975 -3.186455852981726 ENE 55.945343440237686 -3.1861786891219728 0.000000 129.204170
55.945343440237686 -3.1861786891219728 ENE 55.945458245267396 -3.1859015252622194 0.000000 127.954170
55.945458245267396 -3.1859015252622194 S 55.94515824526739 -3.1859015252622194 113.887452 161.557950
55.94515824526739 -3.1859015252622194 S 55.94485824526739 -3.1859015252622194 220.206845 177.434411
55.94485824526739 -3.1859015252622194 S 55.94455824526739 -3.1859015252622194 235.925669 269.476424
55.94455824526739 -3.1859015252622194 SSE 55.94428108140763 -3.18578672023251 235.925669 268.226424
55.94428108140763 -3.18578672023251 S 55.94398108140763 -3.18578672023251 235.925669 266.976424
55.94398108140763 -3.18578672023251 SSE 55.94370391754787 -3.1856719152028004 235.925669 265.726424
55.94370391754787 -3.1856719152028004 S 55.94340391754787 -3.1856719152028004 313.140754 273.632146
55.94340391754787 -3.1856719152028004 SSE 55.94312675368811 -3.185557110173091 313.140754 272.382146
55.94312675368811 -3.185557110173091 WNW 55.94324155871782 -3.1858342740328442 348.280399 331.473396
55.94324155871782 -3.1858342740328442 WNW 55.94335636374753 -3.1861114378925977 348.280399 330.223396
55.94335636374753 -3.1861114378925977 WNW 55.94347116877724 -3.186388601752351 348.280399 328.973396
55.94347116877724 -3.186388601752351 WNW 55.943585973806954 -3.1866657656121045 348.280399 327.723396
55.943585973806954 -3.1866657656121045 WNW 55.943700778836664 -3.186942929471858 348.280399 326.473396
55.943700778836664 -3.186942929471858 WNW 55.943815583866375 -3.1872200933316113 343.453795 266.180123
55.943815583866375 -3.1872200933316113 WNW 55.943930388896085 -3.1874972571913647 343.453795 264.930123
55.943930388896085 -3.1874972571913647 WNW 55.944045193925795 -3.187774421051118 343.453795 263.680123
55.944045193925795 -3.187774421051118 WNW 55.944159998955506 -3.1880515849108715 343.453795 262.430123
55.944159998955506 -3.1880515849108715 WNW 55.944274803985216 -3.188328748770625 317.511386 251.011641
55.944274803985216 -3.188328748770625 W 55.944274803985216 -3.188628748770625 317.511386 249.761641
55.944274803985216 -3.188628748770625 WNW 55.94438960901493 -3.1889059126303785 293.683664 224.615706
55.94438960901493 -3.1889059126303785 W 55.94438960901493 -3.1892059126303787 293.683664 223.365706
55.94438960901493 -3.1892059126303787 WNW 55.94450441404464 -3.189483076490132 293.683664 222.115706
55.94450441404464 -3.189483076490132 W 55.94450441404464 -3.1897830764901323 293.683664 220.865706
55.94450441404464 -3.1897830764901323 WNW 55.94461921907435 -3.1900602403498857 389.765739 254.200792
55.94461921907435 -3.1900602403498857 E 55.94461921907435 -3.1897602403498855 400.543241 314.693014
55.94461921907435 -3.1897602403498855 E 55.94461921907435 -3.1894602403498853 400.543241 313.443014
55.94461921907435 -3.1894602403498853 E 55.94461921907435 -3.189160240349885 400.543241 312.193014
55.94461921907435 -3.189160240349885 E 55.94461921907435 -3.188860240349885 400.543241 310.943014
55.94461921907435 -3.188860240349885 E 55.94461921907435 -3.1885602403498847 400.543241 309.693014
55.94461921907435 -3.1885602403498847 E 55.94461921907435 -3.1882602403498845 400.543241 308.443014
55.94461921907435 -3.1882602403498845 E 55.94461921907435 -3.1879602403498843 400.543241 307.193014
55.94461921907435 -3.1879602403498843 E 55.94461921907435 -3.187660240349884 400.543241 305.943014
55.94461921907435 -3.187660240349884 E 55.94461921907435 -3.187360240349884 400.543241 304.693014
55.94461921907435 -3.187360240349884 E 55.94461921907435 -3.1870602403498838 400.543241 303.443014
55.94461921907435 -3.1870602403498838 E 55.94461921907435 -3.1867602403498836 400.543241 302.193014
55.94461921907435 -3.1867602403498836 ENE 55.94473402410406 -3.18648307649013 400.543241 300.943014
55.94473402410406 -3.18648307649013 E 55.94473402410406 -3.18618307649013 400.543241 299.693014
55.94473402410406 -3.18618307649013 ENE 55.94484882913377 -3.1859059126303766 400.543241 298.443014
55.94484882913377 -3.1859059126303766 E 55.94484882913377 -3.1856059126303764 400.543241 297.193014
55.94484882913377 -3.1856059126303764 ENE 55.94496363416348 -3.185328748770623 400.543241 295.943014
55.94496363416348 -3.185328748770623 E 55.94496363416348 -3.185028748770623 400.543241 294.693014
55.94496363416348 -3.185028748770623 ENE 55.94507843919319 -3.1847515849108694 400.543241 293.443014
55.94507843919319 -3.1847515849108694 NNE 55.945355603052946 -3.18463677988116 433.336102 379.303017
55.945355603052946 -3.18463677988116 NNE 55.9456327669127 -3.1845219748514504 433.336102 378.053017
55.9456327669127 -3.1845219748514504 WSW 55.94551796188299 -3.184799138711204 502.794616 492.887413
55.94551796188299 -3.184799138711204 WSW 55.94540315685328 -3.185076302570957 502.794616 491.637413
55.94540315685328 -3.185076302570957 WSW 55.94528835182357 -3.1853534664307106 452.687015 371.857760
55.94528835182357 -3.1853534664307106 WSW 55.94517354679386 -3.185630630290464 452.687015 370.607760
55.94517354679386 -3.185630630290464 WSW 55.94505874176415 -3.1859077941502174 452.687015 369.357760
55.94505874176415 -3.1859077941502174 WSW 55.94494393673444 -3.186184958009971 452.687015 368.107760
55.94494393673444 -3.186184958009971 WSW 55.94482913170473 -3.186462121869724 452.687015 366.857760
55.94482913170473 -3.186462121869724 WSW 55.94471432667502 -3.1867392857294776 452.687015 365.607760
55.94471432667502 -3.1867392857294776 WSW 55.94459952164531 -3.187016449589231 452.687015 364.357760
55.94459952164531 -3.187016449589231 WSW 55.9444847166156 -3.1872936134489844 452.687015 363.107760
55.9444847166156 -3.1872936134489844 WSW 55.94436991158589 -3.187570777308738 452.687015 361.857760
55.94436991158589 -3.187570777308738 WSW 55.94425510655618 -3.1878479411684912 452.687015 360.607760
55.94425510655618 -3.1878479411684912 WSW 55.94414030152647 -3.1881251050282446 452.687015 359.357760
55.94414030152647 -3.1881251050282446 WSW 55.94402549649676 -3.188402268887998 452.687015 358.107760
55.94402549649676 -3.188402268887998 WSW 55.943910691467046 -3.1886794327477515 452.687015 356.857760
55.943910691467046 -3.1886794327477515 WSW 55.943795886437336 -3.188956596607505 452.687015 355.607760
55.943795886437336 -3.188956596607505 WSW 55.943681081407625 -3.1892337604672583 452.687015 354.357760
55.943681081407625 -3.1892337604672583 WSW 55.943566276377915 -3.1895109243270117 452.687015 353.107760
55.943566276377915 -3.1895109243270117 WSW 55.943451471348205 -3.189788088186765 452.687015 351.857760
55.943451471348205 -3.189788088186765 WSW 55.943336666318494 -3.1900652520465185 452.687015 350.607760
55.943336666318494 -3.1900652520465185 WSW 55.943221861288784 -3.190342415906272 452.687015 349.357760
55.943221861288784 -3.190342415906272 SW 55.94300972925443 -3.1905545479406276 452.687015 348.107760
55.94300972925443 -3.1905545479406276 WSW 55.94289492422472 -3.190831711800381 452.687015 346.857760
55.94289492422472 -3.190831711800381 SW 55.94268279219036 -3.191043843834737 452.687015 345.607760
55.94268279219036 -3.191043843834737 NE 55.94289492422472 -3.190831711800381 530.342432 427.849639
55.94289492422472 -3.190831711800381 NE 55.94310705625907 -3.1906195797660253 530.342432 426.599639
55.94310705625907 -3.1906195797660253 NE 55.94331918829343 -3.1904074477316695 530.342432 425.349639
55.94331918829343 -3.1904074477316695 NE 55.943531320327786 -3.1901953156973137 530.342432 424.099639
55.943531320327786 -3.1901953156973137 NE 55.94374345236214 -3.189983183662958 530.342432 422.849639
55.94374345236214 -3.189983183662958 NE 55.9439555843965 -3.189771051628602 530.342432 421.599639
55.9439555843965 -3.189771051628602 NE 55.944167716430854 -3.1895589195942464 530.342432 420.349639
55.944167716430854 -3.1895589195942464 NE 55.94437984846521 -3.1893467875598907 530.342432 419.099639
55.94437984846521 -3.1893467875598907 NE 55.94459198049957 -3.189134655525535 530.342432 417.849639
55.94459198049957 -3.189134655525535 NE 55.94480411253392 -3.188922523491179 530.342432 416.599639
55.94480411253392 -3.188922523491179 NE 55.94501624456828 -3.1887103914568233 497.207283 340.900221
55.94501624456828 -3.1887103914568233 ENE 55.94513104959799 -3.18843322759707 497.207283 339.650221
55.94513104959799 -3.18843322759707 NE 55.945343181632346 -3.188221095562714 497.207283 338.400221
55.945343181632346 -3.188221095562714 ENE 55.945457986662056 -3.1879439317029608 497.207283 337.150221
55.945457986662056 -3.1879439317029608 NE 55.94567011869641 -3.187731799668605 497.207283 335.900221
55.94567011869641 -3.187731799668605 WSW 55.9455553136667 -3.1880089635283584 508.041266 417.219311
55.9455553136667 -3.1880089635283584 WSW 55.94544050863699 -3.188286127388112 508.041266 415.969311
55.94544050863699 -3.188286127388112 WSW 55.94532570360728 -3.188563291247865 508.041266 414.719311
55.94532570360728 -3.188563291247865 WSW 55.94521089857757 -3.1888404551076186 508.041266 413.469311
55.94521089857757 -3.1888404551076186 WSW 55.94509609354786 -3.189117618967372 508.041266 412.219311
55.94509609354786 -3.189117618967372 WSW 55.94498128851815 -3.1893947828271254 508.041266 410.969311
55.94498128851815 -3.1893947828271254 WSW 55.94486648348844 -3.189671946686879 508.041266 409.719311
55.94486648348844 -3.189671946686879 WSW 55.94475167845873 -3.189949110546632 508.041266 408.469311
55.94475167845873 -3.189949110546632 WSW 55.94463687342902 -3.1902262744063856 508.041266 407.219311
55.94463687342902 -3.1902262744063856 WSW 55.94452206839931 -3.190503438266139 568.838991 442.487420
55.94452206839931 -3.190503438266139 WSW 55.9444072633696 -3.1907806021258924 568.838991 441.237420
55.9444072633696 -3.1907806021258924 SW 55.94419513133524 -3.190992734160248 568.838991 439.987420
55.94419513133524 -3.190992734160248 WSW 55.94408032630553 -3.1912698980200016 568.838991 438.737420
55.94408032630553 -3.1912698980200016 ENE 55.94419513133524 -3.190992734160248 613.153031 443.101053
55.94419513133524 -3.190992734160248 ENE 55.94430993636495 -3.190715570300495 613.153031 441.851053
55.94430993636495 -3.190715570300495 NE 55.94452206839931 -3.190503438266139 613.153031 440.601053
55.94452206839931 -3.190503438266139 ENE 55.94463687342902 -3.1902262744063856 613.153031 439.351053
55.94463687342902 -3.1902262744063856 NE 55.944849005463375 -3.19001414237203 613.153031 438.101053
55.944849005463375 -3.19001414237203 ENE 55.944963810493086 -3.1897369785122764 613.153031 436.851053
55.944963810493086 -3.1897369785122764 NE 55.94517594252744 -3.1895248464779207 613.153031 435.601053
55.94517594252744 -3.1895248464779207 ENE 55.94529074755715 -3.1892476826181673 613.153031 434.351053
55.94529074755715 -3.1892476826181673 NE 55.94550287959151 -3.1890355505838115 613.153031 433.101053
55.94550287959151 -3.1890355505838115 ESE 55.9453880745618 -3.188758386724058 693.783519 547.697531
55.9453880745618 -3.188758386724058 ESE 55.94527326953209 -3.1884812228643047 715.676716 647.436446
55.94527326953209 -3.1884812228643047 SE 55.94506113749773 -3.188269090829949 715.676716 646.186446
55.94506113749773 -3.188269090829949 ESE 55.94494633246802 -3.1879919269701955 715.676716 644.936446
55.94494633246802 -3.1879919269701955 SE 55.944734200433665 -3.1877797949358397 715.676716 643.686446
55.944734200433665 -3.1877797949358397 ESE 55.944619395403954 -3.1875026310760863 715.676716 642.436446
55.944619395403954 -3.1875026310760863 SE 55.9444072633696 -3.1872904990417306 715.676716 641.186446
55.9444072633696 -3.1872904990417306 ESE 55.94429245833989 -3.187013335181977 715.676716 639.936446
55.94429245833989 -3.187013335181977 SE 55.94408032630553 -3.1868012031476214 715.676716 638.686446
55.94408032630553 -3.1868012031476214 ESE 55.94396552127582 -3.186524039287868 826.285685 708.847957
55.94396552127582 -3.186524039287868 WSW 55.94385071624611 -3.1868012031476214 857.947389 787.169323
55.94385071624611 -3.1868012031476214 W 55.94385071624611 -3.1871012031476216 857.947389 785.919323
55.94385071624611 -3.1871012031476216 WSW 55.9437359112164 -3.187378367007375 857.947389 784.669323
55.9437359112164 -3.187378367007375 W 55.9437359112164 -3.187678367007375 857.947389 783.419323
55.9437359112164 -3.187678367007375 WSW 55.94362110618669 -3.1879555308671286 857.947389 782.169323
55.94362110618669 -3.1879555308671286 W 55.94362110618669 -3.1882555308671288 857.947389 780.919323
55.94362110618669 -3.1882555308671288 WSW 55.94350630115698 -3.188532694726882 857.947389 779.669323
55.94350630115698 -3.188532694726882 W 55.94350630115698 -3.1888326947268824 857.947389 778.419323
55.94350630115698 -3.1888326947268824 WSW 55.94339149612727 -3.1891098585866358 857.947389 777.169323
55.94339149612727 -3.1891098585866358 NW 55.943603628161625 -3.1893219906209915 914.585949 859.581364
55.943603628161625 -3.1893219906209915 NW 55.94381576019598 -3.1895341226553473 914.585949 858.331364
55.94381576019598 -3.1895341226553473 NW 55.94402789223034 -3.189746254689703 914.585949 857.081364
55.94402789223034 -3.189746254689703 NW 55.944240024264694 -3.189958386724059 914.585949 855.831364
55.944240024264694 -3.189958386724059 NW 55.94445215629905 -3.1901705187584146 914.585949 854.581364
55.94445215629905 -3.1901705187584146 NW 55.944664288333406 -3.1903826507927704 914.585949 853.331364
55.944664288333406 -3.1903826507927704 NW 55.94487642036776 -3.190594782827126 914.585949 852.081364
55.94487642036776 -3.190594782827126 NW 55.94508855240212 -3.190806914861482 914.585949 850.831364
55.94508855240212 -3.190806914861482 WNW 55.94520335743183 -3.1910840787212353 914.585949 849.581364
55.94520335743183 -3.1910840787212353 SSE 55.94492619357207 -3.190969273691526 978.515876 966.210974
55.94492619357207 -3.190969273691526 SSE 55.944649029712316 -3.1908544686618163 978.515876 964.960974
55.944649029712316 -3.1908544686618163 SSE 55.94437186585256 -3.190739663632107 978.515876 963.710974
55.94437186585256 -3.190739663632107 SSE 55.9440947019928 -3.1906248586023973 978.515876 962.460974
55.9440947019928 -3.1906248586023973 SSE 55.94381753813305 -3.190510053572688 1000.809990 972.269538
55.94381753813305 -3.190510053572688 SSE 55.94354037427329 -3.1903952485429783 1000.809990 971.019538
55.94354037427329 -3.1903952485429783 SSE 55.943263210413534 -3.190280443513269 1000.809990 969.769538
55.943263210413534 -3.190280443513269 SE 55.94305107837918 -3.190068311478913 1000.809990 968.519538
55.94305107837918 -3.190068311478913 SSE 55.94277391451942 -3.1899535064492035 955.414529 952.572917
55.94277391451942 -3.1899535064492035 NW 55.94298604655378 -3.1901656384835593 1004.852962 1021.155640
55.94298604655378 -3.1901656384835593 NW 55.94319817858813 -3.190377770517915 1004.852962 1019.905640
55.94319817858813 -3.190377770517915 WNW 55.943312983617844 -3.1906549343776685 1004.852962 1018.655640
55.943312983617844 -3.1906549343776685 NW 55.9435251156522 -3.1908670664120242 1004.852962 1017.405640
55.9435251156522 -3.1908670664120242 WNW 55.94363992068191 -3.1911442302717776 1004.852962 1016.155640
55.94363992068191 -3.1911442302717776 NW 55.94385205271627 -3.1913563623061334 1066.550473 1036.270184
55.94385205271627 -3.1913563623061334 WNW 55.94396685774598 -3.191633526165887 1066.550473 1035.020184
55.94396685774598 -3.191633526165887 ESE 55.94385205271627 -3.1913563623061334 1082.205680 1074.533611
55.94385205271627 -3.1913563623061334 ESE 55.943737247686556 -3.19107919844638 1082.205680 1073.283611
55.943737247686556 -3.19107919844638 ESE 55.943622442656846 -3.1908020345866266 1082.205680 1072.033611
55.943622442656846 -3.1908020345866266 ESE 55.943507637627135 -3.190524870726873 1082.205680 1070.783611
55.943507637627135 -3.190524870726873 ESE 55.943392832597425 -3.19024770686712 1082.205680 1069.533611
55.943392832597425 -3.19024770686712 ESE 55.943278027567715 -3.1899705430073664 1082.205680 1068.283611
55.943278027567715 -3.1899705430073664 ESE 55.943163222538004 -3.189693379147613 1082.205680 1067.033611
55.943163222538004 -3.189693379147613 E 55.943163222538004 -3.189393379147613 1082.205680 1065.783611
55.943163222538004 -3.189393379147613 ESE 55.943048417508294 -3.1891162152878594 1082.205680 1064.533611
55.943048417508294 -3.1891162152878594 E 55.943048417508294 -3.188816215287859 1082.205680 1063.283611
55.943048417508294 -3.188816215287859 ESE 55.94293361247858 -3.188539051428106 1082.205680 1062.033611
55.94293361247858 -3.188539051428106 E 55.94293361247858 -3.1882390514281056 1082.205680 1060.783611
55.94293361247858 -3.1882390514281056 ESE 55.94281880744887 -3.187961887568352 1082.205680 1059.533611
55.94281880744887 -3.187961887568352 E 55.94281880744887 -3.187661887568352 1082.205680 1058.283611
55.94281880744887 -3.187661887568352 ESE 55.94270400241916 -3.1873847237085986 1082.205680 1057.033611
55.94270400241916 -3.1873847237085986 E 55.94270400241916 -3.1870847237085984 1082.205680 1055.783611
55.94270400241916 -3.1870847237085984 ENE 55.94281880744887 -3.186807559848845 1106.232335 1171.630337
55.94281880744887 -3.186807559848845 ENE 55.94293361247858 -3.1865303959890916 1074.765505 1110.732667
55.94293361247858 -3.1865303959890916 ENE 55.943048417508294 -3.186253232129338 1074.765505 1109.482667
55.943048417508294 -3.186253232129338 ENE 55.943163222538004 -3.185976068269585 1074.765505 1108.232667
55.943163222538004 -3.185976068269585 ENE 55.943278027567715 -3.1856989044098314 1074.765505 1106.982667
55.943278027567715 -3.1856989044098314 ENE 55.943392832597425 -3.185421740550078 1074.765505 1105.732667
55.943392832597425 -3.185421740550078 ENE 55.943507637627135 -3.1851445766903246 1074.765505 1104.482667
55.943507637627135 -3.1851445766903246 NE 55.94371976966149 -3.184932444655969 1074.765505 1103.232667
55.94371976966149 -3.184932444655969 ENE 55.9438345746912 -3.1846552807962154 1074.765505 1101.982667
55.9438345746912 -3.1846552807962154 W 55.9438345746912 -3.1849552807962156 1160.641302 1176.747383
55.9438345746912 -3.1849552807962156 W 55.9438345746912 -3.185255280796216 1160.641302 1175.497383
55.9438345746912 -3.185255280796216 WNW 55.94394937972091 -3.185532444655969 1160.641302 1174.247383
55.94394937972091 -3.185532444655969 W 55.94394937972091 -3.1858324446559694 1160.641302 1172.997383
55.94394937972091 -3.1858324446559694 WNW 55.94406418475062 -3.186109608515723 1160.641302 1171.747383
55.94406418475062 -3.186109608515723 W 55.94406418475062 -3.186409608515723 1160.641302 1170.497383
55.94406418475062 -3.186409608515723 WNW 55.94417898978033 -3.1866867723754764 1160.641302 1169.247383
55.94417898978033 -3.1866867723754764 W 55.94417898978033 -3.1869867723754766 1160.641302 1167.997383
55.94417898978033 -3.1869867723754766 WNW 55.944293794810044 -3.18726393623523 1160.641302 1166.747383
55.944293794810044 -3.18726393623523 W 55.944293794810044 -3.18756393623523 1160.641302 1165.497383
55.944293794810044 -3.18756393623523 WNW 55.944408599839754 -3.1878411000949836 1160.641302 1164.247383
55.944408599839754 -3.1878411000949836 W 55.944408599839754 -3.1881411000949837 1160.641302 1162.997383
55.944408599839754 -3.1881411000949837 WNW 55.944523404869464 -3.188418263954737 1160.641302 1161.747383
55.944523404869464 -3.188418263954737 W 55.944523404869464 -3.1887182639547373 1160.641302 1160.497383
55.944523404869464 -3.1887182639547373 WNW 55.944638209899175 -3.1889954278144907 1160.641302 1159.247383
55.944638209899175 -3.1889954278144907 W 55.944638209899175 -3.189295427814491 1160.641302 1157.997383
55.944638209899175 -3.189295427814491 WNW 55.944753014928885 -3.1895725916742443 1160.641302 1156.747383
55.944753014928885 -3.1895725916742443 W 55.944753014928885 -3.1898725916742445 1160.641302 1155.497383
55.944753014928885 -3.1898725916742445 WNW 55.944867819958596 -3.190149755533998 1160.641302 1154.247383
55.944867819958596 -3.190149755533998 W 55.944867819958596 -3.190449755533998 1160.641302 1152.997383
55.944867819958596 -3.190449755533998 WNW 55.944982624988306 -3.1907269193937515 1160.641302 1151.747383
55.944982624988306 -3.1907269193937515 W 55.944982624988306 -3.1910269193937517 1160.641302 1150.497383
55.944982624988306 -3.1910269193937517 WNW 55.945097430018016 -3.191304083253505 1160.641302 1149.247383
55.945097430018016 -3.191304083253505 W 55.945097430018016 -3.1916040832535053 1160.641302 1147.997383
55.945097430018016 -3.1916040832535053 WNW 55.94521223504773 -3.1918812471132587 1160.641302 1146.747383
55.94521223504773 -3.1918812471132587 W 55.94521223504773 -3.192181247113259 1160.641302 1145.497383
55.94521223504773 -3.192181247113259 WNW 55.94532704007744 -3.1924584109730123 1160.641302 1144.247383
55.94532704007744 -3.1924584109730123 SE 55.94511490804308 -3.1922462789386565 1246.067479 1181.011181
55.94511490804308 -3.1922462789386565 SE 55.944902776008725 -3.1920341469043008 1246.067479 1179.761181
55.944902776008725 -3.1920341469043008 SE 55.94469064397437 -3.191822014869945 1246.067479 1178.511181
55.94469064397437 -3.191822014869945 ENE 55.94480544900408 -3.1915448510101916 1335.226225 1280.051985
55.94480544900408 -3.1915448510101916 ENE 55.94492025403379 -3.191267687150438 1335.226225 1278.801985
55.94492025403379 -3.191267687150438 ENE 55.9450350590635 -3.1909905232906848 1335.226225 1277.551985
55.9450350590635 -3.1909905232906848 ENE 55.94514986409321 -3.1907133594309314 1335.226225 1276.301985
55.94514986409321 -3.1907133594309314 ENE 55.94526466912292 -3.190436195571178 1335.226225 1275.051985
55.94526466912292 -3.190436195571178 SW 55.945052537088564 -3.1906483276055337 1450.998606 1359.859180
55.945052537088564 -3.1906483276055337 WSW 55.944937732058854 -3.190925491465287 1450.998606 1358.609180
55.944937732058854 -3.190925491465287 SW 55.9447256000245 -3.191137623499643 1450.998606 1357.359180
55.9447256000245 -3.191137623499643 WSW 55.94461079499479 -3.1914147873593963 1450.998606 1356.109180
55.94461079499479 -3.1914147873593963 SW 55.94439866296043 -3.191626919393752 1543.093460 1359.954344
55.94439866296043 -3.191626919393752 E 55.94439866296043 -3.191326919393752 1543.093460 1358.704344
55.94439866296043 -3.191326919393752 E 55.94439866296043 -3.1910269193937517 1543.093460 1357.454344
55.94439866296043 -3.1910269193937517 E 55.94439866296043 -3.1907269193937515 1543.093460 1356.204344
55.94439866296043 -3.1907269193937515 E 55.94439866296043 -3.1904269193937513 1543.093460 1354.954344
55.94439866296043 -3.1904269193937513 E 55.94439866296043 -3.190126919393751 1543.093460 1353.704344
55.94439866296043 -3.190126919393751 E 55.94439866296043 -3.189826919393751 1543.093460 1352.454344
55.94439866296043 -3.189826919393751 ESE 55.94428385793072 -3.1895497555339976 1543.093460 1351.204344
55.94428385793072 -3.1895497555339976 E 55.94428385793072 -3.1892497555339974 1543.093460 1349.954344
55.94428385793072 -3.1892497555339974 ESE 55.94416905290101 -3.188972591674244 1543.093460 1348.704344
55.94416905290101 -3.188972591674244 E 55.94416905290101 -3.1886725916742438 1543.093460 1347.454344
55.94416905290101 -3.1886725916742438 ESE 55.9440542478713 -3.1883954278144904 1543.093460 1346.204344
55.9440542478713 -3.1883954278144904 E 55.9440542478713 -3.18809542781449 1543.093460 1344.954344
55.9440542478713 -3.18809542781449 SW 55.943842115836944 -3.188307559848846 1616.462847 1421.033181
55.943842115836944 -3.188307559848846 NE 55.9440542478713 -3.18809542781449 1616.462847 1419.783181
55.9440542478713 -3.18809542781449 WSW 55.94393944284159 -3.1883725916742436 1616.462847 1418.533181
55.94393944284159 -3.1883725916742436 S 55.94363944284159 -3.1883725916742436 1616.462847 1417.283181
55.94363944284159 -3.1883725916742436 E 55.94363944284159 -3.1880725916742434 1616.462847 1416.033181
55.94363944284159 -3.1880725916742434 NE 55.94385157487594 -3.1878604596398876 1616.462847 1414.783181
55.94385157487594 -3.1878604596398876 ESE 55.94373676984623 -3.187583295780134 1616.462847 1413.533181
55.94373676984623 -3.187583295780134 WNW 55.94385157487594 -3.1878604596398876 1616.462847 1412.283181
55.94385157487594 -3.1878604596398876 WNW 55.94396637990565 -3.188137623499641 1616.462847 1411.033181
55.94396637990565 -3.188137623499641 SSE 55.9436892160459 -3.1880228184699315 1616.462847 1409.783181
55.9436892160459 -3.1880228184699315 S 55.943389216045894 -3.1880228184699315 1616.462847 1408.533181
55.943389216045894 -3.1880228184699315 S 55.94308921604589 -3.1880228184699315 1616.462847 1407.283181
55.94308921604589 -3.1880228184699315 W 55.94308921604589 -3.1883228184699317 1616.462847 1406.033181
55.94308921604589 -3.1883228184699317 S 55.94278921604589 -3.1883228184699317 1616.462847 1404.783181
55.94278921604589 -3.1883228184699317 SSE 55.94251205218613 -3.188208013440222 1616.462847 1403.533181
