55.944425 -3.188396 ENE 55.94453980502971 -3.1881188361402466 0.000000 248.750000
55.94453980502971 -3.1881188361402466 ENE 55.94465461005942 -3.187841672280493 0.000000 247.500000
55.94465461005942 -3.187841672280493 ENE 55.944769415089134 -3.18756450842074 0.000000 246.250000
55.944769415089134 -3.18756450842074 ENE 55.944884220118844 -3.1872873445609864 0.000000 245.000000
55.944884220118844 -3.1872873445609864 ENE 55.944999025148554 -3.187010180701233 49.270928 256.824749
55.944999025148554 -3.187010180701233 ENE 55.945113830178265 -3.1867330168414796 0.000000 131.704170
55.945113830178265 -3.1867330168414796 ENE 55.945228635207975 -3.186455852981726 0.000000 130.454170
55.945228635207975 -3.186455852981726 ENE 55.945343440237686 -3.1861786891219728 0.000000 129.204170
55.945343440237686 -3.1861786891219728 ENE 55.945458245267396 -3.1859015252622194 0.000000 127.954170
55.945458245267396 -3.1859015252622194 S 55.94515824526739 -3.1859015252622194 113.887452 161.557950
55.94515824526739 -3.1859015252622194 S 55.94485824526739 -3.1859015252622194 220.206845 177.434411
55.94485824526739 -3.1859015252622194 S 55.94455824526739 -3.1859015252622194 235.925669 269.476424
55.94455824526739 -3.1859015252622194 SSE 55.94428108140763 -3.18578672023251 235.925669 268.226424
55.94428108140763 -3.18578672023251 S 55.94398108140763 -3.18578672023251 235.925669 266.976424
55.94398108140763 -3.18578672023251 SSE 55.94370391754787 -3.1856719152028004 235.925669 265.726424
55.94370391754787 -3.1856719152028004 S 55.94340391754787 -3.1856719152028004 313.140754 273.632146
55.94340391754787 -3.1856719152028004 SSE 55.94312675368811 -3.185557110173091 313.140754 272.382146
55.94312675368811 -3.185557110173091 WNW 55.94324155871782 -3.1858342740328442 348.280399 331.473396
55.94324155871782 -3.1858342740328442 WNW 55.94335636374753 -3.1861114378925977 348.280399 330.223396
55.94335636374753 -3.1861114378925977 WNW 55.94347116877724 -3.186388601752351 348.280399 328.973396
55.94347116877724 -3.186388601752351 WNW 55.943585973806954 -3.1866657656121045 348.280399 327.723396
55.943585973806954 -3.1866657656121045 WNW 55.943700778836664 -3.186942929471858 348.280399 326.473396
55.943700778836664 -3.186942929471858 WNW 55.943815583866375 -3.1872200933316113 343.453795 266.180123
55.943815583866375 -3.1872200933316113 WNW 55.943930388896085 -3.1874972571913647 343.453795 264.930123
55.943930388896085 -3.1874972571913647 WNW 55.944045193925795 -3.187774421051118 343.453795 263.680123
55.944045193925795 -3.187774421051118 WNW 55.944159998955506 -3.1880515849108715 343.453795 262.430123
55.944159998955506 -3.1880515849108715 WNW 55.944274803985216 -3.188328748770625 317.511386 251.011641
55.944274803985216 -3.188328748770625 WNW 55.94438960901493 -3.1886059126303783 317.511386 249.761641
55.94438960901493 -3.1886059126303783 WNW 55.94450441404464 -3.1888830764901317 293.683664 224.615706
55.94450441404464 -3.1888830764901317 WNW 55.94461921907435 -3.189160240349885 293.683664 223.365706
55.94461921907435 -3.189160240349885 W 55.94461921907435 -3.1894602403498853 293.683664 222.115706
55.94461921907435 -3.1894602403498853 E 55.94461921907435 -3.189160240349885 389.765739 255.450792
55.94461921907435 -3.189160240349885 E 55.94461921907435 -3.188860240349885 389.765739 254.200792
55.94461921907435 -3.188860240349885 E 55.94461921907435 -3.1885602403498847 389.765739 252.950792
55.94461921907435 -3.1885602403498847 ESE 55.94450441404464 -3.1882830764901313 389.765739 251.700792
55.94450441404464 -3.1882830764901313 E 55.94450441404464 -3.187983076490131 389.765739 250.450792
55.94450441404464 -3.187983076490131 ESE 55.94438960901493 -3.1877059126303777 389.765739 249.200792
55.94438960901493 -3.1877059126303777 E 55.94438960901493 -3.1874059126303775 389.765739 247.950792
55.94438960901493 -3.1874059126303775 ESE 55.944274803985216 -3.187128748770624 389.765739 246.700792
55.944274803985216 -3.187128748770624 E 55.944274803985216 -3.186828748770624 389.765739 245.450792
55.944274803985216 -3.186828748770624 W 55.944274803985216 -3.187128748770624 500.374708 315.612303
55.944274803985216 -3.187128748770624 W 55.944274803985216 -3.1874287487706243 500.374708 314.362303
55.944274803985216 -3.1874287487706243 W 55.944274803985216 -3.1877287487706245 500.374708 313.112303
55.944274803985216 -3.1877287487706245 W 55.944274803985216 -3.1880287487706247 500.374708 311.862303
55.944274803985216 -3.1880287487706247 W 55.944274803985216 -3.188328748770625 500.374708 310.612303
55.944274803985216 -3.188328748770625 W 55.944274803985216 -3.188628748770625 500.374708 309.362303
55.944274803985216 -3.188628748770625 W 55.944274803985216 -3.1889287487706253 500.374708 308.112303
55.944274803985216 -3.1889287487706253 W 55.944274803985216 -3.1892287487706255 500.374708 306.862303
55.944274803985216 -3.1892287487706255 W 55.944274803985216 -3.1895287487706256 500.374708 305.612303
55.944274803985216 -3.1895287487706256 W 55.944274803985216 -3.189828748770626 500.374708 304.362303
55.944274803985216 -3.189828748770626 W 55.944274803985216 -3.190128748770626 500.374708 303.112303
55.944274803985216 -3.190128748770626 W 55.944274803985216 -3.190428748770626 500.374708 301.862303
55.944274803985216 -3.190428748770626 W 55.944274803985216 -3.1907287487706264 500.374708 300.612303
55.944274803985216 -3.1907287487706264 WSW 55.944159998955506 -3.19100591263038 500.374708 299.362303
55.944159998955506 -3.19100591263038 W 55.944159998955506 -3.19130591263038 500.374708 298.112303
55.944159998955506 -3.19130591263038 WSW 55.944045193925795 -3.1915830764901334 500.374708 296.862303
55.944045193925795 -3.1915830764901334 NE 55.94425732596015 -3.1913709444557776 516.029915 336.375731
55.94425732596015 -3.1913709444557776 NE 55.94446945799451 -3.191158812421422 516.029915 335.125731
55.94446945799451 -3.191158812421422 NE 55.944681590028864 -3.190946680387066 516.029915 333.875731
55.944681590028864 -3.190946680387066 NE 55.94489372206322 -3.1907345483527103 516.029915 332.625731
55.94489372206322 -3.1907345483527103 NE 55.94510585409758 -3.1905224163183545 516.029915 331.375731
55.94510585409758 -3.1905224163183545 W 55.94510585409758 -3.1908224163183547 631.802296 416.182926
55.94510585409758 -3.1908224163183547 W 55.94510585409758 -3.191122416318355 631.802296 414.932926
55.94510585409758 -3.191122416318355 W 55.94510585409758 -3.191422416318355 695.732223 531.562535
55.94510585409758 -3.191422416318355 W 55.94510585409758 -3.1917224163183553 695.732223 530.312535
55.94510585409758 -3.1917224163183553 WNW 55.94522065912729 -3.1919995801781087 695.732223 529.062535
55.94522065912729 -3.1919995801781087 W 55.94522065912729 -3.192299580178109 695.732223 527.812535
55.94522065912729 -3.192299580178109 WNW 55.945335464157 -3.1925767440378623 781.158400 564.576333
55.945335464157 -3.1925767440378623 SSE 55.94505830029724 -3.192461939008153 781.158400 563.326333
55.94505830029724 -3.192461939008153 SSE 55.944781136437484 -3.1923471339784433 781.158400 562.076333
55.944781136437484 -3.1923471339784433 SSE 55.94450397257773 -3.1922323289487338 781.158400 560.826333
55.94450397257773 -3.1922323289487338 SSE 55.94422680871797 -3.1921175239190243 781.158400 559.576333
55.94422680871797 -3.1921175239190243 SE 55.944014676683615 -3.1919053918846685 781.158400 558.326333
55.944014676683615 -3.1919053918846685 SSE 55.94373751282386 -3.191790586854959 781.158400 557.076333
55.94373751282386 -3.191790586854959 SE 55.9435253807895 -3.191578454820603 781.158400 555.826333
55.9435253807895 -3.191578454820603 SSE 55.943248216929746 -3.1914636497908937 781.158400 554.576333
55.943248216929746 -3.1914636497908937 SE 55.94303608489539 -3.191251517756538 781.158400 553.326333
55.94303608489539 -3.191251517756538 SSE 55.94275892103563 -3.1911367127268284 781.158400 552.076333
55.94275892103563 -3.1911367127268284 ENE 55.94287372606534 -3.190859548867075 858.813817 634.318212
55.94287372606534 -3.190859548867075 ENE 55.942988531095054 -3.1905823850073216 858.813817 633.068212
55.942988531095054 -3.1905823850073216 ENE 55.943103336124764 -3.190305221147568 858.813817 631.818212
55.943103336124764 -3.190305221147568 E 55.943103336124764 -3.190005221147568 858.813817 630.568212
55.943103336124764 -3.190005221147568 ENE 55.943218141154475 -3.1897280572878146 813.418357 614.621590
55.943218141154475 -3.1897280572878146 E 55.943218141154475 -3.1894280572878144 813.418357 613.371590
55.943218141154475 -3.1894280572878144 ENE 55.943332946184185 -3.189150893428061 813.418357 612.121590
55.943332946184185 -3.189150893428061 E 55.943332946184185 -3.188850893428061 870.056917 694.533632
55.943332946184185 -3.188850893428061 ENE 55.943447751213895 -3.1885737295683074 870.056917 693.283632
55.943447751213895 -3.1885737295683074 E 55.943447751213895 -3.1882737295683072 870.056917 692.033632
55.943447751213895 -3.1882737295683072 ENE 55.943562556243606 -3.187996565708554 870.056917 690.783632
55.943562556243606 -3.187996565708554 E 55.943562556243606 -3.1876965657085536 870.056917 689.533632
55.943562556243606 -3.1876965657085536 ENE 55.943677361273316 -3.1874194018488002 870.056917 688.283632
55.943677361273316 -3.1874194018488002 E 55.943677361273316 -3.1871194018488 870.056917 687.033632
55.943677361273316 -3.1871194018488 ENE 55.94379216630303 -3.1868422379890466 870.056917 685.783632
55.94379216630303 -3.1868422379890466 E 55.94379216630303 -3.1865422379890465 870.056917 684.533632
55.94379216630303 -3.1865422379890465 WNW 55.94390697133274 -3.1868194018488 901.718620 762.854998
55.94390697133274 -3.1868194018488 WNW 55.94402177636245 -3.1870965657085533 901.718620 761.604998
55.94402177636245 -3.1870965657085533 W 55.94402177636245 -3.1873965657085535 901.718620 760.354998
55.94402177636245 -3.1873965657085535 WNW 55.94413658139216 -3.187673729568307 901.718620 759.104998
55.94413658139216 -3.187673729568307 W 55.94413658139216 -3.187973729568307 901.718620 757.854998
55.94413658139216 -3.187973729568307 WNW 55.94425138642187 -3.1882508934280605 901.718620 756.604998
55.94425138642187 -3.1882508934280605 W 55.94425138642187 -3.1885508934280606 901.718620 755.354998
55.94425138642187 -3.1885508934280606 WNW 55.94436619145158 -3.188828057287814 901.718620 754.104998
55.94436619145158 -3.188828057287814 W 55.94436619145158 -3.1891280572878142 901.718620 752.854998
55.94436619145158 -3.1891280572878142 WNW 55.94448099648129 -3.1894052211475676 901.718620 751.604998
55.94448099648129 -3.1894052211475676 W 55.94448099648129 -3.189705221147568 901.718620 750.354998
55.94448099648129 -3.189705221147568 WNW 55.944595801511 -3.1899823850073212 901.718620 749.104998
55.944595801511 -3.1899823850073212 W 55.944595801511 -3.1902823850073214 912.496122 809.597219
55.944595801511 -3.1902823850073214 W 55.944595801511 -3.1905823850073216 973.293847 844.865328
55.944595801511 -3.1905823850073216 W 55.944595801511 -3.190882385007322 973.293847 843.615328
55.944595801511 -3.190882385007322 W 55.944595801511 -3.191182385007322 973.293847 842.365328
55.944595801511 -3.191182385007322 WSW 55.94448099648129 -3.1914595488670754 973.293847 841.115328
55.94448099648129 -3.1914595488670754 E 55.94448099648129 -3.191159548867075 1065.388701 844.960492
55.94448099648129 -3.191159548867075 E 55.94448099648129 -3.190859548867075 1065.388701 843.710492
55.94448099648129 -3.190859548867075 ENE 55.944595801511 -3.1905823850073216 1065.388701 842.460492
55.944595801511 -3.1905823850073216 E 55.944595801511 -3.1902823850073214 1065.388701 841.210492
55.944595801511 -3.1902823850073214 ENE 55.94471060654071 -3.190005221147568 1065.388701 839.960492
55.94471060654071 -3.190005221147568 E 55.94471060654071 -3.189705221147568 1065.388701 838.710492
55.94471060654071 -3.189705221147568 ENE 55.94482541157042 -3.1894280572878144 1065.388701 837.460492
55.94482541157042 -3.1894280572878144 E 55.94482541157042 -3.1891280572878142 1065.388701 836.210492
55.94482541157042 -3.1891280572878142 ENE 55.94494021660013 -3.188850893428061 1065.388701 834.960492
55.94494021660013 -3.188850893428061 E 55.94494021660013 -3.1885508934280606 1032.253552 759.261074
55.94494021660013 -3.1885508934280606 ENE 55.94505502162984 -3.1882737295683072 1032.253552 758.011074
55.94505502162984 -3.1882737295683072 E 55.94505502162984 -3.187973729568307 1032.253552 756.761074
55.94505502162984 -3.187973729568307 ENE 55.94516982665955 -3.1876965657085536 1032.253552 755.511074
55.94516982665955 -3.1876965657085536 E 55.94516982665955 -3.1873965657085535 1032.253552 754.261074
55.94516982665955 -3.1873965657085535 ENE 55.94528463168926 -3.1871194018488 1032.253552 753.011074
55.94528463168926 -3.1871194018488 E 55.94528463168926 -3.1868194018488 1032.253552 751.761074
55.94528463168926 -3.1868194018488 ENE 55.94539943671897 -3.1865422379890465 1032.253552 750.511074
55.94539943671897 -3.1865422379890465 E 55.94539943671897 -3.1862422379890463 941.595791 727.225375
55.94539943671897 -3.1862422379890463 ENE 55.94551424174868 -3.185965074129293 941.595791 725.975375
55.94551424174868 -3.185965074129293 E 55.94551424174868 -3.1856650741292927 941.595791 724.725375
55.94551424174868 -3.1856650741292927 ENE 55.94562904677839 -3.1853879102695393 941.595791 723.475375
55.94562904677839 -3.1853879102695393 E 55.94562904677839 -3.185087910269539 941.595791 722.225375
55.94562904677839 -3.185087910269539 ENE 55.9457438518081 -3.1848107464097857 941.595791 720.975375
55.9457438518081 -3.1848107464097857 E 55.9457438518081 -3.1845107464097855 941.595791 719.725375
55.9457438518081 -3.1845107464097855 W 55.9457438518081 -3.1848107464097857 1011.054305 834.559771
55.9457438518081 -3.1848107464097857 W 55.9457438518081 -3.185110746409786 1011.054305 833.309771
55.9457438518081 -3.185110746409786 W 55.9457438518081 -3.185410746409786 1011.054305 832.059771
55.9457438518081 -3.185410746409786 W 55.9457438518081 -3.1857107464097862 1011.054305 830.809771
55.9457438518081 -3.1857107464097862 W 55.9457438518081 -3.1860107464097864 1011.054305 829.559771
55.9457438518081 -3.1860107464097864 W 55.9457438518081 -3.1863107464097866 930.747107 742.579174
55.9457438518081 -3.1863107464097866 W 55.9457438518081 -3.186610746409787 930.511379 639.503640
55.9457438518081 -3.186610746409787 W 55.9457438518081 -3.186910746409787 930.511379 638.253640
55.9457438518081 -3.186910746409787 W 55.9457438518081 -3.187210746409787 930.511379 637.003640
55.9457438518081 -3.187210746409787 W 55.9457438518081 -3.1875107464097874 930.511379 635.753640
55.9457438518081 -3.1875107464097874 W 55.9457438518081 -3.1878107464097876 941.345362 717.072731
55.9457438518081 -3.1878107464097876 W 55.9457438518081 -3.1881107464097878 941.345362 715.822731
55.9457438518081 -3.1881107464097878 W 55.9457438518081 -3.188410746409788 941.345362 714.572731
55.9457438518081 -3.188410746409788 W 55.9457438518081 -3.188710746409788 941.345362 713.322731
55.9457438518081 -3.188710746409788 W 55.9457438518081 -3.1890107464097883 963.238558 813.061646
55.9457438518081 -3.1890107464097883 ESE 55.94562904677839 -3.188733582550035 1043.869046 927.658123
55.94562904677839 -3.188733582550035 ESE 55.94551424174868 -3.1884564186902815 1043.869046 926.408123
55.94551424174868 -3.1884564186902815 ESE 55.94539943671897 -3.188179254830528 1043.869046 925.158123
55.94539943671897 -3.188179254830528 ESE 55.94528463168926 -3.1879020909707747 1043.869046 923.908123
55.94528463168926 -3.1879020909707747 ESE 55.94516982665955 -3.1876249271110213 1043.869046 922.658123
55.94516982665955 -3.1876249271110213 ESE 55.94505502162984 -3.187347763251268 1043.869046 921.408123
55.94505502162984 -3.187347763251268 ESE 55.94494021660013 -3.1870705993915145 1043.869046 920.158123
55.94494021660013 -3.1870705993915145 ESE 55.94482541157042 -3.186793435531761 1043.869046 918.908123
55.94482541157042 -3.186793435531761 ESE 55.94471060654071 -3.1865162716720077 1043.869046 917.658123
55.94471060654071 -3.1865162716720077 ESE 55.944595801511 -3.1862391078122543 1043.869046 916.408123
55.944595801511 -3.1862391078122543 ESE 55.94448099648129 -3.185961943952501 1043.869046 915.158123
55.94448099648129 -3.185961943952501 ESE 55.94436619145158 -3.1856847800927475 1043.869046 913.908123
55.94436619145158 -3.1856847800927475 ESE 55.94425138642187 -3.185407616232994 1043.869046 912.658123
55.94425138642187 -3.185407616232994 ESE 55.94413658139216 -3.1851304523732407 1043.869046 911.408123
55.94413658139216 -3.1851304523732407 ESE 55.94402177636245 -3.1848532885134873 1043.869046 910.158123
55.94402177636245 -3.1848532885134873 ESE 55.94390697133274 -3.184576124653734 1043.869046 908.908123
55.94390697133274 -3.184576124653734 WSW 55.94379216630303 -3.1848532885134873 1129.744844 983.672840
55.94379216630303 -3.1848532885134873 WSW 55.943677361273316 -3.1851304523732407 1129.744844 982.422840
55.943677361273316 -3.1851304523732407 WSW 55.943562556243606 -3.185407616232994 1129.744844 981.172840
55.943562556243606 -3.185407616232994 WSW 55.943447751213895 -3.1856847800927475 1129.744844 979.922840
55.943447751213895 -3.1856847800927475 WSW 55.943332946184185 -3.185961943952501 1129.744844 978.672840
55.943332946184185 -3.185961943952501 WSW 55.943218141154475 -3.1862391078122543 1129.744844 977.422840
55.943218141154475 -3.1862391078122543 SW 55.94300600912012 -3.18645123984661 1129.744844 976.172840
55.94300600912012 -3.18645123984661 WSW 55.94289120409041 -3.1867284037063635 1129.744844 974.922840
55.94289120409041 -3.1867284037063635 SW 55.94267907205605 -3.1869405357407192 1098.278014 914.025170
55.94267907205605 -3.1869405357407192 WNW 55.94279387708576 -3.1872176996004726 1122.304669 1029.871895
55.94279387708576 -3.1872176996004726 WNW 55.94290868211547 -3.187494863460226 1122.304669 1028.621895
55.94290868211547 -3.187494863460226 WNW 55.94302348714518 -3.1877720273199794 1122.304669 1027.371895
55.94302348714518 -3.1877720273199794 WNW 55.94313829217489 -3.188049191179733 1122.304669 1026.121895
55.94313829217489 -3.188049191179733 WNW 55.943253097204604 -3.1883263550394862 1122.304669 1024.871895
55.943253097204604 -3.1883263550394862 WNW 55.943367902234314 -3.1886035188992397 1122.304669 1023.621895
55.943367902234314 -3.1886035188992397 WNW 55.943482707264025 -3.188880682758993 1122.304669 1022.371895
55.943482707264025 -3.188880682758993 WNW 55.943597512293735 -3.1891578466187465 1122.304669 1021.121895
55.943597512293735 -3.1891578466187465 WNW 55.943712317323445 -3.1894350104785 1122.304669 1019.871895
55.943712317323445 -3.1894350104785 WNW 55.943827122353156 -3.1897121743382533 1122.304669 1018.621895
55.943827122353156 -3.1897121743382533 WNW 55.943941927382866 -3.1899893381980067 1122.304669 1017.371895
55.943941927382866 -3.1899893381980067 WNW 55.94405673241258 -3.19026650205776 1122.304669 1016.121895
55.94405673241258 -3.19026650205776 WNW 55.94417153744229 -3.1905436659175135 1144.598783 1025.930459
55.94417153744229 -3.1905436659175135 WNW 55.944286342472 -3.190820829777267 1144.598783 1024.680459
55.944286342472 -3.190820829777267 WNW 55.94440114750171 -3.1910979936370203 1144.598783 1023.430459
55.94440114750171 -3.1910979936370203 WNW 55.94451595253142 -3.1913751574967737 1144.598783 1022.180459
55.94451595253142 -3.1913751574967737 W 55.94451595253142 -3.191675157496774 1144.598783 1020.930459
55.94451595253142 -3.191675157496774 E 55.94451595253142 -3.1913751574967737 1233.757529 1122.471264
55.94451595253142 -3.1913751574967737 E 55.94451595253142 -3.1910751574967735 1233.757529 1121.221264
55.94451595253142 -3.1910751574967735 E 55.94451595253142 -3.1907751574967733 1233.757529 1119.971264
55.94451595253142 -3.1907751574967733 E 55.94451595253142 -3.190475157496773 1233.757529 1118.721264
55.94451595253142 -3.190475157496773 ESE 55.94440114750171 -3.1901979936370197 1233.757529 1117.471264
55.94440114750171 -3.1901979936370197 E 55.94440114750171 -3.1898979936370195 1233.757529 1116.221264
55.94440114750171 -3.1898979936370195 ESE 55.944286342472 -3.189620829777266 1233.757529 1114.971264
55.944286342472 -3.189620829777266 E 55.944286342472 -3.189320829777266 1233.757529 1113.721264
55.944286342472 -3.189320829777266 ESE 55.94417153744229 -3.1890436659175125 1233.757529 1112.471264
55.94417153744229 -3.1890436659175125 E 55.94417153744229 -3.1887436659175123 1233.757529 1111.221264
55.94417153744229 -3.1887436659175123 ESE 55.94405673241258 -3.188466502057759 1233.757529 1109.971264
55.94405673241258 -3.188466502057759 E 55.94405673241258 -3.1881665020577588 1233.757529 1108.721264
55.94405673241258 -3.1881665020577588 SE 55.94384460037822 -3.187954370023403 1307.126916 1184.800101
55.94384460037822 -3.187954370023403 WSW 55.94372979534851 -3.1882315338831564 1307.126916 1183.550101
55.94372979534851 -3.1882315338831564 WSW 55.9436149903188 -3.18850869774291 1307.126916 1182.300101
55.9436149903188 -3.18850869774291 SW 55.94340285828444 -3.1887208297772656 1307.126916 1181.050101
55.94340285828444 -3.1887208297772656 WSW 55.94328805325473 -3.188997993637019 1307.126916 1179.800101
55.94328805325473 -3.188997993637019 SW 55.94307592122038 -3.1892101256713747 1307.126916 1178.550101
55.94307592122038 -3.1892101256713747 WSW 55.942961116190666 -3.189487289531128 1307.126916 1177.300101
55.942961116190666 -3.189487289531128 SW 55.94274898415631 -3.189699421565484 1307.126916 1176.050101
55.94274898415631 -3.189699421565484 WSW 55.9426341791266 -3.1899765854252373 1356.565348 1244.632824
55.9426341791266 -3.1899765854252373 ENE 55.94274898415631 -3.189699421565484 1356.565348 1243.382824
55.94274898415631 -3.189699421565484 ENE 55.94286378918602 -3.1894222577057305 1356.565348 1242.132824
55.94286378918602 -3.1894222577057305 ENE 55.94297859421573 -3.189145093845977 1356.565348 1240.882824
55.94297859421573 -3.189145093845977 ENE 55.94309339924544 -3.1888679299862237 1356.565348 1239.632824
55.94309339924544 -3.1888679299862237 ENE 55.94320820427515 -3.1885907661264703 1356.565348 1238.382824
55.94320820427515 -3.1885907661264703 ENE 55.94332300930486 -3.188313602266717 1356.565348 1237.132824
55.94332300930486 -3.188313602266717 ENE 55.94343781433457 -3.1880364384069635 1356.565348 1235.882824
55.94343781433457 -3.1880364384069635 ENE 55.94355261936428 -3.18775927454721 1356.565348 1234.632824
55.94355261936428 -3.18775927454721 ENE 55.94366742439399 -3.1874821106874567 1356.565348 1233.382824
55.94366742439399 -3.1874821106874567 ENE 55.943782229423704 -3.1872049468277033 1356.565348 1232.132824
55.943782229423704 -3.1872049468277033 ENE 55.943897034453414 -3.18692778296795 1356.565348 1230.882824
55.943897034453414 -3.18692778296795 ENE 55.944011839483125 -3.1866506191081965 1356.565348 1229.632824
55.944011839483125 -3.1866506191081965 ENE 55.944126644512835 -3.186373455248443 1356.565348 1228.382824
55.944126644512835 -3.186373455248443 ENE 55.944241449542545 -3.1860962913886897 1356.565348 1227.132824
55.944241449542545 -3.1860962913886897 ENE 55.944356254572256 -3.1858191275289363 1356.565348 1225.882824
55.944356254572256 -3.1858191275289363 NE 55.94456838660661 -3.1856069954945805 1356.565348 1224.632824
55.94456838660661 -3.1856069954945805 ENE 55.94468319163632 -3.185329831634827 1356.565348 1223.382824
55.94468319163632 -3.185329831634827 NE 55.94489532367068 -3.1851176996004713 1356.565348 1222.132824
55.94489532367068 -3.1851176996004713 ENE 55.94501012870039 -3.184840535740718 1356.565348 1220.882824
55.94501012870039 -3.184840535740718 NE 55.945222260734745 -3.184628403706362 1389.358210 1306.742827
55.945222260734745 -3.184628403706362 ESE 55.945107455705035 -3.1843512398466087 1389.358210 1305.492827
55.945107455705035 -3.1843512398466087 WSW 55.944992650675324 -3.184628403706362 1389.358210 1304.242827
55.944992650675324 -3.184628403706362 NE 55.94520478270968 -3.1844162716720064 1389.358210 1302.992827
55.94520478270968 -3.1844162716720064 NE 55.94541691474404 -3.1842041396376506 1389.358210 1301.742827
55.94541691474404 -3.1842041396376506 NE 55.94562904677839 -3.183992007603295 1389.358210 1300.492827
55.94562904677839 -3.183992007603295 NE 55.94584117881275 -3.183779875568939 1389.358210 1299.242827
55.94584117881275 -3.183779875568939 NNE 55.946118342672506 -3.1836650705392295 1389.358210 1297.992827
55.946118342672506 -3.1836650705392295 WSW 55.946003537642795 -3.183942234398983 1389.358210 1296.742827
55.946003537642795 -3.183942234398983 NW 55.94621566967715 -3.1841543664333387 1389.358210 1295.492827
55.94621566967715 -3.1841543664333387 N 55.946515669677154 -3.1841543664333387 1389.358210 1294.242827
55.946515669677154 -3.1841543664333387 W 55.946515669677154 -3.184454366433339 1389.358210 1292.992827
55.946515669677154 -3.184454366433339 NE 55.94672780171151 -3.184242234398983 1389.358210 1291.742827
55.94672780171151 -3.184242234398983 ENE 55.94684260674122 -3.1839650705392297 1389.358210 1290.492827
55.94684260674122 -3.1839650705392297 ENE 55.94695741177093 -3.1836879066794763 1389.358210 1289.242827
55.94695741177093 -3.1836879066794763 NW 55.94716954380529 -3.183900038713832 1389.358210 1287.992827
55.94716954380529 -3.183900038713832 N 55.94746954380529 -3.183900038713832 1389.358210 1286.742827
55.94746954380529 -3.183900038713832 WSW 55.94735473877558 -3.1841772025735855 1389.358210 1285.492827
