55.944425 -3.188396 ENE 55.94453980502971 -3.1881188361402466 0.000000 248.750000
55.94453980502971 -3.1881188361402466 ENE 55.94465461005942 -3.187841672280493 0.000000 247.500000
55.94465461005942 -3.187841672280493 ENE 55.944769415089134 -3.18756450842074 0.000000 246.250000
55.944769415089134 -3.18756450842074 ENE 55.944884220118844 -3.1872873445609864 0.000000 245.000000
55.944884220118844 -3.1872873445609864 ENE 55.944999025148554 -3.187010180701233 49.270928 256.824749
55.944999025148554 -3.187010180701233 ENE 55.945113830178265 -3.1867330168414796 0.000000 131.704170
55.945113830178265 -3.1867330168414796 ENE 55.945228635207975 -3.186455852981726 0.000000 130.454170
55.945228635207975 -3.186455852981726 ENE 55.945343440237686 -3.1861786891219728 0.000000 129.204170
55.945343440237686 -3.1861786891219728 ENE 55.945458245267396 -3.1859015252622194 0.000000 127.954170
55.945458245267396 -3.1859015252622194 S 55.94515824526739 -3.1859015252622194 113.887452 161.557950
55.94515824526739 -3.1859015252622194 S 55.94485824526739 -3.1859015252622194 220.206845 177.434411
55.94485824526739 -3.1859015252622194 S 55.94455824526739 -3.1859015252622194 235.925669 269.476424
55.94455824526739 -3.1859015252622194 SSE 55.94428108140763 -3.18578672023251 235.925669 268.226424
55.94428108140763 -3.18578672023251 S 55.94398108140763 -3.18578672023251 235.925669 266.976424
55.94398108140763 -3.18578672023251 SSE 55.94370391754787 -3.1856719152028004 235.925669 265.726424
55.94370391754787 -3.1856719152028004 S 55.94340391754787 -3.1856719152028004 313.140754 273.632146
55.94340391754787 -3.1856719152028004 SSE 55.94312675368811 -3.185557110173091 313.140754 272.382146
55.94312675368811 -3.185557110173091 S 55.94282675368811 -3.185557110173091 348.280399 331.473396
55.94282675368811 -3.185557110173091 WNW 55.94294155871782 -3.1858342740328442 348.280399 330.223396
55.94294155871782 -3.1858342740328442 WNW 55.94305636374753 -3.1861114378925977 348.280399 328.973396
55.94305636374753 -3.1861114378925977 WNW 55.94317116877724 -3.186388601752351 348.280399 327.723396
55.94317116877724 -3.186388601752351 WNW 55.94328597380695 -3.1866657656121045 348.280399 326.473396
55.94328597380695 -3.1866657656121045 WNW 55.94340077883666 -3.186942929471858 348.280399 325.223396
55.94340077883666 -3.186942929471858 WNW 55.94351558386637 -3.1872200933316113 348.280399 323.973396
55.94351558386637 -3.1872200933316113 WNW 55.94363038889608 -3.1874972571913647 343.453795 263.680123
55.94363038889608 -3.1874972571913647 WNW 55.94374519392579 -3.187774421051118 343.453795 262.430123
55.94374519392579 -3.187774421051118 WNW 55.9438599989555 -3.1880515849108715 343.453795 261.180123
55.9438599989555 -3.1880515849108715 WNW 55.94397480398521 -3.188328748770625 416.823182 337.258960
55.94397480398521 -3.188328748770625 WNW 55.944089609014924 -3.1886059126303783 416.823182 336.008960
55.944089609014924 -3.1886059126303783 NW 55.94430174104928 -3.188818044664734 416.823182 334.758960
55.94430174104928 -3.188818044664734 WNW 55.94441654607899 -3.1890952085244875 392.995460 309.613025
55.94441654607899 -3.1890952085244875 NW 55.94462867811335 -3.1893073405588432 392.995460 308.363025
55.94462867811335 -3.1893073405588432 WNW 55.94474348314306 -3.1895845044185966 392.995460 307.113025
55.94474348314306 -3.1895845044185966 NW 55.94495561517741 -3.1897966364529524 489.077534 340.448111
55.94495561517741 -3.1897966364529524 WNW 55.945070420207124 -3.190073800312706 489.077534 339.198111
55.945070420207124 -3.190073800312706 NW 55.94528255224148 -3.1902859323470616 489.077534 337.948111
55.94528255224148 -3.1902859323470616 SW 55.945070420207124 -3.1904980643814174 604.849916 422.755306
55.945070420207124 -3.1904980643814174 SW 55.94485828817277 -3.190710196415773 604.849916 421.505306
55.94485828817277 -3.190710196415773 SW 55.94464615613841 -3.190922328450129 604.849916 420.255306
55.94464615613841 -3.190922328450129 SW 55.944434024104055 -3.1911344604844847 604.849916 419.005306
55.944434024104055 -3.1911344604844847 WSW 55.944319219074345 -3.191411624344238 604.849916 417.755306
55.944319219074345 -3.191411624344238 SW 55.94410708703999 -3.191623756378594 696.944769 421.600469
55.94410708703999 -3.191623756378594 E 55.94410708703999 -3.1913237563785937 712.599976 461.113897
55.94410708703999 -3.1913237563785937 E 55.94410708703999 -3.1910237563785935 756.914016 465.477530
55.94410708703999 -3.1910237563785935 E 55.94410708703999 -3.1907237563785933 756.914016 464.227530
55.94410708703999 -3.1907237563785933 E 55.94410708703999 -3.190423756378593 756.914016 462.977530
55.94410708703999 -3.190423756378593 E 55.94410708703999 -3.190123756378593 779.208130 472.786094
55.94410708703999 -3.190123756378593 E 55.94410708703999 -3.1898237563785927 779.208130 471.536094
55.94410708703999 -3.1898237563785927 E 55.94410708703999 -3.1895237563785925 779.208130 470.286094
55.94410708703999 -3.1895237563785925 ENE 55.9442218920697 -3.189246592518839 779.208130 469.036094
55.9442218920697 -3.189246592518839 E 55.9442218920697 -3.188946592518839 779.208130 467.786094
55.9442218920697 -3.188946592518839 ENE 55.94433669709941 -3.1886694286590855 779.208130 466.536094
55.94433669709941 -3.1886694286590855 E 55.94433669709941 -3.1883694286590853 779.208130 465.286094
55.94433669709941 -3.1883694286590853 ENE 55.94445150212912 -3.188092264799332 779.208130 464.036094
55.94445150212912 -3.188092264799332 E 55.94445150212912 -3.1877922647993318 779.208130 462.786094
55.94445150212912 -3.1877922647993318 ENE 55.94456630715883 -3.1875151009395783 779.208130 461.536094
55.94456630715883 -3.1875151009395783 E 55.94456630715883 -3.187215100939578 779.208130 460.286094
55.94456630715883 -3.187215100939578 ENE 55.94468111218854 -3.1869379370798248 779.208130 459.036094
55.94468111218854 -3.1869379370798248 E 55.94468111218854 -3.1866379370798246 779.208130 457.786094
55.94468111218854 -3.1866379370798246 ENE 55.94479591721825 -3.186360773220071 779.208130 456.536094
55.94479591721825 -3.186360773220071 E 55.94479591721825 -3.186060773220071 779.208130 455.286094
55.94479591721825 -3.186060773220071 ENE 55.94491072224796 -3.1857836093603176 779.208130 454.036094
55.94491072224796 -3.1857836093603176 E 55.94491072224796 -3.1854836093603174 779.208130 452.786094
55.94491072224796 -3.1854836093603174 ENE 55.94502552727767 -3.185206445500564 779.208130 451.536094
55.94502552727767 -3.185206445500564 E 55.94502552727767 -3.184906445500564 779.208130 450.286094
55.94502552727767 -3.184906445500564 W 55.94502552727767 -3.185206445500564 812.000992 536.146097
55.94502552727767 -3.185206445500564 W 55.94502552727767 -3.185506445500564 812.000992 534.896097
55.94502552727767 -3.185506445500564 W 55.94502552727767 -3.1858064455005644 812.000992 533.646097
55.94502552727767 -3.1858064455005644 WNW 55.94514033230738 -3.1860836093603178 812.000992 532.396097
55.94514033230738 -3.1860836093603178 W 55.94514033230738 -3.186383609360318 812.000992 531.146097
55.94514033230738 -3.186383609360318 WNW 55.94525513733709 -3.1866607732200714 812.000992 529.896097
55.94525513733709 -3.1866607732200714 W 55.94525513733709 -3.1869607732200715 812.000992 528.646097
55.94525513733709 -3.1869607732200715 WNW 55.9453699423668 -3.187237937079825 757.258633 527.396097
55.9453699423668 -3.187237937079825 W 55.9453699423668 -3.187537937079825 757.258633 526.146097
55.9453699423668 -3.187537937079825 WNW 55.94548474739651 -3.1878151009395785 757.258633 524.896097
55.94548474739651 -3.1878151009395785 W 55.94548474739651 -3.1881151009395787 757.258633 523.646097
55.94548474739651 -3.1881151009395787 WNW 55.94559955242622 -3.188392264799332 757.258633 522.396097
55.94559955242622 -3.188392264799332 W 55.94559955242622 -3.1886922647993323 757.258633 521.146097
55.94559955242622 -3.1886922647993323 WNW 55.945714357455934 -3.1889694286590857 779.151830 620.885012
55.945714357455934 -3.1889694286590857 WSW 55.94559955242622 -3.189246592518839 859.782318 735.481490
55.94559955242622 -3.189246592518839 WSW 55.94548474739651 -3.1895237563785925 859.782318 734.231490
55.94548474739651 -3.1895237563785925 WSW 55.9453699423668 -3.189800920238346 859.782318 732.981490
55.9453699423668 -3.189800920238346 WSW 55.94525513733709 -3.1900780840980993 859.782318 731.731490
55.94525513733709 -3.1900780840980993 WSW 55.94514033230738 -3.1903552479578527 859.782318 730.481490
55.94514033230738 -3.1903552479578527 WSW 55.94502552727767 -3.190632411817606 859.782318 729.231490
55.94502552727767 -3.190632411817606 WSW 55.94491072224796 -3.1909095756773596 859.782318 727.981490
55.94491072224796 -3.1909095756773596 WSW 55.94479591721825 -3.191186739537113 859.782318 726.731490
55.94479591721825 -3.191186739537113 WSW 55.94468111218854 -3.1914639033968664 859.782318 725.481490
55.94468111218854 -3.1914639033968664 E 55.94468111218854 -3.191163903396866 859.782318 724.231490
55.94468111218854 -3.191163903396866 E 55.94468111218854 -3.190863903396866 859.782318 722.981490
55.94468111218854 -3.190863903396866 E 55.94468111218854 -3.190563903396866 859.782318 721.731490
55.94468111218854 -3.190563903396866 ESE 55.94456630715883 -3.1902867395371124 859.782318 720.481490
55.94456630715883 -3.1902867395371124 E 55.94456630715883 -3.189986739537112 920.580043 755.749598
55.94456630715883 -3.189986739537112 SE 55.944354175124474 -3.1897746075027564 931.357545 816.241820
55.944354175124474 -3.1897746075027564 SE 55.94414204309012 -3.1895624754684007 931.357545 814.991820
55.94414204309012 -3.1895624754684007 SE 55.94392991105576 -3.189350343434045 931.357545 813.741820
55.94392991105576 -3.189350343434045 SSE 55.943652747196005 -3.1892355384043354 931.357545 812.491820
55.943652747196005 -3.1892355384043354 SE 55.94344061516165 -3.1890234063699796 931.357545 811.241820
55.94344061516165 -3.1890234063699796 WNW 55.94355542019136 -3.189300570229733 987.996105 893.653861
55.94355542019136 -3.189300570229733 WNW 55.94367022522107 -3.1895777340894864 987.996105 892.403861
55.94367022522107 -3.1895777340894864 WNW 55.94378503025078 -3.18985489794924 987.996105 891.153861
55.94378503025078 -3.18985489794924 WNW 55.94389983528049 -3.1901320618089932 987.996105 889.903861
55.94389983528049 -3.1901320618089932 WNW 55.9440146403102 -3.1904092256687466 987.996105 888.653861
55.9440146403102 -3.1904092256687466 WNW 55.94412944533991 -3.1906863895285 987.996105 887.403861
55.94412944533991 -3.1906863895285 WNW 55.94424425036962 -3.1909635533882534 987.996105 886.153861
55.94424425036962 -3.1909635533882534 WNW 55.94435905539933 -3.191240717248007 987.996105 884.903861
55.94435905539933 -3.191240717248007 WNW 55.94447386042904 -3.1915178811077602 987.996105 883.653861
55.94447386042904 -3.1915178811077602 E 55.94447386042904 -3.19121788110776 987.996105 882.403861
55.94447386042904 -3.19121788110776 E 55.94447386042904 -3.19091788110776 987.996105 881.153861
55.94447386042904 -3.19091788110776 E 55.94447386042904 -3.1906178811077597 987.996105 879.903861
55.94447386042904 -3.1906178811077597 E 55.94447386042904 -3.1903178811077595 987.996105 878.653861
55.94447386042904 -3.1903178811077595 E 55.94447386042904 -3.1900178811077593 987.996105 877.403861
55.94447386042904 -3.1900178811077593 E 55.94447386042904 -3.189717881107759 987.996105 876.153861
55.94447386042904 -3.189717881107759 E 55.94447386042904 -3.189417881107759 987.996105 874.903861
55.94447386042904 -3.189417881107759 ESE 55.94435905539933 -3.1891407172480055 987.996105 873.653861
55.94435905539933 -3.1891407172480055 E 55.94435905539933 -3.1888407172480053 987.996105 872.403861
55.94435905539933 -3.1888407172480053 ESE 55.94424425036962 -3.188563553388252 987.996105 871.153861
55.94424425036962 -3.188563553388252 E 55.94424425036962 -3.1882635533882517 987.996105 869.903861
55.94424425036962 -3.1882635533882517 ESE 55.94412944533991 -3.1879863895284983 987.996105 868.653861
55.94412944533991 -3.1879863895284983 E 55.94412944533991 -3.187686389528498 962.053697 857.235379
55.94412944533991 -3.187686389528498 ESE 55.9440146403102 -3.1874092256687447 962.053697 855.985379
55.9440146403102 -3.1874092256687447 E 55.9440146403102 -3.1871092256687445 962.053697 854.735379
55.9440146403102 -3.1871092256687445 ESE 55.94389983528049 -3.186832061808991 962.053697 853.485379
55.94389983528049 -3.186832061808991 E 55.94389983528049 -3.186532061808991 962.053697 852.235379
55.94389983528049 -3.186532061808991 NNW 55.94417699914025 -3.1866468668387005 993.715400 930.556745
55.94417699914025 -3.1866468668387005 NNW 55.944454163 -3.18676167186841 1104.324369 1000.718257
55.944454163 -3.18676167186841 NNW 55.94473132685976 -3.1868764768981195 1099.877520 895.219324
55.94473132685976 -3.1868764768981195 NW 55.944943458894116 -3.1870886089324753 1099.877520 893.969324
55.944943458894116 -3.1870886089324753 NNW 55.94522062275387 -3.1872034139621848 1099.877520 892.719324
55.94522062275387 -3.1872034139621848 NW 55.94543275478823 -3.1874155459965405 1099.877520 891.469324
55.94543275478823 -3.1874155459965405 NNW 55.945709918647985 -3.18753035102625 1099.877520 890.219324
55.945709918647985 -3.18753035102625 ESE 55.945595113618275 -3.1872531871664966 1110.711503 971.538414
55.945595113618275 -3.1872531871664966 ESE 55.945480308588564 -3.1869760233067432 1110.711503 970.288414
55.945480308588564 -3.1869760233067432 ESE 55.945365503558854 -3.18669885944699 1110.711503 969.038414
55.945365503558854 -3.18669885944699 SE 55.9451533715245 -3.186486727412634 1020.053743 945.752716
55.9451533715245 -3.186486727412634 ESE 55.94503856649479 -3.1862095635528807 1020.053743 944.502716
55.94503856649479 -3.1862095635528807 SE 55.94482643446043 -3.185997431518525 1020.053743 943.252716
55.94482643446043 -3.185997431518525 ESE 55.94471162943072 -3.1857202676587715 1020.053743 942.002716
55.94471162943072 -3.1857202676587715 SE 55.944499497396365 -3.1855081356244157 1020.053743 940.752716
55.944499497396365 -3.1855081356244157 ESE 55.944384692366654 -3.1852309717646623 1020.053743 939.502716
55.944384692366654 -3.1852309717646623 SE 55.9441725603323 -3.1850188397303065 1020.053743 938.252716
55.9441725603323 -3.1850188397303065 ESE 55.94405775530259 -3.184741675870553 1020.053743 937.002716
55.94405775530259 -3.184741675870553 W 55.94405775530259 -3.1850416758705533 1105.929540 1011.767432
55.94405775530259 -3.1850416758705533 W 55.94405775530259 -3.1853416758705535 1105.929540 1010.517432
55.94405775530259 -3.1853416758705535 W 55.94405775530259 -3.1856416758705537 1105.929540 1009.267432
55.94405775530259 -3.1856416758705537 W 55.94405775530259 -3.185941675870554 1105.929540 1008.017432
55.94405775530259 -3.185941675870554 W 55.94405775530259 -3.186241675870554 1105.929540 1006.767432
55.94405775530259 -3.186241675870554 W 55.94405775530259 -3.1865416758705543 1105.929540 1005.517432
55.94405775530259 -3.1865416758705543 WNW 55.9441725603323 -3.1868188397303077 1105.929540 1004.267432
55.9441725603323 -3.1868188397303077 W 55.9441725603323 -3.187118839730308 1105.929540 1003.017432
55.9441725603323 -3.187118839730308 WNW 55.94428736536201 -3.1873960035900613 1105.929540 1001.767432
55.94428736536201 -3.1873960035900613 W 55.94428736536201 -3.1876960035900614 1105.929540 1000.517432
55.94428736536201 -3.1876960035900614 WNW 55.94440217039172 -3.187973167449815 1105.929540 999.267432
55.94440217039172 -3.187973167449815 W 55.94440217039172 -3.188273167449815 1105.929540 998.017432
55.94440217039172 -3.188273167449815 WNW 55.94451697542143 -3.1885503313095684 1105.929540 996.767432
55.94451697542143 -3.1885503313095684 W 55.94451697542143 -3.1888503313095686 1105.929540 995.517432
55.94451697542143 -3.1888503313095686 WNW 55.94463178045114 -3.189127495169322 1105.929540 994.267432
55.94463178045114 -3.189127495169322 W 55.94463178045114 -3.1894274951693222 1105.929540 993.017432
55.94463178045114 -3.1894274951693222 WNW 55.94474658548085 -3.1897046590290756 1105.929540 991.767432
55.94474658548085 -3.1897046590290756 W 55.94474658548085 -3.190004659029076 1105.929540 990.517432
55.94474658548085 -3.190004659029076 WNW 55.94486139051056 -3.190281822888829 1105.929540 989.267432
55.94486139051056 -3.190281822888829 W 55.94486139051056 -3.1905818228888294 1105.929540 988.017432
55.94486139051056 -3.1905818228888294 WNW 55.94497619554027 -3.190858986748583 1105.929540 986.767432
55.94497619554027 -3.190858986748583 W 55.94497619554027 -3.191158986748583 1105.929540 985.517432
55.94497619554027 -3.191158986748583 WNW 55.94509100056998 -3.1914361506083364 1105.929540 984.267432
55.94509100056998 -3.1914361506083364 W 55.94509100056998 -3.1917361506083366 1105.929540 983.017432
55.94509100056998 -3.1917361506083366 WNW 55.94520580559969 -3.19201331446809 1105.929540 981.767432
55.94520580559969 -3.19201331446809 W 55.94520580559969 -3.19231331446809 1105.929540 980.517432
55.94520580559969 -3.19231331446809 ESE 55.94509100056998 -3.192036150608337 1191.355716 1017.281229
55.94509100056998 -3.192036150608337 ESE 55.94497619554027 -3.1917589867485834 1191.355716 1016.031229
55.94497619554027 -3.1917589867485834 ESE 55.94486139051056 -3.19148182288883 1191.355716 1014.781229
55.94486139051056 -3.19148182288883 ESE 55.94474658548085 -3.1912046590290766 1191.355716 1013.531229
55.94474658548085 -3.1912046590290766 ESE 55.94463178045114 -3.190927495169323 1191.355716 1012.281229
55.94463178045114 -3.190927495169323 ESE 55.94451697542143 -3.1906503313095698 1191.355716 1011.031229
55.94451697542143 -3.1906503313095698 ESE 55.94440217039172 -3.1903731674498164 1191.355716 1009.781229
55.94440217039172 -3.1903731674498164 ESE 55.94428736536201 -3.190096003590063 1191.355716 1008.531229
55.94428736536201 -3.190096003590063 ESE 55.9441725603323 -3.1898188397303096 1191.355716 1007.281229
55.9441725603323 -3.1898188397303096 ESE 55.94405775530259 -3.189541675870556 1191.355716 1006.031229
55.94405775530259 -3.189541675870556 ESE 55.94394295027288 -3.1892645120108027 1191.355716 1004.781229
55.94394295027288 -3.1892645120108027 ESE 55.94382814524317 -3.1889873481510493 1191.355716 1003.531229
55.94382814524317 -3.1889873481510493 ESE 55.943713340213456 -3.188710184291296 1191.355716 1002.281229
55.943713340213456 -3.188710184291296 ESE 55.943598535183746 -3.1884330204315425 1191.355716 1001.031229
55.943598535183746 -3.1884330204315425 ESE 55.943483730154036 -3.188155856571789 1191.355716 999.781229
55.943483730154036 -3.188155856571789 SE 55.94327159811968 -3.1879437245374334 1191.355716 998.531229
55.94327159811968 -3.1879437245374334 ESE 55.94315679308997 -3.18766656067768 1191.355716 997.281229
55.94315679308997 -3.18766656067768 SE 55.94294466105561 -3.187454428643324 1191.355716 996.031229
55.94294466105561 -3.187454428643324 ESE 55.9428298560259 -3.1871772647835708 1191.355716 994.781229
55.9428298560259 -3.1871772647835708 SE 55.942617723991546 -3.186965132749215 1191.355716 993.531229
55.942617723991546 -3.186965132749215 NE 55.9428298560259 -3.1867530007148592 1215.382371 1109.377955
55.9428298560259 -3.1867530007148592 NE 55.94304198806026 -3.1865408686805035 1183.915541 1048.480285
55.94304198806026 -3.1865408686805035 NE 55.943254120094615 -3.1863287366461477 1183.915541 1047.230285
55.943254120094615 -3.1863287366461477 NE 55.94346625212897 -3.186116604611792 1183.915541 1045.980285
55.94346625212897 -3.186116604611792 NE 55.94367838416333 -3.185904472577436 1183.915541 1044.730285
55.94367838416333 -3.185904472577436 NE 55.94389051619768 -3.1856923405430804 1183.915541 1043.480285
55.94389051619768 -3.1856923405430804 NE 55.94410264823204 -3.1854802085087246 1183.915541 1042.230285
55.94410264823204 -3.1854802085087246 NNE 55.944379812091796 -3.185365403479015 1183.915541 1040.980285
55.944379812091796 -3.185365403479015 NE 55.94459194412615 -3.1851532714446593 1183.915541 1039.730285
55.94459194412615 -3.1851532714446593 NNE 55.94486910798591 -3.18503846641495 1183.915541 1038.480285
55.94486910798591 -3.18503846641495 NE 55.945081240020265 -3.184826334380594 1183.915541 1037.230285
55.945081240020265 -3.184826334380594 NNE 55.94535840388002 -3.1847115293508845 1183.915541 1035.980285
55.94535840388002 -3.1847115293508845 NE 55.94557053591438 -3.1844993973165288 1183.915541 1034.730285
55.94557053591438 -3.1844993973165288 NNE 55.945847699774134 -3.1843845922868192 1183.915541 1033.480285
55.945847699774134 -3.1843845922868192 W 55.945847699774134 -3.1846845922868194 1253.374056 1148.314681
55.945847699774134 -3.1846845922868194 W 55.945847699774134 -3.1849845922868196 1253.374056 1147.064681
55.945847699774134 -3.1849845922868196 W 55.945847699774134 -3.18528459228682 1253.374056 1145.814681
55.945847699774134 -3.18528459228682 WSW 55.945732894744424 -3.185561756146573 1253.374056 1144.564681
55.945732894744424 -3.185561756146573 W 55.945732894744424 -3.1858617561465734 1253.374056 1143.314681
55.945732894744424 -3.1858617561465734 WSW 55.94561808971471 -3.186138920006327 1253.374056 1142.064681
55.94561808971471 -3.186138920006327 W 55.94561808971471 -3.186438920006327 1253.138327 1038.989148
55.94561808971471 -3.186438920006327 WSW 55.945503284685 -3.1867160838660804 1253.138327 1037.739148
55.945503284685 -3.1867160838660804 W 55.945503284685 -3.1870160838660806 1253.138327 1036.489148
55.945503284685 -3.1870160838660806 WSW 55.94538847965529 -3.187293247725834 1253.138327 1035.239148
55.94538847965529 -3.187293247725834 W 55.94538847965529 -3.187593247725834 1253.138327 1033.989148
55.94538847965529 -3.187593247725834 WSW 55.94527367462558 -3.1878704115855876 1253.138327 1032.739148
55.94527367462558 -3.1878704115855876 W 55.94527367462558 -3.188170411585588 1253.138327 1031.489148
55.94527367462558 -3.188170411585588 WSW 55.94515886959587 -3.188447575445341 1253.138327 1030.239148
55.94515886959587 -3.188447575445341 W 55.94515886959587 -3.1887475754453414 1253.138327 1028.989148
55.94515886959587 -3.1887475754453414 WSW 55.94504406456616 -3.189024739305095 1253.138327 1027.739148
55.94504406456616 -3.189024739305095 W 55.94504406456616 -3.189324739305095 1253.138327 1026.489148
55.94504406456616 -3.189324739305095 WSW 55.94492925953645 -3.1896019031648484 1253.138327 1025.239148
55.94492925953645 -3.1896019031648484 W 55.94492925953645 -3.1899019031648486 1253.138327 1023.989148
55.94492925953645 -3.1899019031648486 WSW 55.94481445450674 -3.190179067024602 1253.138327 1022.739148
55.94481445450674 -3.190179067024602 W 55.94481445450674 -3.190479067024602 1253.138327 1021.489148
55.94481445450674 -3.190479067024602 WSW 55.94469964947703 -3.1907562308843556 1253.138327 1020.239148
55.94469964947703 -3.1907562308843556 W 55.94469964947703 -3.1910562308843557 1253.138327 1018.989148
55.94469964947703 -3.1910562308843557 WSW 55.94458484444732 -3.191333394744109 1253.138327 1017.739148
55.94458484444732 -3.191333394744109 W 55.94458484444732 -3.1916333947441093 1253.138327 1016.489148
55.94458484444732 -3.1916333947441093 NNE 55.94486200830708 -3.1915185897144 1342.297073 1118.029953
55.94486200830708 -3.1915185897144 NE 55.94507414034143 -3.191306457680044 1342.297073 1116.779953
55.94507414034143 -3.191306457680044 NNE 55.94535130420119 -3.1911916526503346 1342.297073 1115.529953
55.94535130420119 -3.1911916526503346 S 55.945051304201186 -3.1911916526503346 1406.227000 1232.159562
55.945051304201186 -3.1911916526503346 S 55.94475130420118 -3.1911916526503346 1406.227000 1230.909562
55.94475130420118 -3.1911916526503346 S 55.94445130420118 -3.1911916526503346 1406.227000 1229.659562
55.94445130420118 -3.1911916526503346 S 55.94415130420118 -3.1911916526503346 1406.227000 1228.409562
55.94415130420118 -3.1911916526503346 S 55.943851304201175 -3.1911916526503346 1406.227000 1227.159562
55.943851304201175 -3.1911916526503346 S 55.94355130420117 -3.1911916526503346 1467.924511 1247.274107
55.94355130420117 -3.1911916526503346 S 55.94325130420117 -3.1911916526503346 1467.924511 1246.024107
55.94325130420117 -3.1911916526503346 SSE 55.94297414034141 -3.191076847620625 1399.471535 1240.824451
55.94297414034141 -3.191076847620625 ESE 55.9428593353117 -3.1907996837608716 1477.126953 1323.066330
55.9428593353117 -3.1907996837608716 ESE 55.94274453028199 -3.1905225199011182 1477.126953 1321.816330
55.94274453028199 -3.1905225199011182 E 55.94274453028199 -3.190222519901118 1477.126953 1320.566330
55.94274453028199 -3.190222519901118 ESE 55.94262972525228 -3.1899453560413646 1477.126953 1319.316330
55.94262972525228 -3.1899453560413646 ENE 55.94274453028199 -3.1896681921816112 1526.565385 1387.899053
55.94274453028199 -3.1896681921816112 NNW 55.94302169414175 -3.1897829972113207 1526.565385 1386.649053
55.94302169414175 -3.1897829972113207 SSW 55.94274453028199 -3.1898978022410303 1481.169925 1370.702432
55.94274453028199 -3.1898978022410303 ENE 55.9428593353117 -3.189620638381277 1481.169925 1369.452432
55.9428593353117 -3.189620638381277 WSW 55.94274453028199 -3.1898978022410303 1481.169925 1368.202432
55.94274453028199 -3.1898978022410303 ESE 55.94262972525228 -3.189620638381277 1481.169925 1366.952432
55.94262972525228 -3.189620638381277 ESE 55.94251492022257 -3.1893434745215234 1481.169925 1365.702432
55.94251492022257 -3.1893434745215234 S 55.94221492022257 -3.1893434745215234 1481.169925 1364.452432
