55.944425 -3.188396 ENE 55.94453980502971 -3.1881188361402466 0.000000 248.750000
55.94453980502971 -3.1881188361402466 ENE 55.94465461005942 -3.187841672280493 0.000000 247.500000
55.94465461005942 -3.187841672280493 ENE 55.944769415089134 -3.18756450842074 0.000000 246.250000
55.944769415089134 -3.18756450842074 ENE 55.944884220118844 -3.1872873445609864 0.000000 245.000000
55.944884220118844 -3.1872873445609864 ENE 55.944999025148554 -3.187010180701233 49.270928 256.824749
55.944999025148554 -3.187010180701233 ENE 55.945113830178265 -3.1867330168414796 0.000000 131.704170
55.945113830178265 -3.1867330168414796 ENE 55.945228635207975 -3.186455852981726 0.000000 130.454170
55.945228635207975 -3.186455852981726 ENE 55.945343440237686 -3.1861786891219728 0.000000 129.204170
55.945343440237686 -3.1861786891219728 ENE 55.945458245267396 -3.1859015252622194 0.000000 127.954170
55.945458245267396 -3.1859015252622194 S 55.94515824526739 -3.1859015252622194 113.887452 161.557950
55.94515824526739 -3.1859015252622194 S 55.94485824526739 -3.1859015252622194 220.206845 177.434411
55.94485824526739 -3.1859015252622194 S 55.94455824526739 -3.1859015252622194 235.925669 269.476424
55.94455824526739 -3.1859015252622194 SSE 55.94428108140763 -3.18578672023251 235.925669 268.226424
55.94428108140763 -3.18578672023251 S 55.94398108140763 -3.18578672023251 235.925669 266.976424
55.94398108140763 -3.18578672023251 SSE 55.94370391754787 -3.1856719152028004 235.925669 265.726424
55.94370391754787 -3.1856719152028004 S 55.94340391754787 -3.1856719152028004 313.140754 273.632146
55.94340391754787 -3.1856719152028004 SSE 55.94312675368811 -3.185557110173091 313.140754 272.382146
55.94312675368811 -3.185557110173091 WNW 55.94324155871782 -3.1858342740328442 348.280399 331.473396
55.94324155871782 -3.1858342740328442 WNW 55.94335636374753 -3.1861114378925977 348.280399 330.223396
55.94335636374753 -3.1861114378925977 WNW 55.94347116877724 -3.186388601752351 348.280399 328.973396
55.94347116877724 -3.186388601752351 WNW 55.943585973806954 -3.1866657656121045 348.280399 327.723396
55.943585973806954 -3.1866657656121045 WNW 55.943700778836664 -3.186942929471858 348.280399 326.473396
55.943700778836664 -3.186942929471858 WNW 55.943815583866375 -3.1872200933316113 343.453795 266.180123
55.943815583866375 -3.1872200933316113 WNW 55.943930388896085 -3.1874972571913647 343.453795 264.930123
55.943930388896085 -3.1874972571913647 WNW 55.944045193925795 -3.187774421051118 343.453795 263.680123
55.944045193925795 -3.187774421051118 WNW 55.944159998955506 -3.1880515849108715 343.453795 262.430123
55.944159998955506 -3.1880515849108715 WNW 55.944274803985216 -3.188328748770625 317.511386 251.011641
55.944274803985216 -3.188328748770625 W 55.944274803985216 -3.188628748770625 317.511386 249.761641
55.944274803985216 -3.188628748770625 WNW 55.94438960901493 -3.1889059126303785 293.683664 224.615706
55.94438960901493 -3.1889059126303785 W 55.94438960901493 -3.1892059126303787 293.683664 223.365706
55.94438960901493 -3.1892059126303787 WNW 55.94450441404464 -3.189483076490132 293.683664 222.115706
55.94450441404464 -3.189483076490132 W 55.94450441404464 -3.1897830764901323 293.683664 220.865706
55.94450441404464 -3.1897830764901323 WNW 55.94461921907435 -3.1900602403498857 389.765739 254.200792
55.94461921907435 -3.1900602403498857 E 55.94461921907435 -3.1897602403498855 400.543241 314.693014
55.94461921907435 -3.1897602403498855 E 55.94461921907435 -3.1894602403498853 400.543241 313.443014
55.94461921907435 -3.1894602403498853 E 55.94461921907435 -3.189160240349885 400.543241 312.193014
55.94461921907435 -3.189160240349885 E 55.94461921907435 -3.188860240349885 400.543241 310.943014
55.94461921907435 -3.188860240349885 E 55.94461921907435 -3.1885602403498847 400.543241 309.693014
55.94461921907435 -3.1885602403498847 E 55.94461921907435 -3.1882602403498845 400.543241 308.443014
55.94461921907435 -3.1882602403498845 E 55.94461921907435 -3.1879602403498843 400.543241 307.193014
55.94461921907435 -3.1879602403498843 ESE 55.94450441404464 -3.187683076490131 400.543241 305.943014
55.94450441404464 -3.187683076490131 E 55.94450441404464 -3.1873830764901308 400.543241 304.693014
55.94450441404464 -3.1873830764901308 ESE 55.94438960901493 -3.1871059126303773 400.543241 303.443014
55.94438960901493 -3.1871059126303773 E 55.94438960901493 -3.186805912630377 400.543241 302.193014
55.94438960901493 -3.186805912630377 ESE 55.944274803985216 -3.1865287487706238 511.152210 372.354525
55.944274803985216 -3.1865287487706238 E 55.944274803985216 -3.1862287487706236 506.705360 266.855593
55.944274803985216 -3.1862287487706236 ESE 55.944159998955506 -3.18595158491087 506.705360 265.605593
55.944159998955506 -3.18595158491087 E 55.944159998955506 -3.18565158491087 506.705360 264.355593
55.944159998955506 -3.18565158491087 ESE 55.944045193925795 -3.1853744210511166 506.705360 263.105593
55.944045193925795 -3.1853744210511166 E 55.944045193925795 -3.1850744210511164 506.705360 261.855593
55.944045193925795 -3.1850744210511164 ESE 55.943930388896085 -3.184797257191363 506.705360 260.605593
55.943930388896085 -3.184797257191363 WNW 55.944045193925795 -3.1850744210511164 592.581158 335.370309
55.944045193925795 -3.1850744210511164 WNW 55.944159998955506 -3.18535158491087 592.581158 334.120309
55.944159998955506 -3.18535158491087 WNW 55.944274803985216 -3.185628748770623 592.581158 332.870309
55.944274803985216 -3.185628748770623 WNW 55.94438960901493 -3.1859059126303766 592.581158 331.620309
55.94438960901493 -3.1859059126303766 WNW 55.94450441404464 -3.18618307649013 592.581158 330.370309
55.94450441404464 -3.18618307649013 WNW 55.94461921907435 -3.1864602403498834 592.581158 329.120309
55.94461921907435 -3.1864602403498834 WNW 55.94473402410406 -3.186737404209637 592.581158 327.870309
55.94473402410406 -3.186737404209637 WNW 55.94484882913377 -3.18701456806939 592.581158 326.620309
55.94484882913377 -3.18701456806939 WNW 55.94496363416348 -3.1872917319291436 537.838799 325.370309
55.94496363416348 -3.1872917319291436 WNW 55.94507843919319 -3.187568895788897 537.838799 324.120309
55.94507843919319 -3.187568895788897 WNW 55.9451932442229 -3.1878460596486504 537.838799 322.870309
55.9451932442229 -3.1878460596486504 WNW 55.94530804925261 -3.188123223508404 537.838799 321.620309
55.94530804925261 -3.188123223508404 WNW 55.94542285428232 -3.1884003873681572 537.838799 320.370309
55.94542285428232 -3.1884003873681572 WNW 55.94553765931203 -3.1886775512279106 537.838799 319.120309
55.94553765931203 -3.1886775512279106 SSW 55.945260495452274 -3.18879235625762 559.731996 418.859224
55.945260495452274 -3.18879235625762 SSW 55.94498333159252 -3.1889071612873297 559.731996 417.609224
55.94498333159252 -3.1889071612873297 SSW 55.94470616773276 -3.189021966317039 526.596847 341.909806
55.94470616773276 -3.189021966317039 SSW 55.944429003873005 -3.1891367713467487 526.596847 340.659806
55.944429003873005 -3.1891367713467487 SSW 55.94415184001325 -3.189251576376458 526.596847 339.409806
55.94415184001325 -3.189251576376458 SSW 55.94387467615349 -3.1893663814061677 526.596847 338.159806
55.94387467615349 -3.1893663814061677 SSW 55.943597512293735 -3.189481186435877 526.596847 336.909806
55.943597512293735 -3.189481186435877 SSW 55.94332034843398 -3.1895959914655867 526.596847 335.659806
55.94332034843398 -3.1895959914655867 SSW 55.94304318457422 -3.189710796495296 526.596847 334.409806
55.94304318457422 -3.189710796495296 SSW 55.942766020714465 -3.1898256015250057 481.201386 318.463184
55.942766020714465 -3.1898256015250057 NW 55.94297815274882 -3.1900377335593615 530.639819 387.045907
55.94297815274882 -3.1900377335593615 NW 55.94319028478318 -3.1902498655937173 530.639819 385.795907
55.94319028478318 -3.1902498655937173 NW 55.943402416817534 -3.190461997628073 530.639819 384.545907
55.943402416817534 -3.190461997628073 NW 55.94361454885189 -3.190674129662429 530.639819 383.295907
55.94361454885189 -3.190674129662429 NW 55.94382668088625 -3.1908862616967846 530.639819 382.045907
55.94382668088625 -3.1908862616967846 NW 55.9440388129206 -3.1910983937311403 530.639819 380.795907
55.9440388129206 -3.1910983937311403 NW 55.94425094495496 -3.191310525765496 530.639819 379.545907
55.94425094495496 -3.191310525765496 NW 55.944463076989315 -3.191522657799852 530.639819 378.295907
55.944463076989315 -3.191522657799852 SSE 55.94418591312956 -3.1914078527701424 622.734672 382.141071
55.94418591312956 -3.1914078527701424 SSE 55.9439087492698 -3.191293047740433 622.734672 380.891071
55.9439087492698 -3.191293047740433 ENE 55.94402355429951 -3.1910158838806795 667.048712 385.254705
55.94402355429951 -3.1910158838806795 ENE 55.94413835932922 -3.190738720020926 667.048712 384.004705
55.94413835932922 -3.190738720020926 ENE 55.94425316435893 -3.1904615561611727 667.048712 382.754705
55.94425316435893 -3.1904615561611727 ENE 55.944367969388644 -3.1901843923014193 689.342826 392.563269
55.944367969388644 -3.1901843923014193 ENE 55.944482774418354 -3.189907228441666 689.342826 391.313269
55.944482774418354 -3.189907228441666 ENE 55.944597579448065 -3.1896300645819124 689.342826 390.063269
55.944597579448065 -3.1896300645819124 ENE 55.944712384477775 -3.189352900722159 689.342826 388.813269
55.944712384477775 -3.189352900722159 ENE 55.944827189507485 -3.1890757368624056 689.342826 387.563269
55.944827189507485 -3.1890757368624056 ENE 55.944941994537196 -3.1887985730026522 689.342826 386.313269
55.944941994537196 -3.1887985730026522 E 55.944941994537196 -3.188498573002652 689.342826 385.063269
55.944941994537196 -3.188498573002652 ENE 55.945056799566906 -3.1882214091428986 689.342826 383.813269
55.945056799566906 -3.1882214091428986 E 55.945056799566906 -3.1879214091428985 689.342826 382.563269
55.945056799566906 -3.1879214091428985 ENE 55.94517160459662 -3.187644245283145 689.342826 381.313269
55.94517160459662 -3.187644245283145 E 55.94517160459662 -3.187344245283145 689.342826 380.063269
55.94517160459662 -3.187344245283145 ENE 55.94528640962633 -3.1870670814233915 689.342826 378.813269
55.94528640962633 -3.1870670814233915 E 55.94528640962633 -3.1867670814233913 689.342826 377.563269
55.94528640962633 -3.1867670814233913 ENE 55.94540121465604 -3.186489917563638 689.342826 376.313269
55.94540121465604 -3.186489917563638 E 55.94540121465604 -3.1861899175636377 598.685066 353.027570
55.94540121465604 -3.1861899175636377 ENE 55.94551601968575 -3.1859127537038843 598.685066 351.777570
55.94551601968575 -3.1859127537038843 E 55.94551601968575 -3.185612753703884 598.685066 350.527570
55.94551601968575 -3.185612753703884 ENE 55.94563082471546 -3.1853355898441307 598.685066 349.277570
55.94563082471546 -3.1853355898441307 E 55.94563082471546 -3.1850355898441305 598.685066 348.027570
55.94563082471546 -3.1850355898441305 ENE 55.94574562974517 -3.184758425984377 598.685066 346.777570
55.94574562974517 -3.184758425984377 E 55.94574562974517 -3.184458425984377 598.685066 345.527570
55.94574562974517 -3.184458425984377 W 55.94574562974517 -3.184758425984377 668.143580 460.361966
55.94574562974517 -3.184758425984377 W 55.94574562974517 -3.1850584259843773 668.143580 459.111966
55.94574562974517 -3.1850584259843773 W 55.94574562974517 -3.1853584259843775 668.143580 457.861966
55.94574562974517 -3.1853584259843775 W 55.94574562974517 -3.1856584259843777 668.143580 456.611966
55.94574562974517 -3.1856584259843777 W 55.94574562974517 -3.185958425984378 668.143580 455.361966
55.94574562974517 -3.185958425984378 W 55.94574562974517 -3.186258425984378 587.836382 368.381369
55.94574562974517 -3.186258425984378 W 55.94574562974517 -3.186558425984378 587.600654 265.305835
55.94574562974517 -3.186558425984378 W 55.94574562974517 -3.1868584259843784 587.600654 264.055835
55.94574562974517 -3.1868584259843784 W 55.94574562974517 -3.1871584259843786 587.600654 262.805835
55.94574562974517 -3.1871584259843786 W 55.94574562974517 -3.187458425984379 587.600654 261.555835
55.94574562974517 -3.187458425984379 W 55.94574562974517 -3.187758425984379 598.434637 342.874926
55.94574562974517 -3.187758425984379 W 55.94574562974517 -3.188058425984379 598.434637 341.624926
55.94574562974517 -3.188058425984379 W 55.94574562974517 -3.1883584259843794 598.434637 340.374926
55.94574562974517 -3.1883584259843794 W 55.94574562974517 -3.1886584259843795 598.434637 339.124926
55.94574562974517 -3.1886584259843795 W 55.94574562974517 -3.1889584259843797 598.434637 337.874926
55.94574562974517 -3.1889584259843797 W 55.94574562974517 -3.18925842598438 679.065125 452.471403
55.94574562974517 -3.18925842598438 W 55.94574562974517 -3.18955842598438 679.065125 451.221403
55.94574562974517 -3.18955842598438 W 55.94574562974517 -3.1898584259843803 679.065125 449.971403
55.94574562974517 -3.1898584259843803 W 55.94574562974517 -3.1901584259843805 679.065125 448.721403
55.94574562974517 -3.1901584259843805 WSW 55.94563082471546 -3.190435589844134 555.296934 372.843546
55.94563082471546 -3.190435589844134 W 55.94563082471546 -3.190735589844134 555.296934 371.593546
55.94563082471546 -3.190735589844134 WSW 55.94551601968575 -3.1910127537038875 555.296934 370.343546
55.94551601968575 -3.1910127537038875 W 55.94551601968575 -3.1913127537038877 555.296934 369.093546
55.94551601968575 -3.1913127537038877 WSW 55.94540121465604 -3.191589917563641 555.296934 367.843546
55.94540121465604 -3.191589917563641 W 55.94540121465604 -3.1918899175636413 555.296934 366.593546
55.94540121465604 -3.1918899175636413 WSW 55.94528640962633 -3.1921670814233947 444.345229 334.318155
55.94528640962633 -3.1921670814233947 W 55.94528640962633 -3.192467081423395 444.345229 333.068155
55.94528640962633 -3.192467081423395 SSE 55.94500924576657 -3.1923522763936854 529.771406 369.831952
55.94500924576657 -3.1923522763936854 SSE 55.944732081906814 -3.192237471363976 529.771406 368.581952
55.944732081906814 -3.192237471363976 SSE 55.94445491804706 -3.1921226663342663 529.771406 367.331952
55.94445491804706 -3.1921226663342663 SSE 55.9441777541873 -3.192007861304557 529.771406 366.081952
55.9441777541873 -3.192007861304557 SSE 55.943900590327544 -3.1918930562748473 529.771406 364.831952
55.943900590327544 -3.1918930562748473 SE 55.94368845829319 -3.1916809242404915 545.426613 404.345379
55.94368845829319 -3.1916809242404915 SSE 55.94341129443343 -3.191566119210782 545.426613 403.095379
55.94341129443343 -3.191566119210782 SE 55.943199162399075 -3.1913539871764263 545.426613 401.845379
55.943199162399075 -3.1913539871764263 SSE 55.94292199853932 -3.1912391821467168 476.973636 396.645723
55.94292199853932 -3.1912391821467168 SE 55.94270986650496 -3.191027050112361 476.973636 395.395723
55.94270986650496 -3.191027050112361 ENE 55.94282467153467 -3.1907498862526076 554.629054 477.637602
55.94282467153467 -3.1907498862526076 ENE 55.94293947656438 -3.190472722392854 554.629054 476.387602
55.94293947656438 -3.190472722392854 ENE 55.943054281594094 -3.1901955585331008 554.629054 475.137602
55.943054281594094 -3.1901955585331008 ENE 55.943169086623804 -3.1899183946733474 554.629054 473.887602
55.943169086623804 -3.1899183946733474 ENE 55.943283891653515 -3.189641230813594 554.629054 472.637602
55.943283891653515 -3.189641230813594 ENE 55.943398696683225 -3.1893640669538406 554.629054 471.387602
55.943398696683225 -3.1893640669538406 ENE 55.943513501712935 -3.189086903094087 554.629054 470.137602
55.943513501712935 -3.189086903094087 ENE 55.943628306742646 -3.1888097392343338 611.267614 552.549644
55.943628306742646 -3.1888097392343338 ENE 55.943743111772356 -3.1885325753745803 611.267614 551.299644
55.943743111772356 -3.1885325753745803 ENE 55.94385791680207 -3.188255411514827 611.267614 550.049644
55.94385791680207 -3.188255411514827 ENE 55.94397272183178 -3.1879782476550735 684.637001 626.128480
55.94397272183178 -3.1879782476550735 ENE 55.94408752686149 -3.18770108379532 684.637001 624.878480
55.94408752686149 -3.18770108379532 ENE 55.9442023318912 -3.1874239199355667 684.637001 623.628480
55.9442023318912 -3.1874239199355667 ENE 55.94431713692091 -3.1871467560758133 684.637001 622.378480
55.94431713692091 -3.1871467560758133 ENE 55.94443194195062 -3.18686959221606 684.637001 621.128480
55.94443194195062 -3.18686959221606 ENE 55.94454674698033 -3.1865924283563065 684.637001 619.878480
55.94454674698033 -3.1865924283563065 ENE 55.94466155201004 -3.186315264496553 684.637001 618.628480
55.94466155201004 -3.186315264496553 ENE 55.94477635703975 -3.1860381006367997 684.637001 617.378480
55.94477635703975 -3.1860381006367997 ENE 55.94489116206946 -3.1857609367770463 684.637001 616.128480
55.94489116206946 -3.1857609367770463 E 55.94489116206946 -3.185460936777046 684.637001 614.878480
55.94489116206946 -3.185460936777046 ENE 55.94500596709917 -3.1851837729172927 684.637001 613.628480
55.94500596709917 -3.1851837729172927 E 55.94500596709917 -3.1848837729172925 684.637001 612.378480
55.94500596709917 -3.1848837729172925 W 55.94500596709917 -3.1851837729172927 717.429863 698.238484
55.94500596709917 -3.1851837729172927 W 55.94500596709917 -3.185483772917293 717.429863 696.988484
55.94500596709917 -3.185483772917293 W 55.94500596709917 -3.185783772917293 717.429863 695.738484
55.94500596709917 -3.185783772917293 W 55.94500596709917 -3.1860837729172933 717.429863 694.488484
55.94500596709917 -3.1860837729172933 W 55.94500596709917 -3.1863837729172935 717.429863 693.238484
55.94500596709917 -3.1863837729172935 W 55.94500596709917 -3.1866837729172937 717.429863 691.988484
55.94500596709917 -3.1866837729172937 W 55.94500596709917 -3.186983772917294 717.429863 690.738484
55.94500596709917 -3.186983772917294 W 55.94500596709917 -3.187283772917294 717.429863 689.488484
55.94500596709917 -3.187283772917294 W 55.94500596709917 -3.1875837729172942 717.429863 688.238484
55.94500596709917 -3.1875837729172942 W 55.94500596709917 -3.1878837729172944 717.429863 686.988484
55.94500596709917 -3.1878837729172944 W 55.94500596709917 -3.1881837729172946 717.429863 685.738484
55.94500596709917 -3.1881837729172946 W 55.94500596709917 -3.188483772917295 717.429863 684.488484
55.94500596709917 -3.188483772917295 W 55.94500596709917 -3.188783772917295 717.429863 683.238484
55.94500596709917 -3.188783772917295 W 55.94500596709917 -3.189083772917295 717.429863 681.988484
55.94500596709917 -3.189083772917295 W 55.94500596709917 -3.1893837729172954 717.429863 680.738484
55.94500596709917 -3.1893837729172954 WSW 55.94489116206946 -3.1896609367770488 717.429863 679.488484
55.94489116206946 -3.1896609367770488 W 55.94489116206946 -3.189960936777049 717.429863 678.238484
55.94489116206946 -3.189960936777049 WSW 55.94477635703975 -3.1902381006368024 717.429863 676.988484
55.94477635703975 -3.1902381006368024 W 55.94477635703975 -3.1905381006368025 778.227588 712.256592
55.94477635703975 -3.1905381006368025 WSW 55.94466155201004 -3.190815264496556 778.227588 711.006592
55.94466155201004 -3.190815264496556 W 55.94466155201004 -3.191115264496556 778.227588 709.756592
55.94466155201004 -3.191115264496556 WSW 55.94454674698033 -3.1913924283563095 778.227588 708.506592
55.94454674698033 -3.1913924283563095 NE 55.944758879014685 -3.1911802963219538 778.227588 707.256592
55.944758879014685 -3.1911802963219538 ENE 55.944873684044396 -3.1909031324622004 778.227588 706.006592
55.944873684044396 -3.1909031324622004 NE 55.94508581607875 -3.1906910004278446 778.227588 704.756592
55.94508581607875 -3.1906910004278446 ENE 55.94520062110846 -3.190413836568091 778.227588 703.506592
55.94520062110846 -3.190413836568091 SE 55.944988489074106 -3.1902017045337354 893.999969 788.313787
55.944988489074106 -3.1902017045337354 SE 55.94477635703975 -3.1899895724993796 893.999969 787.063787
55.94477635703975 -3.1899895724993796 SE 55.944564225005394 -3.189777440465024 893.999969 785.813787
55.944564225005394 -3.189777440465024 SE 55.94435209297104 -3.189565308430668 893.999969 784.563787
55.94435209297104 -3.189565308430668 ESE 55.94423728794133 -3.1892881445709147 893.999969 783.313787
55.94423728794133 -3.1892881445709147 SE 55.94402515590697 -3.189076012536559 893.999969 782.063787
55.94402515590697 -3.189076012536559 ESE 55.94391035087726 -3.1887988486768055 893.999969 780.813787
55.94391035087726 -3.1887988486768055 SE 55.943698218842904 -3.1885867166424497 893.999969 779.563787
55.943698218842904 -3.1885867166424497 ESE 55.943583413813194 -3.1883095527826963 893.999969 778.313787
55.943583413813194 -3.1883095527826963 SE 55.94337128177884 -3.1880974207483406 893.999969 777.063787
55.94337128177884 -3.1880974207483406 ESE 55.94325647674913 -3.187820256888587 893.999969 775.813787
55.94325647674913 -3.187820256888587 SE 55.94304434471477 -3.1876081248542314 893.999969 774.563787
55.94304434471477 -3.1876081248542314 ESE 55.94292953968506 -3.187330960994478 893.999969 773.313787
55.94292953968506 -3.187330960994478 SE 55.942717407650704 -3.187118828960122 893.999969 772.063787
55.942717407650704 -3.187118828960122 WNW 55.942832212680415 -3.1873959928198756 918.026624 887.910513
55.942832212680415 -3.1873959928198756 WNW 55.942947017710125 -3.187673156679629 918.026624 886.660513
55.942947017710125 -3.187673156679629 WNW 55.943061822739836 -3.1879503205393824 918.026624 885.410513
55.943061822739836 -3.1879503205393824 WNW 55.943176627769546 -3.188227484399136 918.026624 884.160513
55.943176627769546 -3.188227484399136 W 55.943176627769546 -3.188527484399136 918.026624 882.910513
55.943176627769546 -3.188527484399136 WNW 55.943291432799256 -3.1888046482588894 918.026624 881.660513
55.943291432799256 -3.1888046482588894 W 55.943291432799256 -3.1891046482588896 918.026624 880.410513
55.943291432799256 -3.1891046482588896 WNW 55.94340623782897 -3.189381812118643 918.026624 879.160513
55.94340623782897 -3.189381812118643 W 55.94340623782897 -3.189681812118643 918.026624 877.910513
55.94340623782897 -3.189681812118643 WNW 55.94352104285868 -3.1899589759783966 918.026624 876.660513
55.94352104285868 -3.1899589759783966 W 55.94352104285868 -3.190258975978397 918.026624 875.410513
55.94352104285868 -3.190258975978397 WNW 55.94363584788839 -3.19053613983815 918.026624 874.160513
55.94363584788839 -3.19053613983815 W 55.94363584788839 -3.1908361398381504 918.026624 872.910513
55.94363584788839 -3.1908361398381504 WNW 55.9437506529181 -3.191113303697904 918.026624 871.660513
55.9437506529181 -3.191113303697904 N 55.9440506529181 -3.191113303697904 979.724136 891.775057
55.9440506529181 -3.191113303697904 N 55.944350652918104 -3.191113303697904 979.724136 890.525057
55.944350652918104 -3.191113303697904 N 55.94465065291811 -3.191113303697904 979.724136 889.275057
55.94465065291811 -3.191113303697904 N 55.94495065291811 -3.191113303697904 979.724136 888.025057
55.94495065291811 -3.191113303697904 NNW 55.945227816777866 -3.1912281087276133 979.724136 886.775057
55.945227816777866 -3.1912281087276133 NE 55.94543994881222 -3.1910159766932575 1043.654063 1003.404667
55.94543994881222 -3.1910159766932575 SW 55.945227816777866 -3.1912281087276133 1043.654063 1002.154667
55.945227816777866 -3.1912281087276133 SSW 55.94495065291811 -3.191342913757323 1043.654063 1000.904667
55.94495065291811 -3.191342913757323 SW 55.94473852088375 -3.1915550457916786 1043.654063 999.654667
55.94473852088375 -3.1915550457916786 SSW 55.944461357024 -3.191669850821388 1132.812809 1101.195472
55.944461357024 -3.191669850821388 NNE 55.94473852088375 -3.1915550457916786 1132.812809 1099.945472
55.94473852088375 -3.1915550457916786 N 55.945038520883756 -3.1915550457916786 1132.812809 1098.695472
55.945038520883756 -3.1915550457916786 SW 55.9448263888494 -3.1917671778260344 1132.812809 1097.445472
55.9448263888494 -3.1917671778260344 S 55.9445263888494 -3.1917671778260344 1132.812809 1096.195472
55.9445263888494 -3.1917671778260344 S 55.944226388849394 -3.1917671778260344 1132.812809 1094.945472
55.944226388849394 -3.1917671778260344 SE 55.94401425681504 -3.1915550457916786 1132.812809 1093.695472
55.94401425681504 -3.1915550457916786 SW 55.94380212478068 -3.1917671778260344 1132.812809 1092.445472
55.94380212478068 -3.1917671778260344 S 55.94350212478068 -3.1917671778260344 1132.812809 1091.195472
55.94350212478068 -3.1917671778260344 WNW 55.94361692981039 -3.1920443416857878 1132.812809 1089.945472
55.94361692981039 -3.1920443416857878 SE 55.94340479777603 -3.191832209651432 1132.812809 1088.695472
55.94340479777603 -3.191832209651432 S 55.94310479777603 -3.191832209651432 1132.812809 1087.445472
55.94310479777603 -3.191832209651432 S 55.94280479777603 -3.191832209651432 1132.812809 1086.195472
55.94280479777603 -3.191832209651432 NNE 55.943081961635784 -3.1917174046217225 1132.812809 1084.945472
55.943081961635784 -3.1917174046217225 S 55.94278196163578 -3.1917174046217225 1132.812809 1083.695472
55.94278196163578 -3.1917174046217225 SSW 55.942504797776024 -3.191832209651432 1132.812809 1082.445472
55.942504797776024 -3.191832209651432 SSE 55.94222763391627 -3.1917174046217225 1132.812809 1081.195472
55.94222763391627 -3.1917174046217225 NNE 55.942504797776024 -3.191602599592013 1132.812809 1079.945472
55.942504797776024 -3.191602599592013 ESE 55.942389992746314 -3.1913254357322596 1132.812809 1078.695472
