55.944425 -3.188396 ENE 55.94453980502971 -3.1881188361402466 0.000000 248.750000
55.94453980502971 -3.1881188361402466 ENE 55.94465461005942 -3.187841672280493 0.000000 247.500000
55.94465461005942 -3.187841672280493 ENE 55.944769415089134 -3.18756450842074 0.000000 246.250000
55.944769415089134 -3.18756450842074 ENE 55.944884220118844 -3.1872873445609864 0.000000 245.000000
55.944884220118844 -3.1872873445609864 ENE 55.944999025148554 -3.187010180701233 49.270928 256.824749
55.944999025148554 -3.187010180701233 ENE 55.945113830178265 -3.1867330168414796 0.000000 131.704170
55.945113830178265 -3.1867330168414796 ENE 55.945228635207975 -3.186455852981726 0.000000 130.454170
55.945228635207975 -3.186455852981726 ENE 55.945343440237686 -3.1861786891219728 0.000000 129.204170
55.945343440237686 -3.1861786891219728 ENE 55.945458245267396 -3.1859015252622194 0.000000 127.954170
55.945458245267396 -3.1859015252622194 S 55.94515824526739 -3.1859015252622194 113.887452 161.557950
55.94515824526739 -3.1859015252622194 S 55.94485824526739 -3.1859015252622194 220.206845 177.434411
55.94485824526739 -3.1859015252622194 S 55.94455824526739 -3.1859015252622194 235.925669 269.476424
55.94455824526739 -3.1859015252622194 SSE 55.94428108140763 -3.18578672023251 235.925669 268.226424
55.94428108140763 -3.18578672023251 S 55.94398108140763 -3.18578672023251 235.925669 266.976424
55.94398108140763 -3.18578672023251 SSE 55.94370391754787 -3.1856719152028004 235.925669 265.726424
55.94370391754787 -3.1856719152028004 S 55.94340391754787 -3.1856719152028004 313.140754 273.632146
55.94340391754787 -3.1856719152028004 SSE 55.94312675368811 -3.185557110173091 313.140754 272.382146
55.94312675368811 -3.185557110173091 WNW 55.94324155871782 -3.1858342740328442 348.280399 331.473396
55.94324155871782 -3.1858342740328442 WNW 55.94335636374753 -3.1861114378925977 348.280399 330.223396
55.94335636374753 -3.1861114378925977 WNW 55.94347116877724 -3.186388601752351 348.280399 328.973396
55.94347116877724 -3.186388601752351 WNW 55.943585973806954 -3.1866657656121045 348.280399 327.723396
55.943585973806954 -3.1866657656121045 WNW 55.943700778836664 -3.186942929471858 348.280399 326.473396
55.943700778836664 -3.186942929471858 WNW 55.943815583866375 -3.1872200933316113 343.453795 266.180123
55.943815583866375 -3.1872200933316113 WNW 55.943930388896085 -3.1874972571913647 343.453795 264.930123
55.943930388896085 -3.1874972571913647 WNW 55.944045193925795 -3.187774421051118 343.453795 263.680123
55.944045193925795 -3.187774421051118 WNW 55.944159998955506 -3.1880515849108715 343.453795 262.430123
55.944159998955506 -3.1880515849108715 WNW 55.944274803985216 -3.188328748770625 317.511386 251.011641
55.944274803985216 -3.188328748770625 W 55.944274803985216 -3.188628748770625 317.511386 249.761641
55.944274803985216 -3.188628748770625 WNW 55.94438960901493 -3.1889059126303785 293.683664 224.615706
55.94438960901493 -3.1889059126303785 W 55.94438960901493 -3.1892059126303787 293.683664 223.365706
55.94438960901493 -3.1892059126303787 WNW 55.94450441404464 -3.189483076490132 293.683664 222.115706
55.94450441404464 -3.189483076490132 W 55.94450441404464 -3.1897830764901323 293.683664 220.865706
55.94450441404464 -3.1897830764901323 WNW 55.94461921907435 -3.1900602403498857 389.765739 254.200792
55.94461921907435 -3.1900602403498857 WNW 55.94473402410406 -3.190337404209639 400.543241 314.693014
55.94473402410406 -3.190337404209639 WNW 55.94484882913377 -3.1906145680693925 461.340966 349.961122
55.94484882913377 -3.1906145680693925 WNW 55.94496363416348 -3.190891731929146 461.340966 348.711122
55.94496363416348 -3.190891731929146 WNW 55.94507843919319 -3.1911688957888993 461.340966 347.461122
55.94507843919319 -3.1911688957888993 W 55.94507843919319 -3.1914688957888995 525.270893 464.090732
55.94507843919319 -3.1914688957888995 WNW 55.9451932442229 -3.191746059648653 525.270893 462.840732
55.9451932442229 -3.191746059648653 W 55.9451932442229 -3.192046059648653 525.270893 461.590732
55.9451932442229 -3.192046059648653 WNW 55.94530804925261 -3.1923232235084065 525.270893 460.340732
55.94530804925261 -3.1923232235084065 E 55.94530804925261 -3.1920232235084063 610.697069 497.104529
55.94530804925261 -3.1920232235084063 E 55.94530804925261 -3.191723223508406 610.697069 495.854529
55.94530804925261 -3.191723223508406 E 55.94530804925261 -3.191423223508406 610.697069 494.604529
55.94530804925261 -3.191423223508406 E 55.94530804925261 -3.1911232235084057 610.697069 493.354529
55.94530804925261 -3.1911232235084057 E 55.94530804925261 -3.1908232235084055 610.697069 492.104529
55.94530804925261 -3.1908232235084055 E 55.94530804925261 -3.1905232235084053 610.697069 490.854529
55.94530804925261 -3.1905232235084053 SSE 55.94503088539285 -3.190408418478696 726.469450 575.661724
55.94503088539285 -3.190408418478696 SSE 55.9447537215331 -3.1902936134489863 726.469450 574.411724
55.9447537215331 -3.1902936134489863 SSE 55.94447655767334 -3.190178808419277 726.469450 573.161724
55.94447655767334 -3.190178808419277 S 55.94417655767334 -3.190178808419277 726.469450 571.911724
55.94417655767334 -3.190178808419277 SSE 55.94389939381358 -3.1900640033895673 726.469450 570.661724
55.94389939381358 -3.1900640033895673 S 55.94359939381358 -3.1900640033895673 726.469450 569.411724
55.94359939381358 -3.1900640033895673 SSE 55.94332222995382 -3.189949198359858 726.469450 568.161724
55.94332222995382 -3.189949198359858 S 55.94302222995382 -3.189949198359858 681.073990 552.215103
55.94302222995382 -3.189949198359858 SSE 55.94274506609406 -3.1898343933301483 681.073990 550.965103
55.94274506609406 -3.1898343933301483 NE 55.94295719812842 -3.1896222612957925 730.512423 619.547826
55.94295719812842 -3.1896222612957925 NE 55.943169330162775 -3.1894101292614367 730.512423 618.297826
55.943169330162775 -3.1894101292614367 NE 55.94338146219713 -3.189197997227081 730.512423 617.047826
55.94338146219713 -3.189197997227081 NE 55.94359359423149 -3.188985865192725 787.150983 699.459867
55.94359359423149 -3.188985865192725 NNE 55.94387075809124 -3.1888710601630157 787.150983 698.209867
55.94387075809124 -3.1888710601630157 NE 55.9440828901256 -3.18865892812866 787.150983 696.959867
55.9440828901256 -3.18865892812866 NNE 55.944360053985356 -3.1885441230989504 787.150983 695.709867
55.944360053985356 -3.1885441230989504 NE 55.94457218601971 -3.1883319910645946 787.150983 694.459867
55.94457218601971 -3.1883319910645946 NNE 55.94484934987947 -3.188217186034885 787.150983 693.209867
55.94484934987947 -3.188217186034885 NE 55.945061481913825 -3.1880050540005294 787.150983 691.959867
55.945061481913825 -3.1880050540005294 NNE 55.94533864577358 -3.18789024897082 787.150983 690.709867
55.94533864577358 -3.18789024897082 NE 55.94555077780794 -3.187678116936464 787.150983 689.459867
55.94555077780794 -3.187678116936464 NNE 55.945827941667694 -3.1875633119067546 797.984966 770.778958
55.945827941667694 -3.1875633119067546 W 55.945827941667694 -3.1878633119067548 797.984966 769.528958
55.945827941667694 -3.1878633119067548 WSW 55.945713136637984 -3.188140475766508 797.984966 768.278958
55.945713136637984 -3.188140475766508 W 55.945713136637984 -3.1884404757665084 797.984966 767.028958
55.945713136637984 -3.1884404757665084 WSW 55.945598331608274 -3.1887176396262618 797.984966 765.778958
55.945598331608274 -3.1887176396262618 SW 55.94538619957392 -3.1889297716606175 819.878162 865.517873
55.94538619957392 -3.1889297716606175 SW 55.94517406753956 -3.1891419036949733 819.878162 864.267873
55.94517406753956 -3.1891419036949733 SW 55.944961935505205 -3.189354035729329 819.878162 863.017873
55.944961935505205 -3.189354035729329 WSW 55.944847130475495 -3.1896311995890825 819.878162 861.767873
55.944847130475495 -3.1896311995890825 SW 55.94463499844114 -3.1898433316234382 819.878162 860.517873
55.94463499844114 -3.1898433316234382 WSW 55.94452019341143 -3.1901204954831917 819.878162 859.267873
55.94452019341143 -3.1901204954831917 SW 55.94430806137707 -3.1903326275175474 819.878162 858.017873
55.94430806137707 -3.1903326275175474 WSW 55.94419325634736 -3.190609791377301 819.878162 856.767873
55.94419325634736 -3.190609791377301 SW 55.943981124313005 -3.1908219234116566 842.172276 866.576437
55.943981124313005 -3.1908219234116566 WSW 55.943866319283295 -3.19109908727141 842.172276 865.326437
55.943866319283295 -3.19109908727141 E 55.943866319283295 -3.19079908727141 903.869788 885.440981
55.943866319283295 -3.19079908727141 E 55.943866319283295 -3.1904990872714096 903.869788 884.190981
55.943866319283295 -3.1904990872714096 E 55.943866319283295 -3.1901990872714094 903.869788 882.940981
55.943866319283295 -3.1901990872714094 E 55.943866319283295 -3.1898990872714093 903.869788 881.690981
55.943866319283295 -3.1898990872714093 E 55.943866319283295 -3.189599087271409 903.869788 880.440981
55.943866319283295 -3.189599087271409 E 55.943866319283295 -3.189299087271409 903.869788 879.190981
55.943866319283295 -3.189299087271409 E 55.943866319283295 -3.1889990872714087 903.869788 877.940981
55.943866319283295 -3.1889990872714087 E 55.943866319283295 -3.1886990872714085 903.869788 876.690981
55.943866319283295 -3.1886990872714085 E 55.943866319283295 -3.1883990872714083 903.869788 875.440981
55.943866319283295 -3.1883990872714083 ENE 55.943981124313005 -3.188121923411655 903.869788 874.190981
55.943981124313005 -3.188121923411655 E 55.943981124313005 -3.1878219234116547 977.239175 950.269818
55.943981124313005 -3.1878219234116547 ENE 55.944095929342716 -3.1875447595519013 977.239175 949.019818
55.944095929342716 -3.1875447595519013 E 55.944095929342716 -3.187244759551901 977.239175 947.769818
55.944095929342716 -3.187244759551901 ENE 55.944210734372426 -3.1869675956921477 977.239175 946.519818
55.944210734372426 -3.1869675956921477 E 55.944210734372426 -3.1866675956921475 977.239175 945.269818
55.944210734372426 -3.1866675956921475 E 55.944210734372426 -3.1863675956921473 1087.848144 1015.431329
55.944210734372426 -3.1863675956921473 E 55.944210734372426 -3.186067595692147 1083.401295 909.932397
55.944210734372426 -3.186067595692147 E 55.944210734372426 -3.185767595692147 1083.401295 908.682397
55.944210734372426 -3.185767595692147 ESE 55.944095929342716 -3.1854904318323936 1083.401295 907.432397
55.944095929342716 -3.1854904318323936 E 55.944095929342716 -3.1851904318323934 1083.401295 906.182397
55.944095929342716 -3.1851904318323934 ESE 55.943981124313005 -3.18491326797264 1083.401295 904.932397
55.943981124313005 -3.18491326797264 E 55.943981124313005 -3.1846132679726398 1083.401295 903.682397
55.943981124313005 -3.1846132679726398 WNW 55.944095929342716 -3.184890431832393 1169.277092 978.447113
55.944095929342716 -3.184890431832393 WNW 55.944210734372426 -3.1851675956921466 1169.277092 977.197113
55.944210734372426 -3.1851675956921466 WNW 55.944325539402136 -3.1854447595519 1169.277092 975.947113
55.944325539402136 -3.1854447595519 WNW 55.94444034443185 -3.1857219234116534 1169.277092 974.697113
55.94444034443185 -3.1857219234116534 WNW 55.94455514946156 -3.185999087271407 1169.277092 973.447113
55.94455514946156 -3.185999087271407 WNW 55.94466995449127 -3.18627625113116 1169.277092 972.197113
55.94466995449127 -3.18627625113116 WNW 55.94478475952098 -3.1865534149909136 1169.277092 970.947113
55.94478475952098 -3.1865534149909136 WNW 55.94489956455069 -3.186830578850667 1169.277092 969.697113
55.94489956455069 -3.186830578850667 WNW 55.9450143695804 -3.1871077427104204 1114.534734 968.447113
55.9450143695804 -3.1871077427104204 WNW 55.94512917461011 -3.187384906570174 1114.534734 967.197113
55.94512917461011 -3.187384906570174 WNW 55.94524397963982 -3.187662070429927 1114.534734 965.947113
55.94524397963982 -3.187662070429927 WNW 55.94535878466953 -3.1879392342896806 1114.534734 964.697113
55.94535878466953 -3.1879392342896806 WNW 55.94547358969924 -3.188216398149434 1114.534734 963.447113
55.94547358969924 -3.188216398149434 WNW 55.94558839472895 -3.1884935620091874 1114.534734 962.197113
55.94558839472895 -3.1884935620091874 W 55.94558839472895 -3.1887935620091876 1114.534734 960.947113
55.94558839472895 -3.1887935620091876 WNW 55.94570319975866 -3.189070725868941 1114.534734 959.697113
55.94570319975866 -3.189070725868941 WSW 55.94558839472895 -3.1893478897286944 1195.165222 1074.293591
55.94558839472895 -3.1893478897286944 WSW 55.94547358969924 -3.189625053588448 1195.165222 1073.043591
55.94547358969924 -3.189625053588448 WSW 55.94535878466953 -3.1899022174482012 1195.165222 1071.793591
55.94535878466953 -3.1899022174482012 WSW 55.94524397963982 -3.1901793813079546 1195.165222 1070.543591
55.94524397963982 -3.1901793813079546 WSW 55.94512917461011 -3.190456545167708 1195.165222 1069.293591
55.94512917461011 -3.190456545167708 WSW 55.9450143695804 -3.1907337090274615 1195.165222 1068.043591
55.9450143695804 -3.1907337090274615 WSW 55.94489956455069 -3.191010872887215 1195.165222 1066.793591
55.94489956455069 -3.191010872887215 WSW 55.94478475952098 -3.1912880367469683 1195.165222 1065.543591
55.94478475952098 -3.1912880367469683 SW 55.94457262748662 -3.191500168781324 1195.165222 1064.293591
55.94457262748662 -3.191500168781324 WSW 55.94445782245691 -3.1917773326410774 1287.260075 1068.138754
55.94445782245691 -3.1917773326410774 S 55.94415782245691 -3.1917773326410774 1376.418821 1169.679559
55.94415782245691 -3.1917773326410774 E 55.94415782245691 -3.1914773326410772 1392.074028 1209.192986
55.94415782245691 -3.1914773326410772 E 55.94415782245691 -3.191177332641077 1392.074028 1207.942986
55.94415782245691 -3.191177332641077 E 55.94415782245691 -3.190877332641077 1392.074028 1206.692986
55.94415782245691 -3.190877332641077 E 55.94415782245691 -3.1905773326410767 1392.074028 1205.442986
55.94415782245691 -3.1905773326410767 E 55.94415782245691 -3.1902773326410765 1392.074028 1204.192986
55.94415782245691 -3.1902773326410765 E 55.94415782245691 -3.1899773326410763 1392.074028 1202.942986
55.94415782245691 -3.1899773326410763 E 55.94415782245691 -3.189677332641076 1392.074028 1201.692986
55.94415782245691 -3.189677332641076 E 55.94415782245691 -3.189377332641076 1392.074028 1200.442986
55.94415782245691 -3.189377332641076 E 55.94415782245691 -3.1890773326410757 1392.074028 1199.192986
55.94415782245691 -3.1890773326410757 ENE 55.94427262748662 -3.1888001687813223 1392.074028 1197.942986
55.94427262748662 -3.1888001687813223 E 55.94427262748662 -3.188500168781322 1392.074028 1196.692986
55.94427262748662 -3.188500168781322 ENE 55.94438743251633 -3.1882230049215687 1392.074028 1195.442986
55.94438743251633 -3.1882230049215687 E 55.94438743251633 -3.1879230049215685 1392.074028 1194.192986
55.94438743251633 -3.1879230049215685 ENE 55.94450223754604 -3.187645841061815 1392.074028 1192.942986
55.94450223754604 -3.187645841061815 E 55.94450223754604 -3.187345841061815 1392.074028 1191.692986
55.94450223754604 -3.187345841061815 ENE 55.94461704257575 -3.1870686772020616 1392.074028 1190.442986
55.94461704257575 -3.1870686772020616 E 55.94461704257575 -3.1867686772020614 1392.074028 1189.192986
55.94461704257575 -3.1867686772020614 ENE 55.94473184760546 -3.186491513342308 1392.074028 1187.942986
55.94473184760546 -3.186491513342308 E 55.94473184760546 -3.1861915133423078 1392.074028 1186.692986
55.94473184760546 -3.1861915133423078 ENE 55.94484665263517 -3.1859143494825544 1392.074028 1185.442986
55.94484665263517 -3.1859143494825544 E 55.94484665263517 -3.185614349482554 1392.074028 1184.192986
55.94484665263517 -3.185614349482554 ENE 55.94496145766488 -3.1853371856228008 1392.074028 1182.942986
55.94496145766488 -3.1853371856228008 E 55.94496145766488 -3.1850371856228006 1392.074028 1181.692986
55.94496145766488 -3.1850371856228006 ENE 55.94507626269459 -3.184760021763047 1392.074028 1180.442986
55.94507626269459 -3.184760021763047 SW 55.944864130660235 -3.184972153797403 1424.866889 1266.302990
55.944864130660235 -3.184972153797403 SW 55.94465199862588 -3.1851842858317587 1424.866889 1265.052990
55.94465199862588 -3.1851842858317587 SW 55.94443986659152 -3.1853964178661145 1424.866889 1263.802990
55.94443986659152 -3.1853964178661145 SW 55.94422773455717 -3.1856085499004703 1424.866889 1262.552990
55.94422773455717 -3.1856085499004703 SW 55.94401560252281 -3.185820681934826 1424.866889 1261.302990
55.94401560252281 -3.185820681934826 SW 55.943803470488454 -3.186032813969182 1424.866889 1260.052990
55.943803470488454 -3.186032813969182 SW 55.9435913384541 -3.1862449460035376 1424.866889 1258.802990
55.9435913384541 -3.1862449460035376 SW 55.94337920641974 -3.1864570780378934 1424.866889 1257.552990
55.94337920641974 -3.1864570780378934 SW 55.943167074385386 -3.186669210072249 1424.866889 1256.302990
55.943167074385386 -3.186669210072249 SSW 55.94288991052563 -3.1867840151019586 1424.866889 1255.052990
55.94288991052563 -3.1867840151019586 SW 55.94267777849127 -3.1869961471363144 1424.866889 1253.802990
55.94267777849127 -3.1869961471363144 NNE 55.94295494235103 -3.186881342106605 1448.893545 1369.649715
55.94295494235103 -3.186881342106605 NNE 55.943232106210786 -3.1867665370768954 1448.893545 1368.399715
55.943232106210786 -3.1867665370768954 NNE 55.94350927007054 -3.186651732047186 1448.893545 1367.149715
55.94350927007054 -3.186651732047186 NE 55.9437214021049 -3.18643960001283 1448.893545 1365.899715
55.9437214021049 -3.18643960001283 WSW 55.94360659707519 -3.1867167638725835 1480.555248 1444.221081
55.94360659707519 -3.1867167638725835 WSW 55.94349179204548 -3.186993927732337 1480.555248 1442.971081
55.94349179204548 -3.186993927732337 W 55.94349179204548 -3.187293927732337 1480.555248 1441.721081
55.94349179204548 -3.187293927732337 WSW 55.94337698701577 -3.1875710915920905 1480.555248 1440.471081
55.94337698701577 -3.1875710915920905 W 55.94337698701577 -3.1878710915920907 1480.555248 1439.221081
55.94337698701577 -3.1878710915920907 WSW 55.94326218198606 -3.188148255451844 1480.555248 1437.971081
55.94326218198606 -3.188148255451844 W 55.94326218198606 -3.1884482554518443 1480.555248 1436.721081
55.94326218198606 -3.1884482554518443 WSW 55.94314737695635 -3.1887254193115977 1480.555248 1435.471081
55.94314737695635 -3.1887254193115977 W 55.94314737695635 -3.189025419311598 1480.555248 1434.221081
55.94314737695635 -3.189025419311598 WSW 55.943032571926636 -3.1893025831713513 1480.555248 1432.971081
55.943032571926636 -3.1893025831713513 W 55.943032571926636 -3.1896025831713515 1480.555248 1431.721081
55.943032571926636 -3.1896025831713515 WSW 55.942917766896926 -3.189879747031105 1480.555248 1430.471081
55.942917766896926 -3.189879747031105 W 55.942917766896926 -3.190179747031105 1480.555248 1429.221081
55.942917766896926 -3.190179747031105 WSW 55.942802961867216 -3.1904569108908585 1480.555248 1427.971081
55.942802961867216 -3.1904569108908585 W 55.942802961867216 -3.1907569108908587 1480.555248 1426.721081
55.942802961867216 -3.1907569108908587 WSW 55.942688156837505 -3.191034074750612 1480.555248 1425.471081
55.942688156837505 -3.191034074750612 ENE 55.942802961867216 -3.1907569108908587 1558.210666 1507.712960
55.942802961867216 -3.1907569108908587 ENE 55.942917766896926 -3.1904797470311053 1558.210666 1506.462960
55.942917766896926 -3.1904797470311053 ENE 55.943032571926636 -3.190202583171352 1558.210666 1505.212960
55.943032571926636 -3.190202583171352 ENE 55.94314737695635 -3.1899254193115985 1558.210666 1503.962960
55.94314737695635 -3.1899254193115985 ENE 55.94326218198606 -3.189648255451845 1558.210666 1502.712960
55.94326218198606 -3.189648255451845 ENE 55.94337698701577 -3.1893710915920916 1558.210666 1501.462960
55.94337698701577 -3.1893710915920916 ENE 55.94349179204548 -3.1890939277323382 1558.210666 1500.212960
55.94349179204548 -3.1890939277323382 ENE 55.94360659707519 -3.188816763872585 1558.210666 1498.962960
55.94360659707519 -3.188816763872585 ENE 55.9437214021049 -3.1885396000128314 1558.210666 1497.712960
55.9437214021049 -3.1885396000128314 ENE 55.94383620713461 -3.188262436153078 1558.210666 1496.462960
55.94383620713461 -3.188262436153078 ENE 55.94395101216432 -3.1879852722933246 1558.210666 1495.212960
55.94395101216432 -3.1879852722933246 ENE 55.94406581719403 -3.187708108433571 1558.210666 1493.962960
55.94406581719403 -3.187708108433571 ENE 55.94418062222374 -3.187430944573818 1558.210666 1492.712960
55.94418062222374 -3.187430944573818 ENE 55.94429542725345 -3.1871537807140644 1558.210666 1491.462960
55.94429542725345 -3.1871537807140644 ENE 55.94441023228316 -3.186876616854311 1558.210666 1490.212960
55.94441023228316 -3.186876616854311 ENE 55.94452503731287 -3.1865994529945576 1558.210666 1488.962960
55.94452503731287 -3.1865994529945576 ENE 55.94463984234258 -3.186322289134804 1558.210666 1487.712960
55.94463984234258 -3.186322289134804 ENE 55.94475464737229 -3.186045125275051 1558.210666 1486.462960
55.94475464737229 -3.186045125275051 ENE 55.944869452402 -3.1857679614152974 1558.210666 1485.212960
55.944869452402 -3.1857679614152974 NE 55.94508158443636 -3.1855558293809416 1558.210666 1483.962960
55.94508158443636 -3.1855558293809416 ENE 55.94519638946607 -3.185278665521188 1558.210666 1482.712960
55.94519638946607 -3.185278665521188 NE 55.945408521500426 -3.1850665334868324 1558.210666 1481.462960
55.945408521500426 -3.1850665334868324 ENE 55.945523326530136 -3.184789369627079 1508.103064 1361.683307
55.945523326530136 -3.184789369627079 NE 55.94573545856449 -3.1845772375927233 1508.103064 1360.433307
55.94573545856449 -3.1845772375927233 ENE 55.9458502635942 -3.18430007373297 1577.561578 1475.267703
55.9458502635942 -3.18430007373297 WSW 55.94573545856449 -3.1845772375927233 1577.561578 1474.017703
55.94573545856449 -3.1845772375927233 WSW 55.94562065353478 -3.1848544014524767 1577.561578 1472.767703
55.94562065353478 -3.1848544014524767 WSW 55.94550584850507 -3.18513156531223 1577.561578 1471.517703
55.94550584850507 -3.18513156531223 WSW 55.94539104347536 -3.1854087291719835 1577.561578 1470.267703
55.94539104347536 -3.1854087291719835 WSW 55.94527623844565 -3.185685893031737 1577.561578 1469.017703
55.94527623844565 -3.185685893031737 WSW 55.94516143341594 -3.1859630568914903 1577.561578 1467.767703
55.94516143341594 -3.1859630568914903 WSW 55.94504662838623 -3.1862402207512437 1577.561578 1466.517703
55.94504662838623 -3.1862402207512437 WSW 55.94493182335652 -3.186517384610997 1577.561578 1465.267703
55.94493182335652 -3.186517384610997 WSW 55.94481701832681 -3.1867945484707505 1577.561578 1464.017703
55.94481701832681 -3.1867945484707505 W 55.94481701832681 -3.1870945484707507 1577.561578 1462.767703
55.94481701832681 -3.1870945484707507 WSW 55.9447022132971 -3.187371712330504 1577.561578 1461.517703
55.9447022132971 -3.187371712330504 W 55.9447022132971 -3.1876717123305043 1577.561578 1460.267703
55.9447022132971 -3.1876717123305043 WSW 55.94458740826739 -3.1879488761902577 1577.561578 1459.017703
55.94458740826739 -3.1879488761902577 W 55.94458740826739 -3.188248876190258 1577.561578 1457.767703
55.94458740826739 -3.188248876190258 WSW 55.94447260323768 -3.1885260400500113 1577.561578 1456.517703
55.94447260323768 -3.1885260400500113 W 55.94447260323768 -3.1888260400500115 1577.561578 1455.267703
55.94447260323768 -3.1888260400500115 WSW 55.94435779820797 -3.189103203909765 1577.561578 1454.017703
55.94435779820797 -3.189103203909765 W 55.94435779820797 -3.189403203909765 1577.561578 1452.767703
55.94435779820797 -3.189403203909765 WSW 55.94424299317826 -3.1896803677695185 1577.561578 1451.517703
55.94424299317826 -3.1896803677695185 W 55.94424299317826 -3.1899803677695187 1577.561578 1450.267703
55.94424299317826 -3.1899803677695187 WSW 55.94412818814855 -3.190257531629272 1577.561578 1449.017703
55.94412818814855 -3.190257531629272 W 55.94412818814855 -3.1905575316292722 1577.561578 1447.767703
55.94412818814855 -3.1905575316292722 WSW 55.944013383118836 -3.1908346954890257 1577.561578 1446.517703
55.944013383118836 -3.1908346954890257 W 55.944013383118836 -3.191134695489026 1577.561578 1445.267703
55.944013383118836 -3.191134695489026 WSW 55.943898578089126 -3.1914118593487792 1577.561578 1444.017703
55.943898578089126 -3.1914118593487792 WNW 55.944013383118836 -3.1916890232085326 1621.875618 1448.381336
55.944013383118836 -3.1916890232085326 ESE 55.943898578089126 -3.1914118593487792 1621.875618 1447.131336
55.943898578089126 -3.1914118593487792 SSW 55.94362141422937 -3.1915266643784888 1621.875618 1445.881336
55.94362141422937 -3.1915266643784888 NNW 55.943898578089126 -3.1916414694081983 1621.875618 1444.631336
55.943898578089126 -3.1916414694081983 W 55.943898578089126 -3.1919414694081985 1621.875618 1443.381336
55.943898578089126 -3.1919414694081985 NNW 55.94417574194888 -3.192056274437908 1621.875618 1442.131336
55.94417574194888 -3.192056274437908 SW 55.943963609914526 -3.1922684064722637 1621.875618 1440.881336
55.943963609914526 -3.1922684064722637 NNW 55.94424077377428 -3.1923832115019732 1541.254819 1348.260128
55.94424077377428 -3.1923832115019732 W 55.94424077377428 -3.1926832115019734 1541.254819 1347.010128
55.94424077377428 -3.1926832115019734 S 55.94394077377428 -3.1926832115019734 1541.254819 1345.760128
55.94394077377428 -3.1926832115019734 NE 55.944152905808636 -3.1924710794676177 1541.254819 1344.510128
55.944152905808636 -3.1924710794676177 E 55.944152905808636 -3.1921710794676175 1541.254819 1343.260128
55.944152905808636 -3.1921710794676175 ENE 55.944267710838346 -3.191893915607864 1541.254819 1342.010128
