55.944425 -3.188396 ENE 55.94453980502971 -3.1881188361402466 0.000000 248.750000
55.94453980502971 -3.1881188361402466 ENE 55.94465461005942 -3.187841672280493 0.000000 247.500000
55.94465461005942 -3.187841672280493 ENE 55.944769415089134 -3.18756450842074 0.000000 246.250000
55.944769415089134 -3.18756450842074 ENE 55.944884220118844 -3.1872873445609864 0.000000 245.000000
55.944884220118844 -3.1872873445609864 ENE 55.944999025148554 -3.187010180701233 49.270928 256.824749
55.944999025148554 -3.187010180701233 ENE 55.945113830178265 -3.1867330168414796 0.000000 131.704170
55.945113830178265 -3.1867330168414796 ENE 55.945228635207975 -3.186455852981726 0.000000 130.454170
55.945228635207975 -3.186455852981726 ENE 55.945343440237686 -3.1861786891219728 0.000000 129.204170
55.945343440237686 -3.1861786891219728 ENE 55.945458245267396 -3.1859015252622194 0.000000 127.954170
55.945458245267396 -3.1859015252622194 S 55.94515824526739 -3.1859015252622194 113.887452 161.557950
55.94515824526739 -3.1859015252622194 S 55.94485824526739 -3.1859015252622194 220.206845 177.434411
55.94485824526739 -3.1859015252622194 S 55.94455824526739 -3.1859015252622194 235.925669 269.476424
55.94455824526739 -3.1859015252622194 SSE 55.94428108140763 -3.18578672023251 235.925669 268.226424
55.94428108140763 -3.18578672023251 S 55.94398108140763 -3.18578672023251 235.925669 266.976424
55.94398108140763 -3.18578672023251 SSE 55.94370391754787 -3.1856719152028004 235.925669 265.726424
55.94370391754787 -3.1856719152028004 S 55.94340391754787 -3.1856719152028004 313.140754 273.632146
55.94340391754787 -3.1856719152028004 SSE 55.94312675368811 -3.185557110173091 313.140754 272.382146
55.94312675368811 -3.185557110173091 NNE 55.94340391754787 -3.1854423051433813 348.280399 331.473396
55.94340391754787 -3.1854423051433813 NNE 55.943681081407625 -3.185327500113672 348.280399 330.223396
55.943681081407625 -3.185327500113672 NNE 55.94395824526738 -3.1852126950839623 348.280399 328.973396
55.94395824526738 -3.1852126950839623 NNE 55.94423540912714 -3.185097890054253 348.280399 327.723396
55.94423540912714 -3.185097890054253 NNE 55.944512572986895 -3.1849830850245433 348.280399 326.473396
55.944512572986895 -3.1849830850245433 NNE 55.94478973684665 -3.184868279994834 348.280399 325.223396
55.94478973684665 -3.184868279994834 NNE 55.94506690070641 -3.1847534749651243 348.280399 323.973396
55.94506690070641 -3.1847534749651243 WSW 55.9449520956767 -3.1850306388248777 381.073260 409.833400
55.9449520956767 -3.1850306388248777 WSW 55.94483729064699 -3.185307802684631 381.073260 408.583400
55.94483729064699 -3.185307802684631 WSW 55.94472248561728 -3.1855849665443845 381.073260 407.333400
55.94472248561728 -3.1855849665443845 WSW 55.944607680587566 -3.185862130404138 381.073260 406.083400
55.944607680587566 -3.185862130404138 WSW 55.944492875557856 -3.1861392942638913 381.073260 404.833400
55.944492875557856 -3.1861392942638913 WSW 55.944378070528145 -3.1864164581236447 381.073260 403.583400
55.944378070528145 -3.1864164581236447 WSW 55.944263265498435 -3.186693621983398 376.626411 298.084467
55.944263265498435 -3.186693621983398 WSW 55.944148460468725 -3.1869707858431515 487.235380 368.245978
55.944148460468725 -3.1869707858431515 WSW 55.944033655439014 -3.187247949702905 487.235380 366.995978
55.944033655439014 -3.187247949702905 WSW 55.943918850409304 -3.1875251135626583 487.235380 365.745978
55.943918850409304 -3.1875251135626583 WSW 55.94380404537959 -3.1878022774224117 487.235380 364.495978
55.94380404537959 -3.1878022774224117 WSW 55.94368924034988 -3.188079441282165 487.235380 363.245978
55.94368924034988 -3.188079441282165 WSW 55.94357443532017 -3.1883566051419185 487.235380 361.995978
55.94357443532017 -3.1883566051419185 WSW 55.94345963029046 -3.188633769001672 487.235380 360.745978
55.94345963029046 -3.188633769001672 WSW 55.94334482526075 -3.1889109328614254 487.235380 359.495978
55.94334482526075 -3.1889109328614254 SW 55.943132693226396 -3.189123064895781 543.873940 441.908020
55.943132693226396 -3.189123064895781 WSW 55.943017888196685 -3.1894002287555345 543.873940 440.658020
55.943017888196685 -3.1894002287555345 SW 55.94280575616233 -3.1896123607898903 543.873940 439.408020
55.94280575616233 -3.1896123607898903 WSW 55.94269095113262 -3.1898895246496437 543.873940 438.158020
55.94269095113262 -3.1898895246496437 N 55.94299095113262 -3.1898895246496437 593.312373 506.740743
55.94299095113262 -3.1898895246496437 N 55.943290951132624 -3.1898895246496437 547.916912 490.794122
55.943290951132624 -3.1898895246496437 N 55.94359095113263 -3.1898895246496437 547.916912 489.544122
55.94359095113263 -3.1898895246496437 N 55.94389095113263 -3.1898895246496437 547.916912 488.294122
55.94389095113263 -3.1898895246496437 NNE 55.94416811499239 -3.189774719619934 547.916912 487.044122
55.94416811499239 -3.189774719619934 N 55.94446811499239 -3.189774719619934 547.916912 485.794122
55.94446811499239 -3.189774719619934 WNW 55.9445829200221 -3.1900518834796876 643.998987 519.129207
55.9445829200221 -3.1900518834796876 WNW 55.94469772505181 -3.190329047339441 654.776489 579.621429
55.94469772505181 -3.190329047339441 NW 55.94490985708617 -3.1905411793737968 715.574214 614.889538
55.94490985708617 -3.1905411793737968 WNW 55.94502466211588 -3.19081834323355 715.574214 613.639538
55.94502466211588 -3.19081834323355 NW 55.94523679415023 -3.191030475267906 715.574214 612.389538
55.94523679415023 -3.191030475267906 SW 55.94502466211588 -3.1912426073022617 779.504141 729.019147
55.94502466211588 -3.1912426073022617 SW 55.94481253008152 -3.1914547393366175 779.504141 727.769147
55.94481253008152 -3.1914547393366175 SSW 55.944535366221764 -3.191569544366327 779.504141 726.519147
55.944535366221764 -3.191569544366327 E 55.944535366221764 -3.191269544366327 871.598994 730.364311
55.944535366221764 -3.191269544366327 E 55.944535366221764 -3.1909695443663266 871.598994 729.114311
55.944535366221764 -3.1909695443663266 E 55.944535366221764 -3.1906695443663264 871.598994 727.864311
55.944535366221764 -3.1906695443663264 ESE 55.944420561192054 -3.190392380506573 871.598994 726.614311
55.944420561192054 -3.190392380506573 E 55.944420561192054 -3.190092380506573 871.598994 725.364311
55.944420561192054 -3.190092380506573 ESE 55.94430575616234 -3.1898152166468194 871.598994 724.114311
55.94430575616234 -3.1898152166468194 E 55.94430575616234 -3.1895152166468193 871.598994 722.864311
55.94430575616234 -3.1895152166468193 ESE 55.94419095113263 -3.189238052787066 871.598994 721.614311
55.94419095113263 -3.189238052787066 E 55.94419095113263 -3.1889380527870657 871.598994 720.364311
55.94419095113263 -3.1889380527870657 ESE 55.94407614610292 -3.1886608889273123 847.771272 695.218376
55.94407614610292 -3.1886608889273123 E 55.94407614610292 -3.188360888927312 847.771272 693.968376
55.94407614610292 -3.188360888927312 SE 55.943864014068566 -3.1881487568929563 921.140659 770.047213
55.943864014068566 -3.1881487568929563 SE 55.94365188203421 -3.1879366248586005 921.140659 768.797213
55.94365188203421 -3.1879366248586005 SE 55.943439749999854 -3.1877244928242447 921.140659 767.547213
55.943439749999854 -3.1877244928242447 SE 55.9432276179655 -3.187512360789889 921.140659 766.297213
55.9432276179655 -3.187512360789889 SE 55.94301548593114 -3.187300228755533 921.140659 765.047213
55.94301548593114 -3.187300228755533 SE 55.942803353896785 -3.1870880967211774 921.140659 763.797213
55.942803353896785 -3.1870880967211774 WNW 55.942918158926496 -3.187365260580931 945.167314 879.643939
55.942918158926496 -3.187365260580931 WNW 55.943032963956206 -3.1876424244406842 945.167314 878.393939
55.943032963956206 -3.1876424244406842 WNW 55.94314776898592 -3.1879195883004376 945.167314 877.143939
55.94314776898592 -3.1879195883004376 W 55.94314776898592 -3.188219588300438 945.167314 875.893939
55.94314776898592 -3.188219588300438 WNW 55.94326257401563 -3.1884967521601912 945.167314 874.643939
55.94326257401563 -3.1884967521601912 W 55.94326257401563 -3.1887967521601914 945.167314 873.393939
55.94326257401563 -3.1887967521601914 WNW 55.94337737904534 -3.189073916019945 945.167314 872.143939
55.94337737904534 -3.189073916019945 W 55.94337737904534 -3.189373916019945 945.167314 870.893939
55.94337737904534 -3.189373916019945 WNW 55.94349218407505 -3.1896510798796984 945.167314 869.643939
55.94349218407505 -3.1896510798796984 W 55.94349218407505 -3.1899510798796986 945.167314 868.393939
55.94349218407505 -3.1899510798796986 WNW 55.94360698910476 -3.190228243739452 945.167314 867.143939
55.94360698910476 -3.190228243739452 W 55.94360698910476 -3.190528243739452 945.167314 865.893939
55.94360698910476 -3.190528243739452 WNW 55.94372179413447 -3.1908054075992056 945.167314 864.643939
55.94372179413447 -3.1908054075992056 W 55.94372179413447 -3.191105407599206 945.167314 863.393939
55.94372179413447 -3.191105407599206 NE 55.943933926168825 -3.19089327556485 1006.864826 883.508483
55.943933926168825 -3.19089327556485 NE 55.94414605820318 -3.1906811435304943 1006.864826 882.258483
55.94414605820318 -3.1906811435304943 NE 55.94435819023754 -3.1904690114961385 1006.864826 881.008483
55.94435819023754 -3.1904690114961385 NE 55.94457032227189 -3.1902568794617827 1006.864826 879.758483
55.94457032227189 -3.1902568794617827 NE 55.94478245430625 -3.190044747427427 1006.864826 878.508483
55.94478245430625 -3.190044747427427 NE 55.944994586340606 -3.189832615393071 1006.864826 877.258483
55.944994586340606 -3.189832615393071 NE 55.94520671837496 -3.1896204833587154 1006.864826 876.008483
55.94520671837496 -3.1896204833587154 NE 55.94541885040932 -3.1894083513243596 1006.864826 874.758483
55.94541885040932 -3.1894083513243596 NE 55.945630982443674 -3.189196219290004 1006.864826 873.508483
55.945630982443674 -3.189196219290004 WSW 55.945516177413964 -3.1894733831497573 1087.495314 988.104961
55.945516177413964 -3.1894733831497573 WSW 55.945401372384254 -3.1897505470095107 1087.495314 986.854961
55.945401372384254 -3.1897505470095107 WSW 55.94528656735454 -3.190027710869264 1087.495314 985.604961
55.94528656735454 -3.190027710869264 WSW 55.94517176232483 -3.1903048747290175 1087.495314 984.354961
55.94517176232483 -3.1903048747290175 WSW 55.94505695729512 -3.190582038588771 1203.267695 1069.162156
55.94505695729512 -3.190582038588771 WSW 55.94494215226541 -3.1908592024485243 1203.267695 1067.912156
55.94494215226541 -3.1908592024485243 WSW 55.9448273472357 -3.1911363663082777 1203.267695 1066.662156
55.9448273472357 -3.1911363663082777 WSW 55.94471254220599 -3.191413530168031 1203.267695 1065.412156
55.94471254220599 -3.191413530168031 SW 55.944500410171635 -3.191625662202387 1203.267695 1064.162156
55.944500410171635 -3.191625662202387 NW 55.94471254220599 -3.1918377942367426 1292.426441 1165.702960
55.94471254220599 -3.1918377942367426 NW 55.94492467424035 -3.1920499262710984 1292.426441 1164.452960
55.94492467424035 -3.1920499262710984 NW 55.945136806274704 -3.192262058305454 1292.426441 1163.202960
55.945136806274704 -3.192262058305454 SSE 55.94485964241495 -3.1921472532757447 1377.852618 1199.966758
55.94485964241495 -3.1921472532757447 SSE 55.94458247855519 -3.192032448246035 1377.852618 1198.716758
55.94458247855519 -3.192032448246035 SSE 55.944305314695434 -3.1919176432163257 1377.852618 1197.466758
55.944305314695434 -3.1919176432163257 SE 55.94409318266108 -3.19170551118197 1377.852618 1196.216758
55.94409318266108 -3.19170551118197 ENE 55.94420798769079 -3.1914283473222165 1393.507825 1235.730185
55.94420798769079 -3.1914283473222165 ENE 55.9443227927205 -3.191151183462463 1393.507825 1234.480185
55.9443227927205 -3.191151183462463 ENE 55.94443759775021 -3.1908740196027097 1393.507825 1233.230185
55.94443759775021 -3.1908740196027097 ENE 55.94455240277992 -3.1905968557429563 1393.507825 1231.980185
55.94455240277992 -3.1905968557429563 ENE 55.94466720780963 -3.190319691883203 1393.507825 1230.730185
55.94466720780963 -3.190319691883203 E 55.94466720780963 -3.1900196918832027 1393.507825 1229.480185
55.94466720780963 -3.1900196918832027 ENE 55.94478201283934 -3.1897425280234493 1393.507825 1228.230185
55.94478201283934 -3.1897425280234493 E 55.94478201283934 -3.189442528023449 1393.507825 1226.980185
55.94478201283934 -3.189442528023449 ENE 55.94489681786905 -3.1891653641636957 1393.507825 1225.730185
55.94489681786905 -3.1891653641636957 E 55.94489681786905 -3.1888653641636955 1393.507825 1224.480185
55.94489681786905 -3.1888653641636955 ENE 55.94501162289876 -3.188588200303942 1360.372675 1148.780767
55.94501162289876 -3.188588200303942 E 55.94501162289876 -3.188288200303942 1360.372675 1147.530767
55.94501162289876 -3.188288200303942 ENE 55.94512642792847 -3.1880110364441885 1360.372675 1146.280767
55.94512642792847 -3.1880110364441885 E 55.94512642792847 -3.1877110364441883 1360.372675 1145.030767
55.94512642792847 -3.1877110364441883 ENE 55.94524123295818 -3.187433872584435 1360.372675 1143.780767
55.94524123295818 -3.187433872584435 E 55.94524123295818 -3.1871338725844347 1360.372675 1142.530767
55.94524123295818 -3.1871338725844347 ENE 55.94535603798789 -3.1868567087246813 1360.372675 1141.280767
55.94535603798789 -3.1868567087246813 E 55.94535603798789 -3.186556708724681 1360.372675 1140.030767
55.94535603798789 -3.186556708724681 ENE 55.9454708430176 -3.1862795448649277 1269.714915 1116.745068
55.9454708430176 -3.1862795448649277 E 55.9454708430176 -3.1859795448649275 1269.714915 1115.495068
55.9454708430176 -3.1859795448649275 ENE 55.94558564804731 -3.185702381005174 1269.714915 1114.245068
55.94558564804731 -3.185702381005174 E 55.94558564804731 -3.185402381005174 1269.714915 1112.995068
55.94558564804731 -3.185402381005174 ENE 55.94570045307702 -3.1851252171454205 1269.714915 1111.745068
55.94570045307702 -3.1851252171454205 E 55.94570045307702 -3.1848252171454203 1269.714915 1110.495068
55.94570045307702 -3.1848252171454203 ENE 55.945815258106734 -3.184548053285667 1269.714915 1109.245068
55.945815258106734 -3.184548053285667 SW 55.94560312607238 -3.1847601853200227 1339.173429 1224.079464
55.94560312607238 -3.1847601853200227 SW 55.94539099403802 -3.1849723173543785 1339.173429 1222.829464
55.94539099403802 -3.1849723173543785 SW 55.945178862003665 -3.1851844493887342 1289.065828 1103.049811
55.945178862003665 -3.1851844493887342 SW 55.94496672996931 -3.18539658142309 1289.065828 1101.799811
55.94496672996931 -3.18539658142309 SW 55.94475459793495 -3.185608713457446 1289.065828 1100.549811
55.94475459793495 -3.185608713457446 SW 55.9445424659006 -3.1858208454918016 1289.065828 1099.299811
55.9445424659006 -3.1858208454918016 SW 55.94433033386624 -3.1860329775261573 1289.065828 1098.049811
55.94433033386624 -3.1860329775261573 SW 55.944118201831884 -3.186245109560513 1289.065828 1096.799811
55.944118201831884 -3.186245109560513 SSW 55.94384103797213 -3.1863599145902226 1289.065828 1095.549811
55.94384103797213 -3.1863599145902226 NW 55.944053170006484 -3.1865720466245784 1320.727531 1173.871177
55.944053170006484 -3.1865720466245784 NW 55.94426530204084 -3.186784178658934 1320.727531 1172.621177
55.94426530204084 -3.186784178658934 WNW 55.94438010707055 -3.1870613425186876 1320.727531 1171.371177
55.94438010707055 -3.1870613425186876 NW 55.94459223910491 -3.1872734745530433 1320.727531 1170.121177
55.94459223910491 -3.1872734745530433 WNW 55.94470704413462 -3.1875506384127967 1320.727531 1168.871177
55.94470704413462 -3.1875506384127967 NW 55.94491917616897 -3.1877627704471525 1320.727531 1167.621177
55.94491917616897 -3.1877627704471525 WNW 55.945033981198684 -3.188039934306906 1320.727531 1166.371177
55.945033981198684 -3.188039934306906 NW 55.94524611323304 -3.1882520663412617 1320.727531 1165.121177
55.94524611323304 -3.1882520663412617 WNW 55.94536091826275 -3.188529230201015 1320.727531 1163.871177
55.94536091826275 -3.188529230201015 NW 55.94557305029711 -3.188741362235371 1320.727531 1162.621177
55.94557305029711 -3.188741362235371 WNW 55.94568785532682 -3.1890185260951243 1342.620728 1262.360092
55.94568785532682 -3.1890185260951243 ESE 55.94557305029711 -3.188741362235371 1342.620728 1261.110092
55.94557305029711 -3.188741362235371 ESE 55.945458245267396 -3.1884641983756175 1342.620728 1259.860092
55.945458245267396 -3.1884641983756175 ESE 55.945343440237686 -3.188187034515864 1342.620728 1258.610092
55.945343440237686 -3.188187034515864 ESE 55.945228635207975 -3.1879098706561106 1342.620728 1257.360092
55.945228635207975 -3.1879098706561106 ESE 55.945113830178265 -3.1876327067963572 1342.620728 1256.110092
55.945113830178265 -3.1876327067963572 ESE 55.944999025148554 -3.187355542936604 1342.620728 1254.860092
55.944999025148554 -3.187355542936604 ESE 55.944884220118844 -3.1870783790768504 1342.620728 1253.610092
55.944884220118844 -3.1870783790768504 ESE 55.944769415089134 -3.186801215217097 1342.620728 1252.360092
55.944769415089134 -3.186801215217097 ESE 55.94465461005942 -3.1865240513573436 1342.620728 1251.110092
55.94465461005942 -3.1865240513573436 ESE 55.94453980502971 -3.18624688749759 1342.620728 1249.860092
55.94453980502971 -3.18624688749759 ESE 55.944425 -3.185969723637837 1342.620728 1248.610092
55.944425 -3.185969723637837 ESE 55.94431019497029 -3.1856925597780834 1342.620728 1247.360092
55.94431019497029 -3.1856925597780834 ESE 55.94419538994058 -3.18541539591833 1342.620728 1246.110092
55.94419538994058 -3.18541539591833 ESE 55.94408058491087 -3.1851382320585766 1342.620728 1244.860092
55.94408058491087 -3.1851382320585766 ESE 55.94396577988116 -3.184861068198823 1342.620728 1243.610092
55.94396577988116 -3.184861068198823 E 55.94396577988116 -3.184561068198823 1342.620728 1242.360092
55.94396577988116 -3.184561068198823 W 55.94396577988116 -3.184861068198823 1428.496525 1317.124808
55.94396577988116 -3.184861068198823 W 55.94396577988116 -3.1851610681988234 1428.496525 1315.874808
55.94396577988116 -3.1851610681988234 WSW 55.94385097485145 -3.185438232058577 1428.496525 1314.624808
55.94385097485145 -3.185438232058577 W 55.94385097485145 -3.185738232058577 1428.496525 1313.374808
55.94385097485145 -3.185738232058577 WSW 55.94373616982174 -3.1860153959183304 1428.496525 1312.124808
55.94373616982174 -3.1860153959183304 W 55.94373616982174 -3.1863153959183306 1428.496525 1310.874808
55.94373616982174 -3.1863153959183306 WSW 55.94362136479203 -3.186592559778084 1428.496525 1309.624808
55.94362136479203 -3.186592559778084 W 55.94362136479203 -3.186892559778084 1428.496525 1308.374808
55.94362136479203 -3.186892559778084 WSW 55.94350655976232 -3.1871697236378376 1423.669921 1248.081534
55.94350655976232 -3.1871697236378376 W 55.94350655976232 -3.1874697236378378 1423.669921 1246.831534
55.94350655976232 -3.1874697236378378 WSW 55.94339175473261 -3.187746887497591 1423.669921 1245.581534
55.94339175473261 -3.187746887497591 W 55.94339175473261 -3.1880468874975914 1423.669921 1244.331534
55.94339175473261 -3.1880468874975914 WSW 55.9432769497029 -3.1883240513573448 1423.669921 1243.081534
55.9432769497029 -3.1883240513573448 W 55.9432769497029 -3.188624051357345 1423.669921 1241.831534
55.9432769497029 -3.188624051357345 WSW 55.94316214467319 -3.1889012152170984 1423.669921 1240.581534
55.94316214467319 -3.1889012152170984 W 55.94316214467319 -3.1892012152170985 1423.669921 1239.331534
55.94316214467319 -3.1892012152170985 WSW 55.94304733964348 -3.189478379076852 1423.669921 1238.081534
55.94304733964348 -3.189478379076852 W 55.94304733964348 -3.189778379076852 1423.669921 1236.831534
55.94304733964348 -3.189778379076852 WSW 55.94293253461377 -3.1900555429366055 1423.669921 1235.581534
55.94293253461377 -3.1900555429366055 W 55.94293253461377 -3.1903555429366057 1423.669921 1234.331534
55.94293253461377 -3.1903555429366057 WSW 55.94281772958406 -3.190632706796359 1423.669921 1233.081534
55.94281772958406 -3.190632706796359 W 55.94281772958406 -3.1909327067963593 1423.669921 1231.831534
55.94281772958406 -3.1909327067963593 NNE 55.94309489344381 -3.19081790176665 1501.325338 1314.073414
55.94309489344381 -3.19081790176665 NNE 55.94337205730357 -3.1907030967369403 1501.325338 1312.823414
55.94337205730357 -3.1907030967369403 NNE 55.94364922116333 -3.190588291707231 1501.325338 1311.573414
55.94364922116333 -3.190588291707231 NNE 55.94392638502308 -3.1904734866775213 1501.325338 1310.323414
55.94392638502308 -3.1904734866775213 ENE 55.94404119005279 -3.190196322817768 1523.619452 1320.131978
55.94404119005279 -3.190196322817768 ENE 55.944155995082504 -3.1899191589580145 1523.619452 1318.881978
55.944155995082504 -3.1899191589580145 NE 55.94436812711686 -3.1897070269236587 1523.619452 1317.631978
55.94436812711686 -3.1897070269236587 ENE 55.94448293214657 -3.1894298630639053 1523.619452 1316.381978
55.94448293214657 -3.1894298630639053 NE 55.94469506418093 -3.1892177310295495 1523.619452 1315.131978
55.94469506418093 -3.1892177310295495 ENE 55.94480986921064 -3.188940567169796 1523.619452 1313.881978
55.94480986921064 -3.188940567169796 NE 55.94502200124499 -3.1887284351354404 1523.619452 1312.631978
55.94502200124499 -3.1887284351354404 ENE 55.945136806274704 -3.188451271275687 1523.619452 1311.381978
55.945136806274704 -3.188451271275687 NE 55.94534893830906 -3.188239139241331 1523.619452 1310.131978
55.94534893830906 -3.188239139241331 ENE 55.94546374333877 -3.1879619753815778 1523.619452 1308.881978
55.94546374333877 -3.1879619753815778 NE 55.94567587537313 -3.187749843347222 1523.619452 1307.631978
55.94567587537313 -3.187749843347222 ENE 55.94579068040284 -3.1874726794874686 1534.453435 1388.951068
55.94579068040284 -3.1874726794874686 WSW 55.94567587537313 -3.187749843347222 1534.453435 1387.701068
55.94567587537313 -3.187749843347222 WSW 55.945561070343416 -3.1880270072069754 1534.453435 1386.451068
55.945561070343416 -3.1880270072069754 WSW 55.945446265313706 -3.188304171066729 1534.453435 1385.201068
55.945446265313706 -3.188304171066729 WSW 55.945331460283995 -3.188581334926482 1534.453435 1383.951068
55.945331460283995 -3.188581334926482 WSW 55.945216655254285 -3.1888584987862356 1534.453435 1382.701068
55.945216655254285 -3.1888584987862356 WSW 55.945101850224574 -3.189135662645989 1534.453435 1381.451068
55.945101850224574 -3.189135662645989 WSW 55.944987045194864 -3.1894128265057424 1534.453435 1380.201068
55.944987045194864 -3.1894128265057424 WSW 55.944872240165154 -3.189689990365496 1534.453435 1378.951068
55.944872240165154 -3.189689990365496 WSW 55.94475743513544 -3.1899671542252492 1534.453435 1377.701068
55.94475743513544 -3.1899671542252492 WSW 55.94464263010573 -3.1902443180850026 1534.453435 1376.451068
55.94464263010573 -3.1902443180850026 WSW 55.94452782507602 -3.190521481944756 1534.453435 1375.201068
55.94452782507602 -3.190521481944756 SW 55.944315693041666 -3.190733613979112 1534.453435 1373.951068
55.944315693041666 -3.190733613979112 WSW 55.944200888011956 -3.191010777838865 1534.453435 1372.701068
55.944200888011956 -3.191010777838865 SW 55.9439887559776 -3.191222909873221 1534.453435 1371.451068
55.9439887559776 -3.191222909873221 WSW 55.94387395094789 -3.1915000737329744 1578.767475 1375.814701
55.94387395094789 -3.1915000737329744 WSW 55.94375914591818 -3.191777237592728 1578.767475 1374.564701
55.94375914591818 -3.191777237592728 NNE 55.944036309777935 -3.1916624325630183 1578.767475 1373.314701
55.944036309777935 -3.1916624325630183 ENE 55.944151114807646 -3.191385268703265 1578.767475 1372.064701
55.944151114807646 -3.191385268703265 W 55.944151114807646 -3.191685268703265 1578.767475 1370.814701
55.944151114807646 -3.191685268703265 NW 55.944363246842 -3.191897400737621 1578.767475 1369.564701
55.944363246842 -3.191897400737621 E 55.944363246842 -3.1915974007376207 1578.767475 1368.314701
55.944363246842 -3.1915974007376207 NW 55.94457537887636 -3.1918095327719764 1578.767475 1367.064701
55.94457537887636 -3.1918095327719764 W 55.94457537887636 -3.1921095327719766 1578.767475 1365.814701
55.94457537887636 -3.1921095327719766 SSW 55.9442982150166 -3.192224337801686 1578.767475 1364.564701
55.9442982150166 -3.192224337801686 ENE 55.94441302004631 -3.1919471739419327 1578.767475 1363.314701
55.94441302004631 -3.1919471739419327 SSE 55.944135856186556 -3.191832368912223 1578.767475 1362.064701
55.944135856186556 -3.191832368912223 ENE 55.944250661216266 -3.19155520505247 1578.767475 1360.814701
55.944250661216266 -3.19155520505247 WSW 55.944135856186556 -3.191832368912223 1578.767475 1359.564701
55.944135856186556 -3.191832368912223 NNW 55.94441302004631 -3.1919471739419327 1578.767475 1358.314701
55.94441302004631 -3.1919471739419327 N 55.944713020046315 -3.1919471739419327 1578.767475 1357.064701
55.944713020046315 -3.1919471739419327 WNW 55.944827825076025 -3.192224337801686 1578.767475 1355.814701
55.944827825076025 -3.192224337801686 SSE 55.94455066121627 -3.1921095327719766 1578.767475 1354.564701
55.94455066121627 -3.1921095327719766 NW 55.944762793250625 -3.1923216648063324 1578.767475 1353.314701
55.944762793250625 -3.1923216648063324 E 55.944762793250625 -3.192021664806332 1578.767475 1352.064701
55.944762793250625 -3.192021664806332 SSW 55.94448562939087 -3.1921364698360417 1578.767475 1350.814701
55.94448562939087 -3.1921364698360417 W 55.94448562939087 -3.192436469836042 1578.767475 1349.564701
55.94448562939087 -3.192436469836042 SW 55.94427349735651 -3.1926486018703977 1578.767475 1348.314701
55.94427349735651 -3.1926486018703977 NW 55.94448562939087 -3.1928607339047534 1578.767475 1347.064701
