55.944425 -3.188396 ENE 55.94453980502971 -3.1881188361402466 0.000000 248.750000
55.94453980502971 -3.1881188361402466 ENE 55.94465461005942 -3.187841672280493 0.000000 247.500000
55.94465461005942 -3.187841672280493 ENE 55.944769415089134 -3.18756450842074 0.000000 246.250000
55.944769415089134 -3.18756450842074 ENE 55.944884220118844 -3.1872873445609864 0.000000 245.000000
55.944884220118844 -3.1872873445609864 ENE 55.944999025148554 -3.187010180701233 49.270928 256.824749
55.944999025148554 -3.187010180701233 ENE 55.945113830178265 -3.1867330168414796 0.000000 131.704170
55.945113830178265 -3.1867330168414796 ENE 55.945228635207975 -3.186455852981726 0.000000 130.454170
55.945228635207975 -3.186455852981726 ENE 55.945343440237686 -3.1861786891219728 0.000000 129.204170
55.945343440237686 -3.1861786891219728 ENE 55.945458245267396 -3.1859015252622194 0.000000 127.954170
55.945458245267396 -3.1859015252622194 S 55.94515824526739 -3.1859015252622194 113.887452 161.557950
55.94515824526739 -3.1859015252622194 S 55.94485824526739 -3.1859015252622194 220.206845 177.434411
55.94485824526739 -3.1859015252622194 S 55.94455824526739 -3.1859015252622194 235.925669 269.476424
55.94455824526739 -3.1859015252622194 SSE 55.94428108140763 -3.18578672023251 235.925669 268.226424
55.94428108140763 -3.18578672023251 S 55.94398108140763 -3.18578672023251 235.925669 266.976424
55.94398108140763 -3.18578672023251 SSE 55.94370391754787 -3.1856719152028004 235.925669 265.726424
55.94370391754787 -3.1856719152028004 S 55.94340391754787 -3.1856719152028004 313.140754 273.632146
55.94340391754787 -3.1856719152028004 SSE 55.94312675368811 -3.185557110173091 313.140754 272.382146
55.94312675368811 -3.185557110173091 NNE 55.94340391754787 -3.1854423051433813 348.280399 331.473396
55.94340391754787 -3.1854423051433813 NNE 55.943681081407625 -3.185327500113672 348.280399 330.223396
55.943681081407625 -3.185327500113672 NNE 55.94395824526738 -3.1852126950839623 348.280399 328.973396
55.94395824526738 -3.1852126950839623 NNE 55.94423540912714 -3.185097890054253 348.280399 327.723396
55.94423540912714 -3.185097890054253 NNE 55.944512572986895 -3.1849830850245433 348.280399 326.473396
55.944512572986895 -3.1849830850245433 NNE 55.94478973684665 -3.184868279994834 348.280399 325.223396
55.94478973684665 -3.184868279994834 NNE 55.94506690070641 -3.1847534749651243 348.280399 323.973396
55.94506690070641 -3.1847534749651243 W 55.94506690070641 -3.1850534749651245 381.073260 409.833400
55.94506690070641 -3.1850534749651245 W 55.94506690070641 -3.1853534749651247 330.965659 290.053746
55.94506690070641 -3.1853534749651247 W 55.94506690070641 -3.185653474965125 330.965659 288.803746
55.94506690070641 -3.185653474965125 W 55.94506690070641 -3.185953474965125 330.965659 287.553746
55.94506690070641 -3.185953474965125 W 55.94506690070641 -3.1862534749651252 330.965659 286.303746
55.94506690070641 -3.1862534749651252 W 55.94506690070641 -3.1865534749651254 330.965659 285.053746
55.94506690070641 -3.1865534749651254 W 55.94506690070641 -3.1868534749651256 330.965659 283.803746
55.94506690070641 -3.1868534749651256 W 55.94506690070641 -3.187153474965126 276.223301 282.553746
55.94506690070641 -3.187153474965126 W 55.94506690070641 -3.187453474965126 276.223301 281.303746
55.94506690070641 -3.187453474965126 W 55.94506690070641 -3.187753474965126 276.223301 280.053746
55.94506690070641 -3.187753474965126 W 55.94506690070641 -3.1880534749651264 276.223301 278.803746
55.94506690070641 -3.1880534749651264 W 55.94506690070641 -3.1883534749651266 276.223301 277.553746
55.94506690070641 -3.1883534749651266 W 55.94506690070641 -3.1886534749651267 276.223301 276.303746
55.94506690070641 -3.1886534749651267 W 55.94506690070641 -3.188953474965127 243.088151 200.604328
55.94506690070641 -3.188953474965127 WSW 55.9449520956767 -3.1892306388248803 243.088151 199.354328
55.9449520956767 -3.1892306388248803 W 55.9449520956767 -3.1895306388248805 243.088151 198.104328
55.9449520956767 -3.1895306388248805 WSW 55.94483729064699 -3.189807802684634 243.088151 196.854328
55.94483729064699 -3.189807802684634 W 55.94483729064699 -3.190107802684634 339.170226 230.189414
55.94483729064699 -3.190107802684634 WSW 55.94472248561728 -3.1903849665443875 339.170226 228.939414
55.94472248561728 -3.1903849665443875 W 55.94472248561728 -3.1906849665443877 399.967951 264.207522
55.94472248561728 -3.1906849665443877 WSW 55.944607680587566 -3.190962130404141 399.967951 262.957522
55.944607680587566 -3.190962130404141 W 55.944607680587566 -3.1912621304041413 399.967951 261.707522
55.944607680587566 -3.1912621304041413 WSW 55.944492875557856 -3.1915392942638947 399.967951 260.457522
55.944492875557856 -3.1915392942638947 E 55.944492875557856 -3.1912392942638945 492.062805 264.302686
55.944492875557856 -3.1912392942638945 E 55.944492875557856 -3.1909392942638943 492.062805 263.052686
55.944492875557856 -3.1909392942638943 E 55.944492875557856 -3.190639294263894 492.062805 261.802686
55.944492875557856 -3.190639294263894 E 55.944492875557856 -3.190339294263894 492.062805 260.552686
55.944492875557856 -3.190339294263894 E 55.944492875557856 -3.1900392942638938 492.062805 259.302686
55.944492875557856 -3.1900392942638938 E 55.944492875557856 -3.1897392942638936 502.840306 319.794908
55.944492875557856 -3.1897392942638936 E 55.944492875557856 -3.1894392942638934 502.840306 318.544908
55.944492875557856 -3.1894392942638934 ESE 55.944378070528145 -3.18916213040414 502.840306 317.294908
55.944378070528145 -3.18916213040414 E 55.944378070528145 -3.18886213040414 502.840306 316.044908
55.944378070528145 -3.18886213040414 ESE 55.944263265498435 -3.1885849665443864 479.012584 290.898973
55.944263265498435 -3.1885849665443864 E 55.944263265498435 -3.188284966544386 479.012584 289.648973
55.944263265498435 -3.188284966544386 ESE 55.944148460468725 -3.188007802684633 479.012584 288.398973
55.944148460468725 -3.188007802684633 E 55.944148460468725 -3.1877078026846326 453.070176 276.980491
55.944148460468725 -3.1877078026846326 ESE 55.944033655439014 -3.187430638824879 453.070176 275.730491
55.944033655439014 -3.187430638824879 E 55.944033655439014 -3.187130638824879 453.070176 274.480491
55.944033655439014 -3.187130638824879 ESE 55.943918850409304 -3.1868534749651256 453.070176 273.230491
55.943918850409304 -3.1868534749651256 E 55.943918850409304 -3.1865534749651254 453.070176 271.980491
55.943918850409304 -3.1865534749651254 W 55.943918850409304 -3.1868534749651256 484.731879 350.301857
55.943918850409304 -3.1868534749651256 W 55.943918850409304 -3.187153474965126 484.731879 349.051857
55.943918850409304 -3.187153474965126 W 55.943918850409304 -3.187453474965126 484.731879 347.801857
55.943918850409304 -3.187453474965126 W 55.943918850409304 -3.187753474965126 484.731879 346.551857
55.943918850409304 -3.187753474965126 W 55.943918850409304 -3.1880534749651264 484.731879 345.301857
55.943918850409304 -3.1880534749651264 W 55.943918850409304 -3.1883534749651266 558.101266 421.380694
55.943918850409304 -3.1883534749651266 W 55.943918850409304 -3.1886534749651267 558.101266 420.130694
55.943918850409304 -3.1886534749651267 W 55.943918850409304 -3.188953474965127 558.101266 418.880694
55.943918850409304 -3.188953474965127 W 55.943918850409304 -3.189253474965127 558.101266 417.630694
55.943918850409304 -3.189253474965127 W 55.943918850409304 -3.1895534749651273 558.101266 416.380694
55.943918850409304 -3.1895534749651273 W 55.943918850409304 -3.1898534749651275 558.101266 415.130694
55.943918850409304 -3.1898534749651275 W 55.943918850409304 -3.1901534749651277 558.101266 413.880694
55.943918850409304 -3.1901534749651277 W 55.943918850409304 -3.190453474965128 558.101266 412.630694
55.943918850409304 -3.190453474965128 W 55.943918850409304 -3.190753474965128 580.395380 422.439258
55.943918850409304 -3.190753474965128 W 55.943918850409304 -3.1910534749651283 580.395380 421.189258
55.943918850409304 -3.1910534749651283 W 55.943918850409304 -3.1913534749651284 580.395380 419.939258
55.943918850409304 -3.1913534749651284 WNW 55.944033655439014 -3.191630638824882 624.709420 424.302891
55.944033655439014 -3.191630638824882 SE 55.94382152340466 -3.191418506790526 640.364627 463.816318
55.94382152340466 -3.191418506790526 SE 55.9436093913703 -3.1912063747561703 640.364627 462.566318
55.9436093913703 -3.1912063747561703 SE 55.943397259335946 -3.1909942427218145 702.062138 482.680863
55.943397259335946 -3.1909942427218145 ESE 55.943282454306235 -3.190717078862061 633.609162 477.481207
55.943282454306235 -3.190717078862061 SE 55.94307032227188 -3.1905049468277054 633.609162 476.231207
55.94307032227188 -3.1905049468277054 ESE 55.94295551724217 -3.190227782967952 633.609162 474.981207
55.94295551724217 -3.190227782967952 SE 55.94274338520781 -3.190015650933596 633.609162 473.731207
55.94274338520781 -3.190015650933596 NE 55.94295551724217 -3.1898035188992404 683.047595 542.313930
55.94295551724217 -3.1898035188992404 ENE 55.94307032227188 -3.189526355039487 637.652134 526.367309
55.94307032227188 -3.189526355039487 NE 55.943282454306235 -3.1893142230051312 637.652134 525.117309
55.943282454306235 -3.1893142230051312 ENE 55.943397259335946 -3.189037059145378 637.652134 523.867309
55.943397259335946 -3.189037059145378 WNW 55.943512064365656 -3.1893142230051312 694.290695 606.279350
55.943512064365656 -3.1893142230051312 WNW 55.943626869395366 -3.1895913868648846 694.290695 605.029350
55.943626869395366 -3.1895913868648846 WNW 55.94374167442508 -3.189868550724638 694.290695 603.779350
55.94374167442508 -3.189868550724638 WNW 55.94385647945479 -3.1901457145843914 694.290695 602.529350
55.94385647945479 -3.1901457145843914 WNW 55.9439712844845 -3.190422878444145 694.290695 601.279350
55.9439712844845 -3.190422878444145 WNW 55.94408608951421 -3.1907000423038983 694.290695 600.029350
55.94408608951421 -3.1907000423038983 WNW 55.94420089454392 -3.1909772061636517 694.290695 598.779350
55.94420089454392 -3.1909772061636517 WNW 55.94431569957363 -3.191254370023405 694.290695 597.529350
55.94431569957363 -3.191254370023405 WNW 55.94443050460334 -3.1915315338831585 694.290695 596.279350
55.94443050460334 -3.1915315338831585 SSE 55.94415334074358 -3.191416728853449 694.290695 595.029350
55.94415334074358 -3.191416728853449 SSE 55.943876176883826 -3.1913019238237395 694.290695 593.779350
55.943876176883826 -3.1913019238237395 S 55.94357617688382 -3.1913019238237395 694.290695 592.529350
55.94357617688382 -3.1913019238237395 SSE 55.94329901302407 -3.19118711879403 694.290695 591.279350
55.94329901302407 -3.19118711879403 S 55.942999013024064 -3.19118711879403 694.290695 590.029350
55.942999013024064 -3.19118711879403 SSE 55.94272184916431 -3.1910723137643204 694.290695 588.779350
55.94272184916431 -3.1910723137643204 NNW 55.942999013024064 -3.19118711879403 771.946112 671.021229
55.942999013024064 -3.19118711879403 NNW 55.94327617688382 -3.1913019238237395 771.946112 669.771229
55.94327617688382 -3.1913019238237395 NNW 55.94355334074358 -3.191416728853449 771.946112 668.521229
55.94355334074358 -3.191416728853449 NNW 55.94383050460333 -3.1915315338831585 771.946112 667.271229
55.94383050460333 -3.1915315338831585 NNW 55.94410766846309 -3.191646338912868 771.946112 666.021229
55.94410766846309 -3.191646338912868 NW 55.944319800497446 -3.1918584709472237 771.946112 664.771229
55.944319800497446 -3.1918584709472237 NNW 55.9445969643572 -3.1919732759769333 771.946112 663.521229
55.9445969643572 -3.1919732759769333 NW 55.94480909639156 -3.192185408011289 771.946112 662.271229
55.94480909639156 -3.192185408011289 NNW 55.945086260251315 -3.1923002130409985 771.946112 661.021229
55.945086260251315 -3.1923002130409985 NW 55.94529839228567 -3.1925123450753543 771.946112 659.771229
55.94529839228567 -3.1925123450753543 E 55.94529839228567 -3.192212345075354 857.372289 696.535027
55.94529839228567 -3.192212345075354 E 55.94529839228567 -3.191912345075354 857.372289 695.285027
55.94529839228567 -3.191912345075354 E 55.94529839228567 -3.1916123450753537 857.372289 694.035027
55.94529839228567 -3.1916123450753537 E 55.94529839228567 -3.1913123450753536 857.372289 692.785027
55.94529839228567 -3.1913123450753536 ESE 55.94518358725596 -3.1910351812156 921.302215 809.414636
55.94518358725596 -3.1910351812156 ESE 55.94506878222625 -3.1907580173558467 921.302215 808.164636
55.94506878222625 -3.1907580173558467 ESE 55.94495397719654 -3.1904808534960933 921.302215 806.914636
55.94495397719654 -3.1904808534960933 ESE 55.94483917216683 -3.19020368963634 921.302215 805.664636
55.94483917216683 -3.19020368963634 SE 55.944627040132474 -3.189991557601984 921.302215 804.414636
55.944627040132474 -3.189991557601984 ESE 55.94451223510276 -3.1897143937422308 921.302215 803.164636
55.94451223510276 -3.1897143937422308 SE 55.94430010306841 -3.189502261707875 921.302215 801.914636
55.94430010306841 -3.189502261707875 ESE 55.9441852980387 -3.1892250978481216 921.302215 800.664636
55.9441852980387 -3.1892250978481216 SE 55.94397316600434 -3.189012965813766 921.302215 799.414636
55.94397316600434 -3.189012965813766 ESE 55.94385836097463 -3.1887358019540124 921.302215 798.164636
55.94385836097463 -3.1887358019540124 SE 55.943646228940274 -3.1885236699196566 921.302215 796.914636
55.943646228940274 -3.1885236699196566 ESE 55.943531423910564 -3.1882465060599032 921.302215 795.664636
55.943531423910564 -3.1882465060599032 SE 55.94331929187621 -3.1880343740255475 921.302215 794.414636
55.94331929187621 -3.1880343740255475 ESE 55.9432044868465 -3.187757210165794 921.302215 793.164636
55.9432044868465 -3.187757210165794 SE 55.94299235481214 -3.1875450781314383 921.302215 791.914636
55.94299235481214 -3.1875450781314383 ESE 55.94287754978243 -3.187267914271685 921.302215 790.664636
55.94287754978243 -3.187267914271685 SE 55.942665417748074 -3.187055782237329 921.302215 789.414636
55.942665417748074 -3.187055782237329 NNE 55.94294258160783 -3.1869409772076196 945.328871 905.261362
55.94294258160783 -3.1869409772076196 NNE 55.94321974546759 -3.18682617217791 945.328871 904.011362
55.94321974546759 -3.18682617217791 N 55.94351974546759 -3.18682617217791 945.328871 902.761362
55.94351974546759 -3.18682617217791 NNE 55.94379690932735 -3.1867113671482006 945.328871 901.511362
55.94379690932735 -3.1867113671482006 N 55.94409690932735 -3.1867113671482006 945.328871 900.261362
55.94409690932735 -3.1867113671482006 NNE 55.944374073187106 -3.186596562118491 1055.937840 970.422873
55.944374073187106 -3.186596562118491 WNW 55.944488878216816 -3.1868737259782445 1051.490990 864.923941
55.944488878216816 -3.1868737259782445 WNW 55.94460368324653 -3.187150889837998 1051.490990 863.673941
55.94460368324653 -3.187150889837998 WNW 55.94471848827624 -3.1874280536977513 1051.490990 862.423941
55.94471848827624 -3.1874280536977513 W 55.94471848827624 -3.1877280536977515 1051.490990 861.173941
55.94471848827624 -3.1877280536977515 WNW 55.94483329330595 -3.188005217557505 1051.490990 859.923941
55.94483329330595 -3.188005217557505 W 55.94483329330595 -3.188305217557505 1051.490990 858.673941
55.94483329330595 -3.188305217557505 WNW 55.94494809833566 -3.1885823814172585 1051.490990 857.423941
55.94494809833566 -3.1885823814172585 W 55.94494809833566 -3.1888823814172587 1051.490990 856.173941
55.94494809833566 -3.1888823814172587 WNW 55.94506290336537 -3.189159545277012 1051.490990 854.923941
55.94506290336537 -3.189159545277012 W 55.94506290336537 -3.1894595452770123 1051.490990 853.673941
55.94506290336537 -3.1894595452770123 WNW 55.94517770839508 -3.1897367091367657 1051.490990 852.423941
55.94517770839508 -3.1897367091367657 W 55.94517770839508 -3.190036709136766 1051.490990 851.173941
55.94517770839508 -3.190036709136766 WNW 55.94529251342479 -3.1903138729965193 1051.490990 849.923941
55.94529251342479 -3.1903138729965193 E 55.94529251342479 -3.190013872996519 1167.263372 934.731136
55.94529251342479 -3.190013872996519 E 55.94529251342479 -3.189713872996519 1167.263372 933.481136
55.94529251342479 -3.189713872996519 ENE 55.9454073184545 -3.1894367091367655 1167.263372 932.231136
55.9454073184545 -3.1894367091367655 E 55.9454073184545 -3.1891367091367653 1167.263372 930.981136
55.9454073184545 -3.1891367091367653 ENE 55.94552212348421 -3.188859545277012 1167.263372 929.731136
55.94552212348421 -3.188859545277012 E 55.94552212348421 -3.1885595452770117 1189.156568 1029.470051
55.94552212348421 -3.1885595452770117 ENE 55.94563692851392 -3.1882823814172583 1189.156568 1028.220051
55.94563692851392 -3.1882823814172583 E 55.94563692851392 -3.187982381417258 1189.156568 1026.970051
55.94563692851392 -3.187982381417258 ENE 55.94575173354363 -3.1877052175575047 1189.156568 1025.720051
55.94575173354363 -3.1877052175575047 ESE 55.94563692851392 -3.1874280536977513 1199.990551 1107.039141
55.94563692851392 -3.1874280536977513 ESE 55.94552212348421 -3.187150889837998 1199.990551 1105.789141
55.94552212348421 -3.187150889837998 ESE 55.9454073184545 -3.1868737259782445 1199.990551 1104.539141
55.9454073184545 -3.1868737259782445 ESE 55.94529251342479 -3.186596562118491 1199.990551 1103.289141
55.94529251342479 -3.186596562118491 SE 55.94508038139043 -3.1863844300841353 1199.990551 1102.039141
55.94508038139043 -3.1863844300841353 ESE 55.94496557636072 -3.186107266224382 1199.990551 1100.789141
55.94496557636072 -3.186107266224382 SE 55.944753444326366 -3.185895134190026 1199.990551 1099.539141
55.944753444326366 -3.185895134190026 ESE 55.944638639296656 -3.1856179703302727 1199.990551 1098.289141
55.944638639296656 -3.1856179703302727 SE 55.9444265072623 -3.185405838295917 1199.990551 1097.039141
55.9444265072623 -3.185405838295917 ESE 55.94431170223259 -3.1851286744361635 1199.990551 1095.789141
55.94431170223259 -3.1851286744361635 SE 55.94409957019823 -3.1849165424018078 1199.990551 1094.539141
55.94409957019823 -3.1849165424018078 ESE 55.94398476516852 -3.1846393785420544 1199.990551 1093.289141
55.94398476516852 -3.1846393785420544 W 55.94398476516852 -3.1849393785420546 1285.866349 1168.053857
55.94398476516852 -3.1849393785420546 W 55.94398476516852 -3.1852393785420547 1285.866349 1166.803857
55.94398476516852 -3.1852393785420547 W 55.94398476516852 -3.185539378542055 1285.866349 1165.553857
55.94398476516852 -3.185539378542055 W 55.94398476516852 -3.185839378542055 1285.866349 1164.303857
55.94398476516852 -3.185839378542055 W 55.94398476516852 -3.1861393785420553 1285.866349 1163.053857
55.94398476516852 -3.1861393785420553 W 55.94398476516852 -3.1864393785420555 1285.866349 1161.803857
55.94398476516852 -3.1864393785420555 W 55.94398476516852 -3.1867393785420557 1285.866349 1160.553857
55.94398476516852 -3.1867393785420557 W 55.94398476516852 -3.187039378542056 1285.866349 1159.303857
55.94398476516852 -3.187039378542056 W 55.94398476516852 -3.187339378542056 1285.866349 1158.053857
55.94398476516852 -3.187339378542056 W 55.94398476516852 -3.1876393785420563 1285.866349 1156.803857
55.94398476516852 -3.1876393785420563 W 55.94398476516852 -3.1879393785420564 1285.866349 1155.553857
55.94398476516852 -3.1879393785420564 W 55.94398476516852 -3.1882393785420566 1285.866349 1154.303857
55.94398476516852 -3.1882393785420566 W 55.94398476516852 -3.188539378542057 1285.866349 1153.053857
55.94398476516852 -3.188539378542057 W 55.94398476516852 -3.188839378542057 1285.866349 1151.803857
55.94398476516852 -3.188839378542057 W 55.94398476516852 -3.189139378542057 1285.866349 1150.553857
55.94398476516852 -3.189139378542057 WNW 55.94409957019823 -3.1894165424018106 1285.866349 1149.303857
55.94409957019823 -3.1894165424018106 W 55.94409957019823 -3.189716542401811 1285.866349 1148.053857
55.94409957019823 -3.189716542401811 WNW 55.94421437522794 -3.189993706261564 1285.866349 1146.803857
55.94421437522794 -3.189993706261564 W 55.94421437522794 -3.1902937062615644 1285.866349 1145.553857
55.94421437522794 -3.1902937062615644 WNW 55.944329180257654 -3.190570870121318 1285.866349 1144.303857
55.944329180257654 -3.190570870121318 W 55.944329180257654 -3.190870870121318 1285.866349 1143.053857
55.944329180257654 -3.190870870121318 WNW 55.944443985287364 -3.1911480339810714 1285.866349 1141.803857
55.944443985287364 -3.1911480339810714 W 55.944443985287364 -3.1914480339810716 1285.866349 1140.553857
55.944443985287364 -3.1914480339810716 WNW 55.944558790317075 -3.191725197840825 1285.866349 1139.303857
55.944558790317075 -3.191725197840825 E 55.944558790317075 -3.191425197840825 1375.025095 1240.844662
55.944558790317075 -3.191425197840825 E 55.944558790317075 -3.1911251978408246 1375.025095 1239.594662
55.944558790317075 -3.1911251978408246 E 55.944558790317075 -3.1908251978408244 1375.025095 1238.344662
55.944558790317075 -3.1908251978408244 E 55.944558790317075 -3.1905251978408242 1375.025095 1237.094662
55.944558790317075 -3.1905251978408242 ENE 55.944673595346785 -3.190248033981071 1375.025095 1235.844662
55.944673595346785 -3.190248033981071 E 55.944673595346785 -3.1899480339810706 1375.025095 1234.594662
55.944673595346785 -3.1899480339810706 ENE 55.944788400376495 -3.1896708701213172 1375.025095 1233.344662
55.944788400376495 -3.1896708701213172 E 55.944788400376495 -3.189370870121317 1375.025095 1232.094662
55.944788400376495 -3.189370870121317 ENE 55.944903205406206 -3.1890937062615636 1375.025095 1230.844662
55.944903205406206 -3.1890937062615636 E 55.944903205406206 -3.1887937062615634 1375.025095 1229.594662
55.944903205406206 -3.1887937062615634 ENE 55.945018010435916 -3.18851654240181 1375.025095 1228.344662
55.945018010435916 -3.18851654240181 E 55.945018010435916 -3.18821654240181 1375.025095 1227.094662
55.945018010435916 -3.18821654240181 ENE 55.94513281546563 -3.1879393785420564 1375.025095 1225.844662
55.94513281546563 -3.1879393785420564 E 55.94513281546563 -3.1876393785420563 1375.025095 1224.594662
55.94513281546563 -3.1876393785420563 ENE 55.94524762049534 -3.187362214682303 1375.025095 1223.344662
55.94524762049534 -3.187362214682303 E 55.94524762049534 -3.1870622146823027 1375.025095 1222.094662
55.94524762049534 -3.1870622146823027 ENE 55.94536242552505 -3.1867850508225493 1375.025095 1220.844662
55.94536242552505 -3.1867850508225493 E 55.94536242552505 -3.186485050822549 1375.025095 1219.594662
55.94536242552505 -3.186485050822549 ENE 55.94547723055476 -3.1862078869627957 1284.367334 1196.308963
55.94547723055476 -3.1862078869627957 E 55.94547723055476 -3.1859078869627955 1284.367334 1195.058963
55.94547723055476 -3.1859078869627955 ENE 55.94559203558447 -3.185630723103042 1284.367334 1193.808963
55.94559203558447 -3.185630723103042 E 55.94559203558447 -3.185330723103042 1284.367334 1192.558963
55.94559203558447 -3.185330723103042 ENE 55.94570684061418 -3.1850535592432885 1284.367334 1191.308963
55.94570684061418 -3.1850535592432885 E 55.94570684061418 -3.1847535592432883 1284.367334 1190.058963
55.94570684061418 -3.1847535592432883 ENE 55.94582164564389 -3.184476395383535 1284.367334 1188.808963
55.94582164564389 -3.184476395383535 E 55.94582164564389 -3.1841763953835347 1353.825848 1303.643360
55.94582164564389 -3.1841763953835347 W 55.94582164564389 -3.184476395383535 1353.825848 1302.393360
55.94582164564389 -3.184476395383535 W 55.94582164564389 -3.184776395383535 1353.825848 1301.143360
55.94582164564389 -3.184776395383535 W 55.94582164564389 -3.1850763953835353 1353.825848 1299.893360
55.94582164564389 -3.1850763953835353 W 55.94582164564389 -3.1853763953835355 1353.825848 1298.643360
55.94582164564389 -3.1853763953835355 W 55.94582164564389 -3.1856763953835356 1353.825848 1297.393360
55.94582164564389 -3.1856763953835356 W 55.94582164564389 -3.185976395383536 1353.825848 1296.143360
55.94582164564389 -3.185976395383536 W 55.94582164564389 -3.186276395383536 1273.518650 1209.162762
55.94582164564389 -3.186276395383536 W 55.94582164564389 -3.186576395383536 1273.282922 1106.087229
55.94582164564389 -3.186576395383536 W 55.94582164564389 -3.1868763953835364 1273.282922 1104.837229
55.94582164564389 -3.1868763953835364 W 55.94582164564389 -3.1871763953835366 1273.282922 1103.587229
55.94582164564389 -3.1871763953835366 W 55.94582164564389 -3.1874763953835368 1273.282922 1102.337229
55.94582164564389 -3.1874763953835368 W 55.94582164564389 -3.187776395383537 1273.282922 1101.087229
55.94582164564389 -3.187776395383537 W 55.94582164564389 -3.188076395383537 1273.282922 1099.837229
55.94582164564389 -3.188076395383537 W 55.94582164564389 -3.1883763953835373 1273.282922 1098.587229
55.94582164564389 -3.1883763953835373 W 55.94582164564389 -3.1886763953835375 1273.282922 1097.337229
55.94582164564389 -3.1886763953835375 WSW 55.94570684061418 -3.188953559243291 1273.282922 1096.087229
55.94570684061418 -3.188953559243291 W 55.94570684061418 -3.189253559243291 1353.913410 1210.683707
55.94570684061418 -3.189253559243291 WSW 55.94559203558447 -3.1895307231030445 1353.913410 1209.433707
55.94559203558447 -3.1895307231030445 NE 55.945804167618824 -3.1893185910686888 1353.913410 1208.183707
55.945804167618824 -3.1893185910686888 S 55.94550416761882 -3.1893185910686888 1353.913410 1206.933707
55.94550416761882 -3.1893185910686888 WSW 55.94538936258911 -3.189595754928442 1353.913410 1205.683707
55.94538936258911 -3.189595754928442 WSW 55.9452745575594 -3.1898729187881956 1353.913410 1204.433707
