55.944425 -3.188396 ENE 55.94453980502971 -3.1881188361402466 0.000000 248.750000
55.94453980502971 -3.1881188361402466 ENE 55.94465461005942 -3.187841672280493 0.000000 247.500000
55.94465461005942 -3.187841672280493 ENE 55.944769415089134 -3.18756450842074 0.000000 246.250000
55.944769415089134 -3.18756450842074 ENE 55.944884220118844 -3.1872873445609864 0.000000 245.000000
55.944884220118844 -3.1872873445609864 ENE 55.944999025148554 -3.187010180701233 49.270928 256.824749
55.944999025148554 -3.187010180701233 ENE 55.945113830178265 -3.1867330168414796 0.000000 131.704170
55.945113830178265 -3.1867330168414796 ENE 55.945228635207975 -3.186455852981726 0.000000 130.454170
55.945228635207975 -3.186455852981726 ENE 55.945343440237686 -3.1861786891219728 0.000000 129.204170
55.945343440237686 -3.1861786891219728 ENE 55.945458245267396 -3.1859015252622194 0.000000 127.954170
55.945458245267396 -3.1859015252622194 S 55.94515824526739 -3.1859015252622194 113.887452 161.557950
55.94515824526739 -3.1859015252622194 S 55.94485824526739 -3.1859015252622194 220.206845 177.434411
55.94485824526739 -3.1859015252622194 S 55.94455824526739 -3.1859015252622194 235.925669 269.476424
55.94455824526739 -3.1859015252622194 SSE 55.94428108140763 -3.18578672023251 235.925669 268.226424
55.94428108140763 -3.18578672023251 S 55.94398108140763 -3.18578672023251 235.925669 266.976424
55.94398108140763 -3.18578672023251 SSE 55.94370391754787 -3.1856719152028004 235.925669 265.726424
55.94370391754787 -3.1856719152028004 S 55.94340391754787 -3.1856719152028004 313.140754 273.632146
55.94340391754787 -3.1856719152028004 SSE 55.94312675368811 -3.185557110173091 313.140754 272.382146
55.94312675368811 -3.185557110173091 WNW 55.94324155871782 -3.1858342740328442 348.280399 331.473396
55.94324155871782 -3.1858342740328442 WNW 55.94335636374753 -3.1861114378925977 348.280399 330.223396
55.94335636374753 -3.1861114378925977 WNW 55.94347116877724 -3.186388601752351 348.280399 328.973396
55.94347116877724 -3.186388601752351 WNW 55.943585973806954 -3.1866657656121045 348.280399 327.723396
55.943585973806954 -3.1866657656121045 W 55.943585973806954 -3.1869657656121047 348.280399 326.473396
55.943585973806954 -3.1869657656121047 WNW 55.943700778836664 -3.187242929471858 343.453795 266.180123
55.943700778836664 -3.187242929471858 W 55.943700778836664 -3.1875429294718582 343.453795 264.930123
55.943700778836664 -3.1875429294718582 WNW 55.943815583866375 -3.1878200933316116 343.453795 263.680123
55.943815583866375 -3.1878200933316116 W 55.943815583866375 -3.188120093331612 343.453795 262.430123
55.943815583866375 -3.188120093331612 WNW 55.943930388896085 -3.1883972571913652 416.823182 338.508960
55.943930388896085 -3.1883972571913652 W 55.943930388896085 -3.1886972571913654 416.823182 337.258960
55.943930388896085 -3.1886972571913654 WNW 55.944045193925795 -3.188974421051119 416.823182 336.008960
55.944045193925795 -3.188974421051119 W 55.944045193925795 -3.189274421051119 416.823182 334.758960
55.944045193925795 -3.189274421051119 WNW 55.944159998955506 -3.1895515849108724 416.823182 333.508960
55.944159998955506 -3.1895515849108724 W 55.944159998955506 -3.1898515849108726 416.823182 332.258960
55.944159998955506 -3.1898515849108726 WNW 55.944274803985216 -3.190128748770626 416.823182 331.008960
55.944274803985216 -3.190128748770626 W 55.944274803985216 -3.190428748770626 416.823182 329.758960
55.944274803985216 -3.190428748770626 WNW 55.94438960901493 -3.1907059126303796 416.823182 328.508960
55.94438960901493 -3.1907059126303796 W 55.94438960901493 -3.19100591263038 416.823182 327.258960
55.94438960901493 -3.19100591263038 WNW 55.94450441404464 -3.191283076490133 416.823182 326.008960
55.94450441404464 -3.191283076490133 W 55.94450441404464 -3.1915830764901334 416.823182 324.758960
55.94450441404464 -3.1915830764901334 WNW 55.94461921907435 -3.191860240349887 508.918035 328.604123
55.94461921907435 -3.191860240349887 ESE 55.94450441404464 -3.1915830764901334 598.076781 430.144928
55.94450441404464 -3.1915830764901334 ESE 55.94438960901493 -3.19130591263038 598.076781 428.894928
55.94438960901493 -3.19130591263038 ESE 55.944274803985216 -3.1910287487706266 598.076781 427.644928
55.944274803985216 -3.1910287487706266 ESE 55.944159998955506 -3.190751584910873 598.076781 426.394928
55.944159998955506 -3.190751584910873 ESE 55.944045193925795 -3.19047442105112 598.076781 425.144928
55.944045193925795 -3.19047442105112 ESE 55.943930388896085 -3.1901972571913664 620.370895 434.953492
55.943930388896085 -3.1901972571913664 ESE 55.943815583866375 -3.189920093331613 620.370895 433.703492
55.943815583866375 -3.189920093331613 ESE 55.943700778836664 -3.1896429294718596 620.370895 432.453492
55.943700778836664 -3.1896429294718596 ESE 55.943585973806954 -3.189365765612106 620.370895 431.203492
55.943585973806954 -3.189365765612106 ESE 55.94347116877724 -3.1890886017523528 620.370895 429.953492
55.94347116877724 -3.1890886017523528 ESE 55.94335636374753 -3.1888114378925994 677.009456 512.365533
55.94335636374753 -3.1888114378925994 ESE 55.94324155871782 -3.188534274032846 677.009456 511.115533
55.94324155871782 -3.188534274032846 ESE 55.94312675368811 -3.1882571101730925 677.009456 509.865533
55.94312675368811 -3.1882571101730925 ESE 55.9430119486584 -3.187979946313339 677.009456 508.615533
55.9430119486584 -3.187979946313339 ESE 55.94289714362869 -3.1877027824535857 677.009456 507.365533
55.94289714362869 -3.1877027824535857 ESE 55.94278233859898 -3.1874256185938323 677.009456 506.115533
55.94278233859898 -3.1874256185938323 ESE 55.94266753356927 -3.187148454734079 677.009456 504.865533
55.94266753356927 -3.187148454734079 N 55.94296753356927 -3.187148454734079 701.036111 620.712259
55.94296753356927 -3.187148454734079 N 55.943267533569276 -3.187148454734079 701.036111 619.462259
55.943267533569276 -3.187148454734079 N 55.94356753356928 -3.187148454734079 701.036111 618.212259
55.94356753356928 -3.187148454734079 NNW 55.943844697429036 -3.1872632597637884 701.036111 616.962259
55.943844697429036 -3.1872632597637884 N 55.94414469742904 -3.1872632597637884 701.036111 615.712259
55.94414469742904 -3.1872632597637884 NNW 55.944421861288795 -3.187378064793498 701.036111 614.462259
55.944421861288795 -3.187378064793498 N 55.9447218612888 -3.187378064793498 701.036111 613.212259
55.9447218612888 -3.187378064793498 NNW 55.944999025148554 -3.1874928698232075 701.036111 611.962259
55.944999025148554 -3.1874928698232075 N 55.94529902514856 -3.1874928698232075 701.036111 610.712259
55.94529902514856 -3.1874928698232075 NNW 55.945576189008314 -3.187607674852917 701.036111 609.462259
55.945576189008314 -3.187607674852917 SW 55.94536405697396 -3.1878198068872727 711.870094 690.781350
55.94536405697396 -3.1878198068872727 SW 55.9451519249396 -3.1880319389216285 711.870094 689.531350
55.9451519249396 -3.1880319389216285 SW 55.944939792905245 -3.1882440709559843 711.870094 688.281350
55.944939792905245 -3.1882440709559843 SW 55.94472766087089 -3.18845620299034 711.870094 687.031350
55.94472766087089 -3.18845620299034 SW 55.94451552883653 -3.188668335024696 711.870094 685.781350
55.94451552883653 -3.188668335024696 SSW 55.944238364976776 -3.1887831400544053 711.870094 684.531350
55.944238364976776 -3.1887831400544053 SW 55.94402623294242 -3.188995272088761 688.042371 659.385415
55.94402623294242 -3.188995272088761 SSW 55.94374906908266 -3.1891100771184706 688.042371 658.135415
55.94374906908266 -3.1891100771184706 SW 55.94353693704831 -3.1893222091528264 688.042371 656.885415
55.94353693704831 -3.1893222091528264 SSW 55.94325977318855 -3.189437014182536 688.042371 655.635415
55.94325977318855 -3.189437014182536 SW 55.943047641154195 -3.1896491462168917 688.042371 654.385415
55.943047641154195 -3.1896491462168917 SSW 55.94277047729444 -3.189763951246601 688.042371 653.135415
55.94277047729444 -3.189763951246601 ENE 55.94288528232415 -3.1894867873868478 737.480804 721.718138
55.94288528232415 -3.1894867873868478 ENE 55.94300008735386 -3.1892096235270944 737.480804 720.468138
55.94300008735386 -3.1892096235270944 ENE 55.94311489238357 -3.188932459667341 737.480804 719.218138
55.94311489238357 -3.188932459667341 ENE 55.94322969741328 -3.1886552958075876 737.480804 717.968138
55.94322969741328 -3.1886552958075876 ENE 55.94334450244299 -3.188378131947834 737.480804 716.718138
55.94334450244299 -3.188378131947834 ENE 55.9434593074727 -3.1881009680880807 737.480804 715.468138
55.9434593074727 -3.1881009680880807 ENE 55.94357411250241 -3.1878238042283273 737.480804 714.218138
55.94357411250241 -3.1878238042283273 ENE 55.94368891753212 -3.187546640368574 737.480804 712.968138
55.94368891753212 -3.187546640368574 NE 55.94390104956648 -3.187334508334218 737.480804 711.718138
55.94390104956648 -3.187334508334218 ENE 55.94401585459619 -3.1870573444744648 737.480804 710.468138
55.94401585459619 -3.1870573444744648 NE 55.944227986630544 -3.186845212440109 737.480804 709.218138
55.944227986630544 -3.186845212440109 ENE 55.944342791660254 -3.1865680485803556 848.089773 779.379649
55.944342791660254 -3.1865680485803556 NE 55.94455492369461 -3.186355916546 843.642924 673.880717
55.94455492369461 -3.186355916546 ENE 55.94466972872432 -3.1860787526862464 843.642924 672.630717
55.94466972872432 -3.1860787526862464 NE 55.94488186075868 -3.1858666206518906 843.642924 671.380717
55.94488186075868 -3.1858666206518906 ENE 55.94499666578839 -3.1855894567921372 843.642924 670.130717
55.94499666578839 -3.1855894567921372 NE 55.945208797822744 -3.1853773247577815 843.642924 668.880717
55.945208797822744 -3.1853773247577815 ENE 55.945323602852454 -3.185100160898028 843.642924 667.630717
55.945323602852454 -3.185100160898028 NE 55.94553573488681 -3.1848880288636723 793.535322 547.851063
55.94553573488681 -3.1848880288636723 ENE 55.94565053991652 -3.184610865003919 793.535322 546.601063
55.94565053991652 -3.184610865003919 NE 55.94586267195088 -3.184398732969563 793.535322 545.351063
55.94586267195088 -3.184398732969563 W 55.94586267195088 -3.1846987329695633 862.993836 660.185459
55.94586267195088 -3.1846987329695633 W 55.94586267195088 -3.1849987329695635 862.993836 658.935459
55.94586267195088 -3.1849987329695635 W 55.94586267195088 -3.1852987329695637 862.993836 657.685459
55.94586267195088 -3.1852987329695637 W 55.94586267195088 -3.185598732969564 862.993836 656.435459
55.94586267195088 -3.185598732969564 W 55.94586267195088 -3.185898732969564 839.297290 570.405700
55.94586267195088 -3.185898732969564 W 55.94586267195088 -3.1861987329695642 758.990092 483.425102
55.94586267195088 -3.1861987329695642 W 55.94586267195088 -3.1864987329695644 758.990092 482.175102
55.94586267195088 -3.1864987329695644 W 55.94586267195088 -3.1867987329695646 758.754364 379.099569
55.94586267195088 -3.1867987329695646 W 55.94586267195088 -3.187098732969565 758.754364 377.849569
55.94586267195088 -3.187098732969565 W 55.94586267195088 -3.187398732969565 758.754364 376.599569
55.94586267195088 -3.187398732969565 W 55.94586267195088 -3.187698732969565 758.754364 375.349569
55.94586267195088 -3.187698732969565 W 55.94586267195088 -3.1879987329695654 758.754364 374.099569
55.94586267195088 -3.1879987329695654 W 55.94586267195088 -3.1882987329695656 758.754364 372.849569
55.94586267195088 -3.1882987329695656 W 55.94586267195088 -3.1885987329695658 758.754364 371.599569
55.94586267195088 -3.1885987329695658 W 55.94586267195088 -3.188898732969566 758.754364 370.349569
55.94586267195088 -3.188898732969566 W 55.94586267195088 -3.189198732969566 758.754364 369.099569
55.94586267195088 -3.189198732969566 W 55.94586267195088 -3.1894987329695663 839.384852 483.696047
55.94586267195088 -3.1894987329695663 W 55.94586267195088 -3.1897987329695665 839.384852 482.446047
55.94586267195088 -3.1897987329695665 WSW 55.94574786692117 -3.19007589682932 839.384852 481.196047
55.94574786692117 -3.19007589682932 W 55.94574786692117 -3.19037589682932 715.616661 405.318189
55.94574786692117 -3.19037589682932 WSW 55.945633061891456 -3.1906530606890735 715.616661 404.068189
55.945633061891456 -3.1906530606890735 W 55.945633061891456 -3.1909530606890737 715.616661 402.818189
55.945633061891456 -3.1909530606890737 WSW 55.945518256861746 -3.191230224548827 715.616661 401.568189
55.945518256861746 -3.191230224548827 W 55.945518256861746 -3.1915302245488273 779.546588 518.197798
55.945518256861746 -3.1915302245488273 WSW 55.945403451832036 -3.1918073884085807 779.546588 516.947798
55.945403451832036 -3.1918073884085807 W 55.945403451832036 -3.192107388408581 668.594884 484.672407
55.945403451832036 -3.192107388408581 WSW 55.945288646802325 -3.1923845522683343 668.594884 483.422407
55.945288646802325 -3.1923845522683343 E 55.945288646802325 -3.192084552268334 754.021060 520.186205
55.945288646802325 -3.192084552268334 E 55.945288646802325 -3.191784552268334 754.021060 518.936205
55.945288646802325 -3.191784552268334 E 55.945288646802325 -3.1914845522683337 754.021060 517.686205
55.945288646802325 -3.1914845522683337 E 55.945288646802325 -3.1911845522683335 754.021060 516.436205
55.945288646802325 -3.1911845522683335 E 55.945288646802325 -3.1908845522683333 754.021060 515.186205
55.945288646802325 -3.1908845522683333 E 55.945288646802325 -3.190584552268333 754.021060 513.936205
55.945288646802325 -3.190584552268333 SE 55.94507651476797 -3.1903724202339774 869.793441 598.743400
55.94507651476797 -3.1903724202339774 ESE 55.94496170973826 -3.190095256374224 869.793441 597.493400
55.94496170973826 -3.190095256374224 SE 55.9447495777039 -3.189883124339868 869.793441 596.243400
55.9447495777039 -3.189883124339868 SW 55.944537445669546 -3.190095256374224 965.875516 629.578485
55.944537445669546 -3.190095256374224 SW 55.94432531363519 -3.1903073884085797 976.653018 690.070707
55.94432531363519 -3.1903073884085797 WSW 55.94421050860548 -3.190584552268333 976.653018 688.820707
55.94421050860548 -3.190584552268333 SW 55.94399837657112 -3.190796684302689 976.653018 687.570707
55.94399837657112 -3.190796684302689 WSW 55.94388357154141 -3.1910738481624423 976.653018 686.320707
55.94388357154141 -3.1910738481624423 NE 55.94409570357577 -3.1908617161280866 1038.350529 706.435252
55.94409570357577 -3.1908617161280866 NE 55.944307835610125 -3.190649584093731 1038.350529 705.185252
55.944307835610125 -3.190649584093731 NE 55.94451996764448 -3.190437452059375 1038.350529 703.935252
55.94451996764448 -3.190437452059375 NE 55.94473209967884 -3.1902253200250192 1099.148255 739.203360
55.94473209967884 -3.1902253200250192 ENE 55.94484690470855 -3.189948156165266 1099.148255 737.953360
55.94484690470855 -3.189948156165266 NE 55.945059036742904 -3.18973602413091 1099.148255 736.703360
55.945059036742904 -3.18973602413091 ENE 55.945173841772615 -3.1894588602711567 1099.148255 735.453360
55.945173841772615 -3.1894588602711567 NE 55.94538597380697 -3.189246728236801 1099.148255 734.203360
55.94538597380697 -3.189246728236801 ENE 55.94550077883668 -3.1889695643770475 1099.148255 732.953360
55.94550077883668 -3.1889695643770475 E 55.94550077883668 -3.1886695643770473 1121.041451 832.692275
55.94550077883668 -3.1886695643770473 E 55.94550077883668 -3.188369564377047 1121.041451 831.442275
55.94550077883668 -3.188369564377047 E 55.94550077883668 -3.188069564377047 1121.041451 830.192275
55.94550077883668 -3.188069564377047 E 55.94550077883668 -3.1877695643770467 1121.041451 828.942275
55.94550077883668 -3.1877695643770467 E 55.94550077883668 -3.1874695643770465 1121.041451 827.692275
55.94550077883668 -3.1874695643770465 E 55.94550077883668 -3.1871695643770463 1121.041451 826.442275
55.94550077883668 -3.1871695643770463 E 55.94550077883668 -3.186869564377046 1121.041451 825.192275
55.94550077883668 -3.186869564377046 ESE 55.94538597380697 -3.1865924005172928 1121.041451 823.942275
55.94538597380697 -3.1865924005172928 E 55.94538597380697 -3.1862924005172926 1030.383691 800.656576
55.94538597380697 -3.1862924005172926 ESE 55.94527116877726 -3.186015236657539 1030.383691 799.406576
55.94527116877726 -3.186015236657539 E 55.94527116877726 -3.185715236657539 1030.383691 798.156576
55.94527116877726 -3.185715236657539 ESE 55.94515636374755 -3.1854380727977856 1030.383691 796.906576
55.94515636374755 -3.1854380727977856 E 55.94515636374755 -3.1851380727977854 1030.383691 795.656576
55.94515636374755 -3.1851380727977854 ESE 55.94504155871784 -3.184860908938032 1030.383691 794.406576
55.94504155871784 -3.184860908938032 ENE 55.94515636374755 -3.1845837450782786 1063.176552 880.266579
55.94515636374755 -3.1845837450782786 SW 55.944944231713194 -3.1847958771126343 1063.176552 879.016579
55.944944231713194 -3.1847958771126343 WSW 55.944829426683484 -3.1850730409723877 1063.176552 877.766579
55.944829426683484 -3.1850730409723877 SW 55.94461729464913 -3.1852851730067435 1063.176552 876.516579
55.94461729464913 -3.1852851730067435 WSW 55.94450248961942 -3.185562336866497 1063.176552 875.266579
55.94450248961942 -3.185562336866497 SW 55.94429035758506 -3.1857744689008527 1063.176552 874.016579
55.94429035758506 -3.1857744689008527 WSW 55.94417555255535 -3.186051632760606 1063.176552 872.766579
55.94417555255535 -3.186051632760606 SW 55.943963420520994 -3.186263764794962 1063.176552 871.516579
55.943963420520994 -3.186263764794962 W 55.943963420520994 -3.186563764794962 1094.838256 949.837945
55.943963420520994 -3.186563764794962 W 55.943963420520994 -3.1868637647949623 1094.838256 948.587945
55.943963420520994 -3.1868637647949623 W 55.943963420520994 -3.1871637647949624 1094.838256 947.337945
55.943963420520994 -3.1871637647949624 W 55.943963420520994 -3.1874637647949626 1094.838256 946.087945
55.943963420520994 -3.1874637647949626 W 55.943963420520994 -3.187763764794963 1094.838256 944.837945
55.943963420520994 -3.187763764794963 W 55.943963420520994 -3.188063764794963 1094.838256 943.587945
55.943963420520994 -3.188063764794963 W 55.943963420520994 -3.188363764794963 1094.838256 942.337945
55.943963420520994 -3.188363764794963 W 55.943963420520994 -3.1886637647949634 1094.838256 941.087945
55.943963420520994 -3.1886637647949634 W 55.943963420520994 -3.1889637647949636 1094.838256 939.837945
55.943963420520994 -3.1889637647949636 W 55.943963420520994 -3.1892637647949638 1094.838256 938.587945
55.943963420520994 -3.1892637647949638 W 55.943963420520994 -3.189563764794964 1094.838256 937.337945
55.943963420520994 -3.189563764794964 W 55.943963420520994 -3.189863764794964 1094.838256 936.087945
55.943963420520994 -3.189863764794964 W 55.943963420520994 -3.1901637647949643 1094.838256 934.837945
55.943963420520994 -3.1901637647949643 W 55.943963420520994 -3.1904637647949645 1094.838256 933.587945
55.943963420520994 -3.1904637647949645 W 55.943963420520994 -3.1907637647949647 1094.838256 932.337945
55.943963420520994 -3.1907637647949647 W 55.943963420520994 -3.191063764794965 1094.838256 931.087945
55.943963420520994 -3.191063764794965 W 55.943963420520994 -3.191363764794965 1094.838256 929.837945
55.943963420520994 -3.191363764794965 WNW 55.944078225550705 -3.1916409286547185 1139.152296 934.201579
55.944078225550705 -3.1916409286547185 E 55.944078225550705 -3.1913409286547183 1154.807503 973.715006
55.944078225550705 -3.1913409286547183 E 55.944078225550705 -3.191040928654718 1154.807503 972.465006
55.944078225550705 -3.191040928654718 E 55.944078225550705 -3.190740928654718 1154.807503 971.215006
55.944078225550705 -3.190740928654718 E 55.944078225550705 -3.1904409286547177 1154.807503 969.965006
55.944078225550705 -3.1904409286547177 E 55.944078225550705 -3.1901409286547175 1154.807503 968.715006
55.944078225550705 -3.1901409286547175 E 55.944078225550705 -3.1898409286547174 1154.807503 967.465006
55.944078225550705 -3.1898409286547174 E 55.944078225550705 -3.189540928654717 1154.807503 966.215006
55.944078225550705 -3.189540928654717 E 55.944078225550705 -3.189240928654717 1154.807503 964.965006
55.944078225550705 -3.189240928654717 E 55.944078225550705 -3.188940928654717 1154.807503 963.715006
55.944078225550705 -3.188940928654717 E 55.944078225550705 -3.1886409286547166 1154.807503 962.465006
55.944078225550705 -3.1886409286547166 E 55.944078225550705 -3.1883409286547164 1154.807503 961.215006
55.944078225550705 -3.1883409286547164 E 55.944078225550705 -3.188040928654716 1154.807503 959.965006
55.944078225550705 -3.188040928654716 E 55.944078225550705 -3.187740928654716 1128.865094 948.546524
55.944078225550705 -3.187740928654716 E 55.944078225550705 -3.187440928654716 1128.865094 947.296524
55.944078225550705 -3.187440928654716 E 55.944078225550705 -3.1871409286547157 1128.865094 946.046524
55.944078225550705 -3.1871409286547157 E 55.944078225550705 -3.1868409286547155 1128.865094 944.796524
55.944078225550705 -3.1868409286547155 E 55.944078225550705 -3.1865409286547153 1128.865094 943.546524
55.944078225550705 -3.1865409286547153 E 55.944078225550705 -3.186240928654715 1128.865094 942.296524
55.944078225550705 -3.186240928654715 E 55.944078225550705 -3.185940928654715 1128.865094 941.046524
55.944078225550705 -3.185940928654715 E 55.944078225550705 -3.1856409286547147 1128.865094 939.796524
55.944078225550705 -3.1856409286547147 E 55.944078225550705 -3.1853409286547145 1128.865094 938.546524
55.944078225550705 -3.1853409286547145 ESE 55.943963420520994 -3.185063764794961 1128.865094 937.296524
55.943963420520994 -3.185063764794961 E 55.943963420520994 -3.184763764794961 1128.865094 936.046524
55.943963420520994 -3.184763764794961 W 55.943963420520994 -3.185063764794961 1214.740891 1010.811240
55.943963420520994 -3.185063764794961 WSW 55.943848615491284 -3.1853409286547145 1214.740891 1009.561240
55.943848615491284 -3.1853409286547145 W 55.943848615491284 -3.1856409286547147 1214.740891 1008.311240
55.943848615491284 -3.1856409286547147 WSW 55.94373381046157 -3.185918092514468 1214.740891 1007.061240
55.94373381046157 -3.185918092514468 W 55.94373381046157 -3.1862180925144683 1214.740891 1005.811240
55.94373381046157 -3.1862180925144683 WSW 55.94361900543186 -3.1864952563742217 1214.740891 1004.561240
55.94361900543186 -3.1864952563742217 W 55.94361900543186 -3.186795256374222 1214.740891 1003.311240
55.94361900543186 -3.186795256374222 WSW 55.94350420040215 -3.1870724202339753 1214.740891 1002.061240
55.94350420040215 -3.1870724202339753 W 55.94350420040215 -3.1873724202339755 1214.740891 1000.811240
55.94350420040215 -3.1873724202339755 WSW 55.94338939537244 -3.187649584093729 1214.740891 999.561240
55.94338939537244 -3.187649584093729 W 55.94338939537244 -3.187949584093729 1214.740891 998.311240
55.94338939537244 -3.187949584093729 WSW 55.94327459034273 -3.1882267479534825 1214.740891 997.061240
55.94327459034273 -3.1882267479534825 W 55.94327459034273 -3.1885267479534827 1214.740891 995.811240
55.94327459034273 -3.1885267479534827 WSW 55.94315978531302 -3.188803911813236 1214.740891 994.561240
55.94315978531302 -3.188803911813236 W 55.94315978531302 -3.1891039118132363 1214.740891 993.311240
55.94315978531302 -3.1891039118132363 WSW 55.94304498028331 -3.1893810756729897 1214.740891 992.061240
55.94304498028331 -3.1893810756729897 W 55.94304498028331 -3.18968107567299 1214.740891 990.811240
55.94304498028331 -3.18968107567299 WSW 55.9429301752536 -3.1899582395327433 1214.740891 989.561240
55.9429301752536 -3.1899582395327433 W 55.9429301752536 -3.1902582395327435 1169.345431 973.614619
55.9429301752536 -3.1902582395327435 WSW 55.94281537022389 -3.190535403392497 1169.345431 972.364619
55.94281537022389 -3.190535403392497 W 55.94281537022389 -3.190835403392497 1169.345431 971.114619
55.94281537022389 -3.190835403392497 WSW 55.94270056519418 -3.1911125672522505 1169.345431 969.864619
55.94270056519418 -3.1911125672522505 NE 55.942912697228536 -3.1909004352178947 1247.000848 1052.106498
55.942912697228536 -3.1909004352178947 SW 55.94270056519418 -3.1911125672522505 1247.000848 1050.856498
55.94270056519418 -3.1911125672522505 NNE 55.942977729053936 -3.190997762222541 1247.000848 1049.606498
55.942977729053936 -3.190997762222541 SSE 55.94270056519418 -3.1908829571928314 1247.000848 1048.356498
55.94270056519418 -3.1908829571928314 SW 55.942488433159824 -3.191095089227187 1247.000848 1047.106498
55.942488433159824 -3.191095089227187 SW 55.94227630112547 -3.191307221261543 1247.000848 1045.856498
55.94227630112547 -3.191307221261543 NNE 55.942553464985224 -3.1911924162318335 1247.000848 1044.606498
55.942553464985224 -3.1911924162318335 SW 55.94234133295087 -3.1914045482661892 1247.000848 1043.356498
55.94234133295087 -3.1914045482661892 NW 55.942553464985224 -3.191616680300545 1247.000848 1042.106498
55.942553464985224 -3.191616680300545 WNW 55.942668270014934 -3.1918938441602984 1247.000848 1040.856498
55.942668270014934 -3.1918938441602984 NW 55.94288040204929 -3.192105976194654 1247.000848 1039.606498
55.94288040204929 -3.192105976194654 NNW 55.94315756590905 -3.1922207812243637 1225.691205 1038.309489
55.94315756590905 -3.1922207812243637 E 55.94315756590905 -3.1919207812243635 1225.691205 1037.059489
55.94315756590905 -3.1919207812243635 NE 55.9433696979434 -3.1917086491900077 1225.691205 1035.809489
55.9433696979434 -3.1917086491900077 NNE 55.94364686180316 -3.1915938441602982 1225.691205 1034.559489
55.94364686180316 -3.1915938441602982 ESE 55.94353205677345 -3.191316680300545 1225.691205 1033.309489
