55.944425 -3.188396 ENE 55.94453980502971 -3.1881188361402466 0.000000 248.750000
55.94453980502971 -3.1881188361402466 ENE 55.94465461005942 -3.187841672280493 0.000000 247.500000
55.94465461005942 -3.187841672280493 ENE 55.944769415089134 -3.18756450842074 0.000000 246.250000
55.944769415089134 -3.18756450842074 ENE 55.944884220118844 -3.1872873445609864 0.000000 245.000000
55.944884220118844 -3.1872873445609864 ENE 55.944999025148554 -3.187010180701233 49.270928 256.824749
55.944999025148554 -3.187010180701233 ENE 55.945113830178265 -3.1867330168414796 0.000000 131.704170
55.945113830178265 -3.1867330168414796 ENE 55.945228635207975 -3.186455852981726 0.000000 130.454170
55.945228635207975 -3.186455852981726 ENE 55.945343440237686 -3.1861786891219728 0.000000 129.204170
55.945343440237686 -3.1861786891219728 ENE 55.945458245267396 -3.1859015252622194 0.000000 127.954170
55.945458245267396 -3.1859015252622194 S 55.94515824526739 -3.1859015252622194 113.887452 161.557950
55.94515824526739 -3.1859015252622194 S 55.94485824526739 -3.1859015252622194 220.206845 177.434411
55.94485824526739 -3.1859015252622194 S 55.94455824526739 -3.1859015252622194 235.925669 269.476424
55.94455824526739 -3.1859015252622194 SSE 55.94428108140763 -3.18578672023251 235.925669 268.226424
55.94428108140763 -3.18578672023251 S 55.94398108140763 -3.18578672023251 235.925669 266.976424
55.94398108140763 -3.18578672023251 SSE 55.94370391754787 -3.1856719152028004 235.925669 265.726424
55.94370391754787 -3.1856719152028004 S 55.94340391754787 -3.1856719152028004 313.140754 273.632146
55.94340391754787 -3.1856719152028004 SSE 55.94312675368811 -3.185557110173091 313.140754 272.382146
55.94312675368811 -3.185557110173091 NNE 55.94340391754787 -3.1854423051433813 348.280399 331.473396
55.94340391754787 -3.1854423051433813 NNE 55.943681081407625 -3.185327500113672 348.280399 330.223396
55.943681081407625 -3.185327500113672 NNE 55.94395824526738 -3.1852126950839623 348.280399 328.973396
55.94395824526738 -3.1852126950839623 NNE 55.94423540912714 -3.185097890054253 348.280399 327.723396
55.94423540912714 -3.185097890054253 NNE 55.944512572986895 -3.1849830850245433 348.280399 326.473396
55.944512572986895 -3.1849830850245433 NNE 55.94478973684665 -3.184868279994834 348.280399 325.223396
55.94478973684665 -3.184868279994834 NNE 55.94506690070641 -3.1847534749651243 348.280399 323.973396
55.94506690070641 -3.1847534749651243 W 55.94506690070641 -3.1850534749651245 381.073260 409.833400
55.94506690070641 -3.1850534749651245 W 55.94506690070641 -3.1853534749651247 330.965659 290.053746
55.94506690070641 -3.1853534749651247 W 55.94506690070641 -3.185653474965125 330.965659 288.803746
55.94506690070641 -3.185653474965125 W 55.94506690070641 -3.185953474965125 330.965659 287.553746
55.94506690070641 -3.185953474965125 W 55.94506690070641 -3.1862534749651252 330.965659 286.303746
55.94506690070641 -3.1862534749651252 W 55.94506690070641 -3.1865534749651254 330.965659 285.053746
55.94506690070641 -3.1865534749651254 W 55.94506690070641 -3.1868534749651256 330.965659 283.803746
55.94506690070641 -3.1868534749651256 W 55.94506690070641 -3.187153474965126 276.223301 282.553746
55.94506690070641 -3.187153474965126 W 55.94506690070641 -3.187453474965126 276.223301 281.303746
55.94506690070641 -3.187453474965126 W 55.94506690070641 -3.187753474965126 276.223301 280.053746
55.94506690070641 -3.187753474965126 W 55.94506690070641 -3.1880534749651264 276.223301 278.803746
55.94506690070641 -3.1880534749651264 W 55.94506690070641 -3.1883534749651266 276.223301 277.553746
55.94506690070641 -3.1883534749651266 WSW 55.9449520956767 -3.18863063882488 276.223301 276.303746
55.9449520956767 -3.18863063882488 W 55.9449520956767 -3.18893063882488 243.088151 200.604328
55.9449520956767 -3.18893063882488 WSW 55.94483729064699 -3.1892078026846336 243.088151 199.354328
55.94483729064699 -3.1892078026846336 W 55.94483729064699 -3.1895078026846337 243.088151 198.104328
55.94483729064699 -3.1895078026846337 WSW 55.94472248561728 -3.189784966544387 339.170226 231.439414
55.94472248561728 -3.189784966544387 W 55.94472248561728 -3.1900849665443873 339.170226 230.189414
55.94472248561728 -3.1900849665443873 W 55.94472248561728 -3.1903849665443875 349.947728 290.681636
55.94472248561728 -3.1903849665443875 W 55.94472248561728 -3.1906849665443877 410.745453 325.949744
55.94472248561728 -3.1906849665443877 WSW 55.944607680587566 -3.190962130404141 410.745453 324.699744
55.944607680587566 -3.190962130404141 W 55.944607680587566 -3.1912621304041413 410.745453 323.449744
55.944607680587566 -3.1912621304041413 WSW 55.944492875557856 -3.1915392942638947 410.745453 322.199744
55.944492875557856 -3.1915392942638947 ENE 55.944607680587566 -3.1912621304041413 502.840306 326.044908
55.944607680587566 -3.1912621304041413 ENE 55.94472248561728 -3.190984966544388 502.840306 324.794908
55.94472248561728 -3.190984966544388 ENE 55.94483729064699 -3.1907078026846345 502.840306 323.544908
55.94483729064699 -3.1907078026846345 ENE 55.9449520956767 -3.190430638824881 502.840306 322.294908
55.9449520956767 -3.190430638824881 ENE 55.94506690070641 -3.1901534749651277 502.840306 321.044908
55.94506690070641 -3.1901534749651277 ENE 55.94518170573612 -3.1898763111053743 502.840306 319.794908
55.94518170573612 -3.1898763111053743 ENE 55.94529651076583 -3.189599147245621 502.840306 318.544908
55.94529651076583 -3.189599147245621 ENE 55.94541131579554 -3.1893219833858675 502.840306 317.294908
55.94541131579554 -3.1893219833858675 ENE 55.94552612082525 -3.189044819526114 502.840306 316.044908
55.94552612082525 -3.189044819526114 WSW 55.94541131579554 -3.1893219833858675 583.470794 430.641386
55.94541131579554 -3.1893219833858675 WSW 55.94529651076583 -3.189599147245621 583.470794 429.391386
55.94529651076583 -3.189599147245621 WSW 55.94518170573612 -3.1898763111053743 583.470794 428.141386
55.94518170573612 -3.1898763111053743 WSW 55.94506690070641 -3.1901534749651277 583.470794 426.891386
55.94506690070641 -3.1901534749651277 WSW 55.9449520956767 -3.190430638824881 583.470794 425.641386
55.9449520956767 -3.190430638824881 WSW 55.94483729064699 -3.1907078026846345 583.470794 424.391386
55.94483729064699 -3.1907078026846345 WSW 55.94472248561728 -3.190984966544388 583.470794 423.141386
55.94472248561728 -3.190984966544388 WSW 55.944607680587566 -3.1912621304041413 583.470794 421.891386
55.944607680587566 -3.1912621304041413 WSW 55.944492875557856 -3.1915392942638947 583.470794 420.641386
55.944492875557856 -3.1915392942638947 E 55.944492875557856 -3.1912392942638945 583.470794 419.391386
55.944492875557856 -3.1912392942638945 E 55.944492875557856 -3.1909392942638943 583.470794 418.141386
55.944492875557856 -3.1909392942638943 ENE 55.944607680587566 -3.190662130404141 583.470794 416.891386
55.944607680587566 -3.190662130404141 E 55.944607680587566 -3.1903621304041407 583.470794 415.641386
55.944607680587566 -3.1903621304041407 ENE 55.94472248561728 -3.1900849665443873 583.470794 414.391386
55.94472248561728 -3.1900849665443873 E 55.94472248561728 -3.189784966544387 583.470794 413.141386
55.94472248561728 -3.189784966544387 ENE 55.94483729064699 -3.1895078026846337 583.470794 411.891386
55.94483729064699 -3.1895078026846337 E 55.94483729064699 -3.1892078026846336 583.470794 410.641386
55.94483729064699 -3.1892078026846336 ENE 55.9449520956767 -3.18893063882488 583.470794 409.391386
55.9449520956767 -3.18893063882488 E 55.9449520956767 -3.18863063882488 583.470794 408.141386
55.9449520956767 -3.18863063882488 ENE 55.94506690070641 -3.1883534749651266 583.470794 406.891386
55.94506690070641 -3.1883534749651266 E 55.94506690070641 -3.1880534749651264 583.470794 405.641386
55.94506690070641 -3.1880534749651264 ENE 55.94518170573612 -3.187776311105373 583.470794 404.391386
55.94518170573612 -3.187776311105373 E 55.94518170573612 -3.1874763111053728 583.470794 403.141386
55.94518170573612 -3.1874763111053728 ENE 55.94529651076583 -3.1871991472456194 583.470794 401.891386
55.94529651076583 -3.1871991472456194 E 55.94529651076583 -3.186899147245619 583.470794 400.641386
55.94529651076583 -3.186899147245619 ENE 55.94541131579554 -3.1866219833858658 583.470794 399.391386
55.94541131579554 -3.1866219833858658 E 55.94541131579554 -3.1863219833858656 492.813034 376.105687
55.94541131579554 -3.1863219833858656 ENE 55.94552612082525 -3.186044819526112 492.813034 374.855687
55.94552612082525 -3.186044819526112 E 55.94552612082525 -3.185744819526112 492.813034 373.605687
55.94552612082525 -3.185744819526112 ENE 55.94564092585496 -3.1854676556663586 492.813034 372.355687
55.94564092585496 -3.1854676556663586 E 55.94564092585496 -3.1851676556663584 492.813034 371.105687
55.94564092585496 -3.1851676556663584 ENE 55.94575573088467 -3.184890491806605 492.813034 369.855687
55.94575573088467 -3.184890491806605 E 55.94575573088467 -3.184590491806605 492.813034 368.605687
55.94575573088467 -3.184590491806605 SW 55.945543598850314 -3.1848026238409606 562.271548 483.440083
55.945543598850314 -3.1848026238409606 SW 55.94533146681596 -3.1850147558753164 562.271548 482.190083
55.94533146681596 -3.1850147558753164 SW 55.9451193347816 -3.185226887909672 562.271548 480.940083
55.9451193347816 -3.185226887909672 WSW 55.94500452975189 -3.1855040517694255 562.271548 479.690083
55.94500452975189 -3.1855040517694255 SW 55.944792397717535 -3.1857161838037813 562.271548 478.440083
55.944792397717535 -3.1857161838037813 WSW 55.944677592687825 -3.1859933476635347 562.271548 477.190083
55.944677592687825 -3.1859933476635347 SW 55.94446546065347 -3.1862054796978905 562.271548 475.940083
55.94446546065347 -3.1862054796978905 WSW 55.94435065562376 -3.186482643557644 562.271548 474.690083
55.94435065562376 -3.186482643557644 SW 55.9441385235894 -3.1866947755919997 557.824699 369.191150
55.9441385235894 -3.1866947755919997 SSW 55.943861359729645 -3.186809580621709 668.433668 439.352662
55.943861359729645 -3.186809580621709 S 55.94356135972964 -3.186809580621709 668.433668 438.102662
55.94356135972964 -3.186809580621709 SSW 55.943284195869886 -3.1869243856514187 668.433668 436.852662
55.943284195869886 -3.1869243856514187 S 55.94298419586988 -3.1869243856514187 668.433668 435.602662
55.94298419586988 -3.1869243856514187 SSW 55.94270703201013 -3.187039190681128 668.433668 434.352662
55.94270703201013 -3.187039190681128 NW 55.94291916404448 -3.187251322715484 692.460323 550.199387
55.94291916404448 -3.187251322715484 NW 55.94313129607884 -3.1874634547498397 692.460323 548.949387
55.94313129607884 -3.1874634547498397 NW 55.943343428113195 -3.1876755867841955 692.460323 547.699387
55.943343428113195 -3.1876755867841955 NW 55.94355556014755 -3.1878877188185513 692.460323 546.449387
55.94355556014755 -3.1878877188185513 NW 55.94376769218191 -3.188099850852907 692.460323 545.199387
55.94376769218191 -3.188099850852907 WNW 55.94388249721162 -3.1883770147126604 692.460323 543.949387
55.94388249721162 -3.1883770147126604 NW 55.944094629245974 -3.188589146747016 692.460323 542.699387
55.944094629245974 -3.188589146747016 WNW 55.944209434275685 -3.1888663106067696 692.460323 541.449387
55.944209434275685 -3.1888663106067696 NW 55.94442156631004 -3.1890784426411254 668.632601 516.303453
55.94442156631004 -3.1890784426411254 WNW 55.94453637133975 -3.189355606500879 668.632601 515.053453
55.94453637133975 -3.189355606500879 NW 55.94474850337411 -3.1895677385352346 668.632601 513.803453
55.94474850337411 -3.1895677385352346 WNW 55.94486330840382 -3.189844902394988 668.632601 512.553453
55.94486330840382 -3.189844902394988 NW 55.945075440438174 -3.1900570344293437 668.632601 511.303453
55.945075440438174 -3.1900570344293437 WNW 55.945190245467884 -3.190334198289097 668.632601 510.053453
55.945190245467884 -3.190334198289097 SW 55.94497811343353 -3.190546330323453 784.404982 594.860648
55.94497811343353 -3.190546330323453 SW 55.94476598139917 -3.1907584623578087 784.404982 593.610648
55.94476598139917 -3.1907584623578087 SW 55.944553849364816 -3.1909705943921645 784.404982 592.360648
55.944553849364816 -3.1909705943921645 SW 55.94434171733046 -3.1911827264265202 784.404982 591.110648
55.94434171733046 -3.1911827264265202 WSW 55.94422691230075 -3.1914598902862736 784.404982 589.860648
55.94422691230075 -3.1914598902862736 SW 55.94401478026639 -3.1916720223206294 784.404982 588.610648
55.94401478026639 -3.1916720223206294 ENE 55.9441295852961 -3.191394858460876 800.060189 628.124075
55.9441295852961 -3.191394858460876 ENE 55.944244390325814 -3.1911176946011226 844.374229 632.487708
55.944244390325814 -3.1911176946011226 ENE 55.944359195355524 -3.190840530741369 844.374229 631.237708
55.944359195355524 -3.190840530741369 ENE 55.944474000385235 -3.190563366881616 844.374229 629.987708
55.944474000385235 -3.190563366881616 ENE 55.944588805414945 -3.1902862030218624 844.374229 628.737708
55.944588805414945 -3.1902862030218624 ENE 55.944703610444655 -3.190009039162109 844.374229 627.487708
55.944703610444655 -3.190009039162109 ENE 55.944818415474366 -3.1897318753023556 844.374229 626.237708
55.944818415474366 -3.1897318753023556 ENE 55.944933220504076 -3.189454711442602 844.374229 624.987708
55.944933220504076 -3.189454711442602 ENE 55.94504802553379 -3.1891775475828488 844.374229 623.737708
55.94504802553379 -3.1891775475828488 ENE 55.9451628305635 -3.1889003837230954 844.374229 622.487708
55.9451628305635 -3.1889003837230954 ENE 55.94527763559321 -3.188623219863342 844.374229 621.237708
55.94527763559321 -3.188623219863342 ENE 55.94539244062292 -3.1883460560035886 844.374229 619.987708
55.94539244062292 -3.1883460560035886 ENE 55.94550724565263 -3.188068892143835 844.374229 618.737708
55.94550724565263 -3.188068892143835 ENE 55.94562205068234 -3.1877917282840817 844.374229 617.487708
55.94562205068234 -3.1877917282840817 WSW 55.94550724565263 -3.188068892143835 855.208212 698.806799
55.94550724565263 -3.188068892143835 WSW 55.94539244062292 -3.1883460560035886 855.208212 697.556799
55.94539244062292 -3.1883460560035886 WSW 55.94527763559321 -3.188623219863342 855.208212 696.306799
55.94527763559321 -3.188623219863342 WSW 55.9451628305635 -3.1889003837230954 855.208212 695.056799
55.9451628305635 -3.1889003837230954 WSW 55.94504802553379 -3.1891775475828488 855.208212 693.806799
55.94504802553379 -3.1891775475828488 WSW 55.944933220504076 -3.189454711442602 855.208212 692.556799
55.944933220504076 -3.189454711442602 W 55.944933220504076 -3.1897547114426024 855.208212 691.306799
55.944933220504076 -3.1897547114426024 WSW 55.944818415474366 -3.1900318753023558 855.208212 690.056799
55.944818415474366 -3.1900318753023558 W 55.944818415474366 -3.190331875302356 855.208212 688.806799
55.944818415474366 -3.190331875302356 WSW 55.944703610444655 -3.1906090391621094 855.208212 687.556799
55.944703610444655 -3.1906090391621094 W 55.944703610444655 -3.1909090391621096 855.208212 686.306799
55.944703610444655 -3.1909090391621096 WSW 55.944588805414945 -3.191186203021863 855.208212 685.056799
55.944588805414945 -3.191186203021863 W 55.944588805414945 -3.191486203021863 855.208212 683.806799
55.944588805414945 -3.191486203021863 NNE 55.9448659692747 -3.1913713979921536 855.208212 682.556799
55.9448659692747 -3.1913713979921536 NNE 55.94514313313446 -3.191256592962444 855.208212 681.306799
55.94514313313446 -3.191256592962444 E 55.94514313313446 -3.190956592962444 919.138139 797.936409
55.94514313313446 -3.190956592962444 E 55.94514313313446 -3.1906565929624437 919.138139 796.686409
55.94514313313446 -3.1906565929624437 ESE 55.94502832810475 -3.1903794291026903 919.138139 795.436409
55.94502832810475 -3.1903794291026903 E 55.94502832810475 -3.19007942910269 919.138139 794.186409
55.94502832810475 -3.19007942910269 ESE 55.94491352307504 -3.1898022652429368 919.138139 792.936409
55.94491352307504 -3.1898022652429368 E 55.94491352307504 -3.1895022652429366 919.138139 791.686409
55.94491352307504 -3.1895022652429366 ESE 55.94479871804533 -3.189225101383183 919.138139 790.436409
55.94479871804533 -3.189225101383183 E 55.94479871804533 -3.188925101383183 919.138139 789.186409
55.94479871804533 -3.188925101383183 ESE 55.944683913015616 -3.1886479375234296 919.138139 787.936409
55.944683913015616 -3.1886479375234296 E 55.944683913015616 -3.1883479375234294 919.138139 786.686409
55.944683913015616 -3.1883479375234294 ESE 55.944569107985906 -3.188070773663676 919.138139 785.436409
55.944569107985906 -3.188070773663676 E 55.944569107985906 -3.187770773663676 919.138139 784.186409
55.944569107985906 -3.187770773663676 ESE 55.944454302956196 -3.1874936098039224 919.138139 782.936409
55.944454302956196 -3.1874936098039224 E 55.944454302956196 -3.187193609803922 919.138139 781.686409
55.944454302956196 -3.187193609803922 ESE 55.944339497926485 -3.186916445944169 919.138139 780.436409
55.944339497926485 -3.186916445944169 E 55.944339497926485 -3.1866164459441686 919.138139 779.186409
55.944339497926485 -3.1866164459441686 ESE 55.944224692896775 -3.186339282084415 919.138139 777.936409
55.944224692896775 -3.186339282084415 E 55.944224692896775 -3.186039282084415 919.138139 776.686409
55.944224692896775 -3.186039282084415 ESE 55.944109887867064 -3.1857621182246616 919.138139 775.436409
55.944109887867064 -3.1857621182246616 E 55.944109887867064 -3.1854621182246614 919.138139 774.186409
55.944109887867064 -3.1854621182246614 ESE 55.943995082837354 -3.185184954364908 919.138139 772.936409
55.943995082837354 -3.185184954364908 E 55.943995082837354 -3.184884954364908 919.138139 771.686409
55.943995082837354 -3.184884954364908 ESE 55.943880277807644 -3.1846077905051544 919.138139 770.436409
55.943880277807644 -3.1846077905051544 W 55.943880277807644 -3.1849077905051546 1005.013936 845.201125
55.943880277807644 -3.1849077905051546 W 55.943880277807644 -3.185207790505155 1005.013936 843.951125
55.943880277807644 -3.185207790505155 W 55.943880277807644 -3.185507790505155 1005.013936 842.701125
55.943880277807644 -3.185507790505155 W 55.943880277807644 -3.185807790505155 1005.013936 841.451125
55.943880277807644 -3.185807790505155 W 55.943880277807644 -3.1861077905051554 1005.013936 840.201125
55.943880277807644 -3.1861077905051554 W 55.943880277807644 -3.1864077905051555 1005.013936 838.951125
55.943880277807644 -3.1864077905051555 W 55.943880277807644 -3.1867077905051557 1036.675640 917.272491
55.943880277807644 -3.1867077905051557 W 55.943880277807644 -3.187007790505156 1036.675640 916.022491
55.943880277807644 -3.187007790505156 W 55.943880277807644 -3.187307790505156 1036.675640 914.772491
55.943880277807644 -3.187307790505156 W 55.943880277807644 -3.1876077905051563 1036.675640 913.522491
55.943880277807644 -3.1876077905051563 W 55.943880277807644 -3.1879077905051565 1036.675640 912.272491
55.943880277807644 -3.1879077905051565 W 55.943880277807644 -3.1882077905051567 1036.675640 911.022491
55.943880277807644 -3.1882077905051567 W 55.943880277807644 -3.188507790505157 1110.045027 987.101327
55.943880277807644 -3.188507790505157 WNW 55.943995082837354 -3.1887849543649103 1110.045027 985.851327
55.943995082837354 -3.1887849543649103 W 55.943995082837354 -3.1890849543649105 1110.045027 984.601327
55.943995082837354 -3.1890849543649105 WNW 55.944109887867064 -3.189362118224664 1110.045027 983.351327
55.944109887867064 -3.189362118224664 W 55.944109887867064 -3.189662118224664 1110.045027 982.101327
55.944109887867064 -3.189662118224664 WNW 55.944224692896775 -3.1899392820844175 1110.045027 980.851327
55.944224692896775 -3.1899392820844175 W 55.944224692896775 -3.1902392820844176 1110.045027 979.601327
55.944224692896775 -3.1902392820844176 WNW 55.944339497926485 -3.190516445944171 1110.045027 978.351327
55.944339497926485 -3.190516445944171 W 55.944339497926485 -3.1908164459441712 1110.045027 977.101327
55.944339497926485 -3.1908164459441712 WNW 55.944454302956196 -3.1910936098039246 1110.045027 975.851327
55.944454302956196 -3.1910936098039246 W 55.944454302956196 -3.191393609803925 1110.045027 974.601327
55.944454302956196 -3.191393609803925 WNW 55.944569107985906 -3.1916707736636782 1110.045027 973.351327
55.944569107985906 -3.1916707736636782 ESE 55.944454302956196 -3.191393609803925 1199.203773 1074.892132
55.944454302956196 -3.191393609803925 ESE 55.944339497926485 -3.1911164459441714 1199.203773 1073.642132
55.944339497926485 -3.1911164459441714 ESE 55.944224692896775 -3.190839282084418 1199.203773 1072.392132
55.944224692896775 -3.190839282084418 ESE 55.944109887867064 -3.1905621182246646 1199.203773 1071.142132
55.944109887867064 -3.1905621182246646 ESE 55.943995082837354 -3.190284954364911 1221.497887 1080.950696
55.943995082837354 -3.190284954364911 ESE 55.943880277807644 -3.190007790505158 1221.497887 1079.700696
55.943880277807644 -3.190007790505158 ESE 55.94376547277793 -3.1897306266454044 1221.497887 1078.450696
55.94376547277793 -3.1897306266454044 ESE 55.94365066774822 -3.189453462785651 1221.497887 1077.200696
55.94365066774822 -3.189453462785651 ESE 55.94353586271851 -3.1891762989258976 1221.497887 1075.950696
55.94353586271851 -3.1891762989258976 N 55.943835862718515 -3.1891762989258976 1278.136447 1158.362737
55.943835862718515 -3.1891762989258976 N 55.94413586271852 -3.1891762989258976 1278.136447 1157.112737
55.94413586271852 -3.1891762989258976 NNE 55.944413026578275 -3.189061493896188 1278.136447 1155.862737
55.944413026578275 -3.189061493896188 N 55.94471302657828 -3.189061493896188 1278.136447 1154.612737
55.94471302657828 -3.189061493896188 NNE 55.944990190438034 -3.1889466888664786 1278.136447 1153.362737
55.944990190438034 -3.1889466888664786 N 55.94529019043804 -3.1889466888664786 1278.136447 1152.112737
55.94529019043804 -3.1889466888664786 NNE 55.94556735429779 -3.188831883836769 1278.136447 1150.862737
55.94556735429779 -3.188831883836769 SW 55.94535522226344 -3.189044015871125 1300.029644 1250.601652
55.94535522226344 -3.189044015871125 SW 55.94514309022908 -3.1892561479054806 1300.029644 1249.351652
55.94514309022908 -3.1892561479054806 SW 55.944930958194725 -3.1894682799398364 1300.029644 1248.101652
55.944930958194725 -3.1894682799398364 SW 55.94471882616037 -3.189680411974192 1300.029644 1246.851652
55.94471882616037 -3.189680411974192 SW 55.94450669412601 -3.189892544008548 1300.029644 1245.601652
55.94450669412601 -3.189892544008548 SSW 55.944229530266256 -3.1900073490382574 1300.029644 1244.351652
55.944229530266256 -3.1900073490382574 SW 55.9440173982319 -3.190219481072613 1300.029644 1243.101652
55.9440173982319 -3.190219481072613 SSW 55.94374023437214 -3.1903342861023227 1300.029644 1241.851652
55.94374023437214 -3.1903342861023227 SW 55.94352810233779 -3.1905464181366785 1300.029644 1240.601652
55.94352810233779 -3.1905464181366785 SSW 55.94325093847803 -3.190661223166388 1300.029644 1239.351652
55.94325093847803 -3.190661223166388 SW 55.943038806443674 -3.1908733552007438 1300.029644 1238.101652
55.943038806443674 -3.1908733552007438 SSW 55.94276164258392 -3.1909881602304533 1300.029644 1236.851652
55.94276164258392 -3.1909881602304533 NNW 55.943038806443674 -3.191102965260163 1377.685061 1319.093531
55.943038806443674 -3.191102965260163 NNW 55.94331597030343 -3.1912177702898723 1377.685061 1317.843531
55.94331597030343 -3.1912177702898723 NNW 55.94359313416319 -3.191332575319582 1309.232085 1312.643876
55.94359313416319 -3.191332575319582 NW 55.94380526619754 -3.1915447073539376 1370.929596 1332.758420
55.94380526619754 -3.1915447073539376 NNW 55.9440824300573 -3.191659512383647 1370.929596 1331.508420
55.9440824300573 -3.191659512383647 NW 55.944294562091656 -3.191871644418003 1370.929596 1330.258420
55.944294562091656 -3.191871644418003 NNW 55.94457172595141 -3.1919864494477124 1370.929596 1329.008420
55.94457172595141 -3.1919864494477124 NW 55.94478385798577 -3.192198581482068 1370.929596 1327.758420
55.94478385798577 -3.192198581482068 NNW 55.945061021845525 -3.1923133865117777 1370.929596 1326.508420
55.945061021845525 -3.1923133865117777 NW 55.94527315387988 -3.1925255185461334 1370.929596 1325.258420
55.94527315387988 -3.1925255185461334 SE 55.945061021845525 -3.1923133865117777 1456.355773 1362.022217
55.945061021845525 -3.1923133865117777 SE 55.94484888981117 -3.192101254477422 1456.355773 1360.772217
55.94484888981117 -3.192101254477422 SE 55.94463675777681 -3.191889122443066 1456.355773 1359.522217
55.94463675777681 -3.191889122443066 SE 55.94442462574246 -3.1916769904087103 1456.355773 1358.272217
55.94442462574246 -3.1916769904087103 SE 55.9442124937081 -3.1914648583743546 1456.355773 1357.022217
55.9442124937081 -3.1914648583743546 SE 55.944000361673744 -3.191252726339999 1456.355773 1355.772217
55.944000361673744 -3.191252726339999 SE 55.94378822963939 -3.191040594305643 1456.355773 1354.522217
55.94378822963939 -3.191040594305643 SE 55.94357609760503 -3.1908284622712872 1456.355773 1353.272217
55.94357609760503 -3.1908284622712872 SE 55.943363965570676 -3.1906163302369315 1456.355773 1352.022217
55.943363965570676 -3.1906163302369315 SE 55.94315183353632 -3.1904041982025757 1456.355773 1350.772217
55.94315183353632 -3.1904041982025757 SE 55.94293970150196 -3.19019206616822 1456.355773 1349.522217
55.94293970150196 -3.19019206616822 SE 55.94272756946761 -3.189979934133864 1456.355773 1348.272217
55.94272756946761 -3.189979934133864 S 55.942427569467604 -3.189979934133864 1505.794205 1416.854940
