55.944425 -3.188396 ENE 55.94453980502971 -3.1881188361402466 0.000000 248.750000
55.94453980502971 -3.1881188361402466 ENE 55.94465461005942 -3.187841672280493 0.000000 247.500000
55.94465461005942 -3.187841672280493 ENE 55.944769415089134 -3.18756450842074 0.000000 246.250000
55.944769415089134 -3.18756450842074 ENE 55.944884220118844 -3.1872873445609864 0.000000 245.000000
55.944884220118844 -3.1872873445609864 ENE 55.944999025148554 -3.187010180701233 49.270928 256.824749
55.944999025148554 -3.187010180701233 ENE 55.945113830178265 -3.1867330168414796 0.000000 131.704170
55.945113830178265 -3.1867330168414796 ENE 55.945228635207975 -3.186455852981726 0.000000 130.454170
55.945228635207975 -3.186455852981726 ENE 55.945343440237686 -3.1861786891219728 0.000000 129.204170
55.945343440237686 -3.1861786891219728 ENE 55.945458245267396 -3.1859015252622194 0.000000 127.954170
55.945458245267396 -3.1859015252622194 S 55.94515824526739 -3.1859015252622194 113.887452 161.557950
55.94515824526739 -3.1859015252622194 S 55.94485824526739 -3.1859015252622194 220.206845 177.434411
55.94485824526739 -3.1859015252622194 S 55.94455824526739 -3.1859015252622194 235.925669 269.476424
55.94455824526739 -3.1859015252622194 SSE 55.94428108140763 -3.18578672023251 235.925669 268.226424
55.94428108140763 -3.18578672023251 S 55.94398108140763 -3.18578672023251 235.925669 266.976424
55.94398108140763 -3.18578672023251 SSE 55.94370391754787 -3.1856719152028004 235.925669 265.726424
55.94370391754787 -3.1856719152028004 S 55.94340391754787 -3.1856719152028004 313.140754 273.632146
55.94340391754787 -3.1856719152028004 SSE 55.94312675368811 -3.185557110173091 313.140754 272.382146
55.94312675368811 -3.185557110173091 W 55.94312675368811 -3.185857110173091 348.280399 331.473396
55.94312675368811 -3.185857110173091 W 55.94312675368811 -3.1861571101730912 348.280399 330.223396
55.94312675368811 -3.1861571101730912 W 55.94312675368811 -3.1864571101730914 348.280399 328.973396
55.94312675368811 -3.1864571101730914 W 55.94312675368811 -3.1867571101730916 348.280399 327.723396
55.94312675368811 -3.1867571101730916 W 55.94312675368811 -3.187057110173092 348.280399 326.473396
55.94312675368811 -3.187057110173092 W 55.94312675368811 -3.187357110173092 348.280399 325.223396
55.94312675368811 -3.187357110173092 W 55.94312675368811 -3.187657110173092 348.280399 323.973396
55.94312675368811 -3.187657110173092 WNW 55.94324155871782 -3.1879342740328456 348.280399 322.723396
55.94324155871782 -3.1879342740328456 W 55.94324155871782 -3.1882342740328458 348.280399 321.473396
55.94324155871782 -3.1882342740328458 WNW 55.94335636374753 -3.188511437892599 348.280399 320.223396
55.94335636374753 -3.188511437892599 W 55.94335636374753 -3.1888114378925994 348.280399 318.973396
55.94335636374753 -3.1888114378925994 WNW 55.94347116877724 -3.1890886017523528 348.280399 317.723396
55.94347116877724 -3.1890886017523528 W 55.94347116877724 -3.189388601752353 404.918959 400.135438
55.94347116877724 -3.189388601752353 WNW 55.943585973806954 -3.1896657656121064 404.918959 398.885438
55.943585973806954 -3.1896657656121064 W 55.943585973806954 -3.1899657656121065 404.918959 397.635438
55.943585973806954 -3.1899657656121065 WNW 55.943700778836664 -3.19024292947186 404.918959 396.385438
55.943700778836664 -3.19024292947186 W 55.943700778836664 -3.19054292947186 404.918959 395.135438
55.943700778836664 -3.19054292947186 WNW 55.943815583866375 -3.1908200933316135 404.918959 393.885438
55.943815583866375 -3.1908200933316135 W 55.943815583866375 -3.1911200933316137 404.918959 392.635438
55.943815583866375 -3.1911200933316137 WNW 55.943930388896085 -3.191397257191367 466.616470 412.749982
55.943930388896085 -3.191397257191367 NNW 55.94420755275584 -3.1915120622210766 510.930511 417.113616
55.94420755275584 -3.1915120622210766 NNW 55.9444847166156 -3.191626867250786 510.930511 415.863616
55.9444847166156 -3.191626867250786 ENE 55.94459952164531 -3.1913497033910327 600.089257 517.404420
55.94459952164531 -3.1913497033910327 ENE 55.94471432667502 -3.1910725395312793 692.184110 521.249584
55.94471432667502 -3.1910725395312793 NE 55.944926458709375 -3.1908604074969236 692.184110 519.999584
55.944926458709375 -3.1908604074969236 ENE 55.945041263739085 -3.19058324363717 692.184110 518.749584
55.945041263739085 -3.19058324363717 NE 55.94525339577344 -3.1903711116028144 692.184110 517.499584
55.94525339577344 -3.1903711116028144 ENE 55.94536820080315 -3.190093947743061 807.956491 602.306779
55.94536820080315 -3.190093947743061 ENE 55.94548300583286 -3.1898167838833076 807.956491 601.056779
55.94548300583286 -3.1898167838833076 ENE 55.94559781086257 -3.189539620023554 807.956491 599.806779
55.94559781086257 -3.189539620023554 ENE 55.94571261589228 -3.1892624561638008 807.956491 598.556779
55.94571261589228 -3.1892624561638008 W 55.94571261589228 -3.189562456163801 888.586979 713.153257
55.94571261589228 -3.189562456163801 W 55.94571261589228 -3.189862456163801 888.586979 711.903257
55.94571261589228 -3.189862456163801 W 55.94571261589228 -3.1901624561638013 888.586979 710.653257
55.94571261589228 -3.1901624561638013 W 55.94571261589228 -3.1904624561638015 764.818788 634.775399
55.94571261589228 -3.1904624561638015 WSW 55.94559781086257 -3.190739620023555 764.818788 633.525399
55.94559781086257 -3.190739620023555 W 55.94559781086257 -3.191039620023555 764.818788 632.275399
55.94559781086257 -3.191039620023555 WSW 55.94548300583286 -3.1913167838833085 764.818788 631.025399
55.94548300583286 -3.1913167838833085 W 55.94548300583286 -3.1916167838833087 828.748715 747.655009
55.94548300583286 -3.1916167838833087 WSW 55.94536820080315 -3.191893947743062 828.748715 746.405009
55.94536820080315 -3.191893947743062 W 55.94536820080315 -3.1921939477430623 828.748715 745.155009
55.94536820080315 -3.1921939477430623 WSW 55.94525339577344 -3.1924711116028157 828.748715 743.905009
55.94525339577344 -3.1924711116028157 E 55.94525339577344 -3.1921711116028155 914.174892 780.668806
55.94525339577344 -3.1921711116028155 E 55.94525339577344 -3.1918711116028153 914.174892 779.418806
55.94525339577344 -3.1918711116028153 E 55.94525339577344 -3.191571111602815 914.174892 778.168806
55.94525339577344 -3.191571111602815 E 55.94525339577344 -3.191271111602815 914.174892 776.918806
55.94525339577344 -3.191271111602815 E 55.94525339577344 -3.1909711116028148 914.174892 775.668806
55.94525339577344 -3.1909711116028148 E 55.94525339577344 -3.1906711116028146 914.174892 774.418806
55.94525339577344 -3.1906711116028146 ENE 55.94536820080315 -3.190393947743061 914.174892 773.168806
55.94536820080315 -3.190393947743061 E 55.94536820080315 -3.190093947743061 914.174892 771.918806
55.94536820080315 -3.190093947743061 ENE 55.94548300583286 -3.1898167838833076 914.174892 770.668806
55.94548300583286 -3.1898167838833076 E 55.94548300583286 -3.1895167838833074 914.174892 769.418806
55.94548300583286 -3.1895167838833074 ENE 55.94559781086257 -3.189239620023554 914.174892 768.168806
55.94559781086257 -3.189239620023554 E 55.94559781086257 -3.188939620023554 914.174892 766.918806
55.94559781086257 -3.188939620023554 E 55.94559781086257 -3.1886396200235536 936.068088 866.657721
55.94559781086257 -3.1886396200235536 E 55.94559781086257 -3.1883396200235534 936.068088 865.407721
55.94559781086257 -3.1883396200235534 E 55.94559781086257 -3.1880396200235532 936.068088 864.157721
55.94559781086257 -3.1880396200235532 E 55.94559781086257 -3.187739620023553 936.068088 862.907721
55.94559781086257 -3.187739620023553 E 55.94559781086257 -3.187439620023553 946.902071 944.226811
55.94559781086257 -3.187439620023553 E 55.94559781086257 -3.1871396200235527 946.902071 942.976811
55.94559781086257 -3.1871396200235527 E 55.94559781086257 -3.1868396200235525 946.902071 941.726811
55.94559781086257 -3.1868396200235525 E 55.94559781086257 -3.1865396200235523 946.902071 940.476811
55.94559781086257 -3.1865396200235523 E 55.94559781086257 -3.186239620023552 856.244311 917.191112
55.94559781086257 -3.186239620023552 E 55.94559781086257 -3.185939620023552 856.008583 814.115579
55.94559781086257 -3.185939620023552 E 55.94559781086257 -3.1856396200235517 856.008583 812.865579
55.94559781086257 -3.1856396200235517 E 55.94559781086257 -3.1853396200235515 856.008583 811.615579
55.94559781086257 -3.1853396200235515 ENE 55.94571261589228 -3.185062456163798 856.008583 810.365579
55.94571261589228 -3.185062456163798 E 55.94571261589228 -3.184762456163798 856.008583 809.115579
55.94571261589228 -3.184762456163798 ENE 55.945827420921994 -3.1844852923040445 856.008583 807.865579
55.945827420921994 -3.1844852923040445 WSW 55.94571261589228 -3.184762456163798 925.467097 922.699975
55.94571261589228 -3.184762456163798 WSW 55.94559781086257 -3.1850396200235513 925.467097 921.449975
55.94559781086257 -3.1850396200235513 WSW 55.94548300583286 -3.1853167838833047 925.467097 920.199975
55.94548300583286 -3.1853167838833047 WSW 55.94536820080315 -3.185593947743058 925.467097 918.949975
55.94536820080315 -3.185593947743058 WSW 55.94525339577344 -3.1858711116028116 925.467097 917.699975
55.94525339577344 -3.1858711116028116 WSW 55.94513859074373 -3.186148275462565 925.467097 916.449975
55.94513859074373 -3.186148275462565 WSW 55.94502378571402 -3.1864254393223184 925.467097 915.199975
55.94502378571402 -3.1864254393223184 SW 55.944811653679665 -3.186637571356674 925.467097 913.949975
55.944811653679665 -3.186637571356674 WSW 55.944696848649954 -3.1869147352164275 925.467097 912.699975
55.944696848649954 -3.1869147352164275 SW 55.9444847166156 -3.1871268672507833 925.467097 911.449975
55.9444847166156 -3.1871268672507833 WSW 55.94436991158589 -3.1874040311105367 925.467097 910.199975
55.94436991158589 -3.1874040311105367 SW 55.94415777955153 -3.1876161631448925 925.467097 908.949975
55.94415777955153 -3.1876161631448925 WSW 55.94404297452182 -3.187893327004646 925.467097 907.699975
55.94404297452182 -3.187893327004646 SW 55.943830842487465 -3.1881054590390017 899.524688 896.281493
55.943830842487465 -3.1881054590390017 WSW 55.943716037457754 -3.188382622898755 972.894075 972.360330
55.943716037457754 -3.188382622898755 SW 55.9435039054234 -3.188594754933111 972.894075 971.110330
55.9435039054234 -3.188594754933111 WSW 55.94338910039369 -3.1888719187928642 972.894075 969.860330
55.94338910039369 -3.1888719187928642 SW 55.94317696835933 -3.18908405082722 972.894075 968.610330
55.94317696835933 -3.18908405082722 WSW 55.94306216332962 -3.1893612146869734 972.894075 967.360330
55.94306216332962 -3.1893612146869734 SW 55.942850031295265 -3.189573346721329 972.894075 966.110330
55.942850031295265 -3.189573346721329 WSW 55.942735226265555 -3.1898505105810826 972.894075 964.860330
55.942735226265555 -3.1898505105810826 ENE 55.942850031295265 -3.189573346721329 1022.332508 1033.443053
55.942850031295265 -3.189573346721329 ENE 55.942964836324975 -3.189296182861576 1022.332508 1032.193053
55.942964836324975 -3.189296182861576 ENE 55.943079641354686 -3.1890190190018224 1022.332508 1030.943053
55.943079641354686 -3.1890190190018224 ENE 55.943194446384396 -3.188741855142069 1022.332508 1029.693053
55.943194446384396 -3.188741855142069 ENE 55.94330925141411 -3.1884646912823156 1022.332508 1028.443053
55.94330925141411 -3.1884646912823156 ENE 55.94342405644382 -3.188187527422562 1022.332508 1027.193053
55.94342405644382 -3.188187527422562 ENE 55.94353886147353 -3.1879103635628088 1022.332508 1025.943053
55.94353886147353 -3.1879103635628088 ENE 55.94365366650324 -3.1876331997030554 1022.332508 1024.693053
55.94365366650324 -3.1876331997030554 ENE 55.94376847153295 -3.187356035843302 1022.332508 1023.443053
55.94376847153295 -3.187356035843302 ENE 55.94388327656266 -3.1870788719835486 1022.332508 1022.193053
55.94388327656266 -3.1870788719835486 NE 55.944095408597015 -3.186866739949193 1022.332508 1020.943053
55.944095408597015 -3.186866739949193 S 55.94379540859701 -3.186866739949193 1132.941477 1091.104565
55.94379540859701 -3.186866739949193 S 55.94349540859701 -3.186866739949193 1132.941477 1089.854565
55.94349540859701 -3.186866739949193 S 55.943195408597006 -3.186866739949193 1132.941477 1088.604565
55.943195408597006 -3.186866739949193 SSW 55.94291824473725 -3.1869815449789023 1132.941477 1087.354565
55.94291824473725 -3.1869815449789023 S 55.94261824473725 -3.1869815449789023 1132.941477 1086.104565
55.94261824473725 -3.1869815449789023 ENE 55.94273304976696 -3.186704381119149 1156.968132 1201.951290
55.94273304976696 -3.186704381119149 ENE 55.94284785479667 -3.1864272172593955 1125.501302 1141.053620
55.94284785479667 -3.1864272172593955 ENE 55.94296265982638 -3.186150053399642 1125.501302 1139.803620
55.94296265982638 -3.186150053399642 ENE 55.94307746485609 -3.1858728895398887 1125.501302 1138.553620
55.94307746485609 -3.1858728895398887 NE 55.943289596890445 -3.185660757505533 1125.501302 1137.303620
55.943289596890445 -3.185660757505533 ENE 55.943404401920155 -3.1853835936457795 1125.501302 1136.053620
55.943404401920155 -3.1853835936457795 NE 55.94361653395451 -3.1851714616114237 1125.501302 1134.803620
55.94361653395451 -3.1851714616114237 ENE 55.94373133898422 -3.1848942977516703 1125.501302 1133.553620
55.94373133898422 -3.1848942977516703 NE 55.94394347101858 -3.1846821657173146 1125.501302 1132.303620
55.94394347101858 -3.1846821657173146 W 55.94394347101858 -3.1849821657173147 1211.377099 1207.068337
55.94394347101858 -3.1849821657173147 W 55.94394347101858 -3.185282165717315 1211.377099 1205.818337
55.94394347101858 -3.185282165717315 W 55.94394347101858 -3.185582165717315 1211.377099 1204.568337
55.94394347101858 -3.185582165717315 W 55.94394347101858 -3.1858821657173153 1211.377099 1203.318337
55.94394347101858 -3.1858821657173153 W 55.94394347101858 -3.1861821657173155 1211.377099 1202.068337
55.94394347101858 -3.1861821657173155 W 55.94394347101858 -3.1864821657173157 1243.038803 1280.389703
55.94394347101858 -3.1864821657173157 W 55.94394347101858 -3.186782165717316 1243.038803 1279.139703
55.94394347101858 -3.186782165717316 W 55.94394347101858 -3.187082165717316 1243.038803 1277.889703
55.94394347101858 -3.187082165717316 W 55.94394347101858 -3.1873821657173163 1243.038803 1276.639703
55.94394347101858 -3.1873821657173163 W 55.94394347101858 -3.1876821657173164 1243.038803 1275.389703
55.94394347101858 -3.1876821657173164 W 55.94394347101858 -3.1879821657173166 1243.038803 1274.139703
55.94394347101858 -3.1879821657173166 W 55.94394347101858 -3.188282165717317 1243.038803 1272.889703
55.94394347101858 -3.188282165717317 W 55.94394347101858 -3.188582165717317 1243.038803 1271.639703
55.94394347101858 -3.188582165717317 W 55.94394347101858 -3.188882165717317 1243.038803 1270.389703
55.94394347101858 -3.188882165717317 W 55.94394347101858 -3.1891821657173174 1243.038803 1269.139703
55.94394347101858 -3.1891821657173174 W 55.94394347101858 -3.1894821657173176 1243.038803 1267.889703
55.94394347101858 -3.1894821657173176 W 55.94394347101858 -3.1897821657173178 1243.038803 1266.639703
55.94394347101858 -3.1897821657173178 W 55.94394347101858 -3.190082165717318 1243.038803 1265.389703
55.94394347101858 -3.190082165717318 W 55.94394347101858 -3.190382165717318 1243.038803 1264.139703
55.94394347101858 -3.190382165717318 W 55.94394347101858 -3.1906821657173183 1265.332917 1273.948266
55.94394347101858 -3.1906821657173183 W 55.94394347101858 -3.1909821657173185 1265.332917 1272.698266
55.94394347101858 -3.1909821657173185 W 55.94394347101858 -3.1912821657173187 1265.332917 1271.448266
55.94394347101858 -3.1912821657173187 WNW 55.94405827604829 -3.191559329577072 1265.332917 1270.198266
55.94405827604829 -3.191559329577072 ENE 55.944173081078 -3.1912821657173187 1280.988123 1309.711694
55.944173081078 -3.1912821657173187 ENE 55.94428788610771 -3.1910050018575653 1280.988123 1308.461694
55.94428788610771 -3.1910050018575653 ENE 55.94440269113742 -3.190727837997812 1280.988123 1307.211694
55.94440269113742 -3.190727837997812 ENE 55.94451749616713 -3.1904506741380585 1280.988123 1305.961694
55.94451749616713 -3.1904506741380585 E 55.94451749616713 -3.1901506741380583 1341.785849 1341.229802
55.94451749616713 -3.1901506741380583 ENE 55.94463230119684 -3.189873510278305 1352.563351 1401.722024
55.94463230119684 -3.189873510278305 SSW 55.944355137337084 -3.1899883153080144 1352.563351 1400.472024
55.944355137337084 -3.1899883153080144 SW 55.94414300530273 -3.19020044734237 1352.563351 1399.222024
55.94414300530273 -3.19020044734237 SSW 55.94386584144297 -3.1903152523720797 1352.563351 1397.972024
55.94386584144297 -3.1903152523720797 SW 55.943653709408615 -3.1905273844064355 1352.563351 1396.722024
55.943653709408615 -3.1905273844064355 SSW 55.94337654554886 -3.190642189436145 1352.563351 1395.472024
55.94337654554886 -3.190642189436145 SW 55.9431644135145 -3.1908543214705007 1352.563351 1394.222024
55.9431644135145 -3.1908543214705007 SSW 55.942887249654746 -3.1909691265002103 1352.563351 1392.972024
55.942887249654746 -3.1909691265002103 ENE 55.943002054684456 -3.190691962640457 1430.218768 1475.213903
55.943002054684456 -3.190691962640457 ENE 55.943116859714166 -3.1904147987807034 1430.218768 1473.963903
55.943116859714166 -3.1904147987807034 ENE 55.94323166474388 -3.19013763492095 1430.218768 1472.713903
55.94323166474388 -3.19013763492095 ENE 55.94334646977359 -3.1898604710611966 1384.823308 1456.767282
55.94334646977359 -3.1898604710611966 ENE 55.9434612748033 -3.1895833072014432 1384.823308 1455.517282
55.9434612748033 -3.1895833072014432 ENE 55.94357607983301 -3.18930614334169 1384.823308 1454.267282
55.94357607983301 -3.18930614334169 ENE 55.94369088486272 -3.1890289794819364 1384.823308 1453.017282
55.94369088486272 -3.1890289794819364 ENE 55.94380568989243 -3.188751815622183 1384.823308 1451.767282
55.94380568989243 -3.188751815622183 ENE 55.94392049492214 -3.1884746517624296 1384.823308 1450.517282
55.94392049492214 -3.1884746517624296 ENE 55.94403529995185 -3.188197487902676 1384.823308 1449.267282
55.94403529995185 -3.188197487902676 ENE 55.94415010498156 -3.187920324042923 1384.823308 1448.017282
55.94415010498156 -3.187920324042923 ENE 55.94426491001127 -3.1876431601831694 1384.823308 1446.767282
55.94426491001127 -3.1876431601831694 ENE 55.94437971504098 -3.187365996323416 1384.823308 1445.517282
55.94437971504098 -3.187365996323416 ENE 55.94449452007069 -3.1870888324636626 1384.823308 1444.267282
55.94449452007069 -3.1870888324636626 ENE 55.9446093251004 -3.186811668603909 1384.823308 1443.017282
55.9446093251004 -3.186811668603909 ENE 55.94472413013011 -3.186534504744156 1384.823308 1441.767282
55.94472413013011 -3.186534504744156 E 55.94472413013011 -3.1862345047441556 1384.823308 1440.517282
55.94472413013011 -3.1862345047441556 ENE 55.94483893515982 -3.185957340884402 1384.823308 1439.267282
55.94483893515982 -3.185957340884402 E 55.94483893515982 -3.185657340884402 1384.823308 1438.017282
55.94483893515982 -3.185657340884402 ENE 55.94495374018953 -3.1853801770246486 1384.823308 1436.767282
55.94495374018953 -3.1853801770246486 E 55.94495374018953 -3.1850801770246484 1384.823308 1435.517282
55.94495374018953 -3.1850801770246484 ENE 55.94506854521924 -3.184803013164895 1384.823308 1434.267282
55.94506854521924 -3.184803013164895 E 55.94506854521924 -3.184503013164895 1417.616169 1520.127285
55.94506854521924 -3.184503013164895 W 55.94506854521924 -3.184803013164895 1417.616169 1518.877285
55.94506854521924 -3.184803013164895 W 55.94506854521924 -3.185103013164895 1417.616169 1517.627285
55.94506854521924 -3.185103013164895 W 55.94506854521924 -3.1854030131648954 1367.508568 1397.847632
55.94506854521924 -3.1854030131648954 W 55.94506854521924 -3.1857030131648956 1367.508568 1396.597632
55.94506854521924 -3.1857030131648956 W 55.94506854521924 -3.1860030131648958 1367.508568 1395.347632
55.94506854521924 -3.1860030131648958 W 55.94506854521924 -3.186303013164896 1367.508568 1394.097632
55.94506854521924 -3.186303013164896 W 55.94506854521924 -3.186603013164896 1367.508568 1392.847632
55.94506854521924 -3.186603013164896 W 55.94506854521924 -3.1869030131648963 1367.508568 1391.597632
55.94506854521924 -3.1869030131648963 W 55.94506854521924 -3.1872030131648965 1312.766209 1390.347632
55.94506854521924 -3.1872030131648965 W 55.94506854521924 -3.1875030131648967 1312.766209 1389.097632
55.94506854521924 -3.1875030131648967 W 55.94506854521924 -3.187803013164897 1312.766209 1387.847632
55.94506854521924 -3.187803013164897 WSW 55.94495374018953 -3.1880801770246503 1312.766209 1386.597632
55.94495374018953 -3.1880801770246503 W 55.94495374018953 -3.1883801770246505 1312.766209 1385.347632
55.94495374018953 -3.1883801770246505 WSW 55.94483893515982 -3.188657340884404 1312.766209 1384.097632
55.94483893515982 -3.188657340884404 W 55.94483893515982 -3.188957340884404 1279.631060 1308.398214
55.94483893515982 -3.188957340884404 WSW 55.94472413013011 -3.1892345047441575 1279.631060 1307.148214
55.94472413013011 -3.1892345047441575 W 55.94472413013011 -3.1895345047441577 1279.631060 1305.898214
55.94472413013011 -3.1895345047441577 WSW 55.9446093251004 -3.189811668603911 1375.713135 1339.233299
55.9446093251004 -3.189811668603911 WSW 55.94449452007069 -3.1900888324636645 1375.713135 1337.983299
55.94449452007069 -3.1900888324636645 NW 55.94470665210505 -3.1903009644980203 1375.713135 1336.733299
55.94470665210505 -3.1903009644980203 NW 55.944918784139404 -3.190513096532376 1375.713135 1335.483299
55.944918784139404 -3.190513096532376 NW 55.94513091617376 -3.190725228566732 1375.713135 1334.233299
55.94513091617376 -3.190725228566732 SE 55.944918784139404 -3.190513096532376 1375.713135 1332.983299
55.944918784139404 -3.190513096532376 WSW 55.94480397910969 -3.1907902603921294 1375.713135 1331.733299
55.94480397910969 -3.1907902603921294 SSW 55.94452681524994 -3.190905065421839 1375.713135 1330.483299
55.94452681524994 -3.190905065421839 N 55.94482681524994 -3.190905065421839 1375.713135 1329.233299
55.94482681524994 -3.190905065421839 NW 55.945038947284296 -3.1911171974561947 1375.713135 1327.983299
55.945038947284296 -3.1911171974561947 ENE 55.945153752314006 -3.1908400335964413 1375.713135 1326.733299
55.945153752314006 -3.1908400335964413 WNW 55.94526855734372 -3.1911171974561947 1375.713135 1325.483299
55.94526855734372 -3.1911171974561947 SSE 55.94499139348396 -3.191002392426485 1375.713135 1324.233299
55.94499139348396 -3.191002392426485 NW 55.945203525518316 -3.191214524460841 1375.713135 1322.983299
55.945203525518316 -3.191214524460841 NNE 55.94548068937807 -3.1910997194311315 1375.713135 1321.733299
55.94548068937807 -3.1910997194311315 SSW 55.945203525518316 -3.191214524460841 1375.713135 1320.483299
55.945203525518316 -3.191214524460841 ESE 55.945088720488606 -3.1909373606010876 1375.713135 1319.233299
55.945088720488606 -3.1909373606010876 SW 55.94487658845425 -3.1911494926354433 1375.713135 1317.983299
55.94487658845425 -3.1911494926354433 ESE 55.94476178342454 -3.19087232877569 1375.713135 1316.733299
55.94476178342454 -3.19087232877569 NNE 55.945038947284296 -3.1907575237459804 1375.713135 1315.483299
55.945038947284296 -3.1907575237459804 E 55.945038947284296 -3.1904575237459802 1375.713135 1314.233299
55.945038947284296 -3.1904575237459802 N 55.9453389472843 -3.1904575237459802 1375.713135 1312.983299
55.9453389472843 -3.1904575237459802 E 55.9453389472843 -3.19015752374598 1375.713135 1311.733299
55.9453389472843 -3.19015752374598 SSW 55.94506178342454 -3.1902723287756896 1375.713135 1310.483299
55.94506178342454 -3.1902723287756896 N 55.945361783424545 -3.1902723287756896 1375.713135 1309.233299
55.945361783424545 -3.1902723287756896 WSW 55.945246978394835 -3.190549492635443 1375.713135 1307.983299
55.945246978394835 -3.190549492635443 NW 55.94545911042919 -3.1907616246697987 1375.713135 1306.733299
55.94545911042919 -3.1907616246697987 ENE 55.9455739154589 -3.1904844608100453 1375.713135 1305.483299
55.9455739154589 -3.1904844608100453 NW 55.94578604749326 -3.190696592844401 1375.713135 1304.233299
55.94578604749326 -3.190696592844401 N 55.94608604749326 -3.190696592844401 1375.713135 1302.983299
55.94608604749326 -3.190696592844401 NNE 55.94636321135302 -3.1905817878146916 1375.713135 1301.733299
55.94636321135302 -3.1905817878146916 NW 55.94657534338737 -3.1907939198490474 1375.713135 1300.483299
55.94657534338737 -3.1907939198490474 SSW 55.946298179527616 -3.190908724878757 1375.713135 1299.233299
55.946298179527616 -3.190908724878757 N 55.94659817952762 -3.190908724878757 1375.713135 1297.983299
55.94659817952762 -3.190908724878757 W 55.94659817952762 -3.191208724878757 1375.713135 1296.733299
55.94659817952762 -3.191208724878757 NW 55.946810311561975 -3.191420856913113 1375.713135 1295.483299
55.946810311561975 -3.191420856913113 W 55.946810311561975 -3.191720856913113 1375.713135 1294.233299
55.946810311561975 -3.191720856913113 ESE 55.946695506532265 -3.1914436930533596 1375.713135 1292.983299
55.946695506532265 -3.1914436930533596 ENE 55.946810311561975 -3.191166529193606 1375.713135 1291.733299
55.946810311561975 -3.191166529193606 SE 55.94659817952762 -3.1909543971592504 1375.713135 1290.483299
55.94659817952762 -3.1909543971592504 SSW 55.94632101566786 -3.19106920218896 1375.713135 1289.233299
55.94632101566786 -3.19106920218896 NNW 55.94659817952762 -3.1911840072186695 1375.713135 1287.983299
