55.944425 -3.188396 WNW 55.94453980502971 -3.1886731638597534 0.000000 248.750000
55.94453980502971 -3.1886731638597534 WNW 55.94465461005942 -3.188950327719507 0.000000 247.500000
55.94465461005942 -3.188950327719507 WNW 55.944769415089134 -3.18922749157926 0.000000 246.250000
55.944769415089134 -3.18922749157926 WNW 55.944884220118844 -3.1895046554390136 0.000000 245.000000
55.944884220118844 -3.1895046554390136 WNW 55.944999025148554 -3.189781819298767 0.000000 243.750000
55.944999025148554 -3.189781819298767 WNW 55.945113830178265 -3.1900589831585204 0.000000 242.500000
55.945113830178265 -3.1900589831585204 WNW 55.945228635207975 -3.190336147018274 0.000000 241.250000
55.945228635207975 -3.190336147018274 WNW 55.945343440237686 -3.1906133108780272 0.000000 240.000000
55.945343440237686 -3.1906133108780272 WNW 55.945458245267396 -3.1908904747377806 0.000000 238.750000
55.945458245267396 -3.1908904747377806 W 55.945458245267396 -3.191190474737781 0.000000 237.500000
55.945458245267396 -3.191190474737781 WNW 55.94557305029711 -3.1914676385975342 0.000000 175.222648
55.94557305029711 -3.1914676385975342 W 55.94557305029711 -3.1917676385975344 0.000000 173.972648
55.94557305029711 -3.1917676385975344 NNW 55.94585021415686 -3.191882443627244 121.884873 263.372724
55.94585021415686 -3.191882443627244 SSE 55.94557305029711 -3.1917676385975344 88.254890 200.421640
55.94557305029711 -3.1917676385975344 ESE 55.945458245267396 -3.191490474737781 88.254890 199.171640
55.945458245267396 -3.191490474737781 ESE 55.945343440237686 -3.1912133108780276 88.254890 197.921640
55.945343440237686 -3.1912133108780276 ESE 55.945228635207975 -3.190936147018274 7.320285 196.671640
55.945228635207975 -3.190936147018274 ESE 55.945113830178265 -3.190658983158521 7.320285 195.421640
55.945113830178265 -3.190658983158521 ESE 55.944999025148554 -3.1903818192987674 7.320285 194.171640
55.944999025148554 -3.1903818192987674 ESE 55.944884220118844 -3.190104655439014 7.320285 192.921640
55.944884220118844 -3.190104655439014 ESE 55.944769415089134 -3.1898274915792606 34.225272 252.085114
55.944769415089134 -3.1898274915792606 ESE 55.94465461005942 -3.189550327719507 34.225272 250.835114
55.94465461005942 -3.189550327719507 ESE 55.94453980502971 -3.189273163859754 34.225272 249.585114
55.94453980502971 -3.189273163859754 ESE 55.944425 -3.1889960000000004 34.225272 248.335114
55.944425 -3.1889960000000004 ESE 55.94431019497029 -3.188718836140247 0.000000 238.488882
55.94431019497029 -3.188718836140247 ESE 55.94419538994058 -3.1884416722804936 0.000000 237.238882
55.94419538994058 -3.1884416722804936 ESE 55.94408058491087 -3.18816450842074 72.719410 338.386100
55.94408058491087 -3.18816450842074 ESE 55.94396577988116 -3.1878873445609868 72.719410 337.136100
55.94396577988116 -3.1878873445609868 ESE 55.94385097485145 -3.1876101807012334 72.719410 335.886100
55.94385097485145 -3.1876101807012334 ESE 55.94373616982174 -3.18733301684148 72.719410 334.636100
55.94373616982174 -3.18733301684148 ESE 55.94362136479203 -3.1870558529817266 72.719410 333.386100
55.94362136479203 -3.1870558529817266 ESE 55.94350655976232 -3.186778689121973 72.719410 332.136100
55.94350655976232 -3.186778689121973 ESE 55.94339175473261 -3.1865015252622197 72.719410 330.886100
55.94339175473261 -3.1865015252622197 ESE 55.9432769497029 -3.1862243614024663 72.719410 329.636100
55.9432769497029 -3.1862243614024663 E 55.9432769497029 -3.185924361402466 72.719410 328.386100
55.9432769497029 -3.185924361402466 ESE 55.94316214467319 -3.1856471975427127 72.719410 327.136100
55.94316214467319 -3.1856471975427127 E 55.94316214467319 -3.1853471975427126 72.719410 325.886100
55.94316214467319 -3.1853471975427126 ESE 55.94304733964348 -3.185070033682959 72.719410 324.636100
55.94304733964348 -3.185070033682959 E 55.94304733964348 -3.184770033682959 72.719410 323.386100
55.94304733964348 -3.184770033682959 ESE 55.94293253461377 -3.1844928698232056 64.370682 202.402995
55.94293253461377 -3.1844928698232056 W 55.94293253461377 -3.1847928698232058 169.553638 287.617897
55.94293253461377 -3.1847928698232058 W 55.94293253461377 -3.185092869823206 169.553638 286.367897
55.94293253461377 -3.185092869823206 W 55.94293253461377 -3.185392869823206 169.553638 285.117897
55.94293253461377 -3.185392869823206 W 55.94293253461377 -3.1856928698232063 169.553638 283.867897
55.94293253461377 -3.1856928698232063 W 55.94293253461377 -3.1859928698232065 169.553638 282.617897
55.94293253461377 -3.1859928698232065 W 55.94293253461377 -3.1862928698232067 169.553638 281.367897
55.94293253461377 -3.1862928698232067 W 55.94293253461377 -3.186592869823207 186.139525 297.914303
55.94293253461377 -3.186592869823207 W 55.94293253461377 -3.186892869823207 186.139525 296.664303
55.94293253461377 -3.186892869823207 W 55.94293253461377 -3.1871928698232073 240.993721 310.788847
55.94293253461377 -3.1871928698232073 W 55.94293253461377 -3.1874928698232075 240.993721 309.538847
55.94293253461377 -3.1874928698232075 W 55.94293253461377 -3.1877928698232076 233.135655 190.298145
55.94293253461377 -3.1877928698232076 WNW 55.94304733964348 -3.188070033682961 233.135655 189.048145
55.94304733964348 -3.188070033682961 W 55.94304733964348 -3.1883700336829612 204.823138 106.569061
55.94304733964348 -3.1883700336829612 WNW 55.94316214467319 -3.1886471975427146 204.823138 105.319061
55.94316214467319 -3.1886471975427146 W 55.94316214467319 -3.188947197542715 204.823138 104.069061
55.94316214467319 -3.188947197542715 WNW 55.9432769497029 -3.1892243614024682 204.823138 102.819061
55.9432769497029 -3.1892243614024682 W 55.9432769497029 -3.1895243614024684 225.328347 212.545375
55.9432769497029 -3.1895243614024684 WNW 55.94339175473261 -3.189801525262222 271.907429 287.561821
55.94339175473261 -3.189801525262222 W 55.94339175473261 -3.190101525262222 271.907429 286.311821
55.94339175473261 -3.190101525262222 WNW 55.94350655976232 -3.1903786891219754 271.907429 285.061821
55.94350655976232 -3.1903786891219754 E 55.94350655976232 -3.1900786891219752 376.710658 400.428596
55.94350655976232 -3.1900786891219752 E 55.94350655976232 -3.189778689121975 376.710658 399.178596
55.94350655976232 -3.189778689121975 E 55.94350655976232 -3.189478689121975 376.710658 397.928596
55.94350655976232 -3.189478689121975 E 55.94350655976232 -3.1891786891219747 376.710658 396.678596
55.94350655976232 -3.1891786891219747 E 55.94350655976232 -3.1888786891219745 376.710658 395.428596
55.94350655976232 -3.1888786891219745 E 55.94350655976232 -3.1885786891219743 376.710658 394.178596
55.94350655976232 -3.1885786891219743 E 55.94350655976232 -3.188278689121974 376.710658 392.928596
55.94350655976232 -3.188278689121974 E 55.94350655976232 -3.187978689121974 376.710658 391.678596
55.94350655976232 -3.187978689121974 E 55.94350655976232 -3.1876786891219737 376.710658 390.428596
55.94350655976232 -3.1876786891219737 E 55.94350655976232 -3.1873786891219735 310.534541 328.957467
55.94350655976232 -3.1873786891219735 E 55.94350655976232 -3.1870786891219733 310.534541 327.707467
55.94350655976232 -3.1870786891219733 E 55.94350655976232 -3.186778689121973 310.534541 326.457467
55.94350655976232 -3.186778689121973 E 55.94350655976232 -3.186478689121973 310.534541 325.207467
55.94350655976232 -3.186478689121973 E 55.94350655976232 -3.1861786891219728 310.534541 323.957467
55.94350655976232 -3.1861786891219728 ENE 55.94362136479203 -3.1859015252622194 310.534541 322.707467
55.94362136479203 -3.1859015252622194 E 55.94362136479203 -3.185601525262219 310.534541 321.457467
55.94362136479203 -3.185601525262219 ENE 55.94373616982174 -3.1853243614024658 310.534541 320.207467
55.94373616982174 -3.1853243614024658 E 55.94373616982174 -3.1850243614024656 428.331672 397.105024
55.94373616982174 -3.1850243614024656 W 55.94373616982174 -3.1853243614024658 428.331672 395.855024
55.94373616982174 -3.1853243614024658 W 55.94373616982174 -3.185624361402466 428.331672 394.605024
55.94373616982174 -3.185624361402466 W 55.94373616982174 -3.185924361402466 428.331672 393.355024
55.94373616982174 -3.185924361402466 W 55.94373616982174 -3.1862243614024663 428.331672 392.105024
55.94373616982174 -3.1862243614024663 W 55.94373616982174 -3.1865243614024665 428.331672 390.855024
55.94373616982174 -3.1865243614024665 W 55.94373616982174 -3.1868243614024667 428.331672 389.605024
55.94373616982174 -3.1868243614024667 WNW 55.94385097485145 -3.18710152526222 428.331672 388.355024
55.94385097485145 -3.18710152526222 W 55.94385097485145 -3.1874015252622203 428.331672 387.105024
55.94385097485145 -3.1874015252622203 WNW 55.94396577988116 -3.1876786891219737 428.331672 385.855024
55.94396577988116 -3.1876786891219737 W 55.94396577988116 -3.187978689121974 428.331672 384.605024
55.94396577988116 -3.187978689121974 WNW 55.94408058491087 -3.1882558529817273 428.331672 383.355024
55.94408058491087 -3.1882558529817273 W 55.94408058491087 -3.1885558529817275 428.331672 382.105024
55.94408058491087 -3.1885558529817275 WNW 55.94419538994058 -3.188833016841481 428.331672 380.855024
55.94419538994058 -3.188833016841481 W 55.94419538994058 -3.189133016841481 398.187195 379.605024
55.94419538994058 -3.189133016841481 WNW 55.94431019497029 -3.1894101807012345 398.187195 378.355024
55.94431019497029 -3.1894101807012345 W 55.94431019497029 -3.1897101807012347 398.187195 377.105024
55.94431019497029 -3.1897101807012347 WNW 55.944425 -3.189987344560988 380.813676 301.811857
55.944425 -3.189987344560988 W 55.944425 -3.1902873445609883 380.813676 300.561857
55.944425 -3.1902873445609883 WNW 55.94453980502971 -3.1905645084207417 380.813676 299.311857
55.94453980502971 -3.1905645084207417 W 55.94453980502971 -3.190864508420742 380.813676 298.061857
55.94453980502971 -3.190864508420742 WNW 55.94465461005942 -3.1911416722804953 380.813676 296.811857
55.94465461005942 -3.1911416722804953 W 55.94465461005942 -3.1914416722804955 380.813676 295.561857
55.94465461005942 -3.1914416722804955 WNW 55.944769415089134 -3.191718836140249 380.813676 294.311857
55.944769415089134 -3.191718836140249 ESE 55.94465461005942 -3.1914416722804955 503.611496 302.751680
55.94465461005942 -3.1914416722804955 WNW 55.944769415089134 -3.191718836140249 503.611496 301.501680
55.944769415089134 -3.191718836140249 E 55.944769415089134 -3.1914188361402487 503.611496 300.251680
55.944769415089134 -3.1914188361402487 E 55.944769415089134 -3.1911188361402485 503.611496 299.001680
55.944769415089134 -3.1911188361402485 E 55.944769415089134 -3.1908188361402483 503.611496 297.751680
55.944769415089134 -3.1908188361402483 E 55.944769415089134 -3.190518836140248 503.611496 296.501680
55.944769415089134 -3.190518836140248 E 55.944769415089134 -3.190218836140248 503.611496 295.251680
55.944769415089134 -3.190218836140248 E 55.944769415089134 -3.1899188361402477 503.611496 294.001680
55.944769415089134 -3.1899188361402477 E 55.944769415089134 -3.1896188361402475 503.611496 292.751680
55.944769415089134 -3.1896188361402475 E 55.944769415089134 -3.1893188361402474 503.611496 291.501680
55.944769415089134 -3.1893188361402474 E 55.944769415089134 -3.189018836140247 503.611496 290.251680
55.944769415089134 -3.189018836140247 E 55.944769415089134 -3.188718836140247 503.611496 289.001680
55.944769415089134 -3.188718836140247 ESE 55.94465461005942 -3.1884416722804936 503.611496 287.751680
55.94465461005942 -3.1884416722804936 E 55.94465461005942 -3.1881416722804934 503.611496 286.501680
55.94465461005942 -3.1881416722804934 ESE 55.94453980502971 -3.18786450842074 503.611496 285.251680
55.94453980502971 -3.18786450842074 E 55.94453980502971 -3.18756450842074 503.611496 284.001680
55.94453980502971 -3.18756450842074 ESE 55.944425 -3.1872873445609864 503.611496 282.751680
55.944425 -3.1872873445609864 E 55.944425 -3.186987344560986 503.611496 281.501680
55.944425 -3.186987344560986 ESE 55.94431019497029 -3.186710180701233 503.611496 280.251680
55.94431019497029 -3.186710180701233 E 55.94431019497029 -3.1864101807012326 436.151292 256.780876
55.94431019497029 -3.1864101807012326 ESE 55.94419538994058 -3.186133016841479 436.151292 255.530876
55.94419538994058 -3.186133016841479 E 55.94419538994058 -3.185833016841479 436.151292 254.280876
55.94419538994058 -3.185833016841479 ESE 55.94408058491087 -3.1855558529817256 436.151292 253.030876
55.94408058491087 -3.1855558529817256 E 55.94408058491087 -3.1852558529817254 436.151292 251.780876
55.94408058491087 -3.1852558529817254 ESE 55.94396577988116 -3.184978689121972 436.151292 250.530876
55.94396577988116 -3.184978689121972 W 55.94396577988116 -3.185278689121972 496.180582 347.665398
55.94396577988116 -3.185278689121972 W 55.94396577988116 -3.1855786891219724 496.180582 346.415398
55.94396577988116 -3.1855786891219724 W 55.94396577988116 -3.1858786891219726 496.180582 345.165398
55.94396577988116 -3.1858786891219726 W 55.94396577988116 -3.1861786891219728 496.180582 343.915398
55.94396577988116 -3.1861786891219728 W 55.94396577988116 -3.186478689121973 496.180582 342.665398
55.94396577988116 -3.186478689121973 W 55.94396577988116 -3.186778689121973 496.180582 341.415398
55.94396577988116 -3.186778689121973 W 55.94396577988116 -3.1870786891219733 496.180582 340.165398
55.94396577988116 -3.1870786891219733 W 55.94396577988116 -3.1873786891219735 496.180582 338.915398
55.94396577988116 -3.1873786891219735 W 55.94396577988116 -3.1876786891219737 496.180582 337.665398
55.94396577988116 -3.1876786891219737 W 55.94396577988116 -3.187978689121974 496.180582 336.415398
55.94396577988116 -3.187978689121974 W 55.94396577988116 -3.188278689121974 496.180582 335.165398
55.94396577988116 -3.188278689121974 W 55.94396577988116 -3.1885786891219743 496.180582 333.915398
55.94396577988116 -3.1885786891219743 W 55.94396577988116 -3.1888786891219745 496.180582 332.665398
55.94396577988116 -3.1888786891219745 W 55.94396577988116 -3.1891786891219747 496.180582 331.415398
55.94396577988116 -3.1891786891219747 W 55.94396577988116 -3.189478689121975 496.180582 330.165398
55.94396577988116 -3.189478689121975 WNW 55.94408058491087 -3.1897558529817283 496.180582 328.915398
55.94408058491087 -3.1897558529817283 W 55.94408058491087 -3.1900558529817284 496.180582 327.665398
55.94408058491087 -3.1900558529817284 WNW 55.94419538994058 -3.190333016841482 413.078500 292.522751
55.94419538994058 -3.190333016841482 W 55.94419538994058 -3.190633016841482 413.078500 291.272751
55.94419538994058 -3.190633016841482 WNW 55.94431019497029 -3.1909101807012354 413.078500 290.022751
55.94431019497029 -3.1909101807012354 W 55.94431019497029 -3.1912101807012356 481.500734 388.270153
55.94431019497029 -3.1912101807012356 SSE 55.944033031110536 -3.191095375671526 538.191314 494.301682
55.944033031110536 -3.191095375671526 ENE 55.944147836140246 -3.1908182118117727 623.291660 586.261919
55.944147836140246 -3.1908182118117727 ENE 55.944262641169956 -3.1905410479520193 623.291660 585.011919
55.944262641169956 -3.1905410479520193 ENE 55.94437744619967 -3.190263884092266 623.291660 583.761919
55.94437744619967 -3.190263884092266 ENE 55.94449225122938 -3.1899867202325125 623.291660 582.511919
55.94449225122938 -3.1899867202325125 ENE 55.94460705625909 -3.189709556372759 623.291660 581.261919
55.94460705625909 -3.189709556372759 ENE 55.9447218612888 -3.1894323925130057 623.291660 580.011919
55.9447218612888 -3.1894323925130057 E 55.9447218612888 -3.1891323925130055 623.291660 578.761919
55.9447218612888 -3.1891323925130055 ENE 55.94483666631851 -3.188855228653252 623.291660 577.511919
55.94483666631851 -3.188855228653252 E 55.94483666631851 -3.188555228653252 623.291660 576.261919
55.94483666631851 -3.188555228653252 ENE 55.94495147134822 -3.1882780647934985 623.291660 575.011919
55.94495147134822 -3.1882780647934985 E 55.94495147134822 -3.1879780647934983 623.291660 573.761919
55.94495147134822 -3.1879780647934983 ENE 55.94506627637793 -3.187700900933745 623.291660 572.511919
55.94506627637793 -3.187700900933745 E 55.94506627637793 -3.1874009009337447 623.291660 571.261919
55.94506627637793 -3.1874009009337447 ENE 55.94518108140764 -3.1871237370739913 684.659436 633.803830
55.94518108140764 -3.1871237370739913 E 55.94518108140764 -3.186823737073991 684.659436 632.553830
55.94518108140764 -3.186823737073991 ENE 55.94529588643735 -3.1865465732142377 707.413529 631.820578
55.94529588643735 -3.1865465732142377 E 55.94529588643735 -3.1862465732142375 707.413529 630.570578
55.94529588643735 -3.1862465732142375 ENE 55.94541069146706 -3.185969409354484 707.413529 629.320578
55.94541069146706 -3.185969409354484 E 55.94541069146706 -3.185669409354484 707.413529 628.070578
55.94541069146706 -3.185669409354484 W 55.94541069146706 -3.185969409354484 728.729604 669.323592
55.94541069146706 -3.185969409354484 E 55.94541069146706 -3.185669409354484 728.729604 668.073592
55.94541069146706 -3.185669409354484 W 55.94541069146706 -3.185969409354484 728.729604 666.823592
55.94541069146706 -3.185969409354484 W 55.94541069146706 -3.1862694093544843 728.729604 665.573592
55.94541069146706 -3.1862694093544843 W 55.94541069146706 -3.1865694093544845 728.729604 664.323592
55.94541069146706 -3.1865694093544845 W 55.94541069146706 -3.1868694093544847 728.729604 663.073592
55.94541069146706 -3.1868694093544847 W 55.94541069146706 -3.187169409354485 797.548228 758.101852
55.94541069146706 -3.187169409354485 W 55.94541069146706 -3.187469409354485 807.400819 813.622517
55.94541069146706 -3.187469409354485 W 55.94541069146706 -3.1877694093544853 807.400819 812.372517
55.94541069146706 -3.1877694093544853 W 55.94541069146706 -3.1880694093544855 807.400819 811.122517
55.94541069146706 -3.1880694093544855 W 55.94541069146706 -3.1883694093544857 807.400819 809.872517
55.94541069146706 -3.1883694093544857 W 55.94541069146706 -3.188669409354486 807.400819 808.622517
55.94541069146706 -3.188669409354486 WNW 55.94552549649677 -3.1889465732142392 840.576937 888.210912
55.94552549649677 -3.1889465732142392 WNW 55.94564030152648 -3.1892237370739926 840.576937 886.960912
55.94564030152648 -3.1892237370739926 W 55.94564030152648 -3.189523737073993 934.283084 962.116437
55.94564030152648 -3.189523737073993 WNW 55.94575510655619 -3.1898009009337462 934.283084 960.866437
55.94575510655619 -3.1898009009337462 W 55.94575510655619 -3.1901009009337464 934.283084 959.616437
55.94575510655619 -3.1901009009337464 WNW 55.9458699115859 -3.1903780647935 934.283084 958.366437
55.9458699115859 -3.1903780647935 W 55.9458699115859 -3.1906780647935 910.639337 930.140755
55.9458699115859 -3.1906780647935 WNW 55.94598471661561 -3.1909552286532534 910.639337 928.890755
55.94598471661561 -3.1909552286532534 W 55.94598471661561 -3.1912552286532536 910.639337 927.640755
55.94598471661561 -3.1912552286532536 E 55.94598471661561 -3.1909552286532534 941.810105 994.161268
55.94598471661561 -3.1909552286532534 E 55.94598471661561 -3.1906552286532532 941.810105 992.911268
55.94598471661561 -3.1906552286532532 E 55.94598471661561 -3.190355228653253 941.810105 991.661268
55.94598471661561 -3.190355228653253 E 55.94598471661561 -3.190055228653253 941.810105 990.411268
55.94598471661561 -3.190055228653253 E 55.94598471661561 -3.1897552286532527 941.810105 989.161268
55.94598471661561 -3.1897552286532527 E 55.94598471661561 -3.1894552286532525 941.810105 987.911268
55.94598471661561 -3.1894552286532525 E 55.94598471661561 -3.1891552286532523 941.810105 986.661268
55.94598471661561 -3.1891552286532523 E 55.94598471661561 -3.188855228653252 941.810105 985.411268
55.94598471661561 -3.188855228653252 E 55.94598471661561 -3.188555228653252 941.810105 984.161268
55.94598471661561 -3.188555228653252 E 55.94598471661561 -3.1882552286532517 941.810105 982.911268
55.94598471661561 -3.1882552286532517 E 55.94598471661561 -3.1879552286532515 988.116996 1041.273533
55.94598471661561 -3.1879552286532515 E 55.94598471661561 -3.1876552286532513 988.116996 1040.023533
55.94598471661561 -3.1876552286532513 E 55.94598471661561 -3.187355228653251 988.116996 1038.773533
55.94598471661561 -3.187355228653251 E 55.94598471661561 -3.187055228653251 972.898777 1023.317511
55.94598471661561 -3.187055228653251 E 55.94598471661561 -3.186755228653251 972.898777 1022.067511
55.94598471661561 -3.186755228653251 E 55.94598471661561 -3.1864552286532506 972.898777 1020.817511
55.94598471661561 -3.1864552286532506 ESE 55.9458699115859 -3.186178064793497 972.898777 1019.567511
55.9458699115859 -3.186178064793497 E 55.9458699115859 -3.185878064793497 972.898777 1018.317511
55.9458699115859 -3.185878064793497 ESE 55.94575510655619 -3.1856009009337436 972.898777 1017.067511
55.94575510655619 -3.1856009009337436 E 55.94575510655619 -3.1853009009337434 972.898777 1015.817511
55.94575510655619 -3.1853009009337434 ESE 55.94564030152648 -3.18502373707399 972.898777 1014.567511
55.94564030152648 -3.18502373707399 E 55.94564030152648 -3.18472373707399 972.898777 1013.317511
55.94564030152648 -3.18472373707399 S 55.94534030152648 -3.18472373707399 1058.706022 1125.263313
55.94534030152648 -3.18472373707399 S 55.945040301526475 -3.18472373707399 1058.706022 1124.013313
55.945040301526475 -3.18472373707399 S 55.94474030152647 -3.18472373707399 1058.706022 1122.763313
55.94474030152647 -3.18472373707399 S 55.94444030152647 -3.18472373707399 1058.706022 1121.513313
55.94444030152647 -3.18472373707399 S 55.94414030152647 -3.18472373707399 1058.706022 1120.263313
55.94414030152647 -3.18472373707399 S 55.943840301526464 -3.18472373707399 1058.706022 1119.013313
55.943840301526464 -3.18472373707399 S 55.94354030152646 -3.18472373707399 1058.706022 1117.763313
55.94354030152646 -3.18472373707399 S 55.94324030152646 -3.18472373707399 1058.706022 1116.513313
55.94324030152646 -3.18472373707399 S 55.942940301526455 -3.18472373707399 1058.706022 1115.263313
55.942940301526455 -3.18472373707399 SSE 55.9426631376667 -3.1846089320442803 1058.706022 1114.013313
55.9426631376667 -3.1846089320442803 W 55.9426631376667 -3.1849089320442805 1142.036179 1210.488966
55.9426631376667 -3.1849089320442805 W 55.9426631376667 -3.1852089320442807 1142.036179 1209.238966
55.9426631376667 -3.1852089320442807 W 55.9426631376667 -3.185508932044281 1046.752032 1185.031214
55.9426631376667 -3.185508932044281 W 55.9426631376667 -3.185808932044281 1046.752032 1183.781214
55.9426631376667 -3.185808932044281 W 55.9426631376667 -3.1861089320442813 1046.752032 1182.531214
55.9426631376667 -3.1861089320442813 W 55.9426631376667 -3.1864089320442814 1046.752032 1181.281214
55.9426631376667 -3.1864089320442814 W 55.9426631376667 -3.1867089320442816 1046.752032 1180.031214
55.9426631376667 -3.1867089320442816 W 55.9426631376667 -3.187008932044282 1046.752032 1178.781214
55.9426631376667 -3.187008932044282 W 55.9426631376667 -3.187308932044282 1046.752032 1177.531214
55.9426631376667 -3.187308932044282 W 55.9426631376667 -3.187608932044282 1046.752032 1176.281214
55.9426631376667 -3.187608932044282 W 55.9426631376667 -3.1879089320442824 1046.752032 1175.031214
55.9426631376667 -3.1879089320442824 W 55.9426631376667 -3.1882089320442826 1046.752032 1173.781214
55.9426631376667 -3.1882089320442826 W 55.9426631376667 -3.1885089320442828 1046.752032 1172.531214
55.9426631376667 -3.1885089320442828 W 55.9426631376667 -3.188808932044283 1046.752032 1171.281214
55.9426631376667 -3.188808932044283 W 55.9426631376667 -3.189108932044283 1046.752032 1170.031214
55.9426631376667 -3.189108932044283 W 55.9426631376667 -3.1894089320442833 1046.752032 1168.781214
55.9426631376667 -3.1894089320442833 W 55.9426631376667 -3.1897089320442835 1046.752032 1167.531214
55.9426631376667 -3.1897089320442835 W 55.9426631376667 -3.1900089320442837 1046.752032 1166.281214
55.9426631376667 -3.1900089320442837 W 55.9426631376667 -3.190308932044284 1046.752032 1165.031214
55.9426631376667 -3.190308932044284 W 55.9426631376667 -3.190608932044284 1046.752032 1163.781214
55.9426631376667 -3.190608932044284 W 55.9426631376667 -3.1909089320442843 1046.752032 1162.531214
55.9426631376667 -3.1909089320442843 WNW 55.94277794269641 -3.1911860959040377 1046.752032 1161.281214
55.94277794269641 -3.1911860959040377 NE 55.942990074730766 -3.190973963869682 1098.246915 1231.742346
55.942990074730766 -3.190973963869682 NNE 55.94326723859052 -3.1908591588399724 1098.246915 1230.492346
55.94326723859052 -3.1908591588399724 NE 55.94347937062488 -3.1906470268056166 1117.851650 1300.505477
55.94347937062488 -3.1906470268056166 NNE 55.943756534484635 -3.190532221775907 1117.851650 1299.255477
55.943756534484635 -3.190532221775907 NE 55.94396866651899 -3.1903200897415513 1139.575985 1374.535958
55.94396866651899 -3.1903200897415513 NW 55.94418079855335 -3.190532221775907 1139.575985 1373.285958
55.94418079855335 -3.190532221775907 SSW 55.94390363469359 -3.1906470268056166 1139.575985 1372.035958
55.94390363469359 -3.1906470268056166 NNE 55.94418079855335 -3.190532221775907 1139.575985 1370.785958
