55.944425 -3.188396 ENE 55.94453980502971 -3.1881188361402466 0.000000 248.750000
55.94453980502971 -3.1881188361402466 ENE 55.94465461005942 -3.187841672280493 0.000000 247.500000
55.94465461005942 -3.187841672280493 ENE 55.944769415089134 -3.18756450842074 0.000000 246.250000
55.944769415089134 -3.18756450842074 ENE 55.944884220118844 -3.1872873445609864 0.000000 245.000000
55.944884220118844 -3.1872873445609864 ENE 55.944999025148554 -3.187010180701233 49.270928 256.824749
55.944999025148554 -3.187010180701233 ENE 55.945113830178265 -3.1867330168414796 0.000000 131.704170
55.945113830178265 -3.1867330168414796 ENE 55.945228635207975 -3.186455852981726 0.000000 130.454170
55.945228635207975 -3.186455852981726 ENE 55.945343440237686 -3.1861786891219728 0.000000 129.204170
55.945343440237686 -3.1861786891219728 ENE 55.945458245267396 -3.1859015252622194 0.000000 127.954170
55.945458245267396 -3.1859015252622194 S 55.94515824526739 -3.1859015252622194 113.887452 161.557950
55.94515824526739 -3.1859015252622194 S 55.94485824526739 -3.1859015252622194 220.206845 177.434411
55.94485824526739 -3.1859015252622194 S 55.94455824526739 -3.1859015252622194 235.925669 269.476424
55.94455824526739 -3.1859015252622194 SSE 55.94428108140763 -3.18578672023251 235.925669 268.226424
55.94428108140763 -3.18578672023251 S 55.94398108140763 -3.18578672023251 235.925669 266.976424
55.94398108140763 -3.18578672023251 SSE 55.94370391754787 -3.1856719152028004 235.925669 265.726424
55.94370391754787 -3.1856719152028004 S 55.94340391754787 -3.1856719152028004 313.140754 273.632146
55.94340391754787 -3.1856719152028004 SSE 55.94312675368811 -3.185557110173091 313.140754 272.382146
55.94312675368811 -3.185557110173091 W 55.94312675368811 -3.185857110173091 348.280399 331.473396
55.94312675368811 -3.185857110173091 W 55.94312675368811 -3.1861571101730912 348.280399 330.223396
55.94312675368811 -3.1861571101730912 W 55.94312675368811 -3.1864571101730914 348.280399 328.973396
55.94312675368811 -3.1864571101730914 W 55.94312675368811 -3.1867571101730916 348.280399 327.723396
55.94312675368811 -3.1867571101730916 W 55.94312675368811 -3.187057110173092 348.280399 326.473396
55.94312675368811 -3.187057110173092 W 55.94312675368811 -3.187357110173092 348.280399 325.223396
55.94312675368811 -3.187357110173092 W 55.94312675368811 -3.187657110173092 348.280399 323.973396
55.94312675368811 -3.187657110173092 WNW 55.94324155871782 -3.1879342740328456 348.280399 322.723396
55.94324155871782 -3.1879342740328456 W 55.94324155871782 -3.1882342740328458 348.280399 321.473396
55.94324155871782 -3.1882342740328458 WNW 55.94335636374753 -3.188511437892599 348.280399 320.223396
55.94335636374753 -3.188511437892599 W 55.94335636374753 -3.1888114378925994 348.280399 318.973396
55.94335636374753 -3.1888114378925994 WNW 55.94347116877724 -3.1890886017523528 348.280399 317.723396
55.94347116877724 -3.1890886017523528 NW 55.9436833008116 -3.1893007337867085 404.918959 400.135438
55.9436833008116 -3.1893007337867085 NW 55.943895432845956 -3.1895128658210643 404.918959 398.885438
55.943895432845956 -3.1895128658210643 NW 55.94410756488031 -3.18972499785542 404.918959 397.635438
55.94410756488031 -3.18972499785542 NW 55.94431969691467 -3.189937129889776 404.918959 396.385438
55.94431969691467 -3.189937129889776 NW 55.944531828949025 -3.1901492619241316 415.696461 456.877659
55.944531828949025 -3.1901492619241316 NW 55.94474396098338 -3.1903613939584874 415.696461 455.627659
55.94474396098338 -3.1903613939584874 WNW 55.94485876601309 -3.190638557818241 476.494186 490.895768
55.94485876601309 -3.190638557818241 NW 55.94507089804745 -3.1908506898525966 476.494186 489.645768
55.94507089804745 -3.1908506898525966 WNW 55.94518570307716 -3.19112785371235 476.494186 488.395768
55.94518570307716 -3.19112785371235 E 55.94518570307716 -3.19082785371235 540.424113 605.025378
55.94518570307716 -3.19082785371235 E 55.94518570307716 -3.1905278537123496 540.424113 603.775378
55.94518570307716 -3.1905278537123496 SW 55.9449735710428 -3.1907399857467054 656.196494 688.582573
55.9449735710428 -3.1907399857467054 SW 55.944761439008445 -3.190952117781061 656.196494 687.332573
55.944761439008445 -3.190952117781061 SW 55.94454930697409 -3.191164249815417 656.196494 686.082573
55.94454930697409 -3.191164249815417 SW 55.94433717493973 -3.1913763818497727 656.196494 684.832573
55.94433717493973 -3.1913763818497727 SW 55.94412504290538 -3.1915885138841285 748.291348 688.677736
55.94412504290538 -3.1915885138841285 ENE 55.94423984793509 -3.191311350024375 763.946555 728.191164
55.94423984793509 -3.191311350024375 ENE 55.9443546529648 -3.1910341861646216 763.946555 726.941164
55.9443546529648 -3.1910341861646216 NE 55.944566784999154 -3.190822054130266 763.946555 725.691164
55.944566784999154 -3.190822054130266 ENE 55.944681590028864 -3.1905448902705125 763.946555 724.441164
55.944681590028864 -3.1905448902705125 NE 55.94489372206322 -3.1903327582361567 763.946555 723.191164
55.94489372206322 -3.1903327582361567 ENE 55.94500852709293 -3.1900555943764033 763.946555 721.941164
55.94500852709293 -3.1900555943764033 NE 55.94522065912729 -3.1898434623420475 763.946555 720.691164
55.94522065912729 -3.1898434623420475 ENE 55.945335464157 -3.189566298482294 763.946555 719.441164
55.945335464157 -3.189566298482294 NE 55.94554759619135 -3.1893541664479383 763.946555 718.191164
55.94554759619135 -3.1893541664479383 ENE 55.945662401221064 -3.189077002588185 763.946555 716.941164
55.945662401221064 -3.189077002588185 NNW 55.94593956508082 -3.1891918076178944 844.577043 831.537641
55.94593956508082 -3.1891918076178944 SSE 55.945662401221064 -3.189077002588185 844.577043 830.287641
55.945662401221064 -3.189077002588185 ESE 55.94554759619135 -3.1887998387284315 844.577043 829.037641
55.94554759619135 -3.1887998387284315 ESE 55.94543279116164 -3.188522674868678 866.470239 928.776556
55.94543279116164 -3.188522674868678 ESE 55.94531798613193 -3.1882455110089247 866.470239 927.526556
55.94531798613193 -3.1882455110089247 SE 55.94510585409758 -3.188033378974569 866.470239 926.276556
55.94510585409758 -3.188033378974569 ESE 55.944991049067866 -3.1877562151148156 866.470239 925.026556
55.944991049067866 -3.1877562151148156 SE 55.94477891703351 -3.18754408308046 866.470239 923.776556
55.94477891703351 -3.18754408308046 ESE 55.9446641120038 -3.1872669192207064 866.470239 922.526556
55.9446641120038 -3.1872669192207064 SE 55.94445197996944 -3.1870547871863506 866.470239 921.276556
55.94445197996944 -3.1870547871863506 ESE 55.94433717493973 -3.186777623326597 866.470239 920.026556
55.94433717493973 -3.186777623326597 SE 55.94412504290538 -3.1865654912922414 977.079209 990.188067
55.94412504290538 -3.1865654912922414 SSE 55.94384787904562 -3.186450686262532 977.079209 988.938067
55.94384787904562 -3.186450686262532 E 55.94384787904562 -3.1861506862625317 1008.740912 1067.259433
55.94384787904562 -3.1861506862625317 E 55.94384787904562 -3.1858506862625315 1008.740912 1066.009433
55.94384787904562 -3.1858506862625315 E 55.94384787904562 -3.1855506862625314 1008.740912 1064.759433
55.94384787904562 -3.1855506862625314 E 55.94384787904562 -3.185250686262531 1008.740912 1063.509433
55.94384787904562 -3.185250686262531 E 55.94384787904562 -3.184950686262531 1008.740912 1062.259433
55.94384787904562 -3.184950686262531 ENE 55.94396268407533 -3.1846735224027776 1008.740912 1061.009433
55.94396268407533 -3.1846735224027776 W 55.94396268407533 -3.1849735224027778 1094.616709 1135.774150
55.94396268407533 -3.1849735224027778 W 55.94396268407533 -3.185273522402778 1094.616709 1134.524150
55.94396268407533 -3.185273522402778 W 55.94396268407533 -3.185573522402778 1094.616709 1133.274150
55.94396268407533 -3.185573522402778 W 55.94396268407533 -3.1858735224027783 1094.616709 1132.024150
55.94396268407533 -3.1858735224027783 W 55.94396268407533 -3.1861735224027785 1094.616709 1130.774150
55.94396268407533 -3.1861735224027785 WNW 55.94407748910504 -3.186450686262532 1094.616709 1129.524150
55.94407748910504 -3.186450686262532 W 55.94407748910504 -3.186750686262532 1094.616709 1128.274150
55.94407748910504 -3.186750686262532 WNW 55.94419229413475 -3.1870278501222855 1094.616709 1127.024150
55.94419229413475 -3.1870278501222855 W 55.94419229413475 -3.1873278501222857 1094.616709 1125.774150
55.94419229413475 -3.1873278501222857 WNW 55.94430709916446 -3.187605013982039 1094.616709 1124.524150
55.94430709916446 -3.187605013982039 W 55.94430709916446 -3.1879050139820393 1094.616709 1123.274150
55.94430709916446 -3.1879050139820393 WNW 55.94442190419417 -3.1881821778417927 1068.674300 1111.855668
55.94442190419417 -3.1881821778417927 W 55.94442190419417 -3.188482177841793 1068.674300 1110.605668
55.94442190419417 -3.188482177841793 WNW 55.94453670922388 -3.1887593417015463 1068.674300 1109.355668
55.94453670922388 -3.1887593417015463 W 55.94453670922388 -3.1890593417015465 1044.846578 1084.209733
55.94453670922388 -3.1890593417015465 WNW 55.94465151425359 -3.1893365055613 1044.846578 1082.959733
55.94465151425359 -3.1893365055613 W 55.94465151425359 -3.1896365055613 1044.846578 1081.709733
55.94465151425359 -3.1896365055613 ENE 55.9447663192833 -3.1893593417015467 1140.928653 1115.044819
55.9447663192833 -3.1893593417015467 ENE 55.944881124313014 -3.1890821778417933 1140.928653 1113.794819
55.944881124313014 -3.1890821778417933 ENE 55.944995929342724 -3.18880501398204 1140.928653 1112.544819
55.944995929342724 -3.18880501398204 ENE 55.945110734372435 -3.1885278501222865 1107.793504 1036.845401
55.945110734372435 -3.1885278501222865 NE 55.94532286640679 -3.1883157180879307 1107.793504 1035.595401
55.94532286640679 -3.1883157180879307 ENE 55.9454376714365 -3.1880385542281773 1107.793504 1034.345401
55.9454376714365 -3.1880385542281773 NE 55.94564980347086 -3.1878264221938215 1107.793504 1033.095401
55.94564980347086 -3.1878264221938215 E 55.94564980347086 -3.1875264221938213 1118.627487 1114.414491
55.94564980347086 -3.1875264221938213 E 55.94564980347086 -3.187226422193821 1118.627487 1113.164491
55.94564980347086 -3.187226422193821 E 55.94564980347086 -3.186926422193821 1118.627487 1111.914491
55.94564980347086 -3.186926422193821 E 55.94564980347086 -3.1866264221938208 1118.627487 1110.664491
55.94564980347086 -3.1866264221938208 E 55.94564980347086 -3.1863264221938206 1027.969726 1087.378792
55.94564980347086 -3.1863264221938206 E 55.94564980347086 -3.1860264221938204 1027.733998 984.303259
55.94564980347086 -3.1860264221938204 E 55.94564980347086 -3.18572642219382 1027.733998 983.053259
55.94564980347086 -3.18572642219382 E 55.94564980347086 -3.18542642219382 1027.733998 981.803259
55.94564980347086 -3.18542642219382 E 55.94564980347086 -3.18512642219382 1027.733998 980.553259
55.94564980347086 -3.18512642219382 ENE 55.94576460850057 -3.1848492583340664 1027.733998 979.303259
55.94576460850057 -3.1848492583340664 E 55.94576460850057 -3.184549258334066 1027.733998 978.053259
55.94576460850057 -3.184549258334066 W 55.94576460850057 -3.1848492583340664 1097.192512 1092.887655
55.94576460850057 -3.1848492583340664 W 55.94576460850057 -3.1851492583340666 1097.192512 1091.637655
55.94576460850057 -3.1851492583340666 W 55.94576460850057 -3.185449258334067 1097.192512 1090.387655
55.94576460850057 -3.185449258334067 W 55.94576460850057 -3.185749258334067 1097.192512 1089.137655
55.94576460850057 -3.185749258334067 W 55.94576460850057 -3.186049258334067 1097.192512 1087.887655
55.94576460850057 -3.186049258334067 W 55.94576460850057 -3.1863492583340673 1016.885314 1000.907058
55.94576460850057 -3.1863492583340673 W 55.94576460850057 -3.1866492583340675 1016.885314 999.657058
55.94576460850057 -3.1866492583340675 W 55.94576460850057 -3.1869492583340677 1016.885314 998.407058
55.94576460850057 -3.1869492583340677 W 55.94576460850057 -3.187249258334068 1016.885314 997.157058
55.94576460850057 -3.187249258334068 W 55.94576460850057 -3.187549258334068 1016.885314 995.907058
55.94576460850057 -3.187549258334068 W 55.94576460850057 -3.1878492583340683 1016.885314 994.657058
55.94576460850057 -3.1878492583340683 W 55.94576460850057 -3.1881492583340685 1016.885314 993.407058
55.94576460850057 -3.1881492583340685 W 55.94576460850057 -3.1884492583340687 1016.885314 992.157058
55.94576460850057 -3.1884492583340687 W 55.94576460850057 -3.188749258334069 1016.885314 990.907058
55.94576460850057 -3.188749258334069 W 55.94576460850057 -3.189049258334069 1016.885314 989.657058
55.94576460850057 -3.189049258334069 W 55.94576460850057 -3.1893492583340692 1016.885314 988.407058
55.94576460850057 -3.1893492583340692 W 55.94576460850057 -3.1896492583340694 1016.885314 987.157058
55.94576460850057 -3.1896492583340694 W 55.94576460850057 -3.1899492583340696 1016.885314 985.907058
55.94576460850057 -3.1899492583340696 W 55.94576460850057 -3.19024925833407 1016.885314 984.657058
55.94576460850057 -3.19024925833407 WSW 55.94564980347086 -3.190526422193823 893.117123 908.779200
55.94564980347086 -3.190526422193823 W 55.94564980347086 -3.1908264221938234 893.117123 907.529200
55.94564980347086 -3.1908264221938234 WSW 55.94553499844115 -3.191103586053577 893.117123 906.279200
55.94553499844115 -3.191103586053577 W 55.94553499844115 -3.191403586053577 893.117123 905.029200
55.94553499844115 -3.191403586053577 WSW 55.94542019341144 -3.1916807499133304 893.117123 903.779200
55.94542019341144 -3.1916807499133304 W 55.94542019341144 -3.1919807499133306 893.117123 902.529200
55.94542019341144 -3.1919807499133306 WSW 55.945305388381726 -3.192257913773084 782.165419 870.253809
55.945305388381726 -3.192257913773084 SE 55.94509325634737 -3.192045781738728 867.591595 907.017606
55.94509325634737 -3.192045781738728 SE 55.944881124313014 -3.1918336497043724 867.591595 905.767606
55.944881124313014 -3.1918336497043724 SSE 55.94460396045326 -3.191718844674663 867.591595 904.517606
55.94460396045326 -3.191718844674663 SE 55.9443918284189 -3.191506712640307 956.750341 1006.058411
55.9443918284189 -3.191506712640307 SSE 55.944114664559145 -3.1913919076105977 956.750341 1004.808411
55.944114664559145 -3.1913919076105977 SSE 55.94383750069939 -3.191277102580888 1001.064381 1009.172044
55.94383750069939 -3.191277102580888 E 55.94383750069939 -3.190977102580888 1062.761893 1029.286589
55.94383750069939 -3.190977102580888 E 55.94383750069939 -3.1906771025808878 1062.761893 1028.036589
55.94383750069939 -3.1906771025808878 E 55.94383750069939 -3.1903771025808876 1062.761893 1026.786589
55.94383750069939 -3.1903771025808876 E 55.94383750069939 -3.1900771025808874 1085.056007 1036.595153
55.94383750069939 -3.1900771025808874 E 55.94383750069939 -3.189777102580887 1085.056007 1035.345153
55.94383750069939 -3.189777102580887 E 55.94383750069939 -3.189477102580887 1085.056007 1034.095153
55.94383750069939 -3.189477102580887 E 55.94383750069939 -3.189177102580887 1085.056007 1032.845153
55.94383750069939 -3.189177102580887 E 55.94383750069939 -3.1888771025808866 1085.056007 1031.595153
55.94383750069939 -3.1888771025808866 ENE 55.9439523057291 -3.1885999387211332 1085.056007 1030.345153
55.9439523057291 -3.1885999387211332 E 55.9439523057291 -3.188299938721133 1085.056007 1029.095153
55.9439523057291 -3.188299938721133 ENE 55.94406711075881 -3.1880227748613796 1158.425394 1105.173990
55.94406711075881 -3.1880227748613796 ENE 55.94418191578852 -3.1877456110016262 1158.425394 1103.923990
55.94418191578852 -3.1877456110016262 ENE 55.94429672081823 -3.187468447141873 1158.425394 1102.673990
55.94429672081823 -3.187468447141873 ENE 55.94441152584794 -3.1871912832821194 1158.425394 1101.423990
55.94441152584794 -3.1871912832821194 ENE 55.94452633087765 -3.186914119422366 1158.425394 1100.173990
55.94452633087765 -3.186914119422366 ENE 55.94464113590736 -3.1866369555626126 1158.425394 1098.923990
55.94464113590736 -3.1866369555626126 ENE 55.94475594093707 -3.186359791702859 1158.425394 1097.673990
55.94475594093707 -3.186359791702859 E 55.94475594093707 -3.186059791702859 1158.425394 1096.423990
55.94475594093707 -3.186059791702859 ENE 55.94487074596678 -3.1857826278431056 1158.425394 1095.173990
55.94487074596678 -3.1857826278431056 E 55.94487074596678 -3.1854826278431054 1158.425394 1093.923990
55.94487074596678 -3.1854826278431054 ENE 55.94498555099649 -3.185205463983352 1158.425394 1092.673990
55.94498555099649 -3.185205463983352 E 55.94498555099649 -3.184905463983352 1158.425394 1091.423990
55.94498555099649 -3.184905463983352 NE 55.94519768303085 -3.184693331948996 1191.218255 1177.283993
55.94519768303085 -3.184693331948996 WSW 55.94508287800114 -3.1849704958087495 1191.218255 1176.033993
55.94508287800114 -3.1849704958087495 WSW 55.94496807297143 -3.185247659668503 1141.110654 1056.254339
55.94496807297143 -3.185247659668503 WSW 55.94485326794172 -3.1855248235282563 1141.110654 1055.004339
55.94485326794172 -3.1855248235282563 WSW 55.94473846291201 -3.1858019873880097 1141.110654 1053.754339
55.94473846291201 -3.1858019873880097 WSW 55.944623657882296 -3.186079151247763 1141.110654 1052.504339
55.944623657882296 -3.186079151247763 WSW 55.944508852852586 -3.1863563151075165 1141.110654 1051.254339
55.944508852852586 -3.1863563151075165 WSW 55.944394047822875 -3.18663347896727 1141.110654 1050.004339
55.944394047822875 -3.18663347896727 WSW 55.944279242793165 -3.1869106428270233 1136.663804 944.505407
55.944279242793165 -3.1869106428270233 WSW 55.944164437763455 -3.1871878066867767 1136.663804 943.255407
55.944164437763455 -3.1871878066867767 WSW 55.944049632733744 -3.18746497054653 1136.663804 942.005407
55.944049632733744 -3.18746497054653 WSW 55.943934827704034 -3.1877421344062835 1136.663804 940.755407
55.943934827704034 -3.1877421344062835 WSW 55.94382002267432 -3.188019298266037 1136.663804 939.505407
55.94382002267432 -3.188019298266037 WSW 55.94370521764461 -3.1882964621257903 1136.663804 938.255407
55.94370521764461 -3.1882964621257903 WSW 55.9435904126149 -3.1885736259855437 1136.663804 937.005407
55.9435904126149 -3.1885736259855437 SW 55.943378280580546 -3.1887857580198995 1136.663804 935.755407
55.943378280580546 -3.1887857580198995 WSW 55.943263475550836 -3.189062921879653 1136.663804 934.505407
55.943263475550836 -3.189062921879653 SW 55.94305134351648 -3.1892750539140087 1136.663804 933.255407
55.94305134351648 -3.1892750539140087 WSW 55.94293653848677 -3.189552217773762 1136.663804 932.005407
55.94293653848677 -3.189552217773762 SW 55.94272440645241 -3.189764349808118 1136.663804 930.755407
55.94272440645241 -3.189764349808118 E 55.94272440645241 -3.1894643498081177 1186.102237 999.338130
55.94272440645241 -3.1894643498081177 E 55.94272440645241 -3.1891643498081175 1186.102237 998.088130
55.94272440645241 -3.1891643498081175 E 55.94272440645241 -3.1888643498081173 1186.102237 996.838130
55.94272440645241 -3.1888643498081173 E 55.94272440645241 -3.188564349808117 1186.102237 995.588130
55.94272440645241 -3.188564349808117 E 55.94272440645241 -3.188264349808117 1186.102237 994.338130
55.94272440645241 -3.188264349808117 E 55.94272440645241 -3.1879643498081167 1186.102237 993.088130
55.94272440645241 -3.1879643498081167 E 55.94272440645241 -3.1876643498081165 1186.102237 991.838130
55.94272440645241 -3.1876643498081165 E 55.94272440645241 -3.1873643498081163 1186.102237 990.588130
55.94272440645241 -3.1873643498081163 ESE 55.9426096014227 -3.187087185948363 1186.102237 989.338130
55.9426096014227 -3.187087185948363 W 55.9426096014227 -3.187387185948363 1210.128892 1105.184856
55.9426096014227 -3.187387185948363 W 55.9426096014227 -3.1876871859483633 1210.128892 1103.934856
55.9426096014227 -3.1876871859483633 W 55.9426096014227 -3.1879871859483635 1210.128892 1102.684856
55.9426096014227 -3.1879871859483635 W 55.9426096014227 -3.1882871859483637 1210.128892 1101.434856
55.9426096014227 -3.1882871859483637 W 55.9426096014227 -3.188587185948364 1210.128892 1100.184856
55.9426096014227 -3.188587185948364 W 55.9426096014227 -3.188887185948364 1210.128892 1098.934856
55.9426096014227 -3.188887185948364 W 55.9426096014227 -3.1891871859483643 1210.128892 1097.684856
55.9426096014227 -3.1891871859483643 W 55.9426096014227 -3.1894871859483644 1210.128892 1096.434856
55.9426096014227 -3.1894871859483644 W 55.9426096014227 -3.1897871859483646 1210.128892 1095.184856
55.9426096014227 -3.1897871859483646 W 55.9426096014227 -3.190087185948365 1210.128892 1093.934856
55.9426096014227 -3.190087185948365 W 55.9426096014227 -3.190387185948365 1210.128892 1092.684856
55.9426096014227 -3.190387185948365 W 55.9426096014227 -3.190687185948365 1210.128892 1091.434856
55.9426096014227 -3.190687185948365 WNW 55.94272440645241 -3.1909643498081186 1210.128892 1090.184856
55.94272440645241 -3.1909643498081186 W 55.94272440645241 -3.191264349808119 1287.784310 1172.426735
55.94272440645241 -3.191264349808119 SSE 55.94244724259266 -3.1911495447784093 1287.784310 1171.176735
55.94244724259266 -3.1911495447784093 SSE 55.9421700787329 -3.1910347397486998 1287.784310 1169.926735
55.9421700787329 -3.1910347397486998 N 55.9424700787329 -3.1910347397486998 1287.784310 1168.676735
55.9424700787329 -3.1910347397486998 WNW 55.94258488376261 -3.191311903608453 1287.784310 1167.426735
55.94258488376261 -3.191311903608453 NNW 55.94286204762237 -3.1914267086381627 1287.784310 1166.176735
55.94286204762237 -3.1914267086381627 NW 55.943074179656726 -3.1916388406725185 1287.784310 1164.926735
55.943074179656726 -3.1916388406725185 SW 55.94286204762237 -3.1918509727068742 1287.784310 1163.676735
55.94286204762237 -3.1918509727068742 NNE 55.943139211482126 -3.1917361676771647 1287.784310 1162.426735
55.943139211482126 -3.1917361676771647 NW 55.94335134351648 -3.1919482997115205 1287.784310 1161.176735
55.94335134351648 -3.1919482997115205 WSW 55.94323653848677 -3.192225463571274 1287.784310 1159.926735
55.94323653848677 -3.192225463571274 SE 55.943024406452416 -3.192013331536918 1287.784310 1158.676735
55.943024406452416 -3.192013331536918 W 55.943024406452416 -3.1923133315369183 1266.474666 1157.379726
55.943024406452416 -3.1923133315369183 WSW 55.942909601422706 -3.1925904953966717 1266.474666 1156.129726
55.942909601422706 -3.1925904953966717 NNW 55.94318676528246 -3.1927053004263812 1266.474666 1154.879726
55.94318676528246 -3.1927053004263812 NE 55.94339889731682 -3.1924931683920255 1266.474666 1153.629726
55.94339889731682 -3.1924931683920255 NE 55.943611029351175 -3.1922810363576697 1266.474666 1152.379726
55.943611029351175 -3.1922810363576697 WNW 55.943725834380885 -3.192558200217423 1185.853866 1059.758517
55.943725834380885 -3.192558200217423 SSE 55.94344867052113 -3.1924433951877136 1185.853866 1058.508517
55.94344867052113 -3.1924433951877136 NE 55.943660802555485 -3.192231263153358 1185.853866 1057.258517
55.943660802555485 -3.192231263153358 WNW 55.943775607585195 -3.192508427013111 1185.853866 1056.008517
55.943775607585195 -3.192508427013111 SW 55.94356347555084 -3.192720559047467 1185.853866 1054.758517
55.94356347555084 -3.192720559047467 NNE 55.943840639410595 -3.1926057540177575 1185.853866 1053.508517
55.943840639410595 -3.1926057540177575 NW 55.94405277144495 -3.1928178860521133 1185.853866 1052.258517
55.94405277144495 -3.1928178860521133 NNE 55.94432993530471 -3.1927030810224037 1185.853866 1051.008517
55.94432993530471 -3.1927030810224037 ESE 55.944215130275 -3.1924259171626503 1185.853866 1049.758517
55.944215130275 -3.1924259171626503 WNW 55.94432993530471 -3.1927030810224037 1185.853866 1048.508517
55.94432993530471 -3.1927030810224037 NNE 55.944607099164465 -3.1925882759926942 1185.853866 1047.258517
55.944607099164465 -3.1925882759926942 W 55.944607099164465 -3.1928882759926944 1185.853866 1046.008517
55.944607099164465 -3.1928882759926944 ENE 55.944721904194175 -3.192611112132941 1185.853866 1044.758517
55.944721904194175 -3.192611112132941 NE 55.94493403622853 -3.1923989800985852 1185.853866 1043.508517
55.94493403622853 -3.1923989800985852 NW 55.94514616826289 -3.192611112132941 1185.853866 1042.258517
55.94514616826289 -3.192611112132941 WSW 55.94503136323318 -3.1928882759926944 1185.853866 1041.008517
55.94503136323318 -3.1928882759926944 SW 55.94481923119882 -3.19310040802705 1185.853866 1039.758517
55.94481923119882 -3.19310040802705 WSW 55.94470442616911 -3.1933775718868036 1185.853866 1038.508517
55.94470442616911 -3.1933775718868036 S 55.94440442616911 -3.1933775718868036 1185.853866 1037.258517
55.94440442616911 -3.1933775718868036 SSW 55.94412726230935 -3.193492376916513 1185.853866 1036.008517
55.94412726230935 -3.193492376916513 SW 55.943915130274995 -3.193704508950869 1185.853866 1034.758517
55.943915130274995 -3.193704508950869 WNW 55.944029935304705 -3.1939816728106223 1185.853866 1033.508517
55.944029935304705 -3.1939816728106223 W 55.944029935304705 -3.1942816728106225 1185.853866 1032.258517
55.944029935304705 -3.1942816728106225 NW 55.94424206733906 -3.1944938048449782 1185.853866 1031.008517
55.94424206733906 -3.1944938048449782 NW 55.94445419937342 -3.194705936879334 1185.853866 1029.758517
55.94445419937342 -3.194705936879334 NNW 55.944731363233174 -3.1948207419090435 1185.853866 1028.508517
55.944731363233174 -3.1948207419090435 E 55.944731363233174 -3.1945207419090433 1185.853866 1027.258517
55.944731363233174 -3.1945207419090433 SW 55.94451923119882 -3.194732873943399 1185.853866 1026.008517
