55.944425 -3.188396 ENE 55.94453980502971 -3.1881188361402466 0.000000 248.750000
55.94453980502971 -3.1881188361402466 ENE 55.94465461005942 -3.187841672280493 0.000000 247.500000
55.94465461005942 -3.187841672280493 ENE 55.944769415089134 -3.18756450842074 0.000000 246.250000
55.944769415089134 -3.18756450842074 ENE 55.944884220118844 -3.1872873445609864 0.000000 245.000000
55.944884220118844 -3.1872873445609864 ENE 55.944999025148554 -3.187010180701233 49.270928 256.824749
55.944999025148554 -3.187010180701233 ENE 55.945113830178265 -3.1867330168414796 0.000000 131.704170
55.945113830178265 -3.1867330168414796 ENE 55.945228635207975 -3.186455852981726 0.000000 130.454170
55.945228635207975 -3.186455852981726 ENE 55.945343440237686 -3.1861786891219728 0.000000 129.204170
55.945343440237686 -3.1861786891219728 ENE 55.945458245267396 -3.1859015252622194 0.000000 127.954170
55.945458245267396 -3.1859015252622194 S 55.94515824526739 -3.1859015252622194 113.887452 161.557950
55.94515824526739 -3.1859015252622194 S 55.94485824526739 -3.1859015252622194 220.206845 177.434411
55.94485824526739 -3.1859015252622194 S 55.94455824526739 -3.1859015252622194 235.925669 269.476424
55.94455824526739 -3.1859015252622194 SSE 55.94428108140763 -3.18578672023251 235.925669 268.226424
55.94428108140763 -3.18578672023251 S 55.94398108140763 -3.18578672023251 235.925669 266.976424
55.94398108140763 -3.18578672023251 SSE 55.94370391754787 -3.1856719152028004 235.925669 265.726424
55.94370391754787 -3.1856719152028004 S 55.94340391754787 -3.1856719152028004 313.140754 273.632146
55.94340391754787 -3.1856719152028004 SSE 55.94312675368811 -3.185557110173091 313.140754 272.382146
55.94312675368811 -3.185557110173091 W 55.94312675368811 -3.185857110173091 348.280399 331.473396
55.94312675368811 -3.185857110173091 W 55.94312675368811 -3.1861571101730912 348.280399 330.223396
55.94312675368811 -3.1861571101730912 W 55.94312675368811 -3.1864571101730914 348.280399 328.973396
55.94312675368811 -3.1864571101730914 W 55.94312675368811 -3.1867571101730916 348.280399 327.723396
55.94312675368811 -3.1867571101730916 W 55.94312675368811 -3.187057110173092 348.280399 326.473396
55.94312675368811 -3.187057110173092 W 55.94312675368811 -3.187357110173092 348.280399 325.223396
55.94312675368811 -3.187357110173092 W 55.94312675368811 -3.187657110173092 348.280399 323.973396
55.94312675368811 -3.187657110173092 WNW 55.94324155871782 -3.1879342740328456 348.280399 322.723396
55.94324155871782 -3.1879342740328456 W 55.94324155871782 -3.1882342740328458 348.280399 321.473396
55.94324155871782 -3.1882342740328458 WNW 55.94335636374753 -3.188511437892599 348.280399 320.223396
55.94335636374753 -3.188511437892599 W 55.94335636374753 -3.1888114378925994 348.280399 318.973396
55.94335636374753 -3.1888114378925994 WNW 55.94347116877724 -3.1890886017523528 348.280399 317.723396
55.94347116877724 -3.1890886017523528 NW 55.9436833008116 -3.1893007337867085 404.918959 400.135438
55.9436833008116 -3.1893007337867085 NNW 55.943960464671356 -3.189415538816418 404.918959 398.885438
55.943960464671356 -3.189415538816418 NW 55.94417259670571 -3.189627670850774 404.918959 397.635438
55.94417259670571 -3.189627670850774 NNW 55.94444976056547 -3.1897424758804833 404.918959 396.385438
55.94444976056547 -3.1897424758804833 NW 55.944661892599825 -3.189954607914839 501.001034 429.720523
55.944661892599825 -3.189954607914839 NNW 55.94493905645958 -3.1900694129445486 511.778536 490.212745
55.94493905645958 -3.1900694129445486 NW 55.94515118849394 -3.1902815449789044 511.778536 488.962745
55.94515118849394 -3.1902815449789044 SSW 55.94487402463418 -3.190396350008614 627.550917 573.769940
55.94487402463418 -3.190396350008614 SSW 55.944596860774425 -3.1905111550383234 688.348642 609.038049
55.944596860774425 -3.1905111550383234 SSW 55.94431969691467 -3.190625960068033 688.348642 607.788049
55.94431969691467 -3.190625960068033 SSW 55.94404253305491 -3.1907407650977424 688.348642 606.538049
55.94404253305491 -3.1907407650977424 SSW 55.943765369195155 -3.190855570127452 688.348642 605.288049
55.943765369195155 -3.190855570127452 SSW 55.9434882053354 -3.1909703751571614 688.348642 604.038049
55.9434882053354 -3.1909703751571614 S 55.943188205335396 -3.1909703751571614 688.348642 602.788049
55.943188205335396 -3.1909703751571614 SSW 55.94291104147564 -3.191085180186871 619.895666 597.588393
55.94291104147564 -3.191085180186871 N 55.94321104147564 -3.191085180186871 697.551083 679.830272
55.94321104147564 -3.191085180186871 N 55.943511041475645 -3.191085180186871 697.551083 678.580272
55.943511041475645 -3.191085180186871 N 55.94381104147565 -3.191085180186871 697.551083 677.330272
55.94381104147565 -3.191085180186871 N 55.94411104147565 -3.191085180186871 759.248595 697.444816
55.94411104147565 -3.191085180186871 N 55.944411041475654 -3.191085180186871 759.248595 696.194816
55.944411041475654 -3.191085180186871 N 55.94471104147566 -3.191085180186871 759.248595 694.944816
55.94471104147566 -3.191085180186871 N 55.94501104147566 -3.191085180186871 759.248595 693.694816
55.94501104147566 -3.191085180186871 NNW 55.945288205335416 -3.1911999852165804 759.248595 692.444816
55.945288205335416 -3.1911999852165804 ESE 55.945173400305706 -3.190922821356827 823.178522 809.074426
55.945173400305706 -3.190922821356827 ESE 55.945058595275995 -3.1906456574970736 823.178522 807.824426
55.945058595275995 -3.1906456574970736 ESE 55.944943790246285 -3.1903684936373202 823.178522 806.574426
55.944943790246285 -3.1903684936373202 SE 55.94473165821193 -3.1901563616029645 823.178522 805.324426
55.94473165821193 -3.1901563616029645 ESE 55.94461685318222 -3.189879197743211 823.178522 804.074426
55.94461685318222 -3.189879197743211 SE 55.94440472114786 -3.1896670657088553 823.178522 802.824426
55.94440472114786 -3.1896670657088553 ESE 55.94428991611815 -3.189389901849102 823.178522 801.574426
55.94428991611815 -3.189389901849102 SE 55.944077784083795 -3.189177769814746 823.178522 800.324426
55.944077784083795 -3.189177769814746 ESE 55.943962979054085 -3.1889006059549927 823.178522 799.074426
55.943962979054085 -3.1889006059549927 SE 55.94375084701973 -3.188688473920637 823.178522 797.824426
55.94375084701973 -3.188688473920637 ESE 55.94363604199002 -3.1884113100608835 823.178522 796.574426
55.94363604199002 -3.1884113100608835 SE 55.94342390995566 -3.1881991780265277 823.178522 795.324426
55.94342390995566 -3.1881991780265277 ESE 55.94330910492595 -3.1879220141667743 823.178522 794.074426
55.94330910492595 -3.1879220141667743 SE 55.943096972891595 -3.1877098821324186 823.178522 792.824426
55.943096972891595 -3.1877098821324186 ESE 55.942982167861885 -3.187432718272665 823.178522 791.574426
55.942982167861885 -3.187432718272665 SE 55.94277003582753 -3.1872205862383094 823.178522 790.324426
55.94277003582753 -3.1872205862383094 ESE 55.94265523079782 -3.186943422378556 823.178522 789.074426
55.94265523079782 -3.186943422378556 WNW 55.94277003582753 -3.1872205862383094 847.205177 904.921152
55.94277003582753 -3.1872205862383094 WNW 55.94288484085724 -3.187497750098063 847.205177 903.671152
55.94288484085724 -3.187497750098063 WNW 55.94299964588695 -3.187774913957816 847.205177 902.421152
55.94299964588695 -3.187774913957816 WNW 55.94311445091666 -3.1880520778175696 847.205177 901.171152
55.94311445091666 -3.1880520778175696 WNW 55.94322925594637 -3.188329241677323 847.205177 899.921152
55.94322925594637 -3.188329241677323 WNW 55.94334406097608 -3.1886064055370764 847.205177 898.671152
55.94334406097608 -3.1886064055370764 WNW 55.94345886600579 -3.18888356939683 847.205177 897.421152
55.94345886600579 -3.18888356939683 WNW 55.9435736710355 -3.1891607332565832 847.205177 896.171152
55.9435736710355 -3.1891607332565832 WNW 55.94368847606521 -3.1894378971163366 847.205177 894.921152
55.94368847606521 -3.1894378971163366 WNW 55.94380328109492 -3.18971506097609 847.205177 893.671152
55.94380328109492 -3.18971506097609 WNW 55.94391808612463 -3.1899922248358434 847.205177 892.421152
55.94391808612463 -3.1899922248358434 WNW 55.94403289115434 -3.190269388695597 847.205177 891.171152
55.94403289115434 -3.190269388695597 WNW 55.944147696184054 -3.1905465525553502 869.499291 900.979716
55.944147696184054 -3.1905465525553502 WNW 55.944262501213764 -3.1908237164151037 869.499291 899.729716
55.944262501213764 -3.1908237164151037 WNW 55.944377306243474 -3.191100880274857 869.499291 898.479716
55.944377306243474 -3.191100880274857 WNW 55.944492111273185 -3.1913780441346105 869.499291 897.229716
55.944492111273185 -3.1913780441346105 NW 55.94470424330754 -3.1915901761689662 961.594144 901.074879
55.94470424330754 -3.1915901761689662 WNW 55.94481904833725 -3.1918673400287196 1050.752890 1002.615684
55.94481904833725 -3.1918673400287196 NW 55.94503118037161 -3.1920794720630754 1050.752890 1001.365684
55.94503118037161 -3.1920794720630754 WNW 55.94514598540132 -3.192356635922829 1050.752890 1000.115684
55.94514598540132 -3.192356635922829 ESE 55.94503118037161 -3.1920794720630754 1136.179067 1036.879481
55.94503118037161 -3.1920794720630754 ESE 55.9449163753419 -3.191802308203322 1136.179067 1035.629481
55.9449163753419 -3.191802308203322 ESE 55.94480157031219 -3.1915251443435686 1136.179067 1034.379481
55.94480157031219 -3.1915251443435686 ESE 55.944686765282476 -3.191247980483815 1136.179067 1033.129481
55.944686765282476 -3.191247980483815 ESE 55.944571960252766 -3.190970816624062 1136.179067 1031.879481
55.944571960252766 -3.190970816624062 E 55.944571960252766 -3.1906708166240616 1136.179067 1030.629481
55.944571960252766 -3.1906708166240616 ESE 55.944457155223056 -3.190393652764308 1136.179067 1029.379481
55.944457155223056 -3.190393652764308 E 55.944457155223056 -3.190093652764308 1136.179067 1028.129481
55.944457155223056 -3.190093652764308 ESE 55.944342350193345 -3.1898164889045546 1136.179067 1026.879481
55.944342350193345 -3.1898164889045546 E 55.944342350193345 -3.1895164889045544 1136.179067 1025.629481
55.944342350193345 -3.1895164889045544 ESE 55.944227545163635 -3.189239325044801 1136.179067 1024.379481
55.944227545163635 -3.189239325044801 E 55.944227545163635 -3.188939325044801 1136.179067 1023.129481
55.944227545163635 -3.188939325044801 ESE 55.944112740133924 -3.1886621611850474 1112.351344 997.983547
55.944112740133924 -3.1886621611850474 E 55.944112740133924 -3.1883621611850472 1112.351344 996.733547
55.944112740133924 -3.1883621611850472 ESE 55.943997935104214 -3.188084997325294 1112.351344 995.483547
55.943997935104214 -3.188084997325294 E 55.943997935104214 -3.1877849973252936 1185.720731 1071.562383
55.943997935104214 -3.1877849973252936 E 55.943997935104214 -3.1874849973252934 1185.720731 1070.312383
55.943997935104214 -3.1874849973252934 E 55.943997935104214 -3.1871849973252933 1185.720731 1069.062383
55.943997935104214 -3.1871849973252933 E 55.943997935104214 -3.186884997325293 1185.720731 1067.812383
55.943997935104214 -3.186884997325293 ESE 55.943883130074504 -3.1866078334655397 1185.720731 1066.562383
55.943883130074504 -3.1866078334655397 W 55.943883130074504 -3.18690783346554 1217.382435 1144.883749
55.943883130074504 -3.18690783346554 W 55.943883130074504 -3.18720783346554 1217.382435 1143.633749
55.943883130074504 -3.18720783346554 W 55.943883130074504 -3.1875078334655402 1217.382435 1142.383749
55.943883130074504 -3.1875078334655402 W 55.943883130074504 -3.1878078334655404 1217.382435 1141.133749
55.943883130074504 -3.1878078334655404 W 55.943883130074504 -3.1881078334655406 1217.382435 1139.883749
55.943883130074504 -3.1881078334655406 W 55.943883130074504 -3.188407833465541 1217.382435 1138.633749
55.943883130074504 -3.188407833465541 W 55.943883130074504 -3.188707833465541 1217.382435 1137.383749
55.943883130074504 -3.188707833465541 W 55.943883130074504 -3.189007833465541 1217.382435 1136.133749
55.943883130074504 -3.189007833465541 W 55.943883130074504 -3.1893078334655414 1217.382435 1134.883749
55.943883130074504 -3.1893078334655414 W 55.943883130074504 -3.1896078334655416 1217.382435 1133.633749
55.943883130074504 -3.1896078334655416 W 55.943883130074504 -3.1899078334655417 1217.382435 1132.383749
55.943883130074504 -3.1899078334655417 W 55.943883130074504 -3.190207833465542 1217.382435 1131.133749
55.943883130074504 -3.190207833465542 W 55.943883130074504 -3.190507833465542 1217.382435 1129.883749
55.943883130074504 -3.190507833465542 W 55.943883130074504 -3.1908078334655423 1217.382435 1128.633749
55.943883130074504 -3.1908078334655423 W 55.943883130074504 -3.1911078334655425 1217.382435 1127.383749
55.943883130074504 -3.1911078334655425 WNW 55.943997935104214 -3.191384997325296 1217.382435 1126.133749
55.943997935104214 -3.191384997325296 W 55.943997935104214 -3.191684997325296 1261.696475 1130.497383
55.943997935104214 -3.191684997325296 E 55.943997935104214 -3.191384997325296 1277.351682 1170.010810
55.943997935104214 -3.191384997325296 E 55.943997935104214 -3.1910849973252957 1277.351682 1168.760810
55.943997935104214 -3.1910849973252957 E 55.943997935104214 -3.1907849973252955 1277.351682 1167.510810
55.943997935104214 -3.1907849973252955 E 55.943997935104214 -3.1904849973252953 1277.351682 1166.260810
55.943997935104214 -3.1904849973252953 E 55.943997935104214 -3.190184997325295 1277.351682 1165.010810
55.943997935104214 -3.190184997325295 E 55.943997935104214 -3.189884997325295 1277.351682 1163.760810
55.943997935104214 -3.189884997325295 E 55.943997935104214 -3.1895849973252948 1277.351682 1162.510810
55.943997935104214 -3.1895849973252948 E 55.943997935104214 -3.1892849973252946 1277.351682 1161.260810
55.943997935104214 -3.1892849973252946 E 55.943997935104214 -3.1889849973252944 1277.351682 1160.010810
55.943997935104214 -3.1889849973252944 E 55.943997935104214 -3.188684997325294 1277.351682 1158.760810
55.943997935104214 -3.188684997325294 E 55.943997935104214 -3.188384997325294 1277.351682 1157.510810
55.943997935104214 -3.188384997325294 E 55.943997935104214 -3.188084997325294 1277.351682 1156.260810
55.943997935104214 -3.188084997325294 E 55.943997935104214 -3.1877849973252936 1277.351682 1155.010810
55.943997935104214 -3.1877849973252936 E 55.943997935104214 -3.1874849973252934 1277.351682 1153.760810
55.943997935104214 -3.1874849973252934 E 55.943997935104214 -3.1871849973252933 1277.351682 1152.510810
55.943997935104214 -3.1871849973252933 E 55.943997935104214 -3.186884997325293 1277.351682 1151.260810
55.943997935104214 -3.186884997325293 E 55.943997935104214 -3.186584997325293 1277.351682 1150.010810
55.943997935104214 -3.186584997325293 E 55.943997935104214 -3.1862849973252927 1277.351682 1148.760810
55.943997935104214 -3.1862849973252927 E 55.943997935104214 -3.1859849973252925 1277.351682 1147.510810
55.943997935104214 -3.1859849973252925 E 55.943997935104214 -3.1856849973252923 1277.351682 1146.260810
55.943997935104214 -3.1856849973252923 E 55.943997935104214 -3.185384997325292 1277.351682 1145.010810
55.943997935104214 -3.185384997325292 E 55.943997935104214 -3.185084997325292 1277.351682 1143.760810
55.943997935104214 -3.185084997325292 E 55.943997935104214 -3.1847849973252917 1277.351682 1142.510810
55.943997935104214 -3.1847849973252917 WSW 55.943883130074504 -3.185062161185045 1363.227479 1217.275526
55.943883130074504 -3.185062161185045 WSW 55.94376832504479 -3.1853393250447986 1363.227479 1216.025526
55.94376832504479 -3.1853393250447986 WSW 55.94365352001508 -3.185616488904552 1363.227479 1214.775526
55.94365352001508 -3.185616488904552 WSW 55.94353871498537 -3.1858936527643054 1363.227479 1213.525526
55.94353871498537 -3.1858936527643054 WSW 55.94342390995566 -3.1861708166240588 1363.227479 1212.275526
55.94342390995566 -3.1861708166240588 WSW 55.94330910492595 -3.186447980483812 1363.227479 1211.025526
55.94330910492595 -3.186447980483812 W 55.94330910492595 -3.1867479804838124 1363.227479 1209.775526
55.94330910492595 -3.1867479804838124 WSW 55.94319429989624 -3.1870251443435658 1363.227479 1208.525526
55.94319429989624 -3.1870251443435658 W 55.94319429989624 -3.187325144343566 1363.227479 1207.275526
55.94319429989624 -3.187325144343566 WSW 55.94307949486653 -3.1876023082033194 1363.227479 1206.025526
55.94307949486653 -3.1876023082033194 W 55.94307949486653 -3.1879023082033195 1363.227479 1204.775526
55.94307949486653 -3.1879023082033195 WSW 55.94296468983682 -3.188179472063073 1363.227479 1203.525526
55.94296468983682 -3.188179472063073 W 55.94296468983682 -3.188479472063073 1363.227479 1202.275526
55.94296468983682 -3.188479472063073 WSW 55.94284988480711 -3.1887566359228265 1363.227479 1201.025526
55.94284988480711 -3.1887566359228265 W 55.94284988480711 -3.1890566359228267 1363.227479 1199.775526
55.94284988480711 -3.1890566359228267 WSW 55.9427350797774 -3.18933379978258 1363.227479 1198.525526
55.9427350797774 -3.18933379978258 W 55.9427350797774 -3.1896337997825803 1363.227479 1197.275526
55.9427350797774 -3.1896337997825803 N 55.9430350797774 -3.1896337997825803 1412.665912 1265.858249
55.9430350797774 -3.1896337997825803 NNE 55.94331224363716 -3.189518994752871 1412.665912 1264.608249
55.94331224363716 -3.189518994752871 N 55.94361224363716 -3.189518994752871 1412.665912 1263.358249
55.94361224363716 -3.189518994752871 NNE 55.94388940749692 -3.1894041897231613 1412.665912 1262.108249
55.94388940749692 -3.1894041897231613 N 55.94418940749692 -3.1894041897231613 1412.665912 1260.858249
55.94418940749692 -3.1894041897231613 NNE 55.94446657135668 -3.189289384693452 1412.665912 1259.608249
55.94446657135668 -3.189289384693452 N 55.94476657135668 -3.189289384693452 1412.665912 1258.358249
55.94476657135668 -3.189289384693452 NNE 55.94504373521644 -3.1891745796637423 1412.665912 1257.108249
55.94504373521644 -3.1891745796637423 N 55.94534373521644 -3.1891745796637423 1412.665912 1255.858249
55.94534373521644 -3.1891745796637423 NNE 55.9456208990762 -3.189059774634033 1412.665912 1254.608249
55.9456208990762 -3.189059774634033 NNW 55.94589806293595 -3.1891745796637423 1493.296400 1369.204727
55.94589806293595 -3.1891745796637423 E 55.94589806293595 -3.188874579663742 1493.296400 1367.954727
55.94589806293595 -3.188874579663742 E 55.94589806293595 -3.188574579663742 1493.296400 1366.704727
55.94589806293595 -3.188574579663742 E 55.94589806293595 -3.1882745796637417 1493.296400 1365.454727
55.94589806293595 -3.1882745796637417 E 55.94589806293595 -3.1879745796637415 1493.296400 1364.204727
55.94589806293595 -3.1879745796637415 E 55.94589806293595 -3.1876745796637413 1493.296400 1362.954727
55.94589806293595 -3.1876745796637413 E 55.94589806293595 -3.187374579663741 1504.130383 1444.273817
55.94589806293595 -3.187374579663741 E 55.94589806293595 -3.187074579663741 1504.130383 1443.023817
55.94589806293595 -3.187074579663741 E 55.94589806293595 -3.186774579663741 1504.130383 1441.773817
55.94589806293595 -3.186774579663741 E 55.94589806293595 -3.1864745796637406 1504.130383 1440.523817
55.94589806293595 -3.1864745796637406 E 55.94589806293595 -3.1861745796637404 1503.894654 1337.448284
55.94589806293595 -3.1861745796637404 E 55.94589806293595 -3.18587457966374 1423.587456 1250.467687
55.94589806293595 -3.18587457966374 E 55.94589806293595 -3.18557457966374 1423.587456 1249.217687
55.94589806293595 -3.18557457966374 E 55.94589806293595 -3.18527457966374 1399.890910 1163.187927
55.94589806293595 -3.18527457966374 E 55.94589806293595 -3.1849745796637396 1399.890910 1161.937927
55.94589806293595 -3.1849745796637396 E 55.94589806293595 -3.1846745796637395 1399.890910 1160.687927
55.94589806293595 -3.1846745796637395 ESE 55.94578325790624 -3.184397415803986 1399.890910 1159.437927
55.94578325790624 -3.184397415803986 SW 55.945571125871886 -3.184609547838342 1469.349424 1274.272323
55.945571125871886 -3.184609547838342 WSW 55.945456320842176 -3.1848867116980952 1469.349424 1273.022323
55.945456320842176 -3.1848867116980952 SW 55.94524418880782 -3.185098843732451 1419.241823 1153.242670
55.94524418880782 -3.185098843732451 WSW 55.94512938377811 -3.1853760075922044 1419.241823 1151.992670
55.94512938377811 -3.1853760075922044 SW 55.94491725174375 -3.18558813962656 1419.241823 1150.742670
55.94491725174375 -3.18558813962656 WSW 55.94480244671404 -3.1858653034863136 1419.241823 1149.492670
55.94480244671404 -3.1858653034863136 SW 55.94459031467969 -3.1860774355206694 1419.241823 1148.242670
55.94459031467969 -3.1860774355206694 WSW 55.944475509649976 -3.1863545993804228 1419.241823 1146.992670
55.944475509649976 -3.1863545993804228 SW 55.94426337761562 -3.1865667314147785 1419.241823 1145.742670
55.94426337761562 -3.1865667314147785 WSW 55.94414857258591 -3.186843895274532 1414.794974 1040.243737
55.94414857258591 -3.186843895274532 NW 55.944360704620266 -3.1870560273088877 1525.403943 1110.405249
55.944360704620266 -3.1870560273088877 NW 55.94457283665462 -3.1872681593432435 1525.403943 1109.155249
55.94457283665462 -3.1872681593432435 WNW 55.94468764168433 -3.187545323202997 1525.403943 1107.905249
55.94468764168433 -3.187545323202997 NW 55.94489977371869 -3.1877574552373527 1525.403943 1106.655249
55.94489977371869 -3.1877574552373527 WNW 55.9450145787484 -3.188034619097106 1525.403943 1105.405249
55.9450145787484 -3.188034619097106 NW 55.945226710782755 -3.188246751131462 1525.403943 1104.155249
55.945226710782755 -3.188246751131462 WNW 55.945341515812466 -3.1885239149912152 1525.403943 1102.905249
55.945341515812466 -3.1885239149912152 NW 55.94555364784682 -3.188736047025571 1525.403943 1101.655249
55.94555364784682 -3.188736047025571 E 55.94555364784682 -3.188436047025571 1547.297139 1201.394163
55.94555364784682 -3.188436047025571 E 55.94555364784682 -3.1881360470255706 1547.297139 1200.144163
55.94555364784682 -3.1881360470255706 E 55.94555364784682 -3.1878360470255704 1547.297139 1198.894163
55.94555364784682 -3.1878360470255704 E 55.94555364784682 -3.1875360470255703 1547.297139 1197.644163
55.94555364784682 -3.1875360470255703 E 55.94555364784682 -3.18723604702557 1547.297139 1196.394163
55.94555364784682 -3.18723604702557 ESE 55.94543884281711 -3.1869588831658167 1547.297139 1195.144163
55.94543884281711 -3.1869588831658167 E 55.94543884281711 -3.1866588831658165 1547.297139 1193.894163
55.94543884281711 -3.1866588831658165 ESE 55.9453240377874 -3.186381719306063 1456.639379 1170.608465
55.9453240377874 -3.186381719306063 E 55.9453240377874 -3.186081719306063 1456.639379 1169.358465
55.9453240377874 -3.186081719306063 ESE 55.94520923275769 -3.1858045554463095 1456.639379 1168.108465
55.94520923275769 -3.1858045554463095 E 55.94520923275769 -3.1855045554463093 1456.639379 1166.858465
55.94520923275769 -3.1855045554463093 ESE 55.94509442772798 -3.185227391586556 1456.639379 1165.608465
55.94509442772798 -3.185227391586556 E 55.94509442772798 -3.1849273915865557 1456.639379 1164.358465
55.94509442772798 -3.1849273915865557 ESE 55.94497962269827 -3.1846502277268023 1489.432240 1250.218468
55.94497962269827 -3.1846502277268023 SSW 55.94470245883851 -3.184765032756512 1489.432240 1248.968468
55.94470245883851 -3.184765032756512 ENE 55.944817263868224 -3.1844878688967584 1489.432240 1247.718468
55.944817263868224 -3.1844878688967584 W 55.944817263868224 -3.1847878688967586 1489.432240 1246.468468
55.944817263868224 -3.1847878688967586 NNE 55.94509442772798 -3.184673063867049 1489.432240 1245.218468
55.94509442772798 -3.184673063867049 SSE 55.944817263868224 -3.1845582588373396 1489.432240 1243.968468
55.944817263868224 -3.1845582588373396 NE 55.94502939590258 -3.184346126802984 1489.432240 1242.718468
55.94502939590258 -3.184346126802984 SE 55.944817263868224 -3.184133994768628 1489.432240 1241.468468
55.944817263868224 -3.184133994768628 SSW 55.94454010000847 -3.1842487997983375 1489.432240 1240.218468
55.94454010000847 -3.1842487997983375 SE 55.94432796797411 -3.1840366677639818 1489.432240 1238.968468
55.94432796797411 -3.1840366677639818 WNW 55.94444277300382 -3.184313831623735 1489.432240 1237.718468
55.94444277300382 -3.184313831623735 ESE 55.94432796797411 -3.1840366677639818 1489.432240 1236.468468
55.94432796797411 -3.1840366677639818 SW 55.944115835939755 -3.1842487997983375 1489.432240 1235.218468
55.944115835939755 -3.1842487997983375 SE 55.9439037039054 -3.1840366677639818 1489.432240 1233.968468
55.9439037039054 -3.1840366677639818 SW 55.94369157187104 -3.1842487997983375 1489.432240 1232.718468
55.94369157187104 -3.1842487997983375 WNW 55.94380637690075 -3.184525963658091 1489.432240 1231.468468
55.94380637690075 -3.184525963658091 WNW 55.94392118193046 -3.1848031275178443 1489.432240 1230.218468
55.94392118193046 -3.1848031275178443 ESE 55.94380637690075 -3.184525963658091 1489.432240 1228.968468
55.94380637690075 -3.184525963658091 SSE 55.943529213040996 -3.1844111586283814 1489.432240 1227.718468
55.943529213040996 -3.1844111586283814 ESE 55.943414408011286 -3.184133994768628 1489.432240 1226.468468
55.943414408011286 -3.184133994768628 NNE 55.94369157187104 -3.1840191897389185 1489.432240 1225.218468
55.94369157187104 -3.1840191897389185 ESE 55.94357676684133 -3.183742025879165 1489.432240 1223.968468
55.94357676684133 -3.183742025879165 WSW 55.94346196181162 -3.1840191897389185 1489.432240 1222.718468
55.94346196181162 -3.1840191897389185 SSE 55.943184797951865 -3.183904384709209 1489.432240 1221.468468
55.943184797951865 -3.183904384709209 ESE 55.943069992922155 -3.1836272208494556 1489.432240 1220.218468
55.943069992922155 -3.1836272208494556 NNW 55.94334715678191 -3.183742025879165 1489.432240 1218.968468
