55.944425 -3.188396 ENE 55.94453980502971 -3.1881188361402466 0.000000 248.750000
55.94453980502971 -3.1881188361402466 ENE 55.94465461005942 -3.187841672280493 0.000000 247.500000
55.94465461005942 -3.187841672280493 ENE 55.944769415089134 -3.18756450842074 0.000000 246.250000
55.944769415089134 -3.18756450842074 ENE 55.944884220118844 -3.1872873445609864 0.000000 245.000000
55.944884220118844 -3.1872873445609864 ENE 55.944999025148554 -3.187010180701233 49.270928 256.824749
55.944999025148554 -3.187010180701233 ENE 55.945113830178265 -3.1867330168414796 0.000000 131.704170
55.945113830178265 -3.1867330168414796 ENE 55.945228635207975 -3.186455852981726 0.000000 130.454170
55.945228635207975 -3.186455852981726 ENE 55.945343440237686 -3.1861786891219728 0.000000 129.204170
55.945343440237686 -3.1861786891219728 ENE 55.945458245267396 -3.1859015252622194 0.000000 127.954170
55.945458245267396 -3.1859015252622194 S 55.94515824526739 -3.1859015252622194 113.887452 161.557950
55.94515824526739 -3.1859015252622194 S 55.94485824526739 -3.1859015252622194 220.206845 177.434411
55.94485824526739 -3.1859015252622194 S 55.94455824526739 -3.1859015252622194 235.925669 269.476424
55.94455824526739 -3.1859015252622194 SSE 55.94428108140763 -3.18578672023251 235.925669 268.226424
55.94428108140763 -3.18578672023251 S 55.94398108140763 -3.18578672023251 235.925669 266.976424
55.94398108140763 -3.18578672023251 SSE 55.94370391754787 -3.1856719152028004 235.925669 265.726424
55.94370391754787 -3.1856719152028004 S 55.94340391754787 -3.1856719152028004 313.140754 273.632146
55.94340391754787 -3.1856719152028004 SSE 55.94312675368811 -3.185557110173091 313.140754 272.382146
55.94312675368811 -3.185557110173091 NNE 55.94340391754787 -3.1854423051433813 348.280399 331.473396
55.94340391754787 -3.1854423051433813 NNE 55.943681081407625 -3.185327500113672 348.280399 330.223396
55.943681081407625 -3.185327500113672 NNE 55.94395824526738 -3.1852126950839623 348.280399 328.973396
55.94395824526738 -3.1852126950839623 NNE 55.94423540912714 -3.185097890054253 348.280399 327.723396
55.94423540912714 -3.185097890054253 NNE 55.944512572986895 -3.1849830850245433 348.280399 326.473396
55.944512572986895 -3.1849830850245433 NNE 55.94478973684665 -3.184868279994834 348.280399 325.223396
55.94478973684665 -3.184868279994834 NNE 55.94506690070641 -3.1847534749651243 348.280399 323.973396
55.94506690070641 -3.1847534749651243 WSW 55.9449520956767 -3.1850306388248777 381.073260 409.833400
55.9449520956767 -3.1850306388248777 WSW 55.94483729064699 -3.185307802684631 381.073260 408.583400
55.94483729064699 -3.185307802684631 WSW 55.94472248561728 -3.1855849665443845 381.073260 407.333400
55.94472248561728 -3.1855849665443845 WSW 55.944607680587566 -3.185862130404138 381.073260 406.083400
55.944607680587566 -3.185862130404138 WSW 55.944492875557856 -3.1861392942638913 381.073260 404.833400
55.944492875557856 -3.1861392942638913 WSW 55.944378070528145 -3.1864164581236447 381.073260 403.583400
55.944378070528145 -3.1864164581236447 WSW 55.944263265498435 -3.186693621983398 376.626411 298.084467
55.944263265498435 -3.186693621983398 WSW 55.944148460468725 -3.1869707858431515 487.235380 368.245978
55.944148460468725 -3.1869707858431515 WSW 55.944033655439014 -3.187247949702905 487.235380 366.995978
55.944033655439014 -3.187247949702905 WSW 55.943918850409304 -3.1875251135626583 487.235380 365.745978
55.943918850409304 -3.1875251135626583 WSW 55.94380404537959 -3.1878022774224117 487.235380 364.495978
55.94380404537959 -3.1878022774224117 WSW 55.94368924034988 -3.188079441282165 487.235380 363.245978
55.94368924034988 -3.188079441282165 WSW 55.94357443532017 -3.1883566051419185 487.235380 361.995978
55.94357443532017 -3.1883566051419185 WSW 55.94345963029046 -3.188633769001672 487.235380 360.745978
55.94345963029046 -3.188633769001672 WSW 55.94334482526075 -3.1889109328614254 487.235380 359.495978
55.94334482526075 -3.1889109328614254 WSW 55.94323002023104 -3.1891880967211788 543.873940 441.908020
55.94323002023104 -3.1891880967211788 WSW 55.94311521520133 -3.189465260580932 543.873940 440.658020
55.94311521520133 -3.189465260580932 WSW 55.94300041017162 -3.1897424244406856 543.873940 439.408020
55.94300041017162 -3.1897424244406856 WSW 55.94288560514191 -3.190019588300439 498.478480 423.461398
55.94288560514191 -3.190019588300439 W 55.94288560514191 -3.190319588300439 498.478480 422.211398
55.94288560514191 -3.190319588300439 WSW 55.9427708001122 -3.1905967521601926 498.478480 420.961398
55.9427708001122 -3.1905967521601926 W 55.9427708001122 -3.1908967521601928 498.478480 419.711398
55.9427708001122 -3.1908967521601928 WSW 55.94265599508249 -3.191173916019946 576.133897 501.953278
55.94265599508249 -3.191173916019946 NNW 55.942933158942246 -3.1912887210496557 576.133897 500.703278
55.942933158942246 -3.1912887210496557 N 55.94323315894225 -3.1912887210496557 576.133897 499.453278
55.94323315894225 -3.1912887210496557 NNW 55.943510322802005 -3.191403526079365 507.680921 494.253622
55.943510322802005 -3.191403526079365 N 55.94381032280201 -3.191403526079365 507.680921 493.003622
55.94381032280201 -3.191403526079365 NNW 55.944087486661765 -3.1915183311090747 551.994961 497.367255
55.944087486661765 -3.1915183311090747 N 55.94438748666177 -3.1915183311090747 551.994961 496.117255
55.94438748666177 -3.1915183311090747 ESE 55.94427268163206 -3.1912411672493213 644.089815 499.962419
55.94427268163206 -3.1912411672493213 ESE 55.94415787660235 -3.190964003389568 644.089815 498.712419
55.94415787660235 -3.190964003389568 ESE 55.94404307157264 -3.1906868395298145 644.089815 497.462419
55.94404307157264 -3.1906868395298145 ESE 55.943928266542926 -3.190409675670061 666.383929 507.270983
55.943928266542926 -3.190409675670061 ESE 55.943813461513216 -3.1901325118103077 666.383929 506.020983
55.943813461513216 -3.1901325118103077 ESE 55.943698656483505 -3.1898553479505543 666.383929 504.770983
55.943698656483505 -3.1898553479505543 ESE 55.943583851453795 -3.189578184090801 666.383929 503.520983
55.943583851453795 -3.189578184090801 ESE 55.943469046424084 -3.1893010202310474 666.383929 502.270983
55.943469046424084 -3.1893010202310474 ESE 55.943354241394374 -3.189023856371294 666.383929 501.020983
55.943354241394374 -3.189023856371294 ESE 55.943239436364664 -3.1887466925115406 666.383929 499.770983
55.943239436364664 -3.1887466925115406 ESE 55.94312463133495 -3.1884695286517872 666.383929 498.520983
55.94312463133495 -3.1884695286517872 ESE 55.94300982630524 -3.188192364792034 666.383929 497.270983
55.94300982630524 -3.188192364792034 ESE 55.94289502127553 -3.1879152009322804 666.383929 496.020983
55.94289502127553 -3.1879152009322804 ESE 55.94278021624582 -3.187638037072527 666.383929 494.770983
55.94278021624582 -3.187638037072527 ESE 55.94266541121611 -3.1873608732127736 666.383929 493.520983
55.94266541121611 -3.1873608732127736 E 55.94266541121611 -3.1870608732127734 666.383929 492.270983
55.94266541121611 -3.1870608732127734 W 55.94266541121611 -3.1873608732127736 690.410584 608.117709
55.94266541121611 -3.1873608732127736 W 55.94266541121611 -3.187660873212774 690.410584 606.867709
55.94266541121611 -3.187660873212774 W 55.94266541121611 -3.187960873212774 690.410584 605.617709
55.94266541121611 -3.187960873212774 W 55.94266541121611 -3.188260873212774 690.410584 604.367709
55.94266541121611 -3.188260873212774 W 55.94266541121611 -3.1885608732127744 690.410584 603.117709
55.94266541121611 -3.1885608732127744 W 55.94266541121611 -3.1888608732127746 690.410584 601.867709
55.94266541121611 -3.1888608732127746 W 55.94266541121611 -3.1891608732127747 690.410584 600.617709
55.94266541121611 -3.1891608732127747 W 55.94266541121611 -3.189460873212775 690.410584 599.367709
55.94266541121611 -3.189460873212775 W 55.94266541121611 -3.189760873212775 690.410584 598.117709
55.94266541121611 -3.189760873212775 ENE 55.94278021624582 -3.1894837093530217 739.849016 666.700432
55.94278021624582 -3.1894837093530217 ENE 55.94289502127553 -3.1892065454932683 739.849016 665.450432
55.94289502127553 -3.1892065454932683 ENE 55.94300982630524 -3.188929381633515 739.849016 664.200432
55.94300982630524 -3.188929381633515 ENE 55.94312463133495 -3.1886522177737615 739.849016 662.950432
55.94312463133495 -3.1886522177737615 ENE 55.943239436364664 -3.188375053914008 739.849016 661.700432
55.943239436364664 -3.188375053914008 ENE 55.943354241394374 -3.1880978900542547 739.849016 660.450432
55.943354241394374 -3.1880978900542547 ENE 55.943469046424084 -3.1878207261945013 739.849016 659.200432
55.943469046424084 -3.1878207261945013 NE 55.94368117845844 -3.1876085941601455 739.849016 657.950432
55.94368117845844 -3.1876085941601455 ENE 55.94379598348815 -3.187331430300392 739.849016 656.700432
55.94379598348815 -3.187331430300392 NE 55.94400811552251 -3.1871192982660363 739.849016 655.450432
55.94400811552251 -3.1871192982660363 ENE 55.94412292055222 -3.186842134406283 739.849016 654.200432
55.94412292055222 -3.186842134406283 NE 55.944335052586574 -3.186630002371927 739.849016 652.950432
55.944335052586574 -3.186630002371927 ENE 55.944449857616284 -3.1863528385121738 739.849016 651.700432
55.944449857616284 -3.1863528385121738 NE 55.94466198965064 -3.186140706477818 739.849016 650.450432
55.94466198965064 -3.186140706477818 ENE 55.94477679468035 -3.1858635426180646 739.849016 649.200432
55.94477679468035 -3.1858635426180646 NE 55.94498892671471 -3.185651410583709 739.849016 647.950432
55.94498892671471 -3.185651410583709 ENE 55.94510373174442 -3.1853742467239554 739.849016 646.700432
55.94510373174442 -3.1853742467239554 NE 55.945315863778774 -3.1851621146895996 739.849016 645.450432
55.945315863778774 -3.1851621146895996 ENE 55.945430668808484 -3.1848849508298462 689.741415 525.670778
55.945430668808484 -3.1848849508298462 NE 55.94564280084284 -3.1846728187954905 689.741415 524.420778
55.94564280084284 -3.1846728187954905 ENE 55.94575760587255 -3.184395654935737 689.741415 523.170778
55.94575760587255 -3.184395654935737 WSW 55.94564280084284 -3.1846728187954905 759.199929 638.005174
55.94564280084284 -3.1846728187954905 WSW 55.94552799581313 -3.184949982655244 759.199929 636.755174
55.94552799581313 -3.184949982655244 WSW 55.94541319078342 -3.1852271465149973 759.199929 635.505174
55.94541319078342 -3.1852271465149973 WSW 55.94529838575371 -3.1855043103747507 759.199929 634.255174
55.94529838575371 -3.1855043103747507 WSW 55.945183580724 -3.185781474234504 759.199929 633.005174
55.945183580724 -3.185781474234504 WSW 55.94506877569429 -3.1860586380942575 759.199929 631.755174
55.94506877569429 -3.1860586380942575 WSW 55.94495397066458 -3.186335801954011 759.199929 630.505174
55.94495397066458 -3.186335801954011 WSW 55.94483916563487 -3.1866129658137643 759.199929 629.255174
55.94483916563487 -3.1866129658137643 WSW 55.94472436060516 -3.1868901296735177 759.199929 628.005174
55.94472436060516 -3.1868901296735177 WSW 55.94460955557545 -3.187167293533271 759.199929 626.755174
55.94460955557545 -3.187167293533271 WSW 55.944494750545736 -3.1874444573930245 759.199929 625.505174
55.944494750545736 -3.1874444573930245 SW 55.94428261851138 -3.1876565894273803 759.199929 624.255174
55.94428261851138 -3.1876565894273803 WSW 55.94416781348167 -3.1879337532871337 759.199929 623.005174
55.94416781348167 -3.1879337532871337 W 55.94416781348167 -3.188233753287134 733.257520 611.586693
55.94416781348167 -3.188233753287134 W 55.94416781348167 -3.188533753287134 806.626907 687.665529
55.94416781348167 -3.188533753287134 W 55.94416781348167 -3.1888337532871343 806.626907 686.415529
55.94416781348167 -3.1888337532871343 W 55.94416781348167 -3.1891337532871344 782.799185 661.269595
55.94416781348167 -3.1891337532871344 W 55.94416781348167 -3.1894337532871346 782.799185 660.019595
55.94416781348167 -3.1894337532871346 W 55.94416781348167 -3.189733753287135 782.799185 658.769595
55.94416781348167 -3.189733753287135 W 55.94416781348167 -3.190033753287135 782.799185 657.519595
55.94416781348167 -3.190033753287135 WNW 55.94428261851138 -3.1903109171468884 782.799185 656.269595
55.94428261851138 -3.1903109171468884 W 55.94428261851138 -3.1906109171468886 782.799185 655.019595
55.94428261851138 -3.1906109171468886 WNW 55.94439742354109 -3.190888081006642 782.799185 653.769595
55.94439742354109 -3.190888081006642 W 55.94439742354109 -3.191188081006642 782.799185 652.519595
55.94439742354109 -3.191188081006642 WNW 55.9445122285708 -3.1914652448663956 782.799185 651.269595
55.9445122285708 -3.1914652448663956 W 55.9445122285708 -3.191765244866396 782.799185 650.019595
55.9445122285708 -3.191765244866396 NE 55.94472436060516 -3.19155311283204 871.957931 751.560399
55.94472436060516 -3.19155311283204 NNE 55.945001524464914 -3.1914383078023305 871.957931 750.310399
55.945001524464914 -3.1914383078023305 NE 55.94521365649927 -3.1912261757679747 871.957931 749.060399
55.94521365649927 -3.1912261757679747 ENE 55.94532846152898 -3.1909490119082213 935.887858 865.690009
55.94532846152898 -3.1909490119082213 E 55.94532846152898 -3.190649011908221 935.887858 864.440009
55.94532846152898 -3.190649011908221 ENE 55.94544326655869 -3.1903718480484677 935.887858 863.190009
55.94544326655869 -3.1903718480484677 E 55.94544326655869 -3.1900718480484676 1051.660239 947.997204
55.94544326655869 -3.1900718480484676 ENE 55.9455580715884 -3.189794684188714 1051.660239 946.747204
55.9455580715884 -3.189794684188714 E 55.9455580715884 -3.189494684188714 1051.660239 945.497204
55.9455580715884 -3.189494684188714 ENE 55.94567287661811 -3.1892175203289606 1051.660239 944.247204
55.94567287661811 -3.1892175203289606 W 55.94567287661811 -3.1895175203289607 1132.290727 1058.843682
55.94567287661811 -3.1895175203289607 W 55.94567287661811 -3.189817520328961 1132.290727 1057.593682
55.94567287661811 -3.189817520328961 W 55.94567287661811 -3.190117520328961 1132.290727 1056.343682
55.94567287661811 -3.190117520328961 W 55.94567287661811 -3.1904175203289613 1008.522536 980.465824
55.94567287661811 -3.1904175203289613 W 55.94567287661811 -3.1907175203289615 1008.522536 979.215824
55.94567287661811 -3.1907175203289615 WSW 55.9455580715884 -3.190994684188715 1008.522536 977.965824
55.9455580715884 -3.190994684188715 W 55.9455580715884 -3.191294684188715 1008.522536 976.715824
55.9455580715884 -3.191294684188715 WSW 55.94544326655869 -3.1915718480484685 1008.522536 975.465824
55.94544326655869 -3.1915718480484685 W 55.94544326655869 -3.1918718480484687 1008.522536 974.215824
55.94544326655869 -3.1918718480484687 WSW 55.94532846152898 -3.192149011908222 897.570832 941.940433
55.94532846152898 -3.192149011908222 W 55.94532846152898 -3.1924490119082223 897.570832 940.690433
55.94532846152898 -3.1924490119082223 E 55.94532846152898 -3.192149011908222 982.997008 977.454230
55.94532846152898 -3.192149011908222 E 55.94532846152898 -3.191849011908222 982.997008 976.204230
55.94532846152898 -3.191849011908222 E 55.94532846152898 -3.1915490119082217 982.997008 974.954230
55.94532846152898 -3.1915490119082217 ESE 55.94521365649927 -3.1912718480484683 982.997008 973.704230
55.94521365649927 -3.1912718480484683 E 55.94521365649927 -3.190971848048468 982.997008 972.454230
55.94521365649927 -3.190971848048468 ESE 55.94509885146956 -3.1906946841887147 982.997008 971.204230
55.94509885146956 -3.1906946841887147 E 55.94509885146956 -3.1903946841887145 982.997008 969.954230
55.94509885146956 -3.1903946841887145 ESE 55.94498404643985 -3.190117520328961 982.997008 968.704230
55.94498404643985 -3.190117520328961 E 55.94498404643985 -3.189817520328961 982.997008 967.454230
55.94498404643985 -3.189817520328961 ESE 55.94486924141014 -3.1895403564692075 982.997008 966.204230
55.94486924141014 -3.1895403564692075 E 55.94486924141014 -3.1892403564692073 1079.079083 999.539316
55.94486924141014 -3.1892403564692073 ESE 55.94475443638043 -3.188963192609454 1079.079083 998.289316
55.94475443638043 -3.188963192609454 E 55.94475443638043 -3.1886631926094537 1079.079083 997.039316
55.94475443638043 -3.1886631926094537 ESE 55.94463963135072 -3.1883860287497003 1045.943934 921.339898
55.94463963135072 -3.1883860287497003 E 55.94463963135072 -3.1880860287497 1045.943934 920.089898
55.94463963135072 -3.1880860287497 ESE 55.94452482632101 -3.1878088648899467 1045.943934 918.839898
55.94452482632101 -3.1878088648899467 E 55.94452482632101 -3.1875088648899466 1045.943934 917.589898
55.94452482632101 -3.1875088648899466 ESE 55.9444100212913 -3.187231701030193 1045.943934 916.339898
55.9444100212913 -3.187231701030193 E 55.9444100212913 -3.186931701030193 1045.943934 915.089898
55.9444100212913 -3.186931701030193 ESE 55.94429521626159 -3.1866545371704396 1045.943934 913.839898
55.94429521626159 -3.1866545371704396 E 55.94429521626159 -3.1863545371704394 1045.943934 912.589898
55.94429521626159 -3.1863545371704394 ESE 55.944180411231876 -3.186077373310686 1045.943934 911.339898
55.944180411231876 -3.186077373310686 E 55.944180411231876 -3.185777373310686 1045.943934 910.089898
55.944180411231876 -3.185777373310686 ESE 55.944065606202166 -3.1855002094509324 1045.943934 908.839898
55.944065606202166 -3.1855002094509324 E 55.944065606202166 -3.185200209450932 1045.943934 907.589898
55.944065606202166 -3.185200209450932 ESE 55.943950801172456 -3.184923045591179 1045.943934 906.339898
55.943950801172456 -3.184923045591179 E 55.943950801172456 -3.1846230455911786 1045.943934 905.089898
55.943950801172456 -3.1846230455911786 W 55.943950801172456 -3.184923045591179 1131.819731 979.854614
55.943950801172456 -3.184923045591179 W 55.943950801172456 -3.185223045591179 1131.819731 978.604614
55.943950801172456 -3.185223045591179 W 55.943950801172456 -3.185523045591179 1131.819731 977.354614
55.943950801172456 -3.185523045591179 W 55.943950801172456 -3.1858230455911793 1131.819731 976.104614
55.943950801172456 -3.1858230455911793 W 55.943950801172456 -3.1861230455911795 1131.819731 974.854614
55.943950801172456 -3.1861230455911795 W 55.943950801172456 -3.1864230455911797 1131.819731 973.604614
55.943950801172456 -3.1864230455911797 W 55.943950801172456 -3.18672304559118 1163.481434 1051.925980
55.943950801172456 -3.18672304559118 W 55.943950801172456 -3.18702304559118 1163.481434 1050.675980
55.943950801172456 -3.18702304559118 W 55.943950801172456 -3.1873230455911803 1163.481434 1049.425980
55.943950801172456 -3.1873230455911803 W 55.943950801172456 -3.1876230455911805 1163.481434 1048.175980
55.943950801172456 -3.1876230455911805 W 55.943950801172456 -3.1879230455911807 1163.481434 1046.925980
55.943950801172456 -3.1879230455911807 W 55.943950801172456 -3.188223045591181 1163.481434 1045.675980
55.943950801172456 -3.188223045591181 W 55.943950801172456 -3.188523045591181 1163.481434 1044.425980
55.943950801172456 -3.188523045591181 W 55.943950801172456 -3.1888230455911812 1163.481434 1043.175980
55.943950801172456 -3.1888230455911812 W 55.943950801172456 -3.1891230455911814 1163.481434 1041.925980
55.943950801172456 -3.1891230455911814 W 55.943950801172456 -3.1894230455911816 1163.481434 1040.675980
55.943950801172456 -3.1894230455911816 W 55.943950801172456 -3.189723045591182 1163.481434 1039.425980
55.943950801172456 -3.189723045591182 W 55.943950801172456 -3.190023045591182 1163.481434 1038.175980
55.943950801172456 -3.190023045591182 W 55.943950801172456 -3.190323045591182 1163.481434 1036.925980
55.943950801172456 -3.190323045591182 W 55.943950801172456 -3.1906230455911824 1163.481434 1035.675980
55.943950801172456 -3.1906230455911824 W 55.943950801172456 -3.1909230455911826 1163.481434 1034.425980
55.943950801172456 -3.1909230455911826 W 55.943950801172456 -3.1912230455911827 1163.481434 1033.175980
55.943950801172456 -3.1912230455911827 W 55.943950801172456 -3.191523045591183 1225.178946 1053.290524
55.943950801172456 -3.191523045591183 ENE 55.944065606202166 -3.1912458817314295 1225.178946 1052.040524
55.944065606202166 -3.1912458817314295 ENE 55.944180411231876 -3.190968717871676 1225.178946 1050.790524
55.944180411231876 -3.190968717871676 NE 55.94439254326623 -3.1907565858373204 1225.178946 1049.540524
55.94439254326623 -3.1907565858373204 ENE 55.94450734829594 -3.190479421977567 1225.178946 1048.290524
55.94450734829594 -3.190479421977567 NE 55.9447194803303 -3.190267289943211 1285.976671 1083.558633
55.9447194803303 -3.190267289943211 ENE 55.94483428536001 -3.1899901260834578 1285.976671 1082.308633
55.94483428536001 -3.1899901260834578 NE 55.945046417394366 -3.189777994049102 1285.976671 1081.058633
55.945046417394366 -3.189777994049102 ENE 55.945161222424076 -3.1895008301893486 1285.976671 1079.808633
55.945161222424076 -3.1895008301893486 NE 55.94537335445843 -3.189288698154993 1285.976671 1078.558633
55.94537335445843 -3.189288698154993 ENE 55.94548815948814 -3.1890115342952394 1285.976671 1077.308633
55.94548815948814 -3.1890115342952394 SW 55.94527602745379 -3.189223666329595 1307.869868 1177.047547
55.94527602745379 -3.189223666329595 SW 55.94506389541943 -3.189435798363951 1307.869868 1175.797547
55.94506389541943 -3.189435798363951 SW 55.944851763385074 -3.1896479303983067 1307.869868 1174.547547
55.944851763385074 -3.1896479303983067 SW 55.94463963135072 -3.1898600624326625 1307.869868 1173.297547
55.94463963135072 -3.1898600624326625 ENE 55.94475443638043 -3.189582898572909 1307.869868 1172.047547
55.94475443638043 -3.189582898572909 ENE 55.94486924141014 -3.1893057347131557 1307.869868 1170.797547
55.94486924141014 -3.1893057347131557 ENE 55.94498404643985 -3.1890285708534023 1307.869868 1169.547547
55.94498404643985 -3.1890285708534023 ENE 55.94509885146956 -3.188751406993649 1307.869868 1168.297547
55.94509885146956 -3.188751406993649 ENE 55.94521365649927 -3.1884742431338955 1307.869868 1167.047547
55.94521365649927 -3.1884742431338955 ENE 55.94532846152898 -3.188197079274142 1307.869868 1165.797547
55.94532846152898 -3.188197079274142 NE 55.94554059356334 -3.1879849472397863 1307.869868 1164.547547
55.94554059356334 -3.1879849472397863 ENE 55.94565539859305 -3.187707783380033 1307.869868 1163.297547
55.94565539859305 -3.187707783380033 WSW 55.94554059356334 -3.1879849472397863 1318.703851 1244.616638
55.94554059356334 -3.1879849472397863 WSW 55.945425788533626 -3.1882621110995397 1318.703851 1243.366638
55.945425788533626 -3.1882621110995397 WSW 55.945310983503916 -3.188539274959293 1318.703851 1242.116638
55.945310983503916 -3.188539274959293 WSW 55.945196178474205 -3.1888164388190465 1318.703851 1240.866638
55.945196178474205 -3.1888164388190465 WSW 55.945081373444495 -3.1890936026788 1318.703851 1239.616638
55.945081373444495 -3.1890936026788 WSW 55.944966568414785 -3.1893707665385533 1318.703851 1238.366638
55.944966568414785 -3.1893707665385533 WSW 55.944851763385074 -3.1896479303983067 1318.703851 1237.116638
55.944851763385074 -3.1896479303983067 SW 55.94463963135072 -3.1898600624326625 1318.703851 1235.866638
55.94463963135072 -3.1898600624326625 WSW 55.94452482632101 -3.190137226292416 1318.703851 1234.616638
55.94452482632101 -3.190137226292416 WSW 55.9444100212913 -3.1904143901521693 1329.481353 1295.108860
55.9444100212913 -3.1904143901521693 WSW 55.94429521626159 -3.1906915540119227 1329.481353 1293.858860
55.94429521626159 -3.1906915540119227 WSW 55.944180411231876 -3.190968717871676 1329.481353 1292.608860
55.944180411231876 -3.190968717871676 W 55.944180411231876 -3.1912687178716763 1329.481353 1291.358860
55.944180411231876 -3.1912687178716763 WSW 55.944065606202166 -3.1915458817314297 1329.481353 1290.108860
55.944065606202166 -3.1915458817314297 W 55.944065606202166 -3.19184588173143 1345.136560 1329.622287
55.944065606202166 -3.19184588173143 WSW 55.943950801172456 -3.1921230455911833 1345.136560 1328.372287
55.943950801172456 -3.1921230455911833 W 55.943950801172456 -3.1924230455911835 1345.136560 1327.122287
55.943950801172456 -3.1924230455911835 SSE 55.9436736373127 -3.192308240561474 1264.515760 1234.501078
55.9436736373127 -3.192308240561474 ESE 55.94355883228299 -3.1920310767017206 1264.515760 1233.251078
55.94355883228299 -3.1920310767017206 NW 55.943770964317345 -3.1922432087360764 1264.515760 1232.001078
55.943770964317345 -3.1922432087360764 NW 55.9439830963517 -3.192455340770432 1264.515760 1230.751078
55.9439830963517 -3.192455340770432 SW 55.943770964317345 -3.192667472804788 1264.515760 1229.501078
55.943770964317345 -3.192667472804788 W 55.943770964317345 -3.192967472804788 1264.515760 1228.251078
55.943770964317345 -3.192967472804788 W 55.943770964317345 -3.1932674728047883 1264.515760 1227.001078
55.943770964317345 -3.1932674728047883 WSW 55.943656159287634 -3.1935446366645417 1264.515760 1225.751078
55.943656159287634 -3.1935446366645417 SE 55.94344402725328 -3.193332504630186 1264.515760 1224.501078
55.94344402725328 -3.193332504630186 NNW 55.943721191113035 -3.1934473096598954 1264.515760 1223.251078
55.943721191113035 -3.1934473096598954 WNW 55.943835996142745 -3.193724473519649 1264.515760 1222.001078
55.943835996142745 -3.193724473519649 SE 55.94362386410839 -3.193512341485293 1264.515760 1220.751078
55.94362386410839 -3.193512341485293 SE 55.94341173207403 -3.1933002094509373 1264.515760 1219.501078
55.94341173207403 -3.1933002094509373 NNW 55.94368889593379 -3.193415014480647 1264.515760 1218.251078
55.94368889593379 -3.193415014480647 ENE 55.9438037009635 -3.1931378506208934 1264.515760 1217.001078
