55.944425 -3.188396 SSW 55.944147836140246 -3.1885108050297095 0.000000 248.750000
55.944147836140246 -3.1885108050297095 SW 55.94393570410589 -3.1887229370640653 0.000000 247.500000
55.94393570410589 -3.1887229370640653 SSW 55.94365854024613 -3.188837742093775 0.000000 246.250000
55.94365854024613 -3.188837742093775 SW 55.94344640821178 -3.1890498741281306 0.000000 245.000000
55.94344640821178 -3.1890498741281306 E 55.94344640821178 -3.1887498741281304 56.638560 327.412041
55.94344640821178 -3.1887498741281304 E 55.94344640821178 -3.18844987412813 56.638560 326.162041
55.94344640821178 -3.18844987412813 E 55.94344640821178 -3.18814987412813 56.638560 324.912041
55.94344640821178 -3.18814987412813 E 55.94344640821178 -3.18784987412813 56.638560 323.662041
55.94344640821178 -3.18784987412813 E 55.94344640821178 -3.1875498741281296 56.638560 322.412041
55.94344640821178 -3.1875498741281296 E 55.94344640821178 -3.1872498741281294 56.638560 321.162041
55.94344640821178 -3.1872498741281294 E 55.94344640821178 -3.1869498741281292 51.811956 260.868768
55.94344640821178 -3.1869498741281292 ENE 55.94356121324149 -3.186672710268376 51.811956 259.618768
55.94356121324149 -3.186672710268376 E 55.94356121324149 -3.1863727102683757 51.811956 258.368768
55.94356121324149 -3.1863727102683757 ENE 55.9436760182712 -3.1860955464086222 51.811956 257.118768
55.9436760182712 -3.1860955464086222 E 55.9436760182712 -3.185795546408622 51.811956 255.868768
55.9436760182712 -3.185795546408622 ENE 55.94379082330091 -3.1855183825488687 129.027041 263.774490
55.94379082330091 -3.1855183825488687 E 55.94379082330091 -3.1852183825488685 129.027041 262.524490
55.94379082330091 -3.1852183825488685 ENE 55.94390562833062 -3.184941218689115 129.027041 261.274490
55.94390562833062 -3.184941218689115 E 55.94390562833062 -3.184641218689115 129.027041 260.024490
55.94390562833062 -3.184641218689115 W 55.94390562833062 -3.184941218689115 214.902839 334.789206
55.94390562833062 -3.184941218689115 W 55.94390562833062 -3.1852412186891153 214.902839 333.539206
55.94390562833062 -3.1852412186891153 W 55.94390562833062 -3.1855412186891154 214.902839 332.289206
55.94390562833062 -3.1855412186891154 W 55.94390562833062 -3.1858412186891156 214.902839 331.039206
55.94390562833062 -3.1858412186891156 W 55.94390562833062 -3.186141218689116 214.902839 329.789206
55.94390562833062 -3.186141218689116 W 55.94390562833062 -3.186441218689116 214.902839 328.539206
55.94390562833062 -3.186441218689116 W 55.94390562833062 -3.186741218689116 246.564542 406.860572
55.94390562833062 -3.186741218689116 W 55.94390562833062 -3.1870412186891164 246.564542 405.610572
55.94390562833062 -3.1870412186891164 W 55.94390562833062 -3.1873412186891166 246.564542 404.360572
55.94390562833062 -3.1873412186891166 W 55.94390562833062 -3.1876412186891168 246.564542 403.110572
55.94390562833062 -3.1876412186891168 W 55.94390562833062 -3.187941218689117 246.564542 401.860572
55.94390562833062 -3.187941218689117 W 55.94390562833062 -3.188241218689117 319.933929 477.939409
55.94390562833062 -3.188241218689117 W 55.94390562833062 -3.1885412186891173 319.933929 476.689409
55.94390562833062 -3.1885412186891173 W 55.94390562833062 -3.1888412186891175 319.933929 475.439409
55.94390562833062 -3.1888412186891175 WNW 55.94402043336033 -3.189118382548871 319.933929 474.189409
55.94402043336033 -3.189118382548871 W 55.94402043336033 -3.189418382548871 319.933929 472.939409
55.94402043336033 -3.189418382548871 WNW 55.94413523839004 -3.1896955464086245 319.933929 471.689409
55.94413523839004 -3.1896955464086245 W 55.94413523839004 -3.1899955464086247 319.933929 470.439409
55.94413523839004 -3.1899955464086247 WNW 55.94425004341975 -3.190272710268378 319.933929 469.189409
55.94425004341975 -3.190272710268378 W 55.94425004341975 -3.1905727102683783 319.933929 467.939409
55.94425004341975 -3.1905727102683783 WNW 55.94436484844946 -3.1908498741281317 319.933929 466.689409
55.94436484844946 -3.1908498741281317 W 55.94436484844946 -3.191149874128132 319.933929 465.439409
55.94436484844946 -3.191149874128132 WNW 55.94447965347917 -3.1914270379878853 319.933929 464.189409
55.94447965347917 -3.1914270379878853 WNW 55.94459445850888 -3.1917042018476387 412.028782 468.034573
55.94459445850888 -3.1917042018476387 E 55.94459445850888 -3.1914042018476385 501.187528 569.575377
55.94459445850888 -3.1914042018476385 E 55.94459445850888 -3.1911042018476383 501.187528 568.325377
55.94459445850888 -3.1911042018476383 E 55.94459445850888 -3.190804201847638 501.187528 567.075377
55.94459445850888 -3.190804201847638 E 55.94459445850888 -3.190504201847638 501.187528 565.825377
55.94459445850888 -3.190504201847638 E 55.94459445850888 -3.1902042018476378 561.985254 601.093486
55.94459445850888 -3.1902042018476378 E 55.94459445850888 -3.1899042018476376 561.985254 599.843486
55.94459445850888 -3.1899042018476376 E 55.94459445850888 -3.1896042018476374 572.762755 660.335708
55.94459445850888 -3.1896042018476374 E 55.94459445850888 -3.189304201847637 668.844830 693.670793
55.94459445850888 -3.189304201847637 E 55.94459445850888 -3.189004201847637 668.844830 692.420793
55.94459445850888 -3.189004201847637 E 55.94459445850888 -3.188704201847637 668.844830 691.170793
55.94459445850888 -3.188704201847637 ENE 55.94470926353859 -3.1884270379878834 668.844830 689.920793
55.94470926353859 -3.1884270379878834 E 55.94470926353859 -3.188127037987883 668.844830 688.670793
55.94470926353859 -3.188127037987883 ENE 55.9448240685683 -3.18784987412813 668.844830 687.420793
55.9448240685683 -3.18784987412813 E 55.9448240685683 -3.1875498741281296 668.844830 686.170793
55.9448240685683 -3.1875498741281296 ENE 55.94493887359801 -3.187272710268376 668.844830 684.920793
55.94493887359801 -3.187272710268376 E 55.94493887359801 -3.186972710268376 718.115759 696.745542
55.94493887359801 -3.186972710268376 ENE 55.94505367862772 -3.1866955464086226 614.102472 571.624964
55.94505367862772 -3.1866955464086226 E 55.94505367862772 -3.1863955464086224 614.102472 570.374964
55.94505367862772 -3.1863955464086224 ENE 55.94516848365743 -3.186118382548869 614.102472 569.124964
55.94516848365743 -3.186118382548869 SSW 55.94489131979768 -3.1862331875785785 720.421864 585.001424
55.94489131979768 -3.1862331875785785 SSW 55.94461415593792 -3.186347992608288 720.421864 583.751424
55.94461415593792 -3.186347992608288 SW 55.944402023903564 -3.186560124642644 720.421864 582.501424
55.944402023903564 -3.186560124642644 WSW 55.94428721887385 -3.1868372885023972 715.975015 477.002492
55.94428721887385 -3.1868372885023972 WSW 55.94417241384414 -3.1871144523621506 826.583984 547.164003
55.94417241384414 -3.1871144523621506 WSW 55.94405760881443 -3.187391616221904 826.583984 545.914003
55.94405760881443 -3.187391616221904 WSW 55.94394280378472 -3.1876687800816574 826.583984 544.664003
55.94394280378472 -3.1876687800816574 WSW 55.94382799875501 -3.187945943941411 826.583984 543.414003
55.94382799875501 -3.187945943941411 WSW 55.9437131937253 -3.1882231078011642 826.583984 542.164003
55.9437131937253 -3.1882231078011642 WSW 55.94359838869559 -3.1885002716609177 826.583984 540.914003
55.94359838869559 -3.1885002716609177 SW 55.943386256661235 -3.1887124036952734 826.583984 539.664003
55.943386256661235 -3.1887124036952734 WSW 55.943271451631524 -3.188989567555027 826.583984 538.414003
55.943271451631524 -3.188989567555027 SW 55.94305931959717 -3.1892016995893826 826.583984 537.164003
55.94305931959717 -3.1892016995893826 WSW 55.94294451456746 -3.189478863449136 826.583984 535.914003
55.94294451456746 -3.189478863449136 SW 55.9427323825331 -3.1896909954834918 826.583984 534.664003
55.9427323825331 -3.1896909954834918 NW 55.94294451456746 -3.1899031275178475 876.022417 603.246726
55.94294451456746 -3.1899031275178475 NW 55.943156646601814 -3.1901152595522033 830.626956 587.300105
55.943156646601814 -3.1901152595522033 NW 55.94336877863617 -3.190327391586559 830.626956 586.050105
55.94336877863617 -3.190327391586559 NW 55.943580910670526 -3.190539523620915 830.626956 584.800105
55.943580910670526 -3.190539523620915 NW 55.94379304270488 -3.1907516556552706 830.626956 583.550105
55.94379304270488 -3.1907516556552706 NW 55.94400517473924 -3.1909637876896264 830.626956 582.300105
55.94400517473924 -3.1909637876896264 NW 55.944217306773595 -3.191175919723982 830.626956 581.050105
55.944217306773595 -3.191175919723982 NW 55.94442943880795 -3.191388051758338 830.626956 579.800105
55.94442943880795 -3.191388051758338 NW 55.94464157084231 -3.1916001837926937 830.626956 578.550105
55.94464157084231 -3.1916001837926937 NW 55.944853702876664 -3.1918123158270495 830.626956 577.300105
55.944853702876664 -3.1918123158270495 WNW 55.944968507906374 -3.192089479686803 830.626956 576.050105
55.944968507906374 -3.192089479686803 NW 55.94518063994073 -3.1923016117211587 830.626956 574.800105
55.94518063994073 -3.1923016117211587 E 55.94518063994073 -3.1920016117211585 916.053133 611.563902
55.94518063994073 -3.1920016117211585 E 55.94518063994073 -3.1917016117211583 916.053133 610.313902
55.94518063994073 -3.1917016117211583 E 55.94518063994073 -3.191401611721158 916.053133 609.063902
55.94518063994073 -3.191401611721158 E 55.94518063994073 -3.191101611721158 979.983060 725.693512
55.94518063994073 -3.191101611721158 E 55.94518063994073 -3.1908016117211577 979.983060 724.443512
55.94518063994073 -3.1908016117211577 E 55.94518063994073 -3.1905016117211575 979.983060 723.193512
55.94518063994073 -3.1905016117211575 E 55.94518063994073 -3.1902016117211573 1095.755441 808.000707
55.94518063994073 -3.1902016117211573 E 55.94518063994073 -3.189901611721157 1095.755441 806.750707
55.94518063994073 -3.189901611721157 E 55.94518063994073 -3.189601611721157 1095.755441 805.500707
55.94518063994073 -3.189601611721157 E 55.94518063994073 -3.189301611721157 1095.755441 804.250707
55.94518063994073 -3.189301611721157 E 55.94518063994073 -3.1890016117211566 1095.755441 803.000707
55.94518063994073 -3.1890016117211566 E 55.94518063994073 -3.1887016117211564 1095.755441 801.750707
55.94518063994073 -3.1887016117211564 E 55.94518063994073 -3.188401611721156 1095.755441 800.500707
55.94518063994073 -3.188401611721156 E 55.94518063994073 -3.188101611721156 1095.755441 799.250707
55.94518063994073 -3.188101611721156 E 55.94518063994073 -3.187801611721156 1095.755441 798.000707
55.94518063994073 -3.187801611721156 E 55.94518063994073 -3.1875016117211556 1095.755441 796.750707
55.94518063994073 -3.1875016117211556 ENE 55.94529544497044 -3.1872244478614022 1095.755441 795.500707
55.94529544497044 -3.1872244478614022 E 55.94529544497044 -3.186924447861402 1095.755441 794.250707
55.94529544497044 -3.186924447861402 ENE 55.94541025000015 -3.1866472840016487 1095.755441 793.000707
55.94541025000015 -3.1866472840016487 E 55.94541025000015 -3.1863472840016485 1005.097681 769.715008
55.94541025000015 -3.1863472840016485 ENE 55.94552505502986 -3.186070120141895 1005.097681 768.465008
55.94552505502986 -3.186070120141895 E 55.94552505502986 -3.185770120141895 1118.985133 802.068788
55.94552505502986 -3.185770120141895 ENE 55.94563986005957 -3.1854929562821415 1118.985133 800.818788
55.94563986005957 -3.1854929562821415 E 55.94563986005957 -3.1851929562821413 1118.985133 799.568788
55.94563986005957 -3.1851929562821413 ENE 55.94575466508928 -3.184915792422388 1118.985133 798.318788
55.94575466508928 -3.184915792422388 E 55.94575466508928 -3.1846157924223877 1118.985133 797.068788
55.94575466508928 -3.1846157924223877 WSW 55.94563986005957 -3.184892956282141 1188.443647 911.903184
55.94563986005957 -3.184892956282141 WSW 55.94552505502986 -3.1851701201418945 1188.443647 910.653184
55.94552505502986 -3.1851701201418945 WSW 55.94541025000015 -3.185447284001648 1188.443647 909.403184
55.94541025000015 -3.185447284001648 SW 55.945198117965795 -3.1856594160360037 1188.443647 908.153184
55.945198117965795 -3.1856594160360037 WSW 55.945083312936084 -3.185936579895757 1188.443647 906.903184
55.945083312936084 -3.185936579895757 WSW 55.944968507906374 -3.1862137437555105 1204.162471 998.945198
55.944968507906374 -3.1862137437555105 WSW 55.944853702876664 -3.186490907615264 1204.162471 997.695198
55.944853702876664 -3.186490907615264 WSW 55.94473889784695 -3.1867680714750173 1204.162471 996.445198
55.94473889784695 -3.1867680714750173 W 55.94473889784695 -3.1870680714750175 1204.162471 995.195198
55.94473889784695 -3.1870680714750175 WSW 55.94462409281724 -3.187345235334771 1204.162471 993.945198
55.94462409281724 -3.187345235334771 W 55.94462409281724 -3.187645235334771 1204.162471 992.695198
55.94462409281724 -3.187645235334771 WSW 55.94450928778753 -3.1879223991945245 1204.162471 991.445198
55.94450928778753 -3.1879223991945245 W 55.94450928778753 -3.1882223991945247 1204.162471 990.195198
55.94450928778753 -3.1882223991945247 WSW 55.94439448275782 -3.188499563054278 1204.162471 988.945198
55.94439448275782 -3.188499563054278 W 55.94439448275782 -3.1887995630542783 1204.162471 987.695198
55.94439448275782 -3.1887995630542783 WSW 55.94427967772811 -3.1890767269140317 1180.334749 962.549263
55.94427967772811 -3.1890767269140317 W 55.94427967772811 -3.189376726914032 1180.334749 961.299263
55.94427967772811 -3.189376726914032 WSW 55.9441648726984 -3.1896538907737852 1180.334749 960.049263
55.9441648726984 -3.1896538907737852 W 55.9441648726984 -3.1899538907737854 1180.334749 958.799263
55.9441648726984 -3.1899538907737854 WSW 55.94405006766869 -3.190231054633539 1180.334749 957.549263
55.94405006766869 -3.190231054633539 ENE 55.9441648726984 -3.1899538907737854 1202.628863 967.357827
55.9441648726984 -3.1899538907737854 NE 55.94437700473276 -3.1897417587394297 1202.628863 966.107827
55.94437700473276 -3.1897417587394297 ENE 55.94449180976247 -3.1894645948796763 1202.628863 964.857827
55.94449180976247 -3.1894645948796763 NE 55.944703941796824 -3.1892524628453205 1202.628863 963.607827
55.944703941796824 -3.1892524628453205 ENE 55.944818746826535 -3.188975298985567 1202.628863 962.357827
55.944818746826535 -3.188975298985567 NE 55.94503087886089 -3.1887631669512113 1202.628863 961.107827
55.94503087886089 -3.1887631669512113 ENE 55.9451456838906 -3.188486003091458 1169.493714 885.408409
55.9451456838906 -3.188486003091458 NE 55.94535781592496 -3.188273871057102 1169.493714 884.158409
55.94535781592496 -3.188273871057102 ENE 55.94547262095467 -3.1879967071973487 1169.493714 882.908409
55.94547262095467 -3.1879967071973487 NE 55.945684752989024 -3.187784575162993 1169.493714 881.658409
55.945684752989024 -3.187784575162993 ENE 55.945799558018734 -3.1875074113032396 1180.327697 962.977499
55.945799558018734 -3.1875074113032396 W 55.945799558018734 -3.1878074113032397 1180.327697 961.727499
55.945799558018734 -3.1878074113032397 W 55.945799558018734 -3.18810741130324 1180.327697 960.477499
55.945799558018734 -3.18810741130324 WSW 55.945684752989024 -3.1883845751629933 1180.327697 959.227499
55.945684752989024 -3.1883845751629933 W 55.945684752989024 -3.1886845751629935 1180.327697 957.977499
55.945684752989024 -3.1886845751629935 WSW 55.945569947959314 -3.188961739022747 1202.220894 1057.716414
55.945569947959314 -3.188961739022747 NW 55.94578207999367 -3.1891738710571027 1202.220894 1056.466414
55.94578207999367 -3.1891738710571027 SW 55.945569947959314 -3.1893860030914585 1282.851382 1171.062892
55.945569947959314 -3.1893860030914585 SW 55.94535781592496 -3.1895981351258142 1282.851382 1169.812892
55.94535781592496 -3.1895981351258142 SW 55.9451456838906 -3.18981026716017 1282.851382 1168.562892
55.9451456838906 -3.18981026716017 SW 55.944933551856245 -3.190022399194526 1282.851382 1167.312892
55.944933551856245 -3.190022399194526 SW 55.94472141982189 -3.1902345312288816 1282.851382 1166.062892
55.94472141982189 -3.1902345312288816 SW 55.94450928778753 -3.1904466632632373 1282.851382 1164.812892
55.94450928778753 -3.1904466632632373 SW 55.944297155753176 -3.190658795297593 1282.851382 1163.562892
55.944297155753176 -3.190658795297593 SW 55.94408502371882 -3.190870927331949 1282.851382 1162.312892
55.94408502371882 -3.190870927331949 SW 55.943872891684464 -3.1910830593663047 1282.851382 1161.062892
55.943872891684464 -3.1910830593663047 S 55.94357289168446 -3.1910830593663047 1344.548893 1181.177436
55.94357289168446 -3.1910830593663047 S 55.94327289168446 -3.1910830593663047 1344.548893 1179.927436
55.94327289168446 -3.1910830593663047 S 55.942972891684455 -3.1910830593663047 1276.095917 1174.727780
55.942972891684455 -3.1910830593663047 S 55.94267289168445 -3.1910830593663047 1353.751334 1256.969659
55.94267289168445 -3.1910830593663047 ENE 55.94278769671416 -3.1908058955065512 1353.751334 1255.719659
55.94278769671416 -3.1908058955065512 ENE 55.94290250174387 -3.190528731646798 1353.751334 1254.469659
55.94290250174387 -3.190528731646798 ENE 55.943017306773584 -3.1902515677870444 1353.751334 1253.219659
55.943017306773584 -3.1902515677870444 ENE 55.943132111803294 -3.189974403927291 1353.751334 1251.969659
55.943132111803294 -3.189974403927291 ENE 55.943246916833004 -3.1896972400675376 1353.751334 1250.719659
55.943246916833004 -3.1896972400675376 ENE 55.943361721862715 -3.1894200762077842 1353.751334 1249.469659
55.943361721862715 -3.1894200762077842 ENE 55.943476526892425 -3.189142912348031 1353.751334 1248.219659
55.943476526892425 -3.189142912348031 ENE 55.943591331922136 -3.1888657484882774 1353.751334 1246.969659
55.943591331922136 -3.1888657484882774 ENE 55.943706136951846 -3.188588584628524 1353.751334 1245.719659
55.943706136951846 -3.188588584628524 ENE 55.943820941981556 -3.1883114207687706 1353.751334 1244.469659
55.943820941981556 -3.1883114207687706 ENE 55.94393574701127 -3.188034256909017 1353.751334 1243.219659
55.94393574701127 -3.188034256909017 ENE 55.94405055204098 -3.187757093049264 1353.751334 1241.969659
55.94405055204098 -3.187757093049264 ENE 55.94416535707069 -3.1874799291895104 1353.751334 1240.719659
55.94416535707069 -3.1874799291895104 ENE 55.9442801621004 -3.187202765329757 1353.751334 1239.469659
55.9442801621004 -3.187202765329757 ENE 55.94439496713011 -3.1869256014700036 1353.751334 1238.219659
55.94439496713011 -3.1869256014700036 ENE 55.94450977215982 -3.18664843761025 1353.751334 1236.969659
55.94450977215982 -3.18664843761025 ENE 55.94462457718953 -3.186371273750497 1353.751334 1235.719659
55.94462457718953 -3.186371273750497 ENE 55.94473938221924 -3.1860941098907434 1353.751334 1234.469659
55.94473938221924 -3.1860941098907434 ENE 55.94485418724895 -3.18581694603099 1353.751334 1233.219659
55.94485418724895 -3.18581694603099 ENE 55.94496899227866 -3.1855397821712366 1353.751334 1231.969659
55.94496899227866 -3.1855397821712366 E 55.94496899227866 -3.1852397821712364 1353.751334 1230.719659
55.94496899227866 -3.1852397821712364 ENE 55.94508379730837 -3.184962618311483 1353.751334 1229.469659
55.94508379730837 -3.184962618311483 W 55.94508379730837 -3.185262618311483 1303.643733 1109.690006
55.94508379730837 -3.185262618311483 W 55.94508379730837 -3.1855626183114834 1303.643733 1108.440006
55.94508379730837 -3.1855626183114834 WSW 55.94496899227866 -3.1858397821712368 1303.643733 1107.190006
55.94496899227866 -3.1858397821712368 W 55.94496899227866 -3.186139782171237 1303.643733 1105.940006
55.94496899227866 -3.186139782171237 WSW 55.94485418724895 -3.1864169460309903 1303.643733 1104.690006
55.94485418724895 -3.1864169460309903 W 55.94485418724895 -3.1867169460309905 1303.643733 1103.440006
55.94485418724895 -3.1867169460309905 WSW 55.94473938221924 -3.186994109890744 1303.643733 1102.190006
55.94473938221924 -3.186994109890744 W 55.94473938221924 -3.187294109890744 1303.643733 1100.940006
55.94473938221924 -3.187294109890744 WSW 55.94462457718953 -3.1875712737504975 1303.643733 1099.690006
55.94462457718953 -3.1875712737504975 W 55.94462457718953 -3.1878712737504977 1303.643733 1098.440006
55.94462457718953 -3.1878712737504977 WSW 55.94450977215982 -3.188148437610251 1303.643733 1097.190006
55.94450977215982 -3.188148437610251 W 55.94450977215982 -3.1884484376102513 1303.643733 1095.940006
55.94450977215982 -3.1884484376102513 WSW 55.94439496713011 -3.1887256014700047 1303.643733 1094.690006
55.94439496713011 -3.1887256014700047 W 55.94439496713011 -3.189025601470005 1303.643733 1093.440006
55.94439496713011 -3.189025601470005 WSW 55.9442801621004 -3.1893027653297583 1303.643733 1092.190006
55.9442801621004 -3.1893027653297583 W 55.9442801621004 -3.1896027653297585 1303.643733 1090.940006
55.9442801621004 -3.1896027653297585 WSW 55.94416535707069 -3.189879929189512 1303.643733 1089.690006
55.94416535707069 -3.189879929189512 W 55.94416535707069 -3.190179929189512 1303.643733 1088.440006
55.94416535707069 -3.190179929189512 WSW 55.94405055204098 -3.1904570930492655 1303.643733 1087.190006
55.94405055204098 -3.1904570930492655 W 55.94405055204098 -3.1907570930492657 1303.643733 1085.940006
55.94405055204098 -3.1907570930492657 WSW 55.94393574701127 -3.191034256909019 1303.643733 1084.690006
55.94393574701127 -3.191034256909019 W 55.94393574701127 -3.1913342569090193 1303.643733 1083.440006
55.94393574701127 -3.1913342569090193 WSW 55.943820941981556 -3.1916114207687727 1347.957773 1087.803639
55.943820941981556 -3.1916114207687727 E 55.943820941981556 -3.1913114207687725 1347.957773 1086.553639
55.943820941981556 -3.1913114207687725 E 55.943820941981556 -3.1910114207687723 1347.957773 1085.303639
55.943820941981556 -3.1910114207687723 ENE 55.94393574701127 -3.190734256909019 1347.957773 1084.053639
55.94393574701127 -3.190734256909019 E 55.94393574701127 -3.1904342569090187 1347.957773 1082.803639
55.94393574701127 -3.1904342569090187 ENE 55.94405055204098 -3.1901570930492653 1347.957773 1081.553639
55.94405055204098 -3.1901570930492653 E 55.94405055204098 -3.189857093049265 1347.957773 1080.303639
55.94405055204098 -3.189857093049265 ENE 55.94416535707069 -3.1895799291895117 1347.957773 1079.053639
55.94416535707069 -3.1895799291895117 E 55.94416535707069 -3.1892799291895115 1347.957773 1077.803639
55.94416535707069 -3.1892799291895115 ENE 55.9442801621004 -3.189002765329758 1347.957773 1076.553639
55.9442801621004 -3.189002765329758 E 55.9442801621004 -3.188702765329758 1347.957773 1075.303639
55.9442801621004 -3.188702765329758 ENE 55.94439496713011 -3.1884256014700045 1347.957773 1074.053639
55.94439496713011 -3.1884256014700045 E 55.94439496713011 -3.1881256014700043 1347.957773 1072.803639
55.94439496713011 -3.1881256014700043 ENE 55.94450977215982 -3.187848437610251 1347.957773 1071.553639
55.94450977215982 -3.187848437610251 E 55.94450977215982 -3.1875484376102508 1347.957773 1070.303639
55.94450977215982 -3.1875484376102508 ENE 55.94462457718953 -3.1872712737504973 1347.957773 1069.053639
55.94462457718953 -3.1872712737504973 E 55.94462457718953 -3.186971273750497 1347.957773 1067.803639
55.94462457718953 -3.186971273750497 ENE 55.94473938221924 -3.1866941098907438 1347.957773 1066.553639
55.94473938221924 -3.1866941098907438 E 55.94473938221924 -3.1863941098907436 1347.957773 1065.303639
55.94473938221924 -3.1863941098907436 ENE 55.94485418724895 -3.18611694603099 1347.957773 1064.053639
55.94485418724895 -3.18611694603099 E 55.94485418724895 -3.18581694603099 1347.957773 1062.803639
55.94485418724895 -3.18581694603099 ENE 55.94496899227866 -3.1855397821712366 1347.957773 1061.553639
55.94496899227866 -3.1855397821712366 E 55.94496899227866 -3.1852397821712364 1347.957773 1060.303639
55.94496899227866 -3.1852397821712364 ENE 55.94508379730837 -3.184962618311483 1347.957773 1059.053639
55.94508379730837 -3.184962618311483 SSW 55.944806633448614 -3.1850774233411925 1347.957773 1057.803639
55.944806633448614 -3.1850774233411925 SSW 55.94452946958886 -3.185192228370902 1347.957773 1056.553639
55.94452946958886 -3.185192228370902 SSW 55.9442523057291 -3.1853070334006115 1347.957773 1055.303639
55.9442523057291 -3.1853070334006115 S 55.9439523057291 -3.1853070334006115 1347.957773 1054.053639
55.9439523057291 -3.1853070334006115 SSW 55.94367514186934 -3.185421838430321 1347.957773 1052.803639
55.94367514186934 -3.185421838430321 S 55.94337514186934 -3.185421838430321 1347.957773 1051.553639
55.94337514186934 -3.185421838430321 SSW 55.94309797800958 -3.1855366434600305 1347.957773 1050.303639
55.94309797800958 -3.1855366434600305 S 55.94279797800958 -3.1855366434600305 1383.097417 1109.394889
55.94279797800958 -3.1855366434600305 NNE 55.943075141869336 -3.185421838430321 1383.097417 1108.144889
55.943075141869336 -3.185421838430321 NNE 55.94335230572909 -3.1853070334006115 1383.097417 1106.894889
55.94335230572909 -3.1853070334006115 NNE 55.94362946958885 -3.185192228370902 1383.097417 1105.644889
55.94362946958885 -3.185192228370902 NNE 55.943906633448606 -3.1850774233411925 1383.097417 1104.394889
55.943906633448606 -3.1850774233411925 NNE 55.94418379730836 -3.184962618311483 1383.097417 1103.144889
55.94418379730836 -3.184962618311483 N 55.944483797308365 -3.184962618311483 1383.097417 1101.894889
55.944483797308365 -3.184962618311483 NNE 55.94476096116812 -3.1848478132817735 1383.097417 1100.644889
55.94476096116812 -3.1848478132817735 N 55.945060961168124 -3.1848478132817735 1383.097417 1099.394889
55.945060961168124 -3.1848478132817735 NNW 55.94533812502788 -3.184962618311483 1415.890279 1185.254893
