55.944425 -3.188396 ENE 55.94453980502971 -3.1881188361402466 0.000000 248.750000
55.94453980502971 -3.1881188361402466 ENE 55.94465461005942 -3.187841672280493 0.000000 247.500000
55.94465461005942 -3.187841672280493 ENE 55.944769415089134 -3.18756450842074 0.000000 246.250000
55.944769415089134 -3.18756450842074 ENE 55.944884220118844 -3.1872873445609864 0.000000 245.000000
55.944884220118844 -3.1872873445609864 ENE 55.944999025148554 -3.187010180701233 49.270928 256.824749
55.944999025148554 -3.187010180701233 ENE 55.945113830178265 -3.1867330168414796 0.000000 131.704170
55.945113830178265 -3.1867330168414796 ENE 55.945228635207975 -3.186455852981726 0.000000 130.454170
55.945228635207975 -3.186455852981726 ENE 55.945343440237686 -3.1861786891219728 0.000000 129.204170
55.945343440237686 -3.1861786891219728 ENE 55.945458245267396 -3.1859015252622194 0.000000 127.954170
55.945458245267396 -3.1859015252622194 S 55.94515824526739 -3.1859015252622194 113.887452 161.557950
55.94515824526739 -3.1859015252622194 S 55.94485824526739 -3.1859015252622194 220.206845 177.434411
55.94485824526739 -3.1859015252622194 S 55.94455824526739 -3.1859015252622194 235.925669 269.476424
55.94455824526739 -3.1859015252622194 SSE 55.94428108140763 -3.18578672023251 235.925669 268.226424
55.94428108140763 -3.18578672023251 S 55.94398108140763 -3.18578672023251 235.925669 266.976424
55.94398108140763 -3.18578672023251 SSE 55.94370391754787 -3.1856719152028004 235.925669 265.726424
55.94370391754787 -3.1856719152028004 S 55.94340391754787 -3.1856719152028004 313.140754 273.632146
55.94340391754787 -3.1856719152028004 SSE 55.94312675368811 -3.185557110173091 313.140754 272.382146
55.94312675368811 -3.185557110173091 WNW 55.94324155871782 -3.1858342740328442 348.280399 331.473396
55.94324155871782 -3.1858342740328442 WNW 55.94335636374753 -3.1861114378925977 348.280399 330.223396
55.94335636374753 -3.1861114378925977 WNW 55.94347116877724 -3.186388601752351 348.280399 328.973396
55.94347116877724 -3.186388601752351 WNW 55.943585973806954 -3.1866657656121045 348.280399 327.723396
55.943585973806954 -3.1866657656121045 WNW 55.943700778836664 -3.186942929471858 348.280399 326.473396
55.943700778836664 -3.186942929471858 WNW 55.943815583866375 -3.1872200933316113 343.453795 266.180123
55.943815583866375 -3.1872200933316113 WNW 55.943930388896085 -3.1874972571913647 343.453795 264.930123
55.943930388896085 -3.1874972571913647 WNW 55.944045193925795 -3.187774421051118 343.453795 263.680123
55.944045193925795 -3.187774421051118 WNW 55.944159998955506 -3.1880515849108715 343.453795 262.430123
55.944159998955506 -3.1880515849108715 WNW 55.944274803985216 -3.188328748770625 317.511386 251.011641
55.944274803985216 -3.188328748770625 WNW 55.94438960901493 -3.1886059126303783 317.511386 249.761641
55.94438960901493 -3.1886059126303783 WNW 55.94450441404464 -3.1888830764901317 293.683664 224.615706
55.94450441404464 -3.1888830764901317 WNW 55.94461921907435 -3.189160240349885 293.683664 223.365706
55.94461921907435 -3.189160240349885 W 55.94461921907435 -3.1894602403498853 293.683664 222.115706
55.94461921907435 -3.1894602403498853 NNE 55.944896382934104 -3.189345435320176 389.765739 255.450792
55.944896382934104 -3.189345435320176 NNE 55.94517354679386 -3.1892306302904663 389.765739 254.200792
55.94517354679386 -3.1892306302904663 NNE 55.94545071065362 -3.1891158252607568 389.765739 252.950792
55.94545071065362 -3.1891158252607568 ESE 55.94533590562391 -3.1888386614010034 470.396227 367.547270
55.94533590562391 -3.1888386614010034 ESE 55.945221100594196 -3.18856149754125 470.396227 366.297270
55.945221100594196 -3.18856149754125 ESE 55.945106295564486 -3.1882843336814966 470.396227 365.047270
55.945106295564486 -3.1882843336814966 ESE 55.944991490534775 -3.188007169821743 470.396227 363.797270
55.944991490534775 -3.188007169821743 ESE 55.944876685505065 -3.1877300059619897 470.396227 362.547270
55.944876685505065 -3.1877300059619897 ESE 55.944761880475355 -3.1874528421022363 470.396227 361.297270
55.944761880475355 -3.1874528421022363 ESE 55.944647075445644 -3.187175678242483 470.396227 360.047270
55.944647075445644 -3.187175678242483 ESE 55.944532270415934 -3.1868985143827295 470.396227 358.797270
55.944532270415934 -3.1868985143827295 ESE 55.94441746538622 -3.186621350522976 470.396227 357.547270
55.94441746538622 -3.186621350522976 ESE 55.94430266035651 -3.1863441866632227 465.949377 252.048337
55.94430266035651 -3.1863441866632227 ESE 55.9441878553268 -3.1860670228034693 465.949377 250.798337
55.9441878553268 -3.1860670228034693 E 55.9441878553268 -3.185767022803469 465.949377 249.548337
55.9441878553268 -3.185767022803469 ESE 55.94407305029709 -3.1854898589437157 465.949377 248.298337
55.94407305029709 -3.1854898589437157 E 55.94407305029709 -3.1851898589437155 465.949377 247.048337
55.94407305029709 -3.1851898589437155 ESE 55.94395824526738 -3.184912695083962 465.949377 245.798337
55.94395824526738 -3.184912695083962 E 55.94395824526738 -3.184612695083962 465.949377 244.548337
55.94395824526738 -3.184612695083962 WSW 55.94384344023767 -3.1848898589437153 551.825175 319.313053
55.94384344023767 -3.1848898589437153 WSW 55.94372863520796 -3.1851670228034688 551.825175 318.063053
55.94372863520796 -3.1851670228034688 WSW 55.94361383017825 -3.185444186663222 551.825175 316.813053
55.94361383017825 -3.185444186663222 WSW 55.94349902514854 -3.1857213505229756 551.825175 315.563053
55.94349902514854 -3.1857213505229756 SW 55.943286893114184 -3.1859334825573313 551.825175 314.313053
55.943286893114184 -3.1859334825573313 WSW 55.943172088084474 -3.1862106464170847 551.825175 313.063053
55.943172088084474 -3.1862106464170847 SW 55.94295995605012 -3.1864227784514405 551.825175 311.813053
55.94295995605012 -3.1864227784514405 WSW 55.94284515102041 -3.186699942311194 551.825175 310.563053
55.94284515102041 -3.186699942311194 SW 55.94263301898605 -3.1869120743455497 520.358345 249.665383
55.94263301898605 -3.1869120743455497 WNW 55.94274782401576 -3.187189238205303 544.385000 365.512109
55.94274782401576 -3.187189238205303 WNW 55.94286262904547 -3.1874664020650565 544.385000 364.262109
55.94286262904547 -3.1874664020650565 WNW 55.94297743407518 -3.18774356592481 544.385000 363.012109
55.94297743407518 -3.18774356592481 NW 55.94318956610954 -3.1879556979591657 544.385000 361.762109
55.94318956610954 -3.1879556979591657 WNW 55.94330437113925 -3.188232861818919 544.385000 360.512109
55.94330437113925 -3.188232861818919 NW 55.943516503173605 -3.188444993853275 544.385000 359.262109
55.943516503173605 -3.188444993853275 WNW 55.943631308203315 -3.1887221577130282 544.385000 358.012109
55.943631308203315 -3.1887221577130282 NW 55.94384344023767 -3.188934289747384 544.385000 356.762109
55.94384344023767 -3.188934289747384 WNW 55.94395824526738 -3.1892114536071374 544.385000 355.512109
55.94395824526738 -3.1892114536071374 NW 55.94417037730174 -3.189423585641493 544.385000 354.262109
55.94417037730174 -3.189423585641493 WNW 55.94428518233145 -3.1897007495012466 544.385000 353.012109
55.94428518233145 -3.1897007495012466 NW 55.944497314365805 -3.1899128815356024 544.385000 351.762109
55.944497314365805 -3.1899128815356024 WNW 55.944612119395515 -3.1901900453953558 555.162502 412.254331
55.944612119395515 -3.1901900453953558 NW 55.94482425142987 -3.1904021774297115 615.960227 447.522439
55.94482425142987 -3.1904021774297115 WNW 55.94493905645958 -3.190679341289465 615.960227 446.272439
55.94493905645958 -3.190679341289465 NW 55.94515118849394 -3.1908914733238207 615.960227 445.022439
55.94515118849394 -3.1908914733238207 WNW 55.94526599352365 -3.191168637183574 615.960227 443.772439
55.94526599352365 -3.191168637183574 SE 55.94505386148929 -3.1909565051492184 679.890154 560.402049
55.94505386148929 -3.1909565051492184 SE 55.944841729454936 -3.1907443731148626 679.890154 559.152049
55.944841729454936 -3.1907443731148626 SE 55.94462959742058 -3.190532241080507 679.890154 557.902049
55.94462959742058 -3.190532241080507 SE 55.94441746538622 -3.190320109046151 679.890154 556.652049
55.94441746538622 -3.190320109046151 SE 55.94420533335187 -3.1901079770117953 679.890154 555.402049
55.94420533335187 -3.1901079770117953 SE 55.94399320131751 -3.1898958449774395 679.890154 554.152049
55.94399320131751 -3.1898958449774395 SE 55.943781069283155 -3.1896837129430837 679.890154 552.902049
55.943781069283155 -3.1896837129430837 ESE 55.943666264253444 -3.1894065490833303 679.890154 551.652049
55.943666264253444 -3.1894065490833303 SE 55.94345413221909 -3.1891944170489746 679.890154 550.402049
55.94345413221909 -3.1891944170489746 ENE 55.9435689372488 -3.188917253189221 736.528714 632.814090
55.9435689372488 -3.188917253189221 ENE 55.94368374227851 -3.1886400893294677 736.528714 631.564090
55.94368374227851 -3.1886400893294677 ENE 55.94379854730822 -3.1883629254697143 736.528714 630.314090
55.94379854730822 -3.1883629254697143 ENE 55.94391335233793 -3.188085761609961 736.528714 629.064090
55.94391335233793 -3.188085761609961 ENE 55.94402815736764 -3.1878085977502075 809.898101 705.142927
55.94402815736764 -3.1878085977502075 ENE 55.94414296239735 -3.187531433890454 809.898101 703.892927
55.94414296239735 -3.187531433890454 ENE 55.94425776742706 -3.1872542700307007 809.898101 702.642927
55.94425776742706 -3.1872542700307007 ENE 55.94437257245677 -3.1869771061709473 809.898101 701.392927
55.94437257245677 -3.1869771061709473 ENE 55.94448737748648 -3.186699942311194 809.898101 700.142927
55.94448737748648 -3.186699942311194 ENE 55.94460218251619 -3.1864227784514405 809.898101 698.892927
55.94460218251619 -3.1864227784514405 ENE 55.9447169875459 -3.186145614591687 809.898101 697.642927
55.9447169875459 -3.186145614591687 ENE 55.94483179257561 -3.1858684507319337 809.898101 696.392927
55.94483179257561 -3.1858684507319337 ENE 55.94494659760532 -3.1855912868721803 809.898101 695.142927
55.94494659760532 -3.1855912868721803 NE 55.94515872963968 -3.1853791548378245 809.898101 693.892927
55.94515872963968 -3.1853791548378245 ENE 55.94527353466939 -3.185101990978071 809.898101 692.642927
55.94527353466939 -3.185101990978071 NE 55.945485666703746 -3.1848898589437153 759.790500 572.863274
55.945485666703746 -3.1848898589437153 ENE 55.94560047173346 -3.184612695083962 759.790500 571.613274
55.94560047173346 -3.184612695083962 NE 55.94581260376781 -3.184400563049606 759.790500 570.363274
55.94581260376781 -3.184400563049606 W 55.94581260376781 -3.1847005630496064 829.249014 685.197670
55.94581260376781 -3.1847005630496064 W 55.94581260376781 -3.1850005630496065 829.249014 683.947670
55.94581260376781 -3.1850005630496065 W 55.94581260376781 -3.1853005630496067 829.249014 682.697670
55.94581260376781 -3.1853005630496067 W 55.94581260376781 -3.185600563049607 829.249014 681.447670
55.94581260376781 -3.185600563049607 W 55.94581260376781 -3.185900563049607 829.249014 680.197670
55.94581260376781 -3.185900563049607 W 55.94581260376781 -3.1862005630496073 748.941816 593.217072
55.94581260376781 -3.1862005630496073 W 55.94581260376781 -3.1865005630496075 748.706087 490.141539
55.94581260376781 -3.1865005630496075 W 55.94581260376781 -3.1868005630496077 748.706087 488.891539
55.94581260376781 -3.1868005630496077 W 55.94581260376781 -3.187100563049608 748.706087 487.641539
55.94581260376781 -3.187100563049608 W 55.94581260376781 -3.187400563049608 748.706087 486.391539
55.94581260376781 -3.187400563049608 WSW 55.9456977987381 -3.1876777269093615 759.540070 567.710630
55.9456977987381 -3.1876777269093615 WSW 55.94558299370839 -3.187954890769115 759.540070 566.460630
55.94558299370839 -3.187954890769115 WSW 55.94546818867868 -3.1882320546288683 759.540070 565.210630
55.94546818867868 -3.1882320546288683 WSW 55.94535338364897 -3.1885092184886217 759.540070 563.960630
55.94535338364897 -3.1885092184886217 WSW 55.94523857861926 -3.188786382348375 759.540070 562.710630
55.94523857861926 -3.188786382348375 WSW 55.94512377358955 -3.1890635462081285 759.540070 561.460630
55.94512377358955 -3.1890635462081285 WSW 55.94500896855984 -3.189340710067882 759.540070 560.210630
55.94500896855984 -3.189340710067882 WSW 55.94489416353013 -3.1896178739276353 759.540070 558.960630
55.94489416353013 -3.1896178739276353 W 55.94489416353013 -3.1899178739276355 759.540070 557.710630
55.94489416353013 -3.1899178739276355 WSW 55.94477935850042 -3.190195037787389 759.540070 556.460630
55.94477935850042 -3.190195037787389 W 55.94477935850042 -3.190495037787389 759.540070 555.210630
55.94477935850042 -3.190495037787389 WSW 55.94466455347071 -3.1907722016471425 759.540070 553.960630
55.94466455347071 -3.1907722016471425 W 55.94466455347071 -3.1910722016471427 759.540070 552.710630
55.94466455347071 -3.1910722016471427 WSW 55.944549748441 -3.191349365506896 759.540070 551.460630
55.944549748441 -3.191349365506896 W 55.944549748441 -3.1916493655068963 851.634923 555.305793
55.944549748441 -3.1916493655068963 E 55.944549748441 -3.191349365506896 940.793670 656.846598
55.944549748441 -3.191349365506896 E 55.944549748441 -3.191049365506896 940.793670 655.596598
55.944549748441 -3.191049365506896 E 55.944549748441 -3.1907493655068957 940.793670 654.346598
55.944549748441 -3.1907493655068957 E 55.944549748441 -3.1904493655068955 940.793670 653.096598
55.944549748441 -3.1904493655068955 E 55.944549748441 -3.1901493655068953 940.793670 651.846598
55.944549748441 -3.1901493655068953 E 55.944549748441 -3.189849365506895 940.793670 650.596598
55.944549748441 -3.189849365506895 E 55.944549748441 -3.189549365506895 940.793670 649.346598
55.944549748441 -3.189549365506895 ESE 55.94443494341129 -3.1892722016471415 940.793670 648.096598
55.94443494341129 -3.1892722016471415 E 55.94443494341129 -3.1889722016471413 940.793670 646.846598
55.94443494341129 -3.1889722016471413 ESE 55.94432013838158 -3.188695037787388 940.793670 645.596598
55.94432013838158 -3.188695037787388 E 55.94432013838158 -3.1883950377873878 940.793670 644.346598
55.94432013838158 -3.1883950377873878 ESE 55.94420533335187 -3.1881178739276343 940.793670 643.096598
55.94420533335187 -3.1881178739276343 E 55.94420533335187 -3.187817873927634 940.793670 641.846598
55.94420533335187 -3.187817873927634 ESE 55.94409052832216 -3.1875407100678808 940.793670 640.596598
55.94409052832216 -3.1875407100678808 E 55.94409052832216 -3.1872407100678806 940.793670 639.346598
55.94409052832216 -3.1872407100678806 ESE 55.943975723292446 -3.186963546208127 940.793670 638.096598
55.943975723292446 -3.186963546208127 E 55.943975723292446 -3.186663546208127 940.793670 636.846598
55.943975723292446 -3.186663546208127 ESE 55.943860918262736 -3.1863863823483736 1051.402639 707.008110
55.943860918262736 -3.1863863823483736 WSW 55.943746113233026 -3.186663546208127 1083.064342 785.329475
55.943746113233026 -3.186663546208127 WSW 55.943631308203315 -3.1869407100678804 1083.064342 784.079475
55.943631308203315 -3.1869407100678804 WSW 55.943516503173605 -3.187217873927634 1083.064342 782.829475
55.943516503173605 -3.187217873927634 WSW 55.943401698143894 -3.187495037787387 1083.064342 781.579475
55.943401698143894 -3.187495037787387 WSW 55.943286893114184 -3.1877722016471406 1083.064342 780.329475
55.943286893114184 -3.1877722016471406 WSW 55.943172088084474 -3.188049365506894 1083.064342 779.079475
55.943172088084474 -3.188049365506894 WSW 55.94305728305476 -3.1883265293666474 1083.064342 777.829475
55.94305728305476 -3.1883265293666474 WSW 55.94294247802505 -3.188603693226401 1083.064342 776.579475
55.94294247802505 -3.188603693226401 WSW 55.94282767299534 -3.188880857086154 1083.064342 775.329475
55.94282767299534 -3.188880857086154 W 55.94282767299534 -3.1891808570861544 1083.064342 774.079475
55.94282767299534 -3.1891808570861544 WSW 55.94271286796563 -3.189458020945908 1083.064342 772.829475
55.94271286796563 -3.189458020945908 W 55.94271286796563 -3.189758020945908 1083.064342 771.579475
55.94271286796563 -3.189758020945908 ENE 55.94282767299534 -3.1894808570861546 1132.502775 840.162198
55.94282767299534 -3.1894808570861546 ENE 55.94294247802505 -3.189203693226401 1132.502775 838.912198
55.94294247802505 -3.189203693226401 ENE 55.94305728305476 -3.1889265293666478 1132.502775 837.662198
55.94305728305476 -3.1889265293666478 ENE 55.943172088084474 -3.1886493655068944 1132.502775 836.412198
55.943172088084474 -3.1886493655068944 ENE 55.943286893114184 -3.188372201647141 1132.502775 835.162198
55.943286893114184 -3.188372201647141 ENE 55.943401698143894 -3.1880950377873876 1132.502775 833.912198
55.943401698143894 -3.1880950377873876 ENE 55.943516503173605 -3.187817873927634 1132.502775 832.662198
55.943516503173605 -3.187817873927634 ENE 55.943631308203315 -3.1875407100678808 1132.502775 831.412198
55.943631308203315 -3.1875407100678808 ENE 55.943746113233026 -3.1872635462081274 1132.502775 830.162198
55.943746113233026 -3.1872635462081274 ENE 55.943860918262736 -3.186986382348374 1132.502775 828.912198
55.943860918262736 -3.186986382348374 ENE 55.943975723292446 -3.1867092184886205 1132.502775 827.662198
55.943975723292446 -3.1867092184886205 ENE 55.94409052832216 -3.186432054628867 1132.502775 826.412198
55.94409052832216 -3.186432054628867 ENE 55.94420533335187 -3.1861548907691137 1132.502775 825.162198
55.94420533335187 -3.1861548907691137 ENE 55.94432013838158 -3.1858777269093603 1132.502775 823.912198
55.94432013838158 -3.1858777269093603 NE 55.944532270415934 -3.1856655948750046 1132.502775 822.662198
55.944532270415934 -3.1856655948750046 ENE 55.944647075445644 -3.185388431015251 1132.502775 821.412198
55.944647075445644 -3.185388431015251 NE 55.94485920748 -3.1851762989808954 1132.502775 820.162198
55.94485920748 -3.1851762989808954 ENE 55.94497401250971 -3.184899135121142 1132.502775 818.912198
55.94497401250971 -3.184899135121142 W 55.94497401250971 -3.185199135121142 1165.295636 904.772202
55.94497401250971 -3.185199135121142 WSW 55.94485920748 -3.1854762989808956 1165.295636 903.522202
55.94485920748 -3.1854762989808956 W 55.94485920748 -3.1857762989808958 1165.295636 902.272202
55.94485920748 -3.1857762989808958 WSW 55.94474440245029 -3.186053462840649 1165.295636 901.022202
55.94474440245029 -3.186053462840649 W 55.94474440245029 -3.1863534628406494 1165.295636 899.772202
55.94474440245029 -3.1863534628406494 WSW 55.94462959742058 -3.1866306267004028 1165.295636 898.522202
55.94462959742058 -3.1866306267004028 W 55.94462959742058 -3.186930626700403 1165.295636 897.272202
55.94462959742058 -3.186930626700403 WSW 55.94451479239087 -3.1872077905601564 1165.295636 896.022202
55.94451479239087 -3.1872077905601564 W 55.94451479239087 -3.1875077905601565 1165.295636 894.772202
55.94451479239087 -3.1875077905601565 WSW 55.94439998736116 -3.18778495441991 1165.295636 893.522202
55.94439998736116 -3.18778495441991 W 55.94439998736116 -3.18808495441991 1165.295636 892.272202
55.94439998736116 -3.18808495441991 WSW 55.94428518233145 -3.1883621182796635 1165.295636 891.022202
55.94428518233145 -3.1883621182796635 W 55.94428518233145 -3.1886621182796637 1165.295636 889.772202
55.94428518233145 -3.1886621182796637 WSW 55.94417037730174 -3.188939282139417 1165.295636 888.522202
55.94417037730174 -3.188939282139417 W 55.94417037730174 -3.1892392821394173 1165.295636 887.272202
55.94417037730174 -3.1892392821394173 WSW 55.94405557227203 -3.1895164459991707 1165.295636 886.022202
55.94405557227203 -3.1895164459991707 W 55.94405557227203 -3.189816445999171 1165.295636 884.772202
55.94405557227203 -3.189816445999171 WSW 55.94394076724232 -3.1900936098589243 1165.295636 883.522202
55.94394076724232 -3.1900936098589243 W 55.94394076724232 -3.1903936098589245 1165.295636 882.272202
55.94394076724232 -3.1903936098589245 WSW 55.94382596221261 -3.190670773718678 1187.589750 892.080766
55.94382596221261 -3.190670773718678 W 55.94382596221261 -3.190970773718678 1187.589750 890.830766
55.94382596221261 -3.190970773718678 WSW 55.943711157182896 -3.1912479375784315 1187.589750 889.580766
55.943711157182896 -3.1912479375784315 NW 55.94392328921725 -3.1914600696127873 1249.287261 909.695310
55.94392328921725 -3.1914600696127873 NW 55.94413542125161 -3.191672201647143 1293.601302 914.058944
55.94413542125161 -3.191672201647143 NW 55.944347553285965 -3.191884333681499 1309.256509 953.572371
55.944347553285965 -3.191884333681499 NNW 55.94462471714572 -3.1919991387112083 1309.256509 952.322371
55.94462471714572 -3.1919991387112083 NW 55.94483684918008 -3.192211270745564 1309.256509 951.072371
55.94483684918008 -3.192211270745564 NNW 55.945114013039834 -3.1923260757752736 1309.256509 949.822371
55.945114013039834 -3.1923260757752736 NW 55.94532614507419 -3.1925382078096294 1394.682685 986.586168
55.94532614507419 -3.1925382078096294 SSE 55.945048981214434 -3.19242340277992 1394.682685 985.336168
55.945048981214434 -3.19242340277992 SSE 55.94477181735468 -3.1923085977502104 1394.682685 984.086168
55.94477181735468 -3.1923085977502104 SSE 55.94449465349492 -3.192193792720501 1394.682685 982.836168
55.94449465349492 -3.192193792720501 SSE 55.944217489635164 -3.1920789876907913 1394.682685 981.586168
55.944217489635164 -3.1920789876907913 SE 55.94400535760081 -3.1918668556564356 1394.682685 980.336168
55.94400535760081 -3.1918668556564356 SSE 55.94372819374105 -3.191752050626726 1394.682685 979.086168
55.94372819374105 -3.191752050626726 SE 55.943516061706696 -3.1915399185923703 1394.682685 977.836168
55.943516061706696 -3.1915399185923703 SSE 55.94323889784694 -3.191425113562661 1394.682685 976.586168
55.94323889784694 -3.191425113562661 SE 55.94302676581258 -3.191212981528305 1394.682685 975.336168
55.94302676581258 -3.191212981528305 SSE 55.942749601952826 -3.1910981764985955 1394.682685 974.086168
55.942749601952826 -3.1910981764985955 NE 55.94296173398718 -3.1908860444642397 1472.338103 1056.328047
55.94296173398718 -3.1908860444642397 NE 55.94317386602154 -3.190673912429884 1472.338103 1055.078047
55.94317386602154 -3.190673912429884 NE 55.943385998055895 -3.190461780395528 1472.338103 1053.828047
55.943385998055895 -3.190461780395528 NE 55.94359813009025 -3.1902496483611724 1472.338103 1052.578047
55.94359813009025 -3.1902496483611724 NE 55.94381026212461 -3.1900375163268166 1472.338103 1051.328047
55.94381026212461 -3.1900375163268166 NNE 55.944087425984364 -3.189922711297107 1472.338103 1050.078047
55.944087425984364 -3.189922711297107 NE 55.94429955801872 -3.1897105792627514 1472.338103 1048.828047
55.94429955801872 -3.1897105792627514 NNE 55.94457672187848 -3.189595774233042 1472.338103 1047.578047
55.94457672187848 -3.189595774233042 NE 55.94478885391283 -3.189383642198686 1472.338103 1046.328047
55.94478885391283 -3.189383642198686 NNE 55.94506601777259 -3.1892688371689766 1472.338103 1045.078047
55.94506601777259 -3.1892688371689766 NE 55.945278149806946 -3.189056705134621 1472.338103 1043.828047
55.945278149806946 -3.189056705134621 NNE 55.9455553136667 -3.1889419001049113 1472.338103 1042.578047
55.9455553136667 -3.1889419001049113 WSW 55.94544050863699 -3.1892190639646647 1494.231299 1142.316962
55.94544050863699 -3.1892190639646647 W 55.94544050863699 -3.189519063964665 1494.231299 1141.066962
55.94544050863699 -3.189519063964665 WSW 55.94532570360728 -3.1897962278244183 1494.231299 1139.816962
55.94532570360728 -3.1897962278244183 W 55.94532570360728 -3.1900962278244185 1494.231299 1138.566962
55.94532570360728 -3.1900962278244185 WSW 55.94521089857757 -3.190373391684172 1494.231299 1137.316962
55.94521089857757 -3.190373391684172 NE 55.94542303061193 -3.190161259649816 1610.003681 1222.124157
55.94542303061193 -3.190161259649816 NNW 55.945700194471684 -3.1902760646795256 1610.003681 1220.874157
55.945700194471684 -3.1902760646795256 NW 55.94591232650604 -3.1904881967138814 1486.235490 1144.996299
55.94591232650604 -3.1904881967138814 E 55.94591232650604 -3.190188196713881 1486.235490 1143.746299
55.94591232650604 -3.190188196713881 NW 55.946124458540396 -3.190400328748237 1486.235490 1142.496299
55.946124458540396 -3.190400328748237 SSW 55.94584729468064 -3.1905151337779465 1486.235490 1141.246299
55.94584729468064 -3.1905151337779465 ESE 55.94573248965093 -3.190237969918193 1486.235490 1139.996299
55.94573248965093 -3.190237969918193 SW 55.94552035761657 -3.190450101952549 1486.235490 1138.746299
55.94552035761657 -3.190450101952549 SW 55.94530822558222 -3.1906622339869046 1486.235490 1137.496299
55.94530822558222 -3.1906622339869046 ESE 55.945193420552506 -3.1903850701271512 1486.235490 1136.246299
55.945193420552506 -3.1903850701271512 SSW 55.94491625669275 -3.1904998751568607 1486.235490 1134.996299
55.94491625669275 -3.1904998751568607 SE 55.944704124658394 -3.190287743122505 1486.235490 1133.746299
55.944704124658394 -3.190287743122505 WSW 55.94458931962868 -3.1905649069822584 1486.235490 1132.496299
55.94458931962868 -3.1905649069822584 WSW 55.94447451459897 -3.1908420708420118 1486.235490 1131.246299
55.94447451459897 -3.1908420708420118 SE 55.94426238256462 -3.190629938807656 1486.235490 1129.996299
55.94426238256462 -3.190629938807656 SE 55.94405025053026 -3.1904178067733002 1486.235490 1128.746299
55.94405025053026 -3.1904178067733002 WSW 55.94393544550055 -3.1906949706330536 1486.235490 1127.496299
55.94393544550055 -3.1906949706330536 WSW 55.94382064047084 -3.190972134492807 1486.235490 1126.246299
