55.944425 -3.188396 ENE 55.94453980502971 -3.1881188361402466 0.000000 248.750000
55.94453980502971 -3.1881188361402466 ENE 55.94465461005942 -3.187841672280493 0.000000 247.500000
55.94465461005942 -3.187841672280493 ENE 55.944769415089134 -3.18756450842074 0.000000 246.250000
55.944769415089134 -3.18756450842074 ENE 55.944884220118844 -3.1872873445609864 0.000000 245.000000
55.944884220118844 -3.1872873445609864 ENE 55.944999025148554 -3.187010180701233 49.270928 256.824749
55.944999025148554 -3.187010180701233 ENE 55.945113830178265 -3.1867330168414796 0.000000 131.704170
55.945113830178265 -3.1867330168414796 ENE 55.945228635207975 -3.186455852981726 0.000000 130.454170
55.945228635207975 -3.186455852981726 ENE 55.945343440237686 -3.1861786891219728 0.000000 129.204170
55.945343440237686 -3.1861786891219728 ENE 55.945458245267396 -3.1859015252622194 0.000000 127.954170
55.945458245267396 -3.1859015252622194 S 55.94515824526739 -3.1859015252622194 113.887452 161.557950
55.94515824526739 -3.1859015252622194 S 55.94485824526739 -3.1859015252622194 220.206845 177.434411
55.94485824526739 -3.1859015252622194 S 55.94455824526739 -3.1859015252622194 235.925669 269.476424
55.94455824526739 -3.1859015252622194 SSE 55.94428108140763 -3.18578672023251 235.925669 268.226424
55.94428108140763 -3.18578672023251 S 55.94398108140763 -3.18578672023251 235.925669 266.976424
55.94398108140763 -3.18578672023251 SSE 55.94370391754787 -3.1856719152028004 235.925669 265.726424
55.94370391754787 -3.1856719152028004 S 55.94340391754787 -3.1856719152028004 313.140754 273.632146
55.94340391754787 -3.1856719152028004 SSE 55.94312675368811 -3.185557110173091 313.140754 272.382146
55.94312675368811 -3.185557110173091 NW 55.94333888572247 -3.1857692422074466 348.280399 331.473396
55.94333888572247 -3.1857692422074466 NW 55.943551017756825 -3.1859813742418024 348.280399 330.223396
55.943551017756825 -3.1859813742418024 NW 55.94376314979118 -3.186193506276158 348.280399 328.973396
55.94376314979118 -3.186193506276158 WNW 55.94387795482089 -3.1864706701359116 379.942102 407.294762
55.94387795482089 -3.1864706701359116 WNW 55.9439927598506 -3.186747833995665 379.942102 406.044762
55.9439927598506 -3.186747833995665 WNW 55.94410756488031 -3.1870249978554184 490.551071 476.206273
55.94410756488031 -3.1870249978554184 WNW 55.94422236991002 -3.1873021617151718 490.551071 474.956273
55.94422236991002 -3.1873021617151718 WNW 55.94433717493973 -3.187579325574925 490.551071 473.706273
55.94433717493973 -3.187579325574925 WNW 55.94445197996944 -3.1878564894346786 490.551071 472.456273
55.94445197996944 -3.1878564894346786 WNW 55.944566784999154 -3.188133653294432 490.551071 471.206273
55.944566784999154 -3.188133653294432 WNW 55.944681590028864 -3.1884108171541854 490.551071 469.956273
55.944681590028864 -3.1884108171541854 WNW 55.944796395058574 -3.188687981013939 490.551071 468.706273
55.944796395058574 -3.188687981013939 WNW 55.944911200088285 -3.188965144873692 457.415922 393.006855
55.944911200088285 -3.188965144873692 W 55.944911200088285 -3.1892651448736924 457.415922 391.756855
55.944911200088285 -3.1892651448736924 WNW 55.945026005117995 -3.189542308733446 457.415922 390.506855
55.945026005117995 -3.189542308733446 W 55.945026005117995 -3.189842308733446 457.415922 389.256855
55.945026005117995 -3.189842308733446 WNW 55.945140810147706 -3.1901194725931994 457.415922 388.006855
55.945140810147706 -3.1901194725931994 W 55.945140810147706 -3.1904194725931996 573.188304 472.814050
55.945140810147706 -3.1904194725931996 WNW 55.945255615177416 -3.190696636452953 573.188304 471.564050
55.945255615177416 -3.190696636452953 W 55.945255615177416 -3.190996636452953 573.188304 470.314050
55.945255615177416 -3.190996636452953 W 55.945255615177416 -3.1912966364529534 637.118230 586.943660
55.945255615177416 -3.1912966364529534 W 55.945255615177416 -3.1915966364529536 637.118230 585.693660
55.945255615177416 -3.1915966364529536 W 55.945255615177416 -3.1918966364529537 637.118230 584.443660
55.945255615177416 -3.1918966364529537 W 55.945255615177416 -3.192196636452954 637.118230 583.193660
55.945255615177416 -3.192196636452954 W 55.945255615177416 -3.192496636452954 637.118230 581.943660
55.945255615177416 -3.192496636452954 ESE 55.945140810147706 -3.1922194725932007 722.544407 618.707457
55.945140810147706 -3.1922194725932007 ESE 55.945026005117995 -3.1919423087334473 722.544407 617.457457
55.945026005117995 -3.1919423087334473 ESE 55.944911200088285 -3.191665144873694 722.544407 616.207457
55.944911200088285 -3.191665144873694 E 55.944911200088285 -3.1913651448736937 722.544407 614.957457
55.944911200088285 -3.1913651448736937 ESE 55.944796395058574 -3.1910879810139403 722.544407 613.707457
55.944796395058574 -3.1910879810139403 E 55.944796395058574 -3.19078798101394 722.544407 612.457457
55.944796395058574 -3.19078798101394 ESE 55.944681590028864 -3.1905108171541867 722.544407 611.207457
55.944681590028864 -3.1905108171541867 ESE 55.944566784999154 -3.1902336532944333 783.342132 646.475566
55.944566784999154 -3.1902336532944333 ENE 55.944681590028864 -3.18995648943468 783.342132 645.225566
55.944681590028864 -3.18995648943468 ENE 55.944796395058574 -3.1896793255749265 794.119634 705.717788
55.944796395058574 -3.1896793255749265 ENE 55.944911200088285 -3.189402161715173 890.201709 739.052873
55.944911200088285 -3.189402161715173 ENE 55.945026005117995 -3.1891249978554197 890.201709 737.802873
55.945026005117995 -3.1891249978554197 ENE 55.945140810147706 -3.1888478339956663 890.201709 736.552873
55.945140810147706 -3.1888478339956663 ENE 55.945255615177416 -3.188570670135913 890.201709 735.302873
55.945255615177416 -3.188570670135913 ENE 55.94537042020713 -3.1882935062761595 890.201709 734.052873
55.94537042020713 -3.1882935062761595 ENE 55.94548522523684 -3.188016342416406 890.201709 732.802873
55.94548522523684 -3.188016342416406 ENE 55.94560003026655 -3.1877391785566527 890.201709 731.552873
55.94560003026655 -3.1877391785566527 E 55.94560003026655 -3.1874391785566525 901.035692 812.871964
55.94560003026655 -3.1874391785566525 ESE 55.94548522523684 -3.187162014696899 901.035692 811.621964
55.94548522523684 -3.187162014696899 E 55.94548522523684 -3.186862014696899 901.035692 810.371964
55.94548522523684 -3.186862014696899 ESE 55.94537042020713 -3.1865848508371455 901.035692 809.121964
55.94537042020713 -3.1865848508371455 E 55.94537042020713 -3.1862848508371453 810.377931 785.836265
55.94537042020713 -3.1862848508371453 ESE 55.945255615177416 -3.186007686977392 810.377931 784.586265
55.945255615177416 -3.186007686977392 E 55.945255615177416 -3.1857076869773917 810.377931 783.336265
55.945255615177416 -3.1857076869773917 ESE 55.945140810147706 -3.1854305231176383 810.377931 782.086265
55.945140810147706 -3.1854305231176383 E 55.945140810147706 -3.185130523117638 810.377931 780.836265
55.945140810147706 -3.185130523117638 ESE 55.945026005117995 -3.1848533592578847 760.270330 661.056612
55.945026005117995 -3.1848533592578847 WSW 55.944911200088285 -3.185130523117638 793.063191 746.916615
55.944911200088285 -3.185130523117638 WSW 55.944796395058574 -3.1854076869773915 793.063191 745.666615
55.944796395058574 -3.1854076869773915 WSW 55.944681590028864 -3.185684850837145 793.063191 744.416615
55.944681590028864 -3.185684850837145 WSW 55.944566784999154 -3.1859620146968983 793.063191 743.166615
55.944566784999154 -3.1859620146968983 WSW 55.94445197996944 -3.1862391785566517 793.063191 741.916615
55.94445197996944 -3.1862391785566517 WSW 55.94433717493973 -3.186516342416405 793.063191 740.666615
55.94433717493973 -3.186516342416405 W 55.94433717493973 -3.1868163424164053 788.616342 635.167682
55.94433717493973 -3.1868163424164053 WSW 55.94422236991002 -3.1870935062761587 788.616342 633.917682
55.94422236991002 -3.1870935062761587 W 55.94422236991002 -3.187393506276159 788.616342 632.667682
55.94422236991002 -3.187393506276159 WSW 55.94410756488031 -3.1876706701359123 788.616342 631.417682
55.94410756488031 -3.1876706701359123 W 55.94410756488031 -3.1879706701359125 788.616342 630.167682
55.94410756488031 -3.1879706701359125 W 55.94410756488031 -3.1882706701359127 762.673933 618.749201
55.94410756488031 -3.1882706701359127 W 55.94410756488031 -3.188570670135913 836.043320 694.828037
55.94410756488031 -3.188570670135913 W 55.94410756488031 -3.188870670135913 836.043320 693.578037
55.94410756488031 -3.188870670135913 W 55.94410756488031 -3.1891706701359133 812.215598 668.432103
55.94410756488031 -3.1891706701359133 W 55.94410756488031 -3.1894706701359135 812.215598 667.182103
55.94410756488031 -3.1894706701359135 WSW 55.9439927598506 -3.189747833995667 812.215598 665.932103
55.9439927598506 -3.189747833995667 W 55.9439927598506 -3.190047833995667 812.215598 664.682103
55.9439927598506 -3.190047833995667 WSW 55.94387795482089 -3.1903249978554205 812.215598 663.432103
55.94387795482089 -3.1903249978554205 W 55.94387795482089 -3.1906249978554206 834.509712 673.240666
55.94387795482089 -3.1906249978554206 WSW 55.94376314979118 -3.190902161715174 834.509712 671.990666
55.94376314979118 -3.190902161715174 W 55.94376314979118 -3.1912021617151742 834.509712 670.740666
55.94376314979118 -3.1912021617151742 SE 55.943551017756825 -3.1909900296808185 896.207223 690.855211
55.943551017756825 -3.1909900296808185 SE 55.94333888572247 -3.1907778976464627 896.207223 689.605211
55.94333888572247 -3.1907778976464627 SE 55.94312675368811 -3.190565765612107 896.207223 688.355211
55.94312675368811 -3.190565765612107 ESE 55.9430119486584 -3.1902886017523535 896.207223 687.105211
55.9430119486584 -3.1902886017523535 SE 55.942799816624046 -3.1900764697179977 896.207223 685.855211
55.942799816624046 -3.1900764697179977 ESE 55.942685011594335 -3.1897993058582443 896.207223 684.605211
55.942685011594335 -3.1897993058582443 NW 55.94289714362869 -3.1900114378926 945.645656 753.187934
55.94289714362869 -3.1900114378926 NW 55.94310927566305 -3.190223569926956 900.250196 737.241313
55.94310927566305 -3.190223569926956 NW 55.943321407697404 -3.1904357019613117 900.250196 735.991313
55.943321407697404 -3.1904357019613117 NW 55.94353353973176 -3.1906478339956674 900.250196 734.741313
55.94353353973176 -3.1906478339956674 NW 55.943745671766116 -3.190859966030023 900.250196 733.491313
55.943745671766116 -3.190859966030023 NW 55.94395780380047 -3.191072098064379 900.250196 732.241313
55.94395780380047 -3.191072098064379 NW 55.94416993583483 -3.1912842300987347 900.250196 730.991313
55.94416993583483 -3.1912842300987347 NW 55.944382067869185 -3.1914963621330905 900.250196 729.741313
55.944382067869185 -3.1914963621330905 NW 55.94459419990354 -3.1917084941674463 992.345049 733.586476
55.94459419990354 -3.1917084941674463 ENE 55.94470900493325 -3.191431330307693 1081.503795 835.127281
55.94470900493325 -3.191431330307693 ENE 55.94482380996296 -3.1911541664479395 1081.503795 833.877281
55.94482380996296 -3.1911541664479395 ENE 55.94493861499267 -3.190877002588186 1081.503795 832.627281
55.94493861499267 -3.190877002588186 ENE 55.94505342002238 -3.1905998387284327 1081.503795 831.377281
55.94505342002238 -3.1905998387284327 ENE 55.94516822505209 -3.1903226748686793 1081.503795 830.127281
55.94516822505209 -3.1903226748686793 ENE 55.945283030081804 -3.190045511008926 1081.503795 828.877281
55.945283030081804 -3.190045511008926 ENE 55.945397835111514 -3.1897683471491725 1081.503795 827.627281
55.945397835111514 -3.1897683471491725 ENE 55.945512640141224 -3.189491183289419 1081.503795 826.377281
55.945512640141224 -3.189491183289419 ENE 55.945627445170935 -3.1892140194296656 1081.503795 825.127281
55.945627445170935 -3.1892140194296656 WSW 55.945512640141224 -3.189491183289419 1162.134283 939.723759
55.945512640141224 -3.189491183289419 WSW 55.945397835111514 -3.1897683471491725 1162.134283 938.473759
55.945397835111514 -3.1897683471491725 SW 55.94518570307716 -3.1899804791835282 1162.134283 937.223759
55.94518570307716 -3.1899804791835282 WSW 55.94507089804745 -3.1902576430432816 1162.134283 935.973759
55.94507089804745 -3.1902576430432816 SW 55.94485876601309 -3.1904697750776374 1162.134283 934.723759
55.94485876601309 -3.1904697750776374 WSW 55.94474396098338 -3.190746938937391 1162.134283 933.473759
55.94474396098338 -3.190746938937391 SW 55.944531828949025 -3.1909590709717466 1162.134283 932.223759
55.944531828949025 -3.1909590709717466 WSW 55.944417023919314 -3.1912362348315 1162.134283 930.973759
55.944417023919314 -3.1912362348315 SW 55.94420489188496 -3.1914483668658558 1162.134283 929.723759
55.94420489188496 -3.1914483668658558 WSW 55.94409008685525 -3.191725530725609 1162.134283 928.473759
55.94409008685525 -3.191725530725609 ESE 55.94397528182554 -3.1914483668658558 1177.789490 967.987186
55.94397528182554 -3.1914483668658558 ESE 55.94386047679583 -3.1911712030061024 1222.103530 972.350820
55.94386047679583 -3.1911712030061024 ESE 55.943745671766116 -3.190894039146349 1222.103530 971.100820
55.943745671766116 -3.190894039146349 E 55.943745671766116 -3.1905940391463488 1222.103530 969.850820
55.943745671766116 -3.1905940391463488 ESE 55.943630866736406 -3.1903168752865954 1222.103530 968.600820
55.943630866736406 -3.1903168752865954 E 55.943630866736406 -3.190016875286595 1222.103530 967.350820
55.943630866736406 -3.190016875286595 ESE 55.943516061706696 -3.1897397114268418 1222.103530 966.100820
55.943516061706696 -3.1897397114268418 E 55.943516061706696 -3.1894397114268416 1222.103530 964.850820
55.943516061706696 -3.1894397114268416 ESE 55.943401256676985 -3.189162547567088 1222.103530 963.600820
55.943401256676985 -3.189162547567088 N 55.94370125667699 -3.189162547567088 1278.742090 1046.012861
55.94370125667699 -3.189162547567088 N 55.94400125667699 -3.189162547567088 1278.742090 1044.762861
55.94400125667699 -3.189162547567088 NNE 55.94427842053675 -3.1890477425373787 1278.742090 1043.512861
55.94427842053675 -3.1890477425373787 N 55.94457842053675 -3.1890477425373787 1278.742090 1042.262861
55.94457842053675 -3.1890477425373787 NNE 55.94485558439651 -3.188932937507669 1278.742090 1041.012861
55.94485558439651 -3.188932937507669 N 55.94515558439651 -3.188932937507669 1278.742090 1039.762861
55.94515558439651 -3.188932937507669 NNE 55.945432748256266 -3.1888181324779596 1278.742090 1038.512861
55.945432748256266 -3.1888181324779596 SW 55.94522061622191 -3.1890302645123154 1300.635287 1138.251776
55.94522061622191 -3.1890302645123154 SW 55.945008484187554 -3.189242396546671 1300.635287 1137.001776
55.945008484187554 -3.189242396546671 SW 55.9447963521532 -3.189454528581027 1300.635287 1135.751776
55.9447963521532 -3.189454528581027 SW 55.94458422011884 -3.1896666606153827 1300.635287 1134.501776
55.94458422011884 -3.1896666606153827 SW 55.944372088084485 -3.1898787926497385 1300.635287 1133.251776
55.944372088084485 -3.1898787926497385 SW 55.94415995605013 -3.1900909246840943 1300.635287 1132.001776
55.94415995605013 -3.1900909246840943 SW 55.94394782401577 -3.19030305671845 1300.635287 1130.751776
55.94394782401577 -3.19030305671845 SSW 55.943670660156016 -3.1904178617481596 1300.635287 1129.501776
55.943670660156016 -3.1904178617481596 SW 55.94345852812166 -3.1906299937825153 1300.635287 1128.251776
55.94345852812166 -3.1906299937825153 SSW 55.9431813642619 -3.190744798812225 1300.635287 1127.001776
55.9431813642619 -3.190744798812225 SW 55.94296923222755 -3.1909569308465806 1300.635287 1125.751776
55.94296923222755 -3.1909569308465806 SSW 55.94269206836779 -3.19107173587629 1300.635287 1124.501776
55.94269206836779 -3.19107173587629 ENE 55.9428068733975 -3.1907945720165367 1378.290705 1206.743655
55.9428068733975 -3.1907945720165367 ENE 55.94292167842721 -3.1905174081567833 1378.290705 1205.493655
55.94292167842721 -3.1905174081567833 ENE 55.94303648345692 -3.19024024429703 1378.290705 1204.243655
55.94303648345692 -3.19024024429703 ENE 55.94315128848663 -3.1899630804372765 1378.290705 1202.993655
55.94315128848663 -3.1899630804372765 ENE 55.94326609351634 -3.189685916577523 1378.290705 1201.743655
55.94326609351634 -3.189685916577523 ENE 55.94338089854605 -3.1894087527177697 1378.290705 1200.493655
55.94338089854605 -3.1894087527177697 ENE 55.94349570357576 -3.1891315888580163 1378.290705 1199.243655
55.94349570357576 -3.1891315888580163 ENE 55.943610508605474 -3.188854424998263 1378.290705 1197.993655
55.943610508605474 -3.188854424998263 ENE 55.943725313635184 -3.1885772611385095 1378.290705 1196.743655
55.943725313635184 -3.1885772611385095 ENE 55.943840118664895 -3.188300097278756 1378.290705 1195.493655
55.943840118664895 -3.188300097278756 ENE 55.943954923694605 -3.1880229334190027 1378.290705 1194.243655
55.943954923694605 -3.1880229334190027 ENE 55.944069728724315 -3.1877457695592493 1378.290705 1192.993655
55.944069728724315 -3.1877457695592493 ENE 55.944184533754026 -3.187468605699496 1378.290705 1191.743655
55.944184533754026 -3.187468605699496 ENE 55.944299338783736 -3.1871914418397425 1378.290705 1190.493655
55.944299338783736 -3.1871914418397425 ENE 55.94441414381345 -3.186914277979989 1378.290705 1189.243655
55.94441414381345 -3.186914277979989 ENE 55.94452894884316 -3.1866371141202356 1378.290705 1187.993655
55.94452894884316 -3.1866371141202356 ENE 55.94464375387287 -3.1863599502604822 1378.290705 1186.743655
55.94464375387287 -3.1863599502604822 ENE 55.94475855890258 -3.186082786400729 1378.290705 1185.493655
55.94475855890258 -3.186082786400729 ENE 55.94487336393229 -3.1858056225409754 1378.290705 1184.243655
55.94487336393229 -3.1858056225409754 ENE 55.944988168962 -3.185528458681222 1378.290705 1182.993655
55.944988168962 -3.185528458681222 NE 55.945200300996355 -3.1853163266468663 1378.290705 1181.743655
55.945200300996355 -3.1853163266468663 ENE 55.945315106026065 -3.185039162787113 1378.290705 1180.493655
55.945315106026065 -3.185039162787113 NE 55.94552723806042 -3.184827030752757 1378.290705 1179.243655
55.94552723806042 -3.184827030752757 ENE 55.94564204309013 -3.1845498668930037 1378.290705 1177.993655
55.94564204309013 -3.1845498668930037 SW 55.945429911055776 -3.1847619989273594 1447.749219 1292.828051
55.945429911055776 -3.1847619989273594 SW 55.94521777902142 -3.184974130961715 1447.749219 1291.578051
55.94521777902142 -3.184974130961715 SW 55.94500564698706 -3.185186262996071 1447.749219 1290.328051
55.94500564698706 -3.185186262996071 SW 55.94479351495271 -3.1853983950304268 1447.749219 1289.078051
55.94479351495271 -3.1853983950304268 SW 55.94458138291835 -3.1856105270647825 1447.749219 1287.828051
55.94458138291835 -3.1856105270647825 SW 55.944369250883994 -3.1858226590991383 1447.749219 1286.578051
55.944369250883994 -3.1858226590991383 SW 55.94415711884964 -3.186034791133494 1447.749219 1285.328051
55.94415711884964 -3.186034791133494 SSW 55.94387995498988 -3.1861495961632036 1447.749219 1284.078051
55.94387995498988 -3.1861495961632036 SW 55.943667822955526 -3.1863617281975594 1447.749219 1282.828051
55.943667822955526 -3.1863617281975594 SSW 55.94339065909577 -3.186476533227269 1447.749219 1281.578051
55.94339065909577 -3.186476533227269 SW 55.94317852706141 -3.1866886652616246 1447.749219 1280.328051
55.94317852706141 -3.1866886652616246 SSW 55.942901363201656 -3.186803470291334 1447.749219 1279.078051
55.942901363201656 -3.186803470291334 SW 55.9426892311673 -3.18701560232569 1447.749219 1277.828051
55.9426892311673 -3.18701560232569 ENE 55.94280403619701 -3.1867384384659365 1471.775874 1393.674777
55.94280403619701 -3.1867384384659365 ENE 55.94291884122672 -3.186461274606183 1440.309044 1332.777107
55.94291884122672 -3.186461274606183 ENE 55.94303364625643 -3.1861841107464297 1440.309044 1331.527107
55.94303364625643 -3.1861841107464297 ENE 55.94314845128614 -3.1859069468866763 1440.309044 1330.277107
55.94314845128614 -3.1859069468866763 ENE 55.94326325631585 -3.185629783026923 1440.309044 1329.027107
55.94326325631585 -3.185629783026923 ENE 55.94337806134556 -3.1853526191671695 1440.309044 1327.777107
55.94337806134556 -3.1853526191671695 NE 55.94359019337992 -3.1851404871328137 1440.309044 1326.527107
55.94359019337992 -3.1851404871328137 ENE 55.94370499840963 -3.1848633232730603 1440.309044 1325.277107
55.94370499840963 -3.1848633232730603 NE 55.943917130443985 -3.1846511912387045 1440.309044 1324.027107
55.943917130443985 -3.1846511912387045 E 55.943917130443985 -3.1843511912387044 1526.184841 1398.791823
55.943917130443985 -3.1843511912387044 W 55.943917130443985 -3.1846511912387045 1526.184841 1397.541823
55.943917130443985 -3.1846511912387045 S 55.94361713044398 -3.1846511912387045 1526.184841 1396.291823
55.94361713044398 -3.1846511912387045 SE 55.943404998409626 -3.1844390592043488 1526.184841 1395.041823
55.943404998409626 -3.1844390592043488 NNW 55.94368216226938 -3.1845538642340583 1526.184841 1393.791823
55.94368216226938 -3.1845538642340583 ESE 55.94356735723967 -3.184276700374305 1526.184841 1392.541823
55.94356735723967 -3.184276700374305 E 55.94356735723967 -3.1839767003743047 1526.184841 1391.291823
55.94356735723967 -3.1839767003743047 ESE 55.94345255220996 -3.1836995365145513 1526.184841 1390.041823
55.94345255220996 -3.1836995365145513 S 55.94315255220996 -3.1836995365145513 1526.184841 1388.791823
55.94315255220996 -3.1836995365145513 ENE 55.94326735723967 -3.183422372654798 1526.184841 1387.541823
55.94326735723967 -3.183422372654798 ENE 55.94338216226938 -3.1831452087950445 1526.184841 1386.291823
55.94338216226938 -3.1831452087950445 WSW 55.94326735723967 -3.183422372654798 1526.184841 1385.041823
55.94326735723967 -3.183422372654798 NNW 55.943544521099426 -3.1835371776845074 1526.184841 1383.791823
55.943544521099426 -3.1835371776845074 NNE 55.94382168495918 -3.183422372654798 1526.184841 1382.541823
55.94382168495918 -3.183422372654798 NE 55.94403381699354 -3.183210240620442 1526.184841 1381.291823
55.94403381699354 -3.183210240620442 NNW 55.944310980853295 -3.1833250456501516 1526.184841 1380.041823
55.944310980853295 -3.1833250456501516 ESE 55.944196175823585 -3.183047881790398 1526.184841 1378.791823
55.944196175823585 -3.183047881790398 SSE 55.94391901196383 -3.1829330767606887 1526.184841 1377.541823
55.94391901196383 -3.1829330767606887 W 55.94391901196383 -3.183233076760689 1526.184841 1376.291823
55.94391901196383 -3.183233076760689 SW 55.94370687992947 -3.1834452087950447 1526.184841 1375.041823
55.94370687992947 -3.1834452087950447 SSE 55.943429716069716 -3.183330403765335 1526.184841 1373.791823
55.943429716069716 -3.183330403765335 E 55.943429716069716 -3.183030403765335 1526.184841 1372.541823
55.943429716069716 -3.183030403765335 E 55.943429716069716 -3.182730403765335 1526.184841 1371.291823
55.943429716069716 -3.182730403765335 S 55.94312971606971 -3.182730403765335 1526.184841 1370.041823
55.94312971606971 -3.182730403765335 NNE 55.94340687992947 -3.1826155987356253 1526.184841 1368.791823
55.94340687992947 -3.1826155987356253 SSE 55.94312971606971 -3.1825007937059158 1526.184841 1367.541823
55.94312971606971 -3.1825007937059158 E 55.94312971606971 -3.1822007937059156 1526.184841 1366.291823
55.94312971606971 -3.1822007937059156 ENE 55.94324452109942 -3.181923629846162 1526.184841 1365.041823
55.94324452109942 -3.181923629846162 WNW 55.94335932612913 -3.1822007937059156 1526.184841 1363.791823
55.94335932612913 -3.1822007937059156 NNE 55.94363648998889 -3.182085988676206 1526.184841 1362.541823
55.94363648998889 -3.182085988676206 NNE 55.94391365384865 -3.1819711836464966 1526.184841 1361.291823
55.94391365384865 -3.1819711836464966 NW 55.944125785883 -3.1821833156808523 1526.184841 1360.041823
55.944125785883 -3.1821833156808523 NW 55.94433791791736 -3.182395447715208 1526.184841 1358.791823
55.94433791791736 -3.182395447715208 NE 55.944550049951715 -3.1821833156808523 1526.184841 1357.541823
55.944550049951715 -3.1821833156808523 E 55.944550049951715 -3.181883315680852 1526.184841 1356.291823
55.944550049951715 -3.181883315680852 SSW 55.94427288609196 -3.1819981207105617 1526.184841 1355.041823
55.94427288609196 -3.1819981207105617 SSW 55.9439957222322 -3.182112925740271 1526.184841 1353.791823
55.9439957222322 -3.182112925740271 E 55.9439957222322 -3.181812925740271 1526.184841 1352.541823
55.9439957222322 -3.181812925740271 SSW 55.943718558372446 -3.1819277307699805 1526.184841 1351.291823
55.943718558372446 -3.1819277307699805 NW 55.9439306904068 -3.1821398628043362 1526.184841 1350.041823
55.9439306904068 -3.1821398628043362 NNE 55.94420785426656 -3.1820250577746267 1526.184841 1348.791823
55.94420785426656 -3.1820250577746267 ESE 55.94409304923685 -3.1817478939148733 1526.184841 1347.541823
55.94409304923685 -3.1817478939148733 ENE 55.94420785426656 -3.18147073005512 1526.184841 1346.291823
55.94420785426656 -3.18147073005512 S 55.943907854266556 -3.18147073005512 1526.184841 1345.041823
55.943907854266556 -3.18147073005512 S 55.94360785426655 -3.18147073005512 1526.184841 1343.791823
55.94360785426655 -3.18147073005512 SSW 55.943330690406796 -3.1815855350848294 1526.184841 1342.541823
55.943330690406796 -3.1815855350848294 SSW 55.94305352654704 -3.181700340114539 1526.184841 1341.291823
55.94305352654704 -3.181700340114539 NE 55.943265658581396 -3.181488208080183 1526.184841 1340.041823
55.943265658581396 -3.181488208080183 N 55.9435656585814 -3.181488208080183 1526.184841 1338.791823
55.9435656585814 -3.181488208080183 SSE 55.94328849472164 -3.1813734030504737 1526.184841 1337.541823
55.94328849472164 -3.1813734030504737 SSE 55.943011330861886 -3.181258598020764 1526.184841 1336.291823
