55.944425 -3.188396 ENE 55.94453980502971 -3.1881188361402466 0.000000 248.750000
55.94453980502971 -3.1881188361402466 ENE 55.94465461005942 -3.187841672280493 0.000000 247.500000
55.94465461005942 -3.187841672280493 ENE 55.944769415089134 -3.18756450842074 0.000000 246.250000
55.944769415089134 -3.18756450842074 ENE 55.944884220118844 -3.1872873445609864 0.000000 245.000000
55.944884220118844 -3.1872873445609864 ENE 55.944999025148554 -3.187010180701233 49.270928 256.824749
55.944999025148554 -3.187010180701233 ENE 55.945113830178265 -3.1867330168414796 0.000000 131.704170
55.945113830178265 -3.1867330168414796 ENE 55.945228635207975 -3.186455852981726 0.000000 130.454170
55.945228635207975 -3.186455852981726 ENE 55.945343440237686 -3.1861786891219728 0.000000 129.204170
55.945343440237686 -3.1861786891219728 ENE 55.945458245267396 -3.1859015252622194 0.000000 127.954170
55.945458245267396 -3.1859015252622194 S 55.94515824526739 -3.1859015252622194 113.887452 161.557950
55.94515824526739 -3.1859015252622194 S 55.94485824526739 -3.1859015252622194 220.206845 177.434411
55.94485824526739 -3.1859015252622194 S 55.94455824526739 -3.1859015252622194 235.925669 269.476424
55.94455824526739 -3.1859015252622194 SSE 55.94428108140763 -3.18578672023251 235.925669 268.226424
55.94428108140763 -3.18578672023251 S 55.94398108140763 -3.18578672023251 235.925669 266.976424
55.94398108140763 -3.18578672023251 SSE 55.94370391754787 -3.1856719152028004 235.925669 265.726424
55.94370391754787 -3.1856719152028004 S 55.94340391754787 -3.1856719152028004 313.140754 273.632146
55.94340391754787 -3.1856719152028004 SSE 55.94312675368811 -3.185557110173091 313.140754 272.382146
55.94312675368811 -3.185557110173091 WNW 55.94324155871782 -3.1858342740328442 348.280399 331.473396
55.94324155871782 -3.1858342740328442 WNW 55.94335636374753 -3.1861114378925977 348.280399 330.223396
55.94335636374753 -3.1861114378925977 WNW 55.94347116877724 -3.186388601752351 348.280399 328.973396
55.94347116877724 -3.186388601752351 WNW 55.943585973806954 -3.1866657656121045 348.280399 327.723396
55.943585973806954 -3.1866657656121045 WNW 55.943700778836664 -3.186942929471858 348.280399 326.473396
55.943700778836664 -3.186942929471858 WNW 55.943815583866375 -3.1872200933316113 343.453795 266.180123
55.943815583866375 -3.1872200933316113 WNW 55.943930388896085 -3.1874972571913647 343.453795 264.930123
55.943930388896085 -3.1874972571913647 WNW 55.944045193925795 -3.187774421051118 343.453795 263.680123
55.944045193925795 -3.187774421051118 WNW 55.944159998955506 -3.1880515849108715 343.453795 262.430123
55.944159998955506 -3.1880515849108715 W 55.944159998955506 -3.1883515849108717 317.511386 251.011641
55.944159998955506 -3.1883515849108717 WNW 55.944274803985216 -3.188628748770625 317.511386 249.761641
55.944274803985216 -3.188628748770625 W 55.944274803985216 -3.1889287487706253 293.683664 224.615706
55.944274803985216 -3.1889287487706253 WNW 55.94438960901493 -3.1892059126303787 293.683664 223.365706
55.94438960901493 -3.1892059126303787 W 55.94438960901493 -3.189505912630379 293.683664 222.115706
55.94438960901493 -3.189505912630379 WNW 55.94450441404464 -3.1897830764901323 293.683664 220.865706
55.94450441404464 -3.1897830764901323 W 55.94450441404464 -3.1900830764901325 389.765739 254.200792
55.94450441404464 -3.1900830764901325 WNW 55.94461921907435 -3.190360240349886 400.543241 314.693014
55.94461921907435 -3.190360240349886 WNW 55.94473402410406 -3.1906374042096393 461.340966 349.961122
55.94473402410406 -3.1906374042096393 WNW 55.94484882913377 -3.1909145680693927 461.340966 348.711122
55.94484882913377 -3.1909145680693927 WNW 55.94496363416348 -3.191191731929146 461.340966 347.461122
55.94496363416348 -3.191191731929146 WNW 55.94507843919319 -3.1914688957888995 461.340966 346.211122
55.94507843919319 -3.1914688957888995 WNW 55.9451932442229 -3.191746059648653 461.340966 344.961122
55.9451932442229 -3.191746059648653 W 55.9451932442229 -3.192046059648653 461.340966 343.711122
55.9451932442229 -3.192046059648653 WNW 55.94530804925261 -3.1923232235084065 461.340966 342.461122
55.94530804925261 -3.1923232235084065 E 55.94530804925261 -3.1920232235084063 546.767142 379.224919
55.94530804925261 -3.1920232235084063 E 55.94530804925261 -3.191723223508406 546.767142 377.974919
55.94530804925261 -3.191723223508406 E 55.94530804925261 -3.191423223508406 546.767142 376.724919
55.94530804925261 -3.191423223508406 E 55.94530804925261 -3.1911232235084057 610.697069 493.354529
55.94530804925261 -3.1911232235084057 E 55.94530804925261 -3.1908232235084055 610.697069 492.104529
55.94530804925261 -3.1908232235084055 ENE 55.94542285428232 -3.190546059648652 610.697069 490.854529
55.94542285428232 -3.190546059648652 E 55.94542285428232 -3.190246059648652 610.697069 489.604529
55.94542285428232 -3.190246059648652 ENE 55.94553765931203 -3.1899688957888985 726.469450 574.411724
55.94553765931203 -3.1899688957888985 E 55.94553765931203 -3.1896688957888983 726.469450 573.161724
55.94553765931203 -3.1896688957888983 ENE 55.94565246434174 -3.189391731929145 726.469450 571.911724
55.94565246434174 -3.189391731929145 E 55.94565246434174 -3.1890917319291447 726.469450 570.661724
55.94565246434174 -3.1890917319291447 SSE 55.945375300481984 -3.1889769268994352 807.099938 685.258202
55.945375300481984 -3.1889769268994352 SSE 55.94509813662223 -3.1888621218697257 807.099938 684.008202
55.94509813662223 -3.1888621218697257 SE 55.94488600458787 -3.18864998983537 773.964789 608.308784
55.94488600458787 -3.18864998983537 SSE 55.944608840728115 -3.1885351848056604 773.964789 607.058784
55.944608840728115 -3.1885351848056604 SE 55.94439670869376 -3.1883230527713047 773.964789 605.808784
55.94439670869376 -3.1883230527713047 SSE 55.944119544834 -3.188208247741595 773.964789 604.558784
55.944119544834 -3.188208247741595 SW 55.943907412799646 -3.188420379775951 847.334176 680.637620
55.943907412799646 -3.188420379775951 SW 55.94369528076529 -3.1886325118103067 847.334176 679.387620
55.94369528076529 -3.1886325118103067 SW 55.943483148730934 -3.1888446438446625 847.334176 678.137620
55.943483148730934 -3.1888446438446625 SW 55.94327101669658 -3.1890567758790183 903.972737 760.549662
55.94327101669658 -3.1890567758790183 SW 55.94305888466222 -3.189268907913374 903.972737 759.299662
55.94305888466222 -3.189268907913374 WSW 55.94294407963251 -3.1895460717731274 903.972737 758.049662
55.94294407963251 -3.1895460717731274 SW 55.942731947598155 -3.189758203807483 903.972737 756.799662
55.942731947598155 -3.189758203807483 W 55.942731947598155 -3.1900582038074834 953.411169 825.382385
55.942731947598155 -3.1900582038074834 W 55.942731947598155 -3.1903582038074836 953.411169 824.132385
55.942731947598155 -3.1903582038074836 W 55.942731947598155 -3.1906582038074838 953.411169 822.882385
55.942731947598155 -3.1906582038074838 W 55.942731947598155 -3.190958203807484 953.411169 821.632385
55.942731947598155 -3.190958203807484 ENE 55.942846752627865 -3.1906810399477306 1031.066587 903.874264
55.942846752627865 -3.1906810399477306 ENE 55.942961557657576 -3.190403876087977 1031.066587 902.624264
55.942961557657576 -3.190403876087977 ENE 55.943076362687286 -3.1901267122282237 1031.066587 901.374264
55.943076362687286 -3.1901267122282237 ENE 55.943191167716996 -3.1898495483684703 985.671126 885.427643
55.943191167716996 -3.1898495483684703 ENE 55.94330597274671 -3.189572384508717 985.671126 884.177643
55.94330597274671 -3.189572384508717 ENE 55.94342077777642 -3.1892952206489635 985.671126 882.927643
55.94342077777642 -3.1892952206489635 ENE 55.94353558280613 -3.18901805678921 985.671126 881.677643
55.94353558280613 -3.18901805678921 ENE 55.94365038783584 -3.1887408929294567 985.671126 880.427643
55.94365038783584 -3.1887408929294567 ENE 55.94376519286555 -3.1884637290697033 985.671126 879.177643
55.94376519286555 -3.1884637290697033 ENE 55.94387999789526 -3.18818656520995 985.671126 877.927643
55.94387999789526 -3.18818656520995 ENE 55.94399480292497 -3.1879094013501965 985.671126 876.677643
55.94399480292497 -3.1879094013501965 ENE 55.94410960795468 -3.187632237490443 985.671126 875.427643
55.94410960795468 -3.187632237490443 ENE 55.94422441298439 -3.1873550736306897 985.671126 874.177643
55.94422441298439 -3.1873550736306897 ENE 55.9443392180141 -3.1870779097709363 985.671126 872.927643
55.9443392180141 -3.1870779097709363 ENE 55.94445402304381 -3.186800745911183 985.671126 871.677643
55.94445402304381 -3.186800745911183 ENE 55.94456882807352 -3.1865235820514295 985.671126 870.427643
55.94456882807352 -3.1865235820514295 ENE 55.94468363310323 -3.186246418191676 981.224277 764.928710
55.94468363310323 -3.186246418191676 ENE 55.94479843813294 -3.1859692543319227 981.224277 763.678710
55.94479843813294 -3.1859692543319227 ENE 55.94491324316265 -3.1856920904721693 981.224277 762.428710
55.94491324316265 -3.1856920904721693 E 55.94491324316265 -3.185392090472169 981.224277 761.178710
55.94491324316265 -3.185392090472169 ENE 55.94502804819236 -3.1851149266124157 981.224277 759.928710
55.94502804819236 -3.1851149266124157 E 55.94502804819236 -3.1848149266124155 931.116675 640.149057
55.94502804819236 -3.1848149266124155 WSW 55.94491324316265 -3.185092090472169 963.909537 726.009060
55.94491324316265 -3.185092090472169 WSW 55.94479843813294 -3.1853692543319223 963.909537 724.759060
55.94479843813294 -3.1853692543319223 WSW 55.94468363310323 -3.1856464181916757 963.909537 723.509060
55.94468363310323 -3.1856464181916757 WSW 55.94456882807352 -3.185923582051429 963.909537 722.259060
55.94456882807352 -3.185923582051429 WSW 55.94445402304381 -3.1862007459111825 963.909537 721.009060
55.94445402304381 -3.1862007459111825 WSW 55.9443392180141 -3.186477909770936 963.909537 719.759060
55.9443392180141 -3.186477909770936 W 55.9443392180141 -3.186777909770936 963.909537 718.509060
55.9443392180141 -3.186777909770936 W 55.9443392180141 -3.1870779097709363 1074.518506 788.670571
55.9443392180141 -3.1870779097709363 W 55.9443392180141 -3.1873779097709365 1074.518506 787.420571
55.9443392180141 -3.1873779097709365 W 55.9443392180141 -3.1876779097709367 1074.518506 786.170571
55.9443392180141 -3.1876779097709367 W 55.9443392180141 -3.187977909770937 1074.518506 784.920571
55.9443392180141 -3.187977909770937 W 55.9443392180141 -3.188277909770937 1074.518506 783.670571
55.9443392180141 -3.188277909770937 W 55.9443392180141 -3.1885779097709372 1074.518506 782.420571
55.9443392180141 -3.1885779097709372 WSW 55.94422441298439 -3.1888550736306907 1074.518506 781.170571
55.94422441298439 -3.1888550736306907 W 55.94422441298439 -3.189155073630691 1074.518506 779.920571
55.94422441298439 -3.189155073630691 WSW 55.94410960795468 -3.1894322374904442 1074.518506 778.670571
55.94410960795468 -3.1894322374904442 W 55.94410960795468 -3.1897322374904444 1074.518506 777.420571
55.94410960795468 -3.1897322374904444 WSW 55.94399480292497 -3.190009401350198 1074.518506 776.170571
55.94399480292497 -3.190009401350198 W 55.94399480292497 -3.190309401350198 1074.518506 774.920571
55.94399480292497 -3.190309401350198 WSW 55.94387999789526 -3.1905865652099514 1096.812620 784.729135
55.94387999789526 -3.1905865652099514 W 55.94387999789526 -3.1908865652099516 1096.812620 783.479135
55.94387999789526 -3.1908865652099516 WSW 55.94376519286555 -3.191163729069705 1096.812620 782.229135
55.94376519286555 -3.191163729069705 E 55.94376519286555 -3.190863729069705 1158.510131 802.343680
55.94376519286555 -3.190863729069705 E 55.94376519286555 -3.1905637290697046 1158.510131 801.093680
55.94376519286555 -3.1905637290697046 E 55.94376519286555 -3.1902637290697045 1158.510131 799.843680
55.94376519286555 -3.1902637290697045 E 55.94376519286555 -3.1899637290697043 1158.510131 798.593680
55.94376519286555 -3.1899637290697043 E 55.94376519286555 -3.189663729069704 1158.510131 797.343680
55.94376519286555 -3.189663729069704 E 55.94376519286555 -3.189363729069704 1158.510131 796.093680
55.94376519286555 -3.189363729069704 E 55.94376519286555 -3.1890637290697037 1158.510131 794.843680
55.94376519286555 -3.1890637290697037 E 55.94376519286555 -3.1887637290697035 1158.510131 793.593680
55.94376519286555 -3.1887637290697035 E 55.94376519286555 -3.1884637290697033 1158.510131 792.343680
55.94376519286555 -3.1884637290697033 E 55.94376519286555 -3.188163729069703 1158.510131 791.093680
55.94376519286555 -3.188163729069703 E 55.94376519286555 -3.187863729069703 1158.510131 789.843680
55.94376519286555 -3.187863729069703 E 55.94376519286555 -3.1875637290697028 1158.510131 788.593680
55.94376519286555 -3.1875637290697028 E 55.94376519286555 -3.1872637290697026 1158.510131 787.343680
55.94376519286555 -3.1872637290697026 E 55.94376519286555 -3.1869637290697024 1158.510131 786.093680
55.94376519286555 -3.1869637290697024 E 55.94376519286555 -3.186663729069702 1158.510131 784.843680
55.94376519286555 -3.186663729069702 E 55.94376519286555 -3.186363729069702 1158.510131 783.593680
55.94376519286555 -3.186363729069702 E 55.94376519286555 -3.186063729069702 1190.171835 861.915046
55.94376519286555 -3.186063729069702 E 55.94376519286555 -3.1857637290697016 1190.171835 860.665046
55.94376519286555 -3.1857637290697016 E 55.94376519286555 -3.1854637290697014 1190.171835 859.415046
55.94376519286555 -3.1854637290697014 E 55.94376519286555 -3.1851637290697012 1190.171835 858.165046
55.94376519286555 -3.1851637290697012 ENE 55.94387999789526 -3.184886565209948 1190.171835 856.915046
55.94387999789526 -3.184886565209948 E 55.94387999789526 -3.1845865652099477 1190.171835 855.665046
55.94387999789526 -3.1845865652099477 N 55.94417999789526 -3.1845865652099477 1276.047632 930.429762
55.94417999789526 -3.1845865652099477 N 55.944479997895264 -3.1845865652099477 1276.047632 929.179762
55.944479997895264 -3.1845865652099477 N 55.94477999789527 -3.1845865652099477 1276.047632 927.929762
55.94477999789527 -3.1845865652099477 N 55.94507999789527 -3.1845865652099477 1276.047632 926.679762
55.94507999789527 -3.1845865652099477 NNE 55.94535716175503 -3.184471760180238 1276.047632 925.429762
55.94535716175503 -3.184471760180238 N 55.94565716175503 -3.184471760180238 1276.047632 924.179762
55.94565716175503 -3.184471760180238 W 55.94565716175503 -3.1847717601802383 1345.506146 1039.014158
55.94565716175503 -3.1847717601802383 W 55.94565716175503 -3.1850717601802385 1345.506146 1037.764158
55.94565716175503 -3.1850717601802385 W 55.94565716175503 -3.1853717601802387 1345.506146 1036.514158
55.94565716175503 -3.1853717601802387 W 55.94565716175503 -3.185671760180239 1345.506146 1035.264158
55.94565716175503 -3.185671760180239 W 55.94565716175503 -3.185971760180239 1345.506146 1034.014158
55.94565716175503 -3.185971760180239 W 55.94565716175503 -3.1862717601802393 1345.506146 1032.764158
55.94565716175503 -3.1862717601802393 W 55.94565716175503 -3.1865717601802395 1345.270417 929.688625
55.94565716175503 -3.1865717601802395 W 55.94565716175503 -3.1868717601802397 1254.612657 906.402926
55.94565716175503 -3.1868717601802397 W 55.94565716175503 -3.18717176018024 1254.612657 905.152926
55.94565716175503 -3.18717176018024 WNW 55.94577196678474 -3.1874489240399932 1254.612657 903.902926
55.94577196678474 -3.1874489240399932 WSW 55.94565716175503 -3.1877260878997467 1265.446640 985.222017
55.94565716175503 -3.1877260878997467 WSW 55.94554235672532 -3.1880032517595 1265.446640 983.972017
55.94554235672532 -3.1880032517595 WSW 55.94542755169561 -3.1882804156192535 1265.446640 982.722017
55.94542755169561 -3.1882804156192535 WSW 55.9453127466659 -3.188557579479007 1265.446640 981.472017
55.9453127466659 -3.188557579479007 WSW 55.94519794163619 -3.1888347433387603 1265.446640 980.222017
55.94519794163619 -3.1888347433387603 WSW 55.94508313660648 -3.1891119071985137 1265.446640 978.972017
55.94508313660648 -3.1891119071985137 WSW 55.94496833157677 -3.189389071058267 1265.446640 977.722017
55.94496833157677 -3.189389071058267 WSW 55.94485352654706 -3.1896662349180205 1265.446640 976.472017
55.94485352654706 -3.1896662349180205 WSW 55.944738721517346 -3.189943398777774 1265.446640 975.222017
55.944738721517346 -3.189943398777774 WSW 55.944623916487636 -3.1902205626375273 1265.446640 973.972017
55.944623916487636 -3.1902205626375273 WSW 55.944509111457926 -3.1904977264972807 1265.446640 972.722017
55.944509111457926 -3.1904977264972807 WSW 55.944394306428215 -3.190774890357034 1265.446640 971.472017
55.944394306428215 -3.190774890357034 SW 55.94418217439386 -3.19098702239139 1265.446640 970.222017
55.94418217439386 -3.19098702239139 WSW 55.94406736936415 -3.1912641862511433 1265.446640 968.972017
55.94406736936415 -3.1912641862511433 ENE 55.94418217439386 -3.19098702239139 1309.760680 973.335650
55.94418217439386 -3.19098702239139 NE 55.944394306428215 -3.190774890357034 1309.760680 972.085650
55.944394306428215 -3.190774890357034 ENE 55.944509111457926 -3.1904977264972807 1309.760680 970.835650
55.944509111457926 -3.1904977264972807 NE 55.94472124349228 -3.190285594462925 1309.760680 969.585650
55.94472124349228 -3.190285594462925 ENE 55.94483604852199 -3.1900084306031715 1309.760680 968.335650
55.94483604852199 -3.1900084306031715 NE 55.94504818055635 -3.1897962985688157 1309.760680 967.085650
55.94504818055635 -3.1897962985688157 ENE 55.94516298558606 -3.1895191347090623 1309.760680 965.835650
55.94516298558606 -3.1895191347090623 NE 55.945375117620415 -3.1893070026747066 1309.760680 964.585650
55.945375117620415 -3.1893070026747066 ENE 55.945489922650125 -3.189029838814953 1309.760680 963.335650
55.945489922650125 -3.189029838814953 WSW 55.945375117620415 -3.1893070026747066 1309.760680 962.085650
55.945375117620415 -3.1893070026747066 WSW 55.945260312590705 -3.18958416653446 1309.760680 960.835650
55.945260312590705 -3.18958416653446 WSW 55.945145507560994 -3.1898613303942134 1309.760680 959.585650
55.945145507560994 -3.1898613303942134 WSW 55.945030702531284 -3.190138494253967 1309.760680 958.335650
55.945030702531284 -3.190138494253967 WSW 55.94491589750157 -3.19041565811372 1309.760680 957.085650
55.94491589750157 -3.19041565811372 WSW 55.94480109247186 -3.1906928219734736 1309.760680 955.835650
55.94480109247186 -3.1906928219734736 WSW 55.94468628744215 -3.190969985833227 1309.760680 954.585650
55.94468628744215 -3.190969985833227 WSW 55.94457148241244 -3.1912471496929804 1309.760680 953.335650
55.94457148241244 -3.1912471496929804 W 55.94457148241244 -3.1915471496929806 1309.760680 952.085650
55.94457148241244 -3.1915471496929806 S 55.94427148241244 -3.1915471496929806 1401.855534 955.930814
55.94427148241244 -3.1915471496929806 ESE 55.94415667738273 -3.191269985833227 1401.855534 954.680814
55.94415667738273 -3.191269985833227 ESE 55.94404187235302 -3.190992821973474 1401.855534 953.430814
55.94404187235302 -3.190992821973474 ESE 55.94392706732331 -3.1907156581137204 1401.855534 952.180814
55.94392706732331 -3.1907156581137204 ESE 55.9438122622936 -3.190438494253967 1401.855534 950.930814
55.9438122622936 -3.190438494253967 ESE 55.94369745726389 -3.1901613303942136 1401.855534 949.680814
55.94369745726389 -3.1901613303942136 ESE 55.94358265223418 -3.18988416653446 1401.855534 948.430814
55.94358265223418 -3.18988416653446 ESE 55.94346784720447 -3.1896070026747068 1401.855534 947.180814
55.94346784720447 -3.1896070026747068 ESE 55.943353042174756 -3.1893298388149534 1401.855534 945.930814
55.943353042174756 -3.1893298388149534 ESE 55.943238237145046 -3.1890526749552 1401.855534 944.680814
55.943238237145046 -3.1890526749552 ESE 55.943123432115335 -3.1887755110954465 1401.855534 943.430814
55.943123432115335 -3.1887755110954465 ESE 55.943008627085625 -3.188498347235693 1401.855534 942.180814
55.943008627085625 -3.188498347235693 ESE 55.942893822055915 -3.1882211833759397 1401.855534 940.930814
55.942893822055915 -3.1882211833759397 ESE 55.942779017026204 -3.1879440195161863 1401.855534 939.680814
55.942779017026204 -3.1879440195161863 E 55.942779017026204 -3.187644019516186 1401.855534 938.430814
55.942779017026204 -3.187644019516186 ESE 55.942664211996494 -3.1873668556564327 1401.855534 937.180814
55.942664211996494 -3.1873668556564327 E 55.942664211996494 -3.1870668556564326 1401.855534 935.930814
55.942664211996494 -3.1870668556564326 WNW 55.942779017026204 -3.187344019516186 1425.882189 1051.777539
55.942779017026204 -3.187344019516186 WNW 55.942893822055915 -3.1876211833759394 1425.882189 1050.527539
55.942893822055915 -3.1876211833759394 WNW 55.943008627085625 -3.1878983472356928 1425.882189 1049.277539
55.943008627085625 -3.1878983472356928 WNW 55.943123432115335 -3.188175511095446 1425.882189 1048.027539
55.943123432115335 -3.188175511095446 WNW 55.943238237145046 -3.1884526749551996 1425.882189 1046.777539
55.943238237145046 -3.1884526749551996 WNW 55.943353042174756 -3.188729838814953 1425.882189 1045.527539
55.943353042174756 -3.188729838814953 WNW 55.94346784720447 -3.1890070026747064 1425.882189 1044.277539
55.94346784720447 -3.1890070026747064 WNW 55.94358265223418 -3.18928416653446 1425.882189 1043.027539
55.94358265223418 -3.18928416653446 WNW 55.94369745726389 -3.189561330394213 1425.882189 1041.777539
55.94369745726389 -3.189561330394213 WNW 55.9438122622936 -3.1898384942539666 1425.882189 1040.527539
55.9438122622936 -3.1898384942539666 WNW 55.94392706732331 -3.19011565811372 1425.882189 1039.277539
55.94392706732331 -3.19011565811372 WNW 55.94404187235302 -3.1903928219734734 1425.882189 1038.027539
55.94404187235302 -3.1903928219734734 WNW 55.94415667738273 -3.190669985833227 1425.882189 1036.777539
55.94415667738273 -3.190669985833227 WNW 55.94427148241244 -3.19094714969298 1425.882189 1035.527539
55.94427148241244 -3.19094714969298 WNW 55.94438628744215 -3.1912243135527336 1425.882189 1034.277539
55.94438628744215 -3.1912243135527336 WNW 55.94450109247186 -3.191501477412487 1425.882189 1033.027539
55.94450109247186 -3.191501477412487 ENE 55.94461589750157 -3.1912243135527336 1425.882189 1031.777539
55.94461589750157 -3.1912243135527336 ENE 55.94473070253128 -3.19094714969298 1425.882189 1030.527539
55.94473070253128 -3.19094714969298 ENE 55.94484550756099 -3.190669985833227 1425.882189 1029.277539
55.94484550756099 -3.190669985833227 ENE 55.9449603125907 -3.1903928219734734 1425.882189 1028.027539
55.9449603125907 -3.1903928219734734 ENE 55.94507511762041 -3.19011565811372 1425.882189 1026.777539
55.94507511762041 -3.19011565811372 ENE 55.94518992265012 -3.1898384942539666 1425.882189 1025.527539
55.94518992265012 -3.1898384942539666 ENE 55.94530472767983 -3.189561330394213 1425.882189 1024.277539
55.94530472767983 -3.189561330394213 ENE 55.94541953270954 -3.18928416653446 1425.882189 1023.027539
55.94541953270954 -3.18928416653446 ENE 55.945534337739254 -3.1890070026747064 1425.882189 1021.777539
55.945534337739254 -3.1890070026747064 ENE 55.945649142768964 -3.188729838814953 1425.882189 1020.527539
55.945649142768964 -3.188729838814953 WSW 55.945534337739254 -3.1890070026747064 1447.775385 1120.266454
55.945534337739254 -3.1890070026747064 WSW 55.94541953270954 -3.18928416653446 1447.775385 1119.016454
55.94541953270954 -3.18928416653446 WSW 55.94530472767983 -3.189561330394213 1447.775385 1117.766454
55.94530472767983 -3.189561330394213 WSW 55.94518992265012 -3.1898384942539666 1447.775385 1116.516454
55.94518992265012 -3.1898384942539666 WSW 55.94507511762041 -3.19011565811372 1447.775385 1115.266454
55.94507511762041 -3.19011565811372 WSW 55.9449603125907 -3.1903928219734734 1447.775385 1114.016454
55.9449603125907 -3.1903928219734734 WSW 55.94484550756099 -3.190669985833227 1447.775385 1112.766454
55.94484550756099 -3.190669985833227 WSW 55.94473070253128 -3.19094714969298 1447.775385 1111.516454
55.94473070253128 -3.19094714969298 WSW 55.94461589750157 -3.1912243135527336 1447.775385 1110.266454
55.94461589750157 -3.1912243135527336 WSW 55.94450109247186 -3.191501477412487 1447.775385 1109.016454
55.94450109247186 -3.191501477412487 SSW 55.944223928612104 -3.1916162824421965 1447.775385 1107.766454
55.944223928612104 -3.1916162824421965 SSW 55.94394676475235 -3.191731087471906 1463.430592 1147.279882
55.94394676475235 -3.191731087471906 N 55.94424676475235 -3.191731087471906 1463.430592 1146.029882
55.94424676475235 -3.191731087471906 NNE 55.94452392861211 -3.1916162824421965 1463.430592 1144.779882
55.94452392861211 -3.1916162824421965 WNW 55.94463873364182 -3.19189344630195 1552.589338 1246.320686
55.94463873364182 -3.19189344630195 ESE 55.94452392861211 -3.1916162824421965 1552.589338 1245.070686
55.94452392861211 -3.1916162824421965 NNW 55.94480109247186 -3.191731087471906 1552.589338 1243.820686
55.94480109247186 -3.191731087471906 NE 55.94501322450622 -3.1915189554375503 1552.589338 1242.570686
55.94501322450622 -3.1915189554375503 NE 55.945225356540575 -3.1913068234031945 1552.589338 1241.320686
55.945225356540575 -3.1913068234031945 NNW 55.94550252040033 -3.191421628432904 1552.589338 1240.070686
55.94550252040033 -3.191421628432904 WSW 55.94538771537062 -3.1916987922926574 1552.589338 1238.820686
55.94538771537062 -3.1916987922926574 SW 55.945175583336265 -3.191910924327013 1552.589338 1237.570686
55.945175583336265 -3.191910924327013 NNW 55.94545274719602 -3.1920257293567227 1552.589338 1236.320686
55.94545274719602 -3.1920257293567227 SSW 55.945175583336265 -3.192140534386432 1441.637634 1204.045295
