55.944425 -3.188396 ENE 55.94453980502971 -3.1881188361402466 0.000000 248.750000
55.94453980502971 -3.1881188361402466 ENE 55.94465461005942 -3.187841672280493 0.000000 247.500000
55.94465461005942 -3.187841672280493 ENE 55.944769415089134 -3.18756450842074 0.000000 246.250000
55.944769415089134 -3.18756450842074 ENE 55.944884220118844 -3.1872873445609864 0.000000 245.000000
55.944884220118844 -3.1872873445609864 ENE 55.944999025148554 -3.187010180701233 49.270928 256.824749
55.944999025148554 -3.187010180701233 ENE 55.945113830178265 -3.1867330168414796 0.000000 131.704170
55.945113830178265 -3.1867330168414796 ENE 55.945228635207975 -3.186455852981726 0.000000 130.454170
55.945228635207975 -3.186455852981726 ENE 55.945343440237686 -3.1861786891219728 0.000000 129.204170
55.945343440237686 -3.1861786891219728 ENE 55.945458245267396 -3.1859015252622194 0.000000 127.954170
55.945458245267396 -3.1859015252622194 S 55.94515824526739 -3.1859015252622194 113.887452 161.557950
55.94515824526739 -3.1859015252622194 S 55.94485824526739 -3.1859015252622194 220.206845 177.434411
55.94485824526739 -3.1859015252622194 S 55.94455824526739 -3.1859015252622194 235.925669 269.476424
55.94455824526739 -3.1859015252622194 SSE 55.94428108140763 -3.18578672023251 235.925669 268.226424
55.94428108140763 -3.18578672023251 S 55.94398108140763 -3.18578672023251 235.925669 266.976424
55.94398108140763 -3.18578672023251 SSE 55.94370391754787 -3.1856719152028004 235.925669 265.726424
55.94370391754787 -3.1856719152028004 S 55.94340391754787 -3.1856719152028004 313.140754 273.632146
55.94340391754787 -3.1856719152028004 SSE 55.94312675368811 -3.185557110173091 313.140754 272.382146
55.94312675368811 -3.185557110173091 NW 55.94333888572247 -3.1857692422074466 348.280399 331.473396
55.94333888572247 -3.1857692422074466 NW 55.943551017756825 -3.1859813742418024 348.280399 330.223396
55.943551017756825 -3.1859813742418024 NW 55.94376314979118 -3.186193506276158 348.280399 328.973396
55.94376314979118 -3.186193506276158 NW 55.94397528182554 -3.186405638310514 379.942102 407.294762
55.94397528182554 -3.186405638310514 NW 55.94418741385989 -3.1866177703448697 379.942102 406.044762
55.94418741385989 -3.1866177703448697 WNW 55.944302218889604 -3.186894934204623 490.551071 476.206273
55.944302218889604 -3.186894934204623 NW 55.94451435092396 -3.187107066238979 490.551071 474.956273
55.94451435092396 -3.187107066238979 WNW 55.94462915595367 -3.1873842300987323 490.551071 473.706273
55.94462915595367 -3.1873842300987323 NW 55.94484128798803 -3.187596362133088 490.551071 472.456273
55.94484128798803 -3.187596362133088 WNW 55.94495609301774 -3.1878735259928415 490.551071 471.206273
55.94495609301774 -3.1878735259928415 NW 55.94516822505209 -3.1880856580271972 490.551071 469.956273
55.94516822505209 -3.1880856580271972 WNW 55.945283030081804 -3.1883628218869506 490.551071 468.706273
55.945283030081804 -3.1883628218869506 NW 55.94549516211616 -3.1885749539213064 490.551071 467.456273
55.94549516211616 -3.1885749539213064 WNW 55.94560996714587 -3.18885211778106 490.551071 466.206273
55.94560996714587 -3.18885211778106 W 55.94560996714587 -3.18915211778106 512.444268 565.945188
55.94560996714587 -3.18915211778106 W 55.94560996714587 -3.18945211778106 593.074756 680.541666
55.94560996714587 -3.18945211778106 W 55.94560996714587 -3.1897521177810604 593.074756 679.291666
55.94560996714587 -3.1897521177810604 W 55.94560996714587 -3.1900521177810606 593.074756 678.041666
55.94560996714587 -3.1900521177810606 W 55.94560996714587 -3.1903521177810608 593.074756 676.791666
55.94560996714587 -3.1903521177810608 W 55.94560996714587 -3.190652117781061 593.074756 675.541666
55.94560996714587 -3.190652117781061 W 55.94560996714587 -3.190952117781061 593.074756 674.291666
55.94560996714587 -3.190952117781061 WSW 55.94549516211616 -3.1912292816408145 593.074756 673.041666
55.94549516211616 -3.1912292816408145 W 55.94549516211616 -3.1915292816408147 657.004683 789.671275
55.94549516211616 -3.1915292816408147 WSW 55.94538035708645 -3.191806445500568 657.004683 788.421275
55.94538035708645 -3.191806445500568 W 55.94538035708645 -3.1921064455005683 657.004683 787.171275
55.94538035708645 -3.1921064455005683 WSW 55.94526555205674 -3.1923836093603217 657.004683 785.921275
55.94526555205674 -3.1923836093603217 E 55.94526555205674 -3.1920836093603215 742.430859 822.685073
55.94526555205674 -3.1920836093603215 E 55.94526555205674 -3.1917836093603213 742.430859 821.435073
55.94526555205674 -3.1917836093603213 E 55.94526555205674 -3.191483609360321 742.430859 820.185073
55.94526555205674 -3.191483609360321 E 55.94526555205674 -3.191183609360321 742.430859 818.935073
55.94526555205674 -3.191183609360321 E 55.94526555205674 -3.190883609360321 742.430859 817.685073
55.94526555205674 -3.190883609360321 E 55.94526555205674 -3.1905836093603206 742.430859 816.435073
55.94526555205674 -3.1905836093603206 ESE 55.94515074702703 -3.190306445500567 858.203241 901.242268
55.94515074702703 -3.190306445500567 SE 55.94493861499267 -3.1900943134662114 858.203241 899.992268
55.94493861499267 -3.1900943134662114 ESE 55.94482380996296 -3.189817149606458 858.203241 898.742268
55.94482380996296 -3.189817149606458 SSE 55.944546646103205 -3.1897023445767485 954.285315 932.077354
55.944546646103205 -3.1897023445767485 SSE 55.94426948224345 -3.189587539547039 954.285315 930.827354
55.94426948224345 -3.189587539547039 SSE 55.94399231838369 -3.1894727345173295 954.285315 929.577354
55.94399231838369 -3.1894727345173295 SE 55.943780186349336 -3.1892606024829737 954.285315 928.327354
55.943780186349336 -3.1892606024829737 SSE 55.94350302248958 -3.189145797453264 954.285315 927.077354
55.94350302248958 -3.189145797453264 WNW 55.94361782751929 -3.1894229613130176 1010.923876 1009.489395
55.94361782751929 -3.1894229613130176 WNW 55.943732632549 -3.189700125172771 1010.923876 1008.239395
55.943732632549 -3.189700125172771 WNW 55.94384743757871 -3.1899772890325244 1010.923876 1006.989395
55.94384743757871 -3.1899772890325244 WNW 55.94396224260842 -3.190254452892278 1010.923876 1005.739395
55.94396224260842 -3.190254452892278 WNW 55.94407704763813 -3.1905316167520312 1033.217990 1015.547959
55.94407704763813 -3.1905316167520312 WNW 55.94419185266784 -3.1908087806117846 1033.217990 1014.297959
55.94419185266784 -3.1908087806117846 WNW 55.94430665769755 -3.191085944471538 1033.217990 1013.047959
55.94430665769755 -3.191085944471538 WNW 55.94442146272726 -3.1913631083312914 1033.217990 1011.797959
55.94442146272726 -3.1913631083312914 WNW 55.94453626775697 -3.191640272191045 1125.312843 1015.643123
55.94453626775697 -3.191640272191045 SSE 55.94425910389722 -3.1915254671613353 1214.471589 1117.183927
55.94425910389722 -3.1915254671613353 SSE 55.94398194003746 -3.191410662131626 1214.471589 1115.933927
55.94398194003746 -3.191410662131626 SE 55.943769808003104 -3.19119853009727 1258.785629 1120.297561
55.943769808003104 -3.19119853009727 SE 55.94355767596875 -3.1909863980629143 1320.483140 1140.412105
55.94355767596875 -3.1909863980629143 SE 55.94334554393439 -3.1907742660285585 1320.483140 1139.162105
55.94334554393439 -3.1907742660285585 SE 55.943133411900035 -3.1905621339942027 1320.483140 1137.912105
55.943133411900035 -3.1905621339942027 SE 55.94292127986568 -3.190350001959847 1320.483140 1136.662105
55.94292127986568 -3.190350001959847 ESE 55.94280647483597 -3.1900728381000936 1320.483140 1135.412105
55.94280647483597 -3.1900728381000936 SE 55.94259434280161 -3.189860706065738 1320.483140 1134.162105
55.94259434280161 -3.189860706065738 NE 55.94280647483597 -3.189648574031382 1369.921573 1202.744828
55.94280647483597 -3.189648574031382 NE 55.943018606870325 -3.1894364419970263 1369.921573 1201.494828
55.943018606870325 -3.1894364419970263 NE 55.94323073890468 -3.1892243099626705 1369.921573 1200.244828
55.94323073890468 -3.1892243099626705 NNE 55.94350790276444 -3.189109504932961 1369.921573 1198.994828
55.94350790276444 -3.189109504932961 NE 55.943720034798794 -3.188897372898605 1369.921573 1197.744828
55.943720034798794 -3.188897372898605 NNE 55.94399719865855 -3.1887825678688957 1369.921573 1196.494828
55.94399719865855 -3.1887825678688957 NE 55.94420933069291 -3.18857043583454 1369.921573 1195.244828
55.94420933069291 -3.18857043583454 NNE 55.94448649455266 -3.1884556308048304 1369.921573 1193.994828
55.94448649455266 -3.1884556308048304 NE 55.94469862658702 -3.1882434987704746 1369.921573 1192.744828
55.94469862658702 -3.1882434987704746 NNE 55.944975790446776 -3.188128693740765 1369.921573 1191.494828
55.944975790446776 -3.188128693740765 NE 55.94518792248113 -3.1879165617064094 1369.921573 1190.244828
55.94518792248113 -3.1879165617064094 NNE 55.94546508634089 -3.1878017566767 1369.921573 1188.994828
55.94546508634089 -3.1878017566767 NE 55.945677218375245 -3.187589624642344 1369.921573 1187.744828
55.945677218375245 -3.187589624642344 SW 55.94546508634089 -3.1878017566767 1380.755556 1269.063919
55.94546508634089 -3.1878017566767 SW 55.94525295430653 -3.1880138887110556 1380.755556 1267.813919
55.94525295430653 -3.1880138887110556 SW 55.945040822272176 -3.1882260207454114 1380.755556 1266.563919
55.945040822272176 -3.1882260207454114 SW 55.94482869023782 -3.188438152779767 1380.755556 1265.313919
55.94482869023782 -3.188438152779767 SW 55.944616558203464 -3.188650284814123 1380.755556 1264.063919
55.944616558203464 -3.188650284814123 SW 55.94440442616911 -3.1888624168484787 1380.755556 1262.813919
55.94440442616911 -3.1888624168484787 SW 55.94419229413475 -3.1890745488828345 1356.927834 1237.667984
55.94419229413475 -3.1890745488828345 SW 55.943980162100395 -3.1892866809171903 1356.927834 1236.417984
55.943980162100395 -3.1892866809171903 SW 55.94376803006604 -3.189498812951546 1356.927834 1235.167984
55.94376803006604 -3.189498812951546 WSW 55.94365322503633 -3.1897759768112994 1356.927834 1233.917984
55.94365322503633 -3.1897759768112994 SW 55.94344109300197 -3.189988108845655 1356.927834 1232.667984
55.94344109300197 -3.189988108845655 WSW 55.94332628797226 -3.1902652727054086 1356.927834 1231.417984
55.94332628797226 -3.1902652727054086 SW 55.943114155937906 -3.1904774047397644 1356.927834 1230.167984
55.943114155937906 -3.1904774047397644 WSW 55.942999350908195 -3.190754568599518 1356.927834 1228.917984
55.942999350908195 -3.190754568599518 SW 55.94278721887384 -3.1909667006338736 1356.927834 1227.667984
55.94278721887384 -3.1909667006338736 WSW 55.94267241384413 -3.191243864493627 1434.583251 1309.909863
55.94267241384413 -3.191243864493627 ENE 55.94278721887384 -3.1909667006338736 1434.583251 1308.659863
55.94278721887384 -3.1909667006338736 ENE 55.94290202390355 -3.19068953677412 1434.583251 1307.409863
55.94290202390355 -3.19068953677412 ENE 55.94301682893326 -3.1904123729143667 1434.583251 1306.159863
55.94301682893326 -3.1904123729143667 ENE 55.94313163396297 -3.1901352090546133 1434.583251 1304.909863
55.94313163396297 -3.1901352090546133 ENE 55.94324643899268 -3.18985804519486 1389.187791 1288.963242
55.94324643899268 -3.18985804519486 ENE 55.94336124402239 -3.1895808813351065 1389.187791 1287.713242
55.94336124402239 -3.1895808813351065 ENE 55.9434760490521 -3.189303717475353 1389.187791 1286.463242
55.9434760490521 -3.189303717475353 ENE 55.94359085408181 -3.1890265536155997 1389.187791 1285.213242
55.94359085408181 -3.1890265536155997 ENE 55.94370565911152 -3.1887493897558463 1389.187791 1283.963242
55.94370565911152 -3.1887493897558463 ENE 55.94382046414123 -3.188472225896093 1389.187791 1282.713242
55.94382046414123 -3.188472225896093 ENE 55.94393526917094 -3.1881950620363395 1389.187791 1281.463242
55.94393526917094 -3.1881950620363395 ENE 55.94405007420065 -3.187917898176586 1462.557178 1357.542079
55.94405007420065 -3.187917898176586 ENE 55.944164879230364 -3.1876407343168327 1436.614769 1346.123597
55.944164879230364 -3.1876407343168327 ENE 55.944279684260074 -3.1873635704570793 1436.614769 1344.873597
55.944279684260074 -3.1873635704570793 ENE 55.944394489289785 -3.187086406597326 1436.614769 1343.623597
55.944394489289785 -3.187086406597326 ENE 55.944509294319495 -3.1868092427375725 1436.614769 1342.373597
55.944509294319495 -3.1868092427375725 ENE 55.944624099349205 -3.186532078877819 1436.614769 1341.123597
55.944624099349205 -3.186532078877819 ENE 55.944738904378916 -3.1862549150180657 1436.614769 1339.873597
55.944738904378916 -3.1862549150180657 ENE 55.944853709408626 -3.1859777511583123 1436.614769 1338.623597
55.944853709408626 -3.1859777511583123 ENE 55.94496851443834 -3.185700587298559 1436.614769 1337.373597
55.94496851443834 -3.185700587298559 ENE 55.94508331946805 -3.1854234234388055 1436.614769 1336.123597
55.94508331946805 -3.1854234234388055 NE 55.9452954515024 -3.1852112914044497 1436.614769 1334.873597
55.9452954515024 -3.1852112914044497 ENE 55.945410256532114 -3.1849341275446963 1386.507168 1215.093943
55.945410256532114 -3.1849341275446963 NE 55.94562238856647 -3.1847219955103405 1386.507168 1213.843943
55.94562238856647 -3.1847219955103405 ENE 55.94573719359618 -3.184444831650587 1386.507168 1212.593943
55.94573719359618 -3.184444831650587 NE 55.94594932563054 -3.1842326996162313 1455.965682 1327.428340
55.94594932563054 -3.1842326996162313 S 55.945649325630534 -3.1842326996162313 1455.965682 1326.178340
55.945649325630534 -3.1842326996162313 SSW 55.94537216177078 -3.184347504645941 1455.965682 1324.928340
55.94537216177078 -3.184347504645941 S 55.945072161770774 -3.184347504645941 1455.965682 1323.678340
55.945072161770774 -3.184347504645941 SSW 55.94479499791102 -3.1844623096756504 1455.965682 1322.428340
55.94479499791102 -3.1844623096756504 S 55.944494997911015 -3.1844623096756504 1455.965682 1321.178340
55.944494997911015 -3.1844623096756504 SSW 55.94421783405126 -3.18457711470536 1455.965682 1319.928340
55.94421783405126 -3.18457711470536 S 55.943917834051256 -3.18457711470536 1455.965682 1318.678340
55.943917834051256 -3.18457711470536 N 55.94421783405126 -3.18457711470536 1541.841479 1393.443056
55.94421783405126 -3.18457711470536 NNW 55.944494997911015 -3.1846919197350694 1541.841479 1392.193056
55.944494997911015 -3.1846919197350694 N 55.94479499791102 -3.1846919197350694 1541.841479 1390.943056
55.94479499791102 -3.1846919197350694 NNW 55.945072161770774 -3.184806724764779 1541.841479 1389.693056
55.945072161770774 -3.184806724764779 W 55.945072161770774 -3.185106724764779 1574.634340 1475.553059
55.945072161770774 -3.185106724764779 W 55.945072161770774 -3.1854067247647793 1574.634340 1474.303059
55.945072161770774 -3.1854067247647793 W 55.945072161770774 -3.1857067247647795 1574.634340 1473.053059
55.945072161770774 -3.1857067247647795 W 55.945072161770774 -3.1860067247647796 1574.634340 1471.803059
55.945072161770774 -3.1860067247647796 W 55.945072161770774 -3.18630672476478 1574.634340 1470.553059
55.945072161770774 -3.18630672476478 W 55.945072161770774 -3.18660672476478 1574.634340 1469.303059
55.945072161770774 -3.18660672476478 WSW 55.944957356741064 -3.1868838886245334 1574.634340 1468.053059
55.944957356741064 -3.1868838886245334 W 55.944957356741064 -3.1871838886245336 1519.891982 1466.803059
55.944957356741064 -3.1871838886245336 WSW 55.94484255171135 -3.187461052484287 1519.891982 1465.553059
55.94484255171135 -3.187461052484287 W 55.94484255171135 -3.187761052484287 1519.891982 1464.303059
55.94484255171135 -3.187761052484287 WSW 55.94472774668164 -3.1880382163440406 1519.891982 1463.053059
55.94472774668164 -3.1880382163440406 W 55.94472774668164 -3.188338216344041 1519.891982 1461.803059
55.94472774668164 -3.188338216344041 WSW 55.94461294165193 -3.188615380203794 1519.891982 1460.553059
55.94461294165193 -3.188615380203794 W 55.94461294165193 -3.1889153802037944 1519.891982 1459.303059
55.94461294165193 -3.1889153802037944 WSW 55.94449813662222 -3.189192544063548 1519.891982 1458.053059
55.94449813662222 -3.189192544063548 W 55.94449813662222 -3.189492544063548 1519.891982 1456.803059
55.94449813662222 -3.189492544063548 WSW 55.94438333159251 -3.1897697079233014 1519.891982 1455.553059
55.94438333159251 -3.1897697079233014 W 55.94438333159251 -3.1900697079233016 1519.891982 1454.303059
55.94438333159251 -3.1900697079233016 WSW 55.9442685265628 -3.190346871783055 1530.669484 1514.795281
55.9442685265628 -3.190346871783055 W 55.9442685265628 -3.190646871783055 1530.669484 1513.545281
55.9442685265628 -3.190646871783055 WSW 55.94415372153309 -3.1909240356428086 1530.669484 1512.295281
55.94415372153309 -3.1909240356428086 W 55.94415372153309 -3.1912240356428088 1530.669484 1511.045281
55.94415372153309 -3.1912240356428088 WSW 55.94403891650338 -3.191501199502562 1530.669484 1509.795281
55.94403891650338 -3.191501199502562 ENE 55.94415372153309 -3.1912240356428088 1530.669484 1508.545281
55.94415372153309 -3.1912240356428088 ENE 55.9442685265628 -3.1909468717830554 1530.669484 1507.295281
55.9442685265628 -3.1909468717830554 ENE 55.94438333159251 -3.190669707923302 1530.669484 1506.045281
55.94438333159251 -3.190669707923302 NE 55.94459546362687 -3.190457575888946 1530.669484 1504.795281
55.94459546362687 -3.190457575888946 ESE 55.94448065859716 -3.190180412029193 1591.467209 1540.063389
55.94448065859716 -3.190180412029193 ESE 55.94436585356745 -3.1899032481694394 1591.467209 1538.813389
55.94436585356745 -3.1899032481694394 ESE 55.94425104853774 -3.189626084309686 1591.467209 1537.563389
55.94425104853774 -3.189626084309686 ESE 55.94413624350803 -3.1893489204499326 1591.467209 1536.313389
55.94413624350803 -3.1893489204499326 ESE 55.944021438478316 -3.189071756590179 1591.467209 1535.063389
55.944021438478316 -3.189071756590179 ESE 55.943906633448606 -3.1887945927304258 1591.467209 1533.813389
55.943906633448606 -3.1887945927304258 SE 55.94369450141425 -3.18858246069607 1591.467209 1532.563389
55.94369450141425 -3.18858246069607 ESE 55.94357969638454 -3.1883052968363166 1591.467209 1531.313389
55.94357969638454 -3.1883052968363166 SE 55.94336756435018 -3.188093164801961 1591.467209 1530.063389
55.94336756435018 -3.188093164801961 ESE 55.94325275932047 -3.1878160009422074 1591.467209 1528.813389
55.94325275932047 -3.1878160009422074 SE 55.943040627286116 -3.1876038689078516 1591.467209 1527.563389
55.943040627286116 -3.1876038689078516 ESE 55.942925822256406 -3.1873267050480982 1591.467209 1526.313389
55.942925822256406 -3.1873267050480982 SE 55.94271369022205 -3.1871145730137425 1591.467209 1525.063389
55.94271369022205 -3.1871145730137425 WNW 55.94282849525176 -3.187391736873496 1615.493864 1640.910115
55.94282849525176 -3.187391736873496 WNW 55.94294330028147 -3.1876689007332493 1615.493864 1639.660115
55.94294330028147 -3.1876689007332493 WNW 55.94305810531118 -3.1879460645930027 1615.493864 1638.410115
55.94305810531118 -3.1879460645930027 WNW 55.94317291034089 -3.188223228452756 1615.493864 1637.160115
55.94317291034089 -3.188223228452756 WNW 55.9432877153706 -3.1885003923125095 1615.493864 1635.910115
55.9432877153706 -3.1885003923125095 WNW 55.94340252040031 -3.188777556172263 1615.493864 1634.660115
55.94340252040031 -3.188777556172263 WNW 55.94351732543002 -3.1890547200320163 1615.493864 1633.410115
55.94351732543002 -3.1890547200320163 WNW 55.94363213045973 -3.1893318838917697 1615.493864 1632.160115
55.94363213045973 -3.1893318838917697 W 55.94363213045973 -3.18963188389177 1615.493864 1630.910115
55.94363213045973 -3.18963188389177 WNW 55.94374693548944 -3.1899090477515233 1615.493864 1629.660115
55.94374693548944 -3.1899090477515233 W 55.94374693548944 -3.1902090477515235 1615.493864 1628.410115
55.94374693548944 -3.1902090477515235 WNW 55.943861740519154 -3.190486211611277 1615.493864 1627.160115
55.943861740519154 -3.190486211611277 W 55.943861740519154 -3.190786211611277 1615.493864 1625.910115
55.943861740519154 -3.190786211611277 WNW 55.943976545548864 -3.1910633754710305 1615.493864 1624.660115
55.943976545548864 -3.1910633754710305 W 55.943976545548864 -3.1913633754710307 1615.493864 1623.410115
55.943976545548864 -3.1913633754710307 WNW 55.944091350578574 -3.191640539330784 1615.493864 1622.160115
55.944091350578574 -3.191640539330784 WSW 55.943976545548864 -3.1919177031905375 1631.149071 1661.673542
55.943976545548864 -3.1919177031905375 NE 55.94418867758322 -3.1917055711561817 1631.149071 1660.423542
55.94418867758322 -3.1917055711561817 SW 55.943976545548864 -3.1919177031905375 1631.149071 1659.173542
55.943976545548864 -3.1919177031905375 E 55.943976545548864 -3.1916177031905373 1631.149071 1657.923542
55.943976545548864 -3.1916177031905373 W 55.943976545548864 -3.1919177031905375 1631.149071 1656.673542
55.943976545548864 -3.1919177031905375 NNE 55.94425370940862 -3.191802898160828 1631.149071 1655.423542
55.94425370940862 -3.191802898160828 SSW 55.943976545548864 -3.1919177031905375 1631.149071 1654.173542
55.943976545548864 -3.1919177031905375 NNE 55.94425370940862 -3.191802898160828 1631.149071 1652.923542
55.94425370940862 -3.191802898160828 E 55.94425370940862 -3.1915028981608278 1631.149071 1651.673542
55.94425370940862 -3.1915028981608278 S 55.94395370940862 -3.1915028981608278 1631.149071 1650.423542
55.94395370940862 -3.1915028981608278 SW 55.94374157737426 -3.1917150301951835 1631.149071 1649.173542
55.94374157737426 -3.1917150301951835 NNW 55.94401874123402 -3.191829835224893 1631.149071 1647.923542
55.94401874123402 -3.191829835224893 SSE 55.94374157737426 -3.1917150301951835 1631.149071 1646.673542
55.94374157737426 -3.1917150301951835 NNE 55.94401874123402 -3.191600225165474 1631.149071 1645.423542
55.94401874123402 -3.191600225165474 NNW 55.944295905093774 -3.1917150301951835 1631.149071 1644.173542
55.944295905093774 -3.1917150301951835 WNW 55.944410710123485 -3.191992194054937 1631.149071 1642.923542
55.944410710123485 -3.191992194054937 E 55.944410710123485 -3.1916921940549368 1631.149071 1641.673542
55.944410710123485 -3.1916921940549368 ESE 55.944295905093774 -3.1914150301951834 1631.149071 1640.423542
55.944295905093774 -3.1914150301951834 ENE 55.944410710123485 -3.19113786633543 1631.149071 1639.173542
55.944410710123485 -3.19113786633543 W 55.944410710123485 -3.19143786633543 1631.149071 1637.923542
55.944410710123485 -3.19143786633543 N 55.94471071012349 -3.19143786633543 1631.149071 1636.673542
55.94471071012349 -3.19143786633543 SE 55.94449857808913 -3.1912257343010744 1631.149071 1635.423542
55.94449857808913 -3.1912257343010744 SE 55.944286446054775 -3.1910136022667186 1631.149071 1634.173542
55.944286446054775 -3.1910136022667186 SSE 55.94400928219502 -3.190898797237009 1631.149071 1632.923542
55.94400928219502 -3.190898797237009 NE 55.944221414229375 -3.1906866652026533 1631.149071 1631.673542
55.944221414229375 -3.1906866652026533 SSE 55.94394425036962 -3.190571860172944 1631.149071 1630.423542
55.94394425036962 -3.190571860172944 WNW 55.94405905539933 -3.190849024032697 1631.149071 1629.173542
55.94405905539933 -3.190849024032697 NE 55.944271187433685 -3.1906368919983414 1631.149071 1627.923542
55.944271187433685 -3.1906368919983414 NNW 55.94454835129344 -3.190751697028051 1631.149071 1626.673542
55.94454835129344 -3.190751697028051 W 55.94454835129344 -3.191051697028051 1631.149071 1625.423542
55.94454835129344 -3.191051697028051 S 55.94424835129344 -3.191051697028051 1631.149071 1624.173542
55.94424835129344 -3.191051697028051 E 55.94424835129344 -3.190751697028051 1631.149071 1622.923542
55.94424835129344 -3.190751697028051 SSE 55.94397118743368 -3.1906368919983414 1631.149071 1621.673542
55.94397118743368 -3.1906368919983414 SSE 55.943694023573926 -3.190522086968632 1631.149071 1620.423542
55.943694023573926 -3.190522086968632 NE 55.94390615560828 -3.190309954934276 1631.149071 1619.173542
55.94390615560828 -3.190309954934276 W 55.94390615560828 -3.1906099549342763 1631.149071 1617.923542
55.94390615560828 -3.1906099549342763 W 55.94390615560828 -3.1909099549342765 1631.149071 1616.673542
55.94390615560828 -3.1909099549342765 NW 55.94411828764264 -3.1911220869686323 1631.149071 1615.423542
55.94411828764264 -3.1911220869686323 NNW 55.944395451502395 -3.191236891998342 1631.149071 1614.173542
55.944395451502395 -3.191236891998342 W 55.944395451502395 -3.191536891998342 1631.149071 1612.923542
55.944395451502395 -3.191536891998342 NNW 55.94467261536215 -3.1916516970280515 1631.149071 1611.673542
55.94467261536215 -3.1916516970280515 SSW 55.944395451502395 -3.191766502057761 1631.149071 1610.423542
55.944395451502395 -3.191766502057761 NE 55.94460758353675 -3.1915543700234053 1631.149071 1609.173542
55.94460758353675 -3.1915543700234053 NNE 55.94488474739651 -3.1914395649936957 1631.149071 1607.923542
55.94488474739651 -3.1914395649936957 WNW 55.94499955242622 -3.191716728853449 1631.149071 1606.673542
55.94499955242622 -3.191716728853449 W 55.94499955242622 -3.1920167288534493 1631.149071 1605.423542
55.94499955242622 -3.1920167288534493 NNE 55.945276716285974 -3.19190192382374 1631.149071 1604.173542
55.945276716285974 -3.19190192382374 ESE 55.945161911256264 -3.1916247599639864 1631.149071 1602.923542
55.945161911256264 -3.1916247599639864 ESE 55.94504710622655 -3.191347596104233 1631.149071 1601.673542
55.94504710622655 -3.191347596104233 W 55.94504710622655 -3.191647596104233 1631.149071 1600.423542
55.94504710622655 -3.191647596104233 SSW 55.9447699423668 -3.1917624011339427 1631.149071 1599.173542
55.9447699423668 -3.1917624011339427 ENE 55.94488474739651 -3.1914852372741893 1631.149071 1597.923542
55.94488474739651 -3.1914852372741893 NW 55.945096879430864 -3.191697369308545 1631.149071 1596.673542
