55.944425 -3.188396 ENE 55.94453980502971 -3.1881188361402466 0.000000 248.750000
55.94453980502971 -3.1881188361402466 ENE 55.94465461005942 -3.187841672280493 0.000000 247.500000
55.94465461005942 -3.187841672280493 ENE 55.944769415089134 -3.18756450842074 0.000000 246.250000
55.944769415089134 -3.18756450842074 ENE 55.944884220118844 -3.1872873445609864 0.000000 245.000000
55.944884220118844 -3.1872873445609864 ENE 55.944999025148554 -3.187010180701233 49.270928 256.824749
55.944999025148554 -3.187010180701233 ENE 55.945113830178265 -3.1867330168414796 0.000000 131.704170
55.945113830178265 -3.1867330168414796 ENE 55.945228635207975 -3.186455852981726 0.000000 130.454170
55.945228635207975 -3.186455852981726 ENE 55.945343440237686 -3.1861786891219728 0.000000 129.204170
55.945343440237686 -3.1861786891219728 ENE 55.945458245267396 -3.1859015252622194 0.000000 127.954170
55.945458245267396 -3.1859015252622194 S 55.94515824526739 -3.1859015252622194 113.887452 161.557950
55.94515824526739 -3.1859015252622194 S 55.94485824526739 -3.1859015252622194 220.206845 177.434411
55.94485824526739 -3.1859015252622194 S 55.94455824526739 -3.1859015252622194 235.925669 269.476424
55.94455824526739 -3.1859015252622194 SSE 55.94428108140763 -3.18578672023251 235.925669 268.226424
55.94428108140763 -3.18578672023251 S 55.94398108140763 -3.18578672023251 235.925669 266.976424
55.94398108140763 -3.18578672023251 SSE 55.94370391754787 -3.1856719152028004 235.925669 265.726424
55.94370391754787 -3.1856719152028004 S 55.94340391754787 -3.1856719152028004 313.140754 273.632146
55.94340391754787 -3.1856719152028004 SSE 55.94312675368811 -3.185557110173091 313.140754 272.382146
55.94312675368811 -3.185557110173091 W 55.94312675368811 -3.185857110173091 348.280399 331.473396
55.94312675368811 -3.185857110173091 W 55.94312675368811 -3.1861571101730912 348.280399 330.223396
55.94312675368811 -3.1861571101730912 W 55.94312675368811 -3.1864571101730914 348.280399 328.973396
55.94312675368811 -3.1864571101730914 W 55.94312675368811 -3.1867571101730916 348.280399 327.723396
55.94312675368811 -3.1867571101730916 W 55.94312675368811 -3.187057110173092 348.280399 326.473396
55.94312675368811 -3.187057110173092 W 55.94312675368811 -3.187357110173092 348.280399 325.223396
55.94312675368811 -3.187357110173092 W 55.94312675368811 -3.187657110173092 348.280399 323.973396
55.94312675368811 -3.187657110173092 WNW 55.94324155871782 -3.1879342740328456 348.280399 322.723396
55.94324155871782 -3.1879342740328456 W 55.94324155871782 -3.1882342740328458 348.280399 321.473396
55.94324155871782 -3.1882342740328458 WNW 55.94335636374753 -3.188511437892599 348.280399 320.223396
55.94335636374753 -3.188511437892599 W 55.94335636374753 -3.1888114378925994 348.280399 318.973396
55.94335636374753 -3.1888114378925994 WNW 55.94347116877724 -3.1890886017523528 348.280399 317.723396
55.94347116877724 -3.1890886017523528 W 55.94347116877724 -3.189388601752353 404.918959 400.135438
55.94347116877724 -3.189388601752353 WNW 55.943585973806954 -3.1896657656121064 404.918959 398.885438
55.943585973806954 -3.1896657656121064 W 55.943585973806954 -3.1899657656121065 404.918959 397.635438
55.943585973806954 -3.1899657656121065 WNW 55.943700778836664 -3.19024292947186 404.918959 396.385438
55.943700778836664 -3.19024292947186 W 55.943700778836664 -3.19054292947186 404.918959 395.135438
55.943700778836664 -3.19054292947186 WNW 55.943815583866375 -3.1908200933316135 404.918959 393.885438
55.943815583866375 -3.1908200933316135 W 55.943815583866375 -3.1911200933316137 404.918959 392.635438
55.943815583866375 -3.1911200933316137 WNW 55.943930388896085 -3.191397257191367 466.616470 412.749982
55.943930388896085 -3.191397257191367 ENE 55.944045193925795 -3.1911200933316137 510.930511 417.113616
55.944045193925795 -3.1911200933316137 NE 55.94425732596015 -3.190907961297258 510.930511 415.863616
55.94425732596015 -3.190907961297258 ENE 55.94437213098986 -3.1906307974375046 510.930511 414.613616
55.94437213098986 -3.1906307974375046 NE 55.94458426302422 -3.190418665403149 510.930511 413.363616
55.94458426302422 -3.190418665403149 ENE 55.94469906805393 -3.1901415015433954 571.728236 448.631724
55.94469906805393 -3.1901415015433954 NE 55.944911200088285 -3.1899293695090396 571.728236 447.381724
55.944911200088285 -3.1899293695090396 ENE 55.945026005117995 -3.189652205649286 571.728236 446.131724
55.945026005117995 -3.189652205649286 NE 55.94523813715235 -3.1894400736149304 571.728236 444.881724
55.94523813715235 -3.1894400736149304 ENE 55.94535294218206 -3.189162909755177 571.728236 443.631724
55.94535294218206 -3.189162909755177 NE 55.94556507421642 -3.1889507777208213 571.728236 442.381724
55.94556507421642 -3.1889507777208213 ESE 55.94545026918671 -3.188673613861068 593.621432 542.120639
55.94545026918671 -3.188673613861068 ESE 55.945335464157 -3.1883964500013144 593.621432 540.870639
55.945335464157 -3.1883964500013144 ESE 55.94522065912729 -3.188119286141561 593.621432 539.620639
55.94522065912729 -3.188119286141561 ESE 55.94510585409758 -3.1878421222818076 593.621432 538.370639
55.94510585409758 -3.1878421222818076 ESE 55.944991049067866 -3.1875649584220542 593.621432 537.120639
55.944991049067866 -3.1875649584220542 ESE 55.944876244038156 -3.187287794562301 593.621432 535.870639
55.944876244038156 -3.187287794562301 ESE 55.944761439008445 -3.1870106307025474 593.621432 534.620639
55.944761439008445 -3.1870106307025474 ESE 55.944646633978735 -3.186733466842794 593.621432 533.370639
55.944646633978735 -3.186733466842794 ESE 55.944531828949025 -3.1864563029830406 593.621432 532.120639
55.944531828949025 -3.1864563029830406 ESE 55.944417023919314 -3.186179139123287 589.174583 426.621706
55.944417023919314 -3.186179139123287 ESE 55.944302218889604 -3.185901975263534 589.174583 425.371706
55.944302218889604 -3.185901975263534 ESE 55.94418741385989 -3.1856248114037804 589.174583 424.121706
55.94418741385989 -3.1856248114037804 ESE 55.94407260883018 -3.185347647544027 589.174583 422.871706
55.94407260883018 -3.185347647544027 ESE 55.94395780380047 -3.1850704836842736 589.174583 421.621706
55.94395780380047 -3.1850704836842736 E 55.94395780380047 -3.1847704836842734 589.174583 420.371706
55.94395780380047 -3.1847704836842734 W 55.94395780380047 -3.1850704836842736 675.050380 495.136423
55.94395780380047 -3.1850704836842736 W 55.94395780380047 -3.185370483684274 675.050380 493.886423
55.94395780380047 -3.185370483684274 W 55.94395780380047 -3.185670483684274 675.050380 492.636423
55.94395780380047 -3.185670483684274 W 55.94395780380047 -3.185970483684274 675.050380 491.386423
55.94395780380047 -3.185970483684274 W 55.94395780380047 -3.1862704836842743 675.050380 490.136423
55.94395780380047 -3.1862704836842743 W 55.94395780380047 -3.1865704836842745 706.712084 568.457788
55.94395780380047 -3.1865704836842745 W 55.94395780380047 -3.1868704836842747 706.712084 567.207788
55.94395780380047 -3.1868704836842747 W 55.94395780380047 -3.187170483684275 706.712084 565.957788
55.94395780380047 -3.187170483684275 W 55.94395780380047 -3.187470483684275 706.712084 564.707788
55.94395780380047 -3.187470483684275 W 55.94395780380047 -3.1877704836842753 706.712084 563.457788
55.94395780380047 -3.1877704836842753 W 55.94395780380047 -3.1880704836842755 706.712084 562.207788
55.94395780380047 -3.1880704836842755 W 55.94395780380047 -3.1883704836842757 780.081471 638.286625
55.94395780380047 -3.1883704836842757 W 55.94395780380047 -3.188670483684276 780.081471 637.036625
55.94395780380047 -3.188670483684276 W 55.94395780380047 -3.188970483684276 780.081471 635.786625
55.94395780380047 -3.188970483684276 W 55.94395780380047 -3.1892704836842762 780.081471 634.536625
55.94395780380047 -3.1892704836842762 W 55.94395780380047 -3.1895704836842764 780.081471 633.286625
55.94395780380047 -3.1895704836842764 W 55.94395780380047 -3.1898704836842766 780.081471 632.036625
55.94395780380047 -3.1898704836842766 W 55.94395780380047 -3.190170483684277 780.081471 630.786625
55.94395780380047 -3.190170483684277 WNW 55.94407260883018 -3.19044764754403 780.081471 629.536625
55.94407260883018 -3.19044764754403 E 55.94407260883018 -3.19014764754403 802.375585 639.345189
55.94407260883018 -3.19014764754403 E 55.94407260883018 -3.18984764754403 802.375585 638.095189
55.94407260883018 -3.18984764754403 E 55.94407260883018 -3.1895476475440296 802.375585 636.845189
55.94407260883018 -3.1895476475440296 E 55.94407260883018 -3.1892476475440295 802.375585 635.595189
55.94407260883018 -3.1892476475440295 E 55.94407260883018 -3.1889476475440293 802.375585 634.345189
55.94407260883018 -3.1889476475440293 E 55.94407260883018 -3.188647647544029 802.375585 633.095189
55.94407260883018 -3.188647647544029 E 55.94407260883018 -3.188347647544029 802.375585 631.845189
55.94407260883018 -3.188347647544029 E 55.94407260883018 -3.1880476475440287 802.375585 630.595189
55.94407260883018 -3.1880476475440287 E 55.94407260883018 -3.1877476475440285 776.433176 619.176707
55.94407260883018 -3.1877476475440285 E 55.94407260883018 -3.1874476475440283 776.433176 617.926707
55.94407260883018 -3.1874476475440283 E 55.94407260883018 -3.187147647544028 776.433176 616.676707
55.94407260883018 -3.187147647544028 ENE 55.94418741385989 -3.1868704836842747 776.433176 615.426707
55.94418741385989 -3.1868704836842747 W 55.94418741385989 -3.187170483684275 887.042145 685.588219
55.94418741385989 -3.187170483684275 W 55.94418741385989 -3.187470483684275 887.042145 684.338219
55.94418741385989 -3.187470483684275 W 55.94418741385989 -3.1877704836842753 887.042145 683.088219
55.94418741385989 -3.1877704836842753 W 55.94418741385989 -3.1880704836842755 887.042145 681.838219
55.94418741385989 -3.1880704836842755 W 55.94418741385989 -3.1883704836842757 887.042145 680.588219
55.94418741385989 -3.1883704836842757 W 55.94418741385989 -3.188670483684276 887.042145 679.338219
55.94418741385989 -3.188670483684276 W 55.94418741385989 -3.188970483684276 863.214423 654.192284
55.94418741385989 -3.188970483684276 W 55.94418741385989 -3.1892704836842762 863.214423 652.942284
55.94418741385989 -3.1892704836842762 W 55.94418741385989 -3.1895704836842764 863.214423 651.692284
55.94418741385989 -3.1895704836842764 W 55.94418741385989 -3.1898704836842766 863.214423 650.442284
55.94418741385989 -3.1898704836842766 W 55.94418741385989 -3.190170483684277 863.214423 649.192284
55.94418741385989 -3.190170483684277 WNW 55.944302218889604 -3.19044764754403 863.214423 647.942284
55.944302218889604 -3.19044764754403 W 55.944302218889604 -3.1907476475440304 863.214423 646.692284
55.944302218889604 -3.1907476475440304 WNW 55.944417023919314 -3.191024811403784 863.214423 645.442284
55.944417023919314 -3.191024811403784 W 55.944417023919314 -3.191324811403784 863.214423 644.192284
55.944417023919314 -3.191324811403784 ENE 55.944531828949025 -3.1910476475440306 955.309276 648.037448
55.944531828949025 -3.1910476475440306 ENE 55.944646633978735 -3.190770483684277 955.309276 646.787448
55.944646633978735 -3.190770483684277 ENE 55.944761439008445 -3.1904933198245238 955.309276 645.537448
55.944761439008445 -3.1904933198245238 NE 55.9449735710428 -3.190281187790168 955.309276 644.287448
55.9449735710428 -3.190281187790168 ENE 55.94508837607251 -3.1900040239304146 955.309276 643.037448
55.94508837607251 -3.1900040239304146 NE 55.94530050810687 -3.189791891896059 955.309276 641.787448
55.94530050810687 -3.189791891896059 ENE 55.94541531313658 -3.1895147280363054 955.309276 640.537448
55.94541531313658 -3.1895147280363054 NE 55.945627445170935 -3.1893025960019497 955.309276 639.287448
55.945627445170935 -3.1893025960019497 WSW 55.945512640141224 -3.189579759861703 1035.939764 753.883925
55.945512640141224 -3.189579759861703 SW 55.94530050810687 -3.189791891896059 1035.939764 752.633925
55.94530050810687 -3.189791891896059 WSW 55.94518570307716 -3.1900690557558122 1035.939764 751.383925
55.94518570307716 -3.1900690557558122 SW 55.9449735710428 -3.190281187790168 1035.939764 750.133925
55.9449735710428 -3.190281187790168 WSW 55.94485876601309 -3.1905583516499214 1035.939764 748.883925
55.94485876601309 -3.1905583516499214 SW 55.944646633978735 -3.190770483684277 1035.939764 747.633925
55.944646633978735 -3.190770483684277 WSW 55.944531828949025 -3.1910476475440306 1035.939764 746.383925
55.944531828949025 -3.1910476475440306 SW 55.94431969691467 -3.1912597795783864 1035.939764 745.133925
55.94431969691467 -3.1912597795783864 WSW 55.94420489188496 -3.1915369434381398 1035.939764 743.883925
55.94420489188496 -3.1915369434381398 E 55.94420489188496 -3.1912369434381396 1051.594971 783.397352
55.94420489188496 -3.1912369434381396 E 55.94420489188496 -3.1909369434381394 1051.594971 782.147352
55.94420489188496 -3.1909369434381394 E 55.94420489188496 -3.190636943438139 1051.594971 780.897352
55.94420489188496 -3.190636943438139 E 55.94420489188496 -3.190336943438139 1051.594971 779.647352
55.94420489188496 -3.190336943438139 E 55.94420489188496 -3.190036943438139 1051.594971 778.397352
55.94420489188496 -3.190036943438139 E 55.94420489188496 -3.1897369434381386 1051.594971 777.147352
55.94420489188496 -3.1897369434381386 E 55.94420489188496 -3.1894369434381384 1051.594971 775.897352
55.94420489188496 -3.1894369434381384 E 55.94420489188496 -3.1891369434381382 1051.594971 774.647352
55.94420489188496 -3.1891369434381382 E 55.94420489188496 -3.188836943438138 1051.594971 773.397352
55.94420489188496 -3.188836943438138 ENE 55.94431969691467 -3.1885597795783847 1051.594971 772.147352
55.94431969691467 -3.1885597795783847 E 55.94431969691467 -3.1882597795783845 1051.594971 770.897352
55.94431969691467 -3.1882597795783845 ENE 55.94443450194438 -3.187982615718631 1051.594971 769.647352
55.94443450194438 -3.187982615718631 E 55.94443450194438 -3.187682615718631 1051.594971 768.397352
55.94443450194438 -3.187682615718631 ENE 55.94454930697409 -3.1874054518588775 1051.594971 767.147352
55.94454930697409 -3.1874054518588775 E 55.94454930697409 -3.1871054518588773 1051.594971 765.897352
55.94454930697409 -3.1871054518588773 ENE 55.9446641120038 -3.186828287999124 1051.594971 764.647352
55.9446641120038 -3.186828287999124 E 55.9446641120038 -3.1865282879991237 1051.594971 763.397352
55.9446641120038 -3.1865282879991237 ENE 55.94477891703351 -3.1862511241393703 1051.594971 762.147352
55.94477891703351 -3.1862511241393703 E 55.94477891703351 -3.18595112413937 1051.594971 760.897352
55.94477891703351 -3.18595112413937 ENE 55.94489372206322 -3.1856739602796167 1051.594971 759.647352
55.94489372206322 -3.1856739602796167 E 55.94489372206322 -3.1853739602796165 1051.594971 758.397352
55.94489372206322 -3.1853739602796165 ENE 55.94500852709293 -3.185096796419863 1051.594971 757.147352
55.94500852709293 -3.185096796419863 E 55.94500852709293 -3.184796796419863 1001.487370 637.367699
55.94500852709293 -3.184796796419863 W 55.94500852709293 -3.185096796419863 1034.280231 723.227702
55.94500852709293 -3.185096796419863 W 55.94500852709293 -3.1853967964198633 1034.280231 721.977702
55.94500852709293 -3.1853967964198633 W 55.94500852709293 -3.1856967964198635 1034.280231 720.727702
55.94500852709293 -3.1856967964198635 W 55.94500852709293 -3.1859967964198637 1034.280231 719.477702
55.94500852709293 -3.1859967964198637 W 55.94500852709293 -3.186296796419864 1034.280231 718.227702
55.94500852709293 -3.186296796419864 W 55.94500852709293 -3.186596796419864 1034.280231 716.977702
55.94500852709293 -3.186596796419864 W 55.94500852709293 -3.1868967964198642 1034.280231 715.727702
55.94500852709293 -3.1868967964198642 W 55.94500852709293 -3.1871967964198644 979.537873 714.477702
55.94500852709293 -3.1871967964198644 W 55.94500852709293 -3.1874967964198646 979.537873 713.227702
55.94500852709293 -3.1874967964198646 W 55.94500852709293 -3.187796796419865 979.537873 711.977702
55.94500852709293 -3.187796796419865 W 55.94500852709293 -3.188096796419865 979.537873 710.727702
55.94500852709293 -3.188096796419865 W 55.94500852709293 -3.188396796419865 979.537873 709.477702
55.94500852709293 -3.188396796419865 W 55.94500852709293 -3.1886967964198654 979.537873 708.227702
55.94500852709293 -3.1886967964198654 W 55.94500852709293 -3.1889967964198656 946.402724 632.528284
55.94500852709293 -3.1889967964198656 W 55.94500852709293 -3.1892967964198657 946.402724 631.278284
55.94500852709293 -3.1892967964198657 WNW 55.94512333212264 -3.189573960279619 946.402724 630.028284
55.94512333212264 -3.189573960279619 W 55.94512333212264 -3.1898739602796193 946.402724 628.778284
55.94512333212264 -3.1898739602796193 WNW 55.94523813715235 -3.1901511241393727 946.402724 627.528284
55.94523813715235 -3.1901511241393727 W 55.94523813715235 -3.190451124139373 1062.175105 712.335479
55.94523813715235 -3.190451124139373 E 55.94523813715235 -3.1901511241393727 1062.175105 711.085479
55.94523813715235 -3.1901511241393727 E 55.94523813715235 -3.1898511241393726 1062.175105 709.835479
55.94523813715235 -3.1898511241393726 E 55.94523813715235 -3.1895511241393724 1062.175105 708.585479
55.94523813715235 -3.1895511241393724 E 55.94523813715235 -3.189251124139372 1062.175105 707.335479
55.94523813715235 -3.189251124139372 E 55.94523813715235 -3.188951124139372 1062.175105 706.085479
55.94523813715235 -3.188951124139372 E 55.94523813715235 -3.188651124139372 1062.175105 704.835479
55.94523813715235 -3.188651124139372 E 55.94523813715235 -3.1883511241393716 1062.175105 703.585479
55.94523813715235 -3.1883511241393716 E 55.94523813715235 -3.1880511241393714 1062.175105 702.335479
55.94523813715235 -3.1880511241393714 E 55.94523813715235 -3.1877511241393712 1062.175105 701.085479
55.94523813715235 -3.1877511241393712 E 55.94523813715235 -3.187451124139371 1062.175105 699.835479
55.94523813715235 -3.187451124139371 E 55.94523813715235 -3.187151124139371 1062.175105 698.585479
55.94523813715235 -3.187151124139371 ENE 55.94535294218206 -3.1868739602796174 1062.175105 697.335479
55.94535294218206 -3.1868739602796174 E 55.94535294218206 -3.1865739602796173 1062.175105 696.085479
55.94535294218206 -3.1865739602796173 ENE 55.94546774721177 -3.186296796419864 971.517345 672.799781
55.94546774721177 -3.186296796419864 E 55.94546774721177 -3.1859967964198637 971.517345 671.549781
55.94546774721177 -3.1859967964198637 ENE 55.94558255224148 -3.1857196325601103 971.517345 670.299781
55.94558255224148 -3.1857196325601103 E 55.94558255224148 -3.18541963256011 971.517345 669.049781
55.94558255224148 -3.18541963256011 ENE 55.94569735727119 -3.1851424687003567 971.517345 667.799781
55.94569735727119 -3.1851424687003567 E 55.94569735727119 -3.1848424687003565 971.517345 666.549781
55.94569735727119 -3.1848424687003565 ENE 55.9458121623009 -3.184565304840603 971.517345 665.299781
55.9458121623009 -3.184565304840603 W 55.9458121623009 -3.1848653048406033 1040.975859 780.134177
55.9458121623009 -3.1848653048406033 W 55.9458121623009 -3.1851653048406035 1040.975859 778.884177
55.9458121623009 -3.1851653048406035 W 55.9458121623009 -3.1854653048406036 1040.975859 777.634177
55.9458121623009 -3.1854653048406036 W 55.9458121623009 -3.185765304840604 1040.975859 776.384177
55.9458121623009 -3.185765304840604 W 55.9458121623009 -3.186065304840604 1040.975859 775.134177
55.9458121623009 -3.186065304840604 W 55.9458121623009 -3.186365304840604 960.668661 688.153579
55.9458121623009 -3.186365304840604 W 55.9458121623009 -3.1866653048406044 960.432932 585.078046
55.9458121623009 -3.1866653048406044 W 55.9458121623009 -3.1869653048406046 960.432932 583.828046
55.9458121623009 -3.1869653048406046 W 55.9458121623009 -3.1872653048406048 960.432932 582.578046
55.9458121623009 -3.1872653048406048 W 55.9458121623009 -3.187565304840605 960.432932 581.328046
55.9458121623009 -3.187565304840605 W 55.9458121623009 -3.187865304840605 971.266915 662.647137
55.9458121623009 -3.187865304840605 W 55.9458121623009 -3.1881653048406053 971.266915 661.397137
55.9458121623009 -3.1881653048406053 W 55.9458121623009 -3.1884653048406055 971.266915 660.147137
55.9458121623009 -3.1884653048406055 W 55.9458121623009 -3.1887653048406057 971.266915 658.897137
55.9458121623009 -3.1887653048406057 W 55.9458121623009 -3.189065304840606 971.266915 657.647137
55.9458121623009 -3.189065304840606 W 55.9458121623009 -3.189365304840606 971.266915 656.397137
55.9458121623009 -3.189365304840606 W 55.9458121623009 -3.1896653048406063 971.266915 655.147137
55.9458121623009 -3.1896653048406063 W 55.9458121623009 -3.1899653048406065 971.266915 653.897137
55.9458121623009 -3.1899653048406065 WSW 55.94569735727119 -3.19024246870036 971.266915 652.647137
55.94569735727119 -3.19024246870036 W 55.94569735727119 -3.19054246870036 847.498724 576.769279
55.94569735727119 -3.19054246870036 WSW 55.94558255224148 -3.1908196325601135 847.498724 575.519279
55.94558255224148 -3.1908196325601135 W 55.94558255224148 -3.1911196325601137 847.498724 574.269279
55.94558255224148 -3.1911196325601137 WSW 55.94546774721177 -3.191396796419867 847.498724 573.019279
55.94546774721177 -3.191396796419867 W 55.94546774721177 -3.1916967964198673 847.498724 571.769279
55.94546774721177 -3.1916967964198673 WSW 55.94535294218206 -3.1919739602796207 736.547020 539.493888
55.94535294218206 -3.1919739602796207 W 55.94535294218206 -3.192273960279621 736.547020 538.243888
55.94535294218206 -3.192273960279621 ESE 55.94523813715235 -3.1919967964198674 821.973197 575.007685
55.94523813715235 -3.1919967964198674 ESE 55.94512333212264 -3.191719632560114 821.973197 573.757685
55.94512333212264 -3.191719632560114 ESE 55.94500852709293 -3.1914424687003606 821.973197 572.507685
55.94500852709293 -3.1914424687003606 ESE 55.94489372206322 -3.1911653048406072 821.973197 571.257685
55.94489372206322 -3.1911653048406072 ESE 55.94477891703351 -3.190888140980854 821.973197 570.007685
55.94477891703351 -3.190888140980854 ESE 55.9446641120038 -3.1906109771211004 821.973197 568.757685
55.9446641120038 -3.1906109771211004 ESE 55.94454930697409 -3.190333813261347 821.973197 567.507685
55.94454930697409 -3.190333813261347 E 55.94454930697409 -3.190033813261347 821.973197 566.257685
55.94454930697409 -3.190033813261347 S 55.944249306974086 -3.190033813261347 832.750698 626.749907
55.944249306974086 -3.190033813261347 S 55.94394930697408 -3.190033813261347 832.750698 625.499907
55.94394930697408 -3.190033813261347 S 55.94364930697408 -3.190033813261347 832.750698 624.249907
55.94364930697408 -3.190033813261347 S 55.94334930697408 -3.190033813261347 832.750698 622.999907
55.94334930697408 -3.190033813261347 SSE 55.94307214311432 -3.1899190082316373 832.750698 621.749907
55.94307214311432 -3.1899190082316373 S 55.94277214311432 -3.1899190082316373 787.355238 605.803285
55.94277214311432 -3.1899190082316373 NNW 55.943049306974075 -3.190033813261347 836.793671 674.386008
55.943049306974075 -3.190033813261347 NNW 55.94332647083383 -3.1901486182910563 836.793671 673.136008
55.94332647083383 -3.1901486182910563 NNW 55.94360363469359 -3.190263423320766 836.793671 671.886008
55.94360363469359 -3.190263423320766 NNW 55.943880798553344 -3.1903782283504754 836.793671 670.636008
55.943880798553344 -3.1903782283504754 NNW 55.9441579624131 -3.190493033380185 836.793671 669.386008
55.9441579624131 -3.190493033380185 NNW 55.94443512627286 -3.1906078384098944 836.793671 668.136008
55.94443512627286 -3.1906078384098944 NW 55.944647258307214 -3.19081997044425 836.793671 666.886008
55.944647258307214 -3.19081997044425 NNW 55.94492442216697 -3.1909347754739597 836.793671 665.636008
55.94492442216697 -3.1909347754739597 NW 55.945136554201326 -3.1911469075083154 836.793671 664.386008
55.945136554201326 -3.1911469075083154 SW 55.94492442216697 -3.191359039542671 900.723597 781.015618
55.94492442216697 -3.191359039542671 SW 55.944712290132614 -3.191571171577027 900.723597 779.765618
55.944712290132614 -3.191571171577027 SSW 55.94443512627286 -3.1916859766067365 989.882344 881.306423
55.94443512627286 -3.1916859766067365 E 55.94443512627286 -3.1913859766067363 989.882344 880.056423
55.94443512627286 -3.1913859766067363 E 55.94443512627286 -3.191085976606736 989.882344 878.806423
55.94443512627286 -3.191085976606736 E 55.94443512627286 -3.190785976606736 989.882344 877.556423
55.94443512627286 -3.190785976606736 ENE 55.94454993130257 -3.1905088127469825 989.882344 876.306423
55.94454993130257 -3.1905088127469825 E 55.94454993130257 -3.1902088127469823 989.882344 875.056423
55.94454993130257 -3.1902088127469823 ENE 55.94466473633228 -3.189931648887229 989.882344 873.806423
55.94466473633228 -3.189931648887229 E 55.94466473633228 -3.1896316488872287 989.882344 872.556423
55.94466473633228 -3.1896316488872287 WNW 55.94477954136199 -3.189908812746982 1085.964418 905.891509
55.94477954136199 -3.189908812746982 NW 55.944991673396345 -3.190120944781338 1085.964418 904.641509
55.944991673396345 -3.190120944781338 NNE 55.9452688372561 -3.1900061397516284 1085.964418 903.391509
55.9452688372561 -3.1900061397516284 NNW 55.94554600111586 -3.190120944781338 1085.964418 902.141509
