55.944425 -3.188396 ENE 55.94453980502971 -3.1881188361402466 0.000000 248.750000
55.94453980502971 -3.1881188361402466 ENE 55.94465461005942 -3.187841672280493 0.000000 247.500000
55.94465461005942 -3.187841672280493 ENE 55.944769415089134 -3.18756450842074 0.000000 246.250000
55.944769415089134 -3.18756450842074 ENE 55.944884220118844 -3.1872873445609864 0.000000 245.000000
55.944884220118844 -3.1872873445609864 ENE 55.944999025148554 -3.187010180701233 49.270928 256.824749
55.944999025148554 -3.187010180701233 ENE 55.945113830178265 -3.1867330168414796 0.000000 131.704170
55.945113830178265 -3.1867330168414796 ENE 55.945228635207975 -3.186455852981726 0.000000 130.454170
55.945228635207975 -3.186455852981726 ENE 55.945343440237686 -3.1861786891219728 0.000000 129.204170
55.945343440237686 -3.1861786891219728 ENE 55.945458245267396 -3.1859015252622194 0.000000 127.954170
55.945458245267396 -3.1859015252622194 S 55.94515824526739 -3.1859015252622194 113.887452 161.557950
55.94515824526739 -3.1859015252622194 S 55.94485824526739 -3.1859015252622194 220.206845 177.434411
55.94485824526739 -3.1859015252622194 S 55.94455824526739 -3.1859015252622194 235.925669 269.476424
55.94455824526739 -3.1859015252622194 SSE 55.94428108140763 -3.18578672023251 235.925669 268.226424
55.94428108140763 -3.18578672023251 S 55.94398108140763 -3.18578672023251 235.925669 266.976424
55.94398108140763 -3.18578672023251 SSE 55.94370391754787 -3.1856719152028004 235.925669 265.726424
55.94370391754787 -3.1856719152028004 S 55.94340391754787 -3.1856719152028004 313.140754 273.632146
55.94340391754787 -3.1856719152028004 SSE 55.94312675368811 -3.185557110173091 313.140754 272.382146
55.94312675368811 -3.185557110173091 WNW 55.94324155871782 -3.1858342740328442 348.280399 331.473396
55.94324155871782 -3.1858342740328442 WNW 55.94335636374753 -3.1861114378925977 348.280399 330.223396
55.94335636374753 -3.1861114378925977 WNW 55.94347116877724 -3.186388601752351 348.280399 328.973396
55.94347116877724 -3.186388601752351 WNW 55.943585973806954 -3.1866657656121045 348.280399 327.723396
55.943585973806954 -3.1866657656121045 WNW 55.943700778836664 -3.186942929471858 348.280399 326.473396
55.943700778836664 -3.186942929471858 WNW 55.943815583866375 -3.1872200933316113 343.453795 266.180123
55.943815583866375 -3.1872200933316113 WNW 55.943930388896085 -3.1874972571913647 343.453795 264.930123
55.943930388896085 -3.1874972571913647 W 55.943930388896085 -3.187797257191365 343.453795 263.680123
55.943930388896085 -3.187797257191365 WNW 55.944045193925795 -3.1880744210511183 343.453795 262.430123
55.944045193925795 -3.1880744210511183 E 55.944045193925795 -3.187774421051118 416.823182 338.508960
55.944045193925795 -3.187774421051118 E 55.944045193925795 -3.187474421051118 416.823182 337.258960
55.944045193925795 -3.187474421051118 ENE 55.944159998955506 -3.1871972571913645 416.823182 336.008960
55.944159998955506 -3.1871972571913645 E 55.944159998955506 -3.1868972571913643 416.823182 334.758960
55.944159998955506 -3.1868972571913643 WNW 55.944274803985216 -3.1871744210511177 527.432151 404.920471
55.944274803985216 -3.1871744210511177 WNW 55.94438960901493 -3.187451584910871 527.432151 403.670471
55.94438960901493 -3.187451584910871 WNW 55.94450441404464 -3.1877287487706245 527.432151 402.420471
55.94450441404464 -3.1877287487706245 WNW 55.94461921907435 -3.188005912630378 527.432151 401.170471
55.94461921907435 -3.188005912630378 WNW 55.94473402410406 -3.1882830764901313 527.432151 399.920471
55.94473402410406 -3.1882830764901313 W 55.94473402410406 -3.1885830764901315 527.432151 398.670471
55.94473402410406 -3.1885830764901315 WNW 55.94484882913377 -3.188860240349885 494.297002 322.971053
55.94484882913377 -3.188860240349885 W 55.94484882913377 -3.189160240349885 494.297002 321.721053
55.94484882913377 -3.189160240349885 WNW 55.94496363416348 -3.1894374042096385 494.297002 320.471053
55.94496363416348 -3.1894374042096385 W 55.94496363416348 -3.1897374042096387 494.297002 319.221053
55.94496363416348 -3.1897374042096387 WNW 55.94507843919319 -3.190014568069392 494.297002 317.971053
55.94507843919319 -3.190014568069392 W 55.94507843919319 -3.1903145680693923 494.297002 316.721053
55.94507843919319 -3.1903145680693923 WNW 55.9451932442229 -3.1905917319291457 610.069383 401.528248
55.9451932442229 -3.1905917319291457 W 55.9451932442229 -3.190891731929146 610.069383 400.278248
55.9451932442229 -3.190891731929146 WNW 55.94530804925261 -3.1911688957888993 610.069383 399.028248
55.94530804925261 -3.1911688957888993 E 55.94530804925261 -3.190868895788899 673.999310 515.657858
55.94530804925261 -3.190868895788899 E 55.94530804925261 -3.190568895788899 673.999310 514.407858
55.94530804925261 -3.190568895788899 E 55.94530804925261 -3.1902688957888987 673.999310 513.157858
55.94530804925261 -3.1902688957888987 E 55.94530804925261 -3.1899688957888985 673.999310 511.907858
55.94530804925261 -3.1899688957888985 E 55.94530804925261 -3.1896688957888983 673.999310 510.657858
55.94530804925261 -3.1896688957888983 E 55.94530804925261 -3.189368895788898 673.999310 509.407858
55.94530804925261 -3.189368895788898 E 55.94530804925261 -3.189068895788898 673.999310 508.157858
55.94530804925261 -3.189068895788898 E 55.94530804925261 -3.1887688957888978 673.999310 506.907858
55.94530804925261 -3.1887688957888978 E 55.94530804925261 -3.1884688957888976 673.999310 505.657858
55.94530804925261 -3.1884688957888976 E 55.94530804925261 -3.1881688957888974 673.999310 504.407858
55.94530804925261 -3.1881688957888974 E 55.94530804925261 -3.187868895788897 673.999310 503.157858
55.94530804925261 -3.187868895788897 E 55.94530804925261 -3.187568895788897 673.999310 501.907858
55.94530804925261 -3.187568895788897 E 55.94530804925261 -3.187268895788897 673.999310 500.657858
55.94530804925261 -3.187268895788897 E 55.94530804925261 -3.1869688957888966 673.999310 499.407858
55.94530804925261 -3.1869688957888966 E 55.94530804925261 -3.1866688957888964 673.999310 498.157858
55.94530804925261 -3.1866688957888964 ENE 55.94542285428232 -3.186391731929143 673.999310 496.907858
55.94542285428232 -3.186391731929143 E 55.94542285428232 -3.186091731929143 583.341550 473.622159
55.94542285428232 -3.186091731929143 ENE 55.94553765931203 -3.1858145680693895 583.341550 472.372159
55.94553765931203 -3.1858145680693895 E 55.94553765931203 -3.1855145680693893 583.341550 471.122159
55.94553765931203 -3.1855145680693893 ENE 55.94565246434174 -3.185237404209636 583.341550 469.872159
55.94565246434174 -3.185237404209636 E 55.94565246434174 -3.1849374042096357 583.341550 468.622159
55.94565246434174 -3.1849374042096357 ENE 55.94576726937145 -3.1846602403498823 583.341550 467.372159
55.94576726937145 -3.1846602403498823 E 55.94576726937145 -3.184360240349882 583.341550 466.122159
55.94576726937145 -3.184360240349882 S 55.94546726937145 -3.184360240349882 652.800064 580.956555
55.94546726937145 -3.184360240349882 S 55.945167269371446 -3.184360240349882 652.800064 579.706555
55.945167269371446 -3.184360240349882 SSW 55.94489010551169 -3.1844750453795916 652.800064 578.456555
55.94489010551169 -3.1844750453795916 S 55.944590105511686 -3.1844750453795916 652.800064 577.206555
55.944590105511686 -3.1844750453795916 SSW 55.94431294165193 -3.184589850409301 652.800064 575.956555
55.94431294165193 -3.184589850409301 S 55.94401294165193 -3.184589850409301 652.800064 574.706555
55.94401294165193 -3.184589850409301 W 55.94401294165193 -3.1848898504093013 738.675861 649.471271
55.94401294165193 -3.1848898504093013 W 55.94401294165193 -3.1851898504093015 738.675861 648.221271
55.94401294165193 -3.1851898504093015 W 55.94401294165193 -3.1854898504093017 738.675861 646.971271
55.94401294165193 -3.1854898504093017 W 55.94401294165193 -3.185789850409302 738.675861 645.721271
55.94401294165193 -3.185789850409302 W 55.94401294165193 -3.186089850409302 738.675861 644.471271
55.94401294165193 -3.186089850409302 W 55.94401294165193 -3.1863898504093022 738.675861 643.221271
55.94401294165193 -3.1863898504093022 W 55.94401294165193 -3.1866898504093024 770.337564 721.542637
55.94401294165193 -3.1866898504093024 W 55.94401294165193 -3.1869898504093026 770.337564 720.292637
55.94401294165193 -3.1869898504093026 W 55.94401294165193 -3.187289850409303 770.337564 719.042637
55.94401294165193 -3.187289850409303 W 55.94401294165193 -3.187589850409303 770.337564 717.792637
55.94401294165193 -3.187589850409303 W 55.94401294165193 -3.187889850409303 770.337564 716.542637
55.94401294165193 -3.187889850409303 W 55.94401294165193 -3.1881898504093034 744.395156 705.124155
55.94401294165193 -3.1881898504093034 W 55.94401294165193 -3.1884898504093035 744.395156 703.874155
55.94401294165193 -3.1884898504093035 W 55.94401294165193 -3.1887898504093037 744.395156 702.624155
55.94401294165193 -3.1887898504093037 W 55.94401294165193 -3.189089850409304 744.395156 701.374155
55.94401294165193 -3.189089850409304 W 55.94401294165193 -3.189389850409304 744.395156 700.124155
55.94401294165193 -3.189389850409304 WNW 55.94412774668164 -3.1896670142690575 744.395156 698.874155
55.94412774668164 -3.1896670142690575 W 55.94412774668164 -3.1899670142690577 744.395156 697.624155
55.94412774668164 -3.1899670142690577 WNW 55.94424255171135 -3.190244178128811 744.395156 696.374155
55.94424255171135 -3.190244178128811 W 55.94424255171135 -3.1905441781288113 744.395156 695.124155
55.94424255171135 -3.1905441781288113 WNW 55.94435735674106 -3.1908213419885647 766.689270 704.932719
55.94435735674106 -3.1908213419885647 W 55.94435735674106 -3.191121341988565 766.689270 703.682719
55.94435735674106 -3.191121341988565 WNW 55.94447216177077 -3.1913985058483183 766.689270 702.432719
55.94447216177077 -3.1913985058483183 E 55.94447216177077 -3.191098505848318 858.784123 706.277883
55.94447216177077 -3.191098505848318 E 55.94447216177077 -3.190798505848318 858.784123 705.027883
55.94447216177077 -3.190798505848318 E 55.94447216177077 -3.1904985058483177 858.784123 703.777883
55.94447216177077 -3.1904985058483177 E 55.94447216177077 -3.1901985058483175 858.784123 702.527883
55.94447216177077 -3.1901985058483175 E 55.94447216177077 -3.1898985058483174 869.561625 763.020105
55.94447216177077 -3.1898985058483174 E 55.94447216177077 -3.189598505848317 869.561625 761.770105
55.94447216177077 -3.189598505848317 E 55.94447216177077 -3.189298505848317 965.643700 795.105190
55.94447216177077 -3.189298505848317 E 55.94447216177077 -3.188998505848317 965.643700 793.855190
55.94447216177077 -3.188998505848317 E 55.94447216177077 -3.1886985058483166 941.815977 768.709256
55.94447216177077 -3.1886985058483166 E 55.94447216177077 -3.1883985058483164 941.815977 767.459256
55.94447216177077 -3.1883985058483164 E 55.94447216177077 -3.188098505848316 941.815977 766.209256
55.94447216177077 -3.188098505848316 E 55.94447216177077 -3.187798505848316 941.815977 764.959256
55.94447216177077 -3.187798505848316 E 55.94447216177077 -3.187498505848316 941.815977 763.709256
55.94447216177077 -3.187498505848316 ENE 55.94458696680048 -3.1872213419885624 941.815977 762.459256
55.94458696680048 -3.1872213419885624 E 55.94458696680048 -3.1869213419885623 941.815977 761.209256
55.94458696680048 -3.1869213419885623 ENE 55.94470177183019 -3.186644178128809 941.815977 759.959256
55.94470177183019 -3.186644178128809 E 55.94470177183019 -3.1863441781288087 941.815977 758.709256
55.94470177183019 -3.1863441781288087 ENE 55.9448165768599 -3.1860670142690553 941.815977 757.459256
55.9448165768599 -3.1860670142690553 E 55.9448165768599 -3.185767014269055 941.815977 756.209256
55.9448165768599 -3.185767014269055 ENE 55.94493138188961 -3.1854898504093017 941.815977 754.959256
55.94493138188961 -3.1854898504093017 E 55.94493138188961 -3.1851898504093015 941.815977 753.709256
55.94493138188961 -3.1851898504093015 ENE 55.94504618691932 -3.184912686549548 941.815977 752.459256
55.94504618691932 -3.184912686549548 WSW 55.94493138188961 -3.1851898504093015 974.608839 838.319259
55.94493138188961 -3.1851898504093015 WSW 55.9448165768599 -3.185467014269055 974.608839 837.069259
55.9448165768599 -3.185467014269055 WSW 55.94470177183019 -3.1857441781288083 974.608839 835.819259
55.94470177183019 -3.1857441781288083 WSW 55.94458696680048 -3.1860213419885617 974.608839 834.569259
55.94458696680048 -3.1860213419885617 WSW 55.94447216177077 -3.186298505848315 974.608839 833.319259
55.94447216177077 -3.186298505848315 WSW 55.94435735674106 -3.1865756697080685 974.608839 832.069259
55.94435735674106 -3.1865756697080685 WSW 55.94424255171135 -3.186852833567822 970.161990 726.570326
55.94424255171135 -3.186852833567822 WSW 55.94412774668164 -3.1871299974275753 970.161990 725.320326
55.94412774668164 -3.1871299974275753 WSW 55.94401294165193 -3.1874071612873287 970.161990 724.070326
55.94401294165193 -3.1874071612873287 WSW 55.94389813662222 -3.187684325147082 970.161990 722.820326
55.94389813662222 -3.187684325147082 WSW 55.943783331592506 -3.1879614890068355 970.161990 721.570326
55.943783331592506 -3.1879614890068355 WSW 55.943668526562796 -3.188238652866589 970.161990 720.320326
55.943668526562796 -3.188238652866589 WSW 55.943553721533085 -3.1885158167263423 970.161990 719.070326
55.943553721533085 -3.1885158167263423 WSW 55.943438916503375 -3.1887929805860957 970.161990 717.820326
55.943438916503375 -3.1887929805860957 WSW 55.943324111473665 -3.189070144445849 970.161990 716.570326
55.943324111473665 -3.189070144445849 WSW 55.943209306443954 -3.1893473083056025 1026.800550 798.982368
55.943209306443954 -3.1893473083056025 WSW 55.943094501414244 -3.189624472165356 1026.800550 797.732368
55.943094501414244 -3.189624472165356 WSW 55.94297969638453 -3.1899016360251093 1026.800550 796.482368
55.94297969638453 -3.1899016360251093 WSW 55.94286489135482 -3.1901787998848627 981.405089 780.535747
55.94286489135482 -3.1901787998848627 W 55.94286489135482 -3.190478799884863 981.405089 779.285747
55.94286489135482 -3.190478799884863 WSW 55.94275008632511 -3.1907559637446163 981.405089 778.035747
55.94275008632511 -3.1907559637446163 W 55.94275008632511 -3.1910559637446165 981.405089 776.785747
55.94275008632511 -3.1910559637446165 SW 55.942537954290756 -3.1912680957789723 1059.060507 859.027626
55.942537954290756 -3.1912680957789723 NE 55.94275008632511 -3.1910559637446165 1059.060507 857.777626
55.94275008632511 -3.1910559637446165 NNE 55.94302725018487 -3.190941158714907 1059.060507 856.527626
55.94302725018487 -3.190941158714907 NNE 55.943304414044626 -3.1908263536851975 1059.060507 855.277626
55.943304414044626 -3.1908263536851975 NNE 55.94358157790438 -3.190711548655488 1059.060507 854.027626
55.94358157790438 -3.190711548655488 NNE 55.94385874176414 -3.1905967436257785 1059.060507 852.777626
55.94385874176414 -3.1905967436257785 NNE 55.944135905623895 -3.190481938596069 1059.060507 851.527626
55.944135905623895 -3.190481938596069 NNE 55.94441306948365 -3.1903671335663595 1059.060507 850.277626
55.94441306948365 -3.1903671335663595 WNW 55.94452787451336 -3.190644297426113 1119.858232 885.545734
55.94452787451336 -3.190644297426113 WNW 55.94464267954307 -3.1909214612858663 1119.858232 884.295734
55.94464267954307 -3.1909214612858663 WNW 55.94475748457278 -3.1911986251456197 1119.858232 883.045734
55.94475748457278 -3.1911986251456197 WNW 55.94487228960249 -3.191475789005373 1119.858232 881.795734
55.94487228960249 -3.191475789005373 WNW 55.944987094632204 -3.1917529528651265 1119.858232 880.545734
55.944987094632204 -3.1917529528651265 WNW 55.945101899661914 -3.19203011672488 1119.858232 879.295734
55.945101899661914 -3.19203011672488 WNW 55.945216704691624 -3.1923072805846333 1119.858232 878.045734
55.945216704691624 -3.1923072805846333 E 55.945216704691624 -3.192007280584633 1205.284408 914.809531
55.945216704691624 -3.192007280584633 E 55.945216704691624 -3.191707280584633 1205.284408 913.559531
55.945216704691624 -3.191707280584633 E 55.945216704691624 -3.1914072805846327 1205.284408 912.309531
55.945216704691624 -3.1914072805846327 ENE 55.945331509721335 -3.1911301167248793 1205.284408 911.059531
55.945331509721335 -3.1911301167248793 E 55.945331509721335 -3.190830116724879 1205.284408 909.809531
55.945331509721335 -3.190830116724879 ENE 55.945446314751045 -3.1905529528651257 1205.284408 908.559531
55.945446314751045 -3.1905529528651257 E 55.945446314751045 -3.1902529528651256 1205.284408 907.309531
55.945446314751045 -3.1902529528651256 ENE 55.945561119780756 -3.189975789005372 1205.284408 906.059531
55.945561119780756 -3.189975789005372 E 55.945561119780756 -3.189675789005372 1205.284408 904.809531
55.945561119780756 -3.189675789005372 ENE 55.945675924810466 -3.1893986251456186 1205.284408 903.559531
55.945675924810466 -3.1893986251456186 E 55.945675924810466 -3.1890986251456184 1205.284408 902.309531
55.945675924810466 -3.1890986251456184 ESE 55.945561119780756 -3.188821461285865 1285.914896 1016.906009
55.945561119780756 -3.188821461285865 E 55.945561119780756 -3.1885214612858648 1307.808093 1116.644924
55.945561119780756 -3.1885214612858648 ENE 55.945675924810466 -3.1882442974261114 1307.808093 1115.394924
55.945675924810466 -3.1882442974261114 E 55.945675924810466 -3.187944297426111 1307.808093 1114.144924
55.945675924810466 -3.187944297426111 ENE 55.945790729840176 -3.187667133566358 1307.808093 1112.894924
55.945790729840176 -3.187667133566358 ESE 55.945675924810466 -3.1873899697066044 1318.642076 1194.214014
55.945675924810466 -3.1873899697066044 WSW 55.945561119780756 -3.187667133566358 1318.642076 1192.964014
55.945561119780756 -3.187667133566358 WSW 55.945446314751045 -3.187944297426111 1318.642076 1191.714014
55.945446314751045 -3.187944297426111 WSW 55.945331509721335 -3.1882214612858646 1318.642076 1190.464014
55.945331509721335 -3.1882214612858646 WSW 55.945216704691624 -3.188498625145618 1318.642076 1189.214014
55.945216704691624 -3.188498625145618 WSW 55.945101899661914 -3.1887757890053714 1318.642076 1187.964014
55.945101899661914 -3.1887757890053714 WSW 55.944987094632204 -3.189052952865125 1318.642076 1186.714014
55.944987094632204 -3.189052952865125 W 55.944987094632204 -3.189352952865125 1318.642076 1185.464014
55.944987094632204 -3.189352952865125 WSW 55.94487228960249 -3.1896301167248784 1318.642076 1184.214014
55.94487228960249 -3.1896301167248784 W 55.94487228960249 -3.1899301167248786 1318.642076 1182.964014
55.94487228960249 -3.1899301167248786 WSW 55.94475748457278 -3.190207280584632 1318.642076 1181.714014
55.94475748457278 -3.190207280584632 W 55.94475748457278 -3.190507280584632 1318.642076 1180.464014
55.94475748457278 -3.190507280584632 WSW 55.94464267954307 -3.1907844444443856 1318.642076 1179.214014
55.94464267954307 -3.1907844444443856 W 55.94464267954307 -3.1910844444443858 1318.642076 1177.964014
55.94464267954307 -3.1910844444443858 WSW 55.94452787451336 -3.191361608304139 1318.642076 1176.714014
55.94452787451336 -3.191361608304139 W 55.94452787451336 -3.1916616083041394 1318.642076 1175.464014
55.94452787451336 -3.1916616083041394 SE 55.944315742479006 -3.1914494762697836 1407.800822 1277.004819
55.944315742479006 -3.1914494762697836 SE 55.94410361044465 -3.191237344235428 1407.800822 1275.754819
55.94410361044465 -3.191237344235428 SE 55.94389147841029 -3.191025212201072 1407.800822 1274.504819
55.94389147841029 -3.191025212201072 SE 55.94367934637594 -3.1908130801667163 1407.800822 1273.254819
55.94367934637594 -3.1908130801667163 SE 55.94346721434158 -3.1906009481323605 1407.800822 1272.004819
55.94346721434158 -3.1906009481323605 SE 55.943255082307225 -3.1903888160980047 1407.800822 1270.754819
55.943255082307225 -3.1903888160980047 SE 55.94304295027287 -3.190176684063649 1407.800822 1269.504819
55.94304295027287 -3.190176684063649 SE 55.94283081823851 -3.189964552029293 1407.800822 1268.254819
55.94283081823851 -3.189964552029293 E 55.94283081823851 -3.189664552029293 1457.239255 1336.837542
55.94283081823851 -3.189664552029293 E 55.94283081823851 -3.189364552029293 1457.239255 1335.587542
55.94283081823851 -3.189364552029293 E 55.94283081823851 -3.1890645520292926 1457.239255 1334.337542
55.94283081823851 -3.1890645520292926 E 55.94283081823851 -3.1887645520292924 1457.239255 1333.087542
55.94283081823851 -3.1887645520292924 E 55.94283081823851 -3.1884645520292922 1457.239255 1331.837542
55.94283081823851 -3.1884645520292922 E 55.94283081823851 -3.188164552029292 1457.239255 1330.587542
55.94283081823851 -3.188164552029292 E 55.94283081823851 -3.187864552029292 1457.239255 1329.337542
55.94283081823851 -3.187864552029292 ESE 55.9427160132088 -3.1875873881695385 1457.239255 1328.087542
55.9427160132088 -3.1875873881695385 E 55.9427160132088 -3.1872873881695383 1457.239255 1326.837542
55.9427160132088 -3.1872873881695383 ESE 55.94260120817909 -3.187010224309785 1457.239255 1325.587542
55.94260120817909 -3.187010224309785 WNW 55.9427160132088 -3.1872873881695383 1481.265910 1441.434268
55.9427160132088 -3.1872873881695383 WNW 55.94283081823851 -3.1875645520292917 1481.265910 1440.184268
55.94283081823851 -3.1875645520292917 WNW 55.94294562326822 -3.187841715889045 1481.265910 1438.934268
55.94294562326822 -3.187841715889045 WNW 55.94306042829793 -3.1881188797487985 1481.265910 1437.684268
55.94306042829793 -3.1881188797487985 WNW 55.94317523332764 -3.188396043608552 1481.265910 1436.434268
55.94317523332764 -3.188396043608552 WNW 55.943290038357354 -3.1886732074683053 1481.265910 1435.184268
55.943290038357354 -3.1886732074683053 WNW 55.943404843387064 -3.1889503713280587 1481.265910 1433.934268
55.943404843387064 -3.1889503713280587 WNW 55.943519648416775 -3.189227535187812 1481.265910 1432.684268
55.943519648416775 -3.189227535187812 WNW 55.943634453446485 -3.1895046990475655 1481.265910 1431.434268
55.943634453446485 -3.1895046990475655 W 55.943634453446485 -3.1898046990475657 1481.265910 1430.184268
55.943634453446485 -3.1898046990475657 WNW 55.943749258476196 -3.190081862907319 1481.265910 1428.934268
55.943749258476196 -3.190081862907319 W 55.943749258476196 -3.1903818629073193 1481.265910 1427.684268
55.943749258476196 -3.1903818629073193 WNW 55.943864063505906 -3.1906590267670727 1481.265910 1426.434268
55.943864063505906 -3.1906590267670727 W 55.943864063505906 -3.190959026767073 1481.265910 1425.184268
55.943864063505906 -3.190959026767073 WNW 55.943978868535616 -3.1912361906268263 1481.265910 1423.934268
55.943978868535616 -3.1912361906268263 W 55.943978868535616 -3.1915361906268265 1525.579950 1428.297901
55.943978868535616 -3.1915361906268265 WNW 55.94409367356533 -3.19181335448658 1525.579950 1427.047901
55.94409367356533 -3.19181335448658 ESE 55.943978868535616 -3.1915361906268265 1541.235157 1466.561329
55.943978868535616 -3.1915361906268265 SE 55.94376673650126 -3.1913240585924707 1541.235157 1465.311329
55.94376673650126 -3.1913240585924707 E 55.94376673650126 -3.1910240585924705 1602.932668 1485.425873
55.94376673650126 -3.1910240585924705 S 55.94346673650126 -3.1910240585924705 1602.932668 1484.175873
55.94346673650126 -3.1910240585924705 SW 55.9432546044669 -3.1912361906268263 1534.479692 1478.976217
55.9432546044669 -3.1912361906268263 SSE 55.942977440607145 -3.1911213855971168 1534.479692 1477.726217
55.942977440607145 -3.1911213855971168 N 55.94327744060715 -3.1911213855971168 1534.479692 1476.476217
55.94327744060715 -3.1911213855971168 SE 55.94306530857279 -3.190909253562761 1534.479692 1475.226217
55.94306530857279 -3.190909253562761 S 55.94276530857279 -3.190909253562761 1534.479692 1473.976217
55.94276530857279 -3.190909253562761 ENE 55.9428801136025 -3.1906320897030076 1534.479692 1472.726217
55.9428801136025 -3.1906320897030076 NNE 55.943157277462255 -3.190517284673298 1534.479692 1471.476217
55.943157277462255 -3.190517284673298 WNW 55.943272082491966 -3.1907944485330515 1534.479692 1470.226217
55.943272082491966 -3.1907944485330515 NW 55.94348421452632 -3.1910065805674073 1534.479692 1468.976217
55.94348421452632 -3.1910065805674073 NNE 55.94376137838608 -3.1908917755376978 1534.479692 1467.726217
55.94376137838608 -3.1908917755376978 ENE 55.94387618341579 -3.1906146116779444 1534.479692 1466.476217
55.94387618341579 -3.1906146116779444 ENE 55.9439909884455 -3.190337447818191 1534.479692 1465.226217
55.9439909884455 -3.190337447818191 W 55.9439909884455 -3.190637447818191 1534.479692 1463.976217
55.9439909884455 -3.190637447818191 ENE 55.94410579347521 -3.1903602839584377 1534.479692 1462.726217
55.94410579347521 -3.1903602839584377 NW 55.944317925509566 -3.1905724159927935 1534.479692 1461.476217
55.944317925509566 -3.1905724159927935 WSW 55.944203120479855 -3.190849579852547 1534.479692 1460.226217
55.944203120479855 -3.190849579852547 SSW 55.9439259566201 -3.1909643848822564 1534.479692 1458.976217
55.9439259566201 -3.1909643848822564 SE 55.94371382458574 -3.1907522528479006 1534.479692 1457.726217
55.94371382458574 -3.1907522528479006 ENE 55.94382862961545 -3.1904750889881472 1534.479692 1456.476217
55.94382862961545 -3.1904750889881472 SW 55.9436164975811 -3.190687221022503 1534.479692 1455.226217
55.9436164975811 -3.190687221022503 SSW 55.94333933372134 -3.1908020260522125 1534.479692 1453.976217
55.94333933372134 -3.1908020260522125 ENE 55.94345413875105 -3.190524862192459 1534.479692 1452.726217
55.94345413875105 -3.190524862192459 WSW 55.94333933372134 -3.1908020260522125 1534.479692 1451.476217
