55.944425 -3.188396 ENE 55.94453980502971 -3.1881188361402466 0.000000 248.750000
55.94453980502971 -3.1881188361402466 ENE 55.94465461005942 -3.187841672280493 0.000000 247.500000
55.94465461005942 -3.187841672280493 ENE 55.944769415089134 -3.18756450842074 0.000000 246.250000
55.944769415089134 -3.18756450842074 ENE 55.944884220118844 -3.1872873445609864 0.000000 245.000000
55.944884220118844 -3.1872873445609864 ENE 55.944999025148554 -3.187010180701233 49.270928 256.824749
55.944999025148554 -3.187010180701233 ENE 55.945113830178265 -3.1867330168414796 0.000000 131.704170
55.945113830178265 -3.1867330168414796 ENE 55.945228635207975 -3.186455852981726 0.000000 130.454170
55.945228635207975 -3.186455852981726 ENE 55.945343440237686 -3.1861786891219728 0.000000 129.204170
55.945343440237686 -3.1861786891219728 ENE 55.945458245267396 -3.1859015252622194 0.000000 127.954170
55.945458245267396 -3.1859015252622194 S 55.94515824526739 -3.1859015252622194 113.887452 161.557950
55.94515824526739 -3.1859015252622194 S 55.94485824526739 -3.1859015252622194 220.206845 177.434411
55.94485824526739 -3.1859015252622194 S 55.94455824526739 -3.1859015252622194 235.925669 269.476424
55.94455824526739 -3.1859015252622194 SSE 55.94428108140763 -3.18578672023251 235.925669 268.226424
55.94428108140763 -3.18578672023251 S 55.94398108140763 -3.18578672023251 235.925669 266.976424
55.94398108140763 -3.18578672023251 SSE 55.94370391754787 -3.1856719152028004 235.925669 265.726424
55.94370391754787 -3.1856719152028004 S 55.94340391754787 -3.1856719152028004 313.140754 273.632146
55.94340391754787 -3.1856719152028004 SSE 55.94312675368811 -3.185557110173091 313.140754 272.382146
55.94312675368811 -3.185557110173091 WNW 55.94324155871782 -3.1858342740328442 348.280399 331.473396
55.94324155871782 -3.1858342740328442 WNW 55.94335636374753 -3.1861114378925977 348.280399 330.223396
55.94335636374753 -3.1861114378925977 WNW 55.94347116877724 -3.186388601752351 348.280399 328.973396
55.94347116877724 -3.186388601752351 WNW 55.943585973806954 -3.1866657656121045 348.280399 327.723396
55.943585973806954 -3.1866657656121045 WNW 55.943700778836664 -3.186942929471858 348.280399 326.473396
55.943700778836664 -3.186942929471858 WNW 55.943815583866375 -3.1872200933316113 343.453795 266.180123
55.943815583866375 -3.1872200933316113 WNW 55.943930388896085 -3.1874972571913647 343.453795 264.930123
55.943930388896085 -3.1874972571913647 WNW 55.944045193925795 -3.187774421051118 343.453795 263.680123
55.944045193925795 -3.187774421051118 WNW 55.944159998955506 -3.1880515849108715 343.453795 262.430123
55.944159998955506 -3.1880515849108715 WNW 55.944274803985216 -3.188328748770625 317.511386 251.011641
55.944274803985216 -3.188328748770625 WNW 55.94438960901493 -3.1886059126303783 317.511386 249.761641
55.94438960901493 -3.1886059126303783 WNW 55.94450441404464 -3.1888830764901317 293.683664 224.615706
55.94450441404464 -3.1888830764901317 WNW 55.94461921907435 -3.189160240349885 293.683664 223.365706
55.94461921907435 -3.189160240349885 WNW 55.94473402410406 -3.1894374042096385 293.683664 222.115706
55.94473402410406 -3.1894374042096385 WNW 55.94484882913377 -3.189714568069392 293.683664 220.865706
55.94484882913377 -3.189714568069392 WNW 55.94496363416348 -3.1899917319291453 389.765739 254.200792
55.94496363416348 -3.1899917319291453 WNW 55.94507843919319 -3.1902688957888987 389.765739 252.950792
55.94507843919319 -3.1902688957888987 WNW 55.9451932442229 -3.190546059648652 505.538120 337.757987
55.9451932442229 -3.190546059648652 W 55.9451932442229 -3.1908460596486523 505.538120 336.507987
55.9451932442229 -3.1908460596486523 WNW 55.94530804925261 -3.1911232235084057 505.538120 335.257987
55.94530804925261 -3.1911232235084057 ESE 55.9451932442229 -3.1908460596486523 569.468047 451.887597
55.9451932442229 -3.1908460596486523 ESE 55.94507843919319 -3.190568895788899 569.468047 450.637597
55.94507843919319 -3.190568895788899 ESE 55.94496363416348 -3.1902917319291455 569.468047 449.387597
55.94496363416348 -3.1902917319291455 ESE 55.94484882913377 -3.190014568069392 569.468047 448.137597
55.94484882913377 -3.190014568069392 E 55.94484882913377 -3.189714568069392 569.468047 446.887597
55.94484882913377 -3.189714568069392 ESE 55.94473402410406 -3.1894374042096385 569.468047 445.637597
55.94473402410406 -3.1894374042096385 E 55.94473402410406 -3.1891374042096383 569.468047 444.387597
55.94473402410406 -3.1891374042096383 ESE 55.94461921907435 -3.188860240349885 569.468047 443.137597
55.94461921907435 -3.188860240349885 E 55.94461921907435 -3.1885602403498847 569.468047 441.887597
55.94461921907435 -3.1885602403498847 ESE 55.94450441404464 -3.1882830764901313 569.468047 440.637597
55.94450441404464 -3.1882830764901313 E 55.94450441404464 -3.187983076490131 569.468047 439.387597
55.94450441404464 -3.187983076490131 ESE 55.94438960901493 -3.1877059126303777 569.468047 438.137597
55.94438960901493 -3.1877059126303777 E 55.94438960901493 -3.1874059126303775 569.468047 436.887597
55.94438960901493 -3.1874059126303775 ESE 55.944274803985216 -3.187128748770624 569.468047 435.637597
55.944274803985216 -3.187128748770624 E 55.944274803985216 -3.186828748770624 569.468047 434.387597
55.944274803985216 -3.186828748770624 ENE 55.94438960901493 -3.1865515849108705 680.077016 504.549108
55.94438960901493 -3.1865515849108705 ENE 55.94450441404464 -3.186274421051117 675.630167 399.050175
55.94450441404464 -3.186274421051117 ENE 55.94461921907435 -3.1859972571913637 675.630167 397.800175
55.94461921907435 -3.1859972571913637 ENE 55.94473402410406 -3.1857200933316103 675.630167 396.550175
55.94473402410406 -3.1857200933316103 ENE 55.94484882913377 -3.185442929471857 675.630167 395.300175
55.94484882913377 -3.185442929471857 ENE 55.94496363416348 -3.1851657656121035 675.630167 394.050175
55.94496363416348 -3.1851657656121035 ENE 55.94507843919319 -3.18488860175235 675.630167 392.800175
55.94507843919319 -3.18488860175235 WNW 55.9451932442229 -3.1851657656121035 708.423028 478.660179
55.9451932442229 -3.1851657656121035 WNW 55.94530804925261 -3.185442929471857 658.315427 358.880525
55.94530804925261 -3.185442929471857 WNW 55.94542285428232 -3.1857200933316103 658.315427 357.630525
55.94542285428232 -3.1857200933316103 W 55.94542285428232 -3.1860200933316105 658.315427 356.380525
55.94542285428232 -3.1860200933316105 WNW 55.94553765931203 -3.186297257191364 658.315427 355.130525
55.94553765931203 -3.186297257191364 W 55.94553765931203 -3.186597257191364 658.315427 353.880525
55.94553765931203 -3.186597257191364 WNW 55.94565246434174 -3.1868744210511175 567.657666 330.594827
55.94565246434174 -3.1868744210511175 W 55.94565246434174 -3.1871744210511177 567.657666 329.344827
55.94565246434174 -3.1871744210511177 WNW 55.94576726937145 -3.187451584910871 567.657666 328.094827
55.94576726937145 -3.187451584910871 W 55.94576726937145 -3.1877515849108713 578.491649 409.413917
55.94576726937145 -3.1877515849108713 W 55.94576726937145 -3.1880515849108715 578.491649 408.163917
55.94576726937145 -3.1880515849108715 W 55.94576726937145 -3.1883515849108717 578.491649 406.913917
55.94576726937145 -3.1883515849108717 WSW 55.94565246434174 -3.188628748770625 578.491649 405.663917
55.94565246434174 -3.188628748770625 SSW 55.945375300481984 -3.1887435538003346 600.384846 505.402832
55.945375300481984 -3.1887435538003346 SSW 55.94509813662223 -3.188858358830044 600.384846 504.152832
55.94509813662223 -3.188858358830044 SSW 55.94482097276247 -3.1889731638597536 567.249697 428.453414
55.94482097276247 -3.1889731638597536 SSW 55.944543808902715 -3.189087968889463 567.249697 427.203414
55.944543808902715 -3.189087968889463 SSW 55.94426664504296 -3.1892027739191726 567.249697 425.953414
55.94426664504296 -3.1892027739191726 SSW 55.9439894811832 -3.189317578948882 567.249697 424.703414
55.9439894811832 -3.189317578948882 SSW 55.943712317323445 -3.1894323839785916 567.249697 423.453414
55.943712317323445 -3.1894323839785916 SSW 55.94343515346369 -3.189547189008301 567.249697 422.203414
55.94343515346369 -3.189547189008301 SSW 55.94315798960393 -3.1896619940380107 567.249697 420.953414
55.94315798960393 -3.1896619940380107 SSW 55.942880825744176 -3.18977679906772 567.249697 419.703414
55.942880825744176 -3.18977679906772 ENE 55.942995630773886 -3.1894996352079668 616.688129 488.286137
55.942995630773886 -3.1894996352079668 ENE 55.9431104358036 -3.1892224713482134 616.688129 487.036137
55.9431104358036 -3.1892224713482134 ENE 55.94322524083331 -3.18894530748846 616.688129 485.786137
55.94322524083331 -3.18894530748846 ENE 55.94334004586302 -3.1886681436287065 673.326690 568.198178
55.94334004586302 -3.1886681436287065 ENE 55.94345485089273 -3.188390979768953 673.326690 566.948178
55.94345485089273 -3.188390979768953 ENE 55.94356965592244 -3.1881138159091997 673.326690 565.698178
55.94356965592244 -3.1881138159091997 ENE 55.94368446095215 -3.1878366520494463 673.326690 564.448178
55.94368446095215 -3.1878366520494463 ENE 55.94379926598186 -3.187559488189693 673.326690 563.198178
55.94379926598186 -3.187559488189693 ENE 55.94391407101157 -3.1872823243299395 673.326690 561.948178
55.94391407101157 -3.1872823243299395 ENE 55.94402887604128 -3.187005160470186 673.326690 560.698178
55.94402887604128 -3.187005160470186 NE 55.944241008075636 -3.1867930284358303 673.326690 559.448178
55.944241008075636 -3.1867930284358303 ENE 55.944355813105346 -3.186515864576077 673.326690 558.198178
55.944355813105346 -3.186515864576077 NE 55.9445679451397 -3.186303732541721 673.326690 556.948178
55.9445679451397 -3.186303732541721 ENE 55.94468275016941 -3.1860265686819678 673.326690 555.698178
55.94468275016941 -3.1860265686819678 NE 55.94489488220377 -3.185814436647612 673.326690 554.448178
55.94489488220377 -3.185814436647612 ENE 55.94500968723348 -3.1855372727878586 673.326690 553.198178
55.94500968723348 -3.1855372727878586 NE 55.945221819267836 -3.185325140753503 673.326690 551.948178
55.945221819267836 -3.185325140753503 ENE 55.945336624297546 -3.1850479768937494 673.326690 550.698178
55.945336624297546 -3.1850479768937494 NE 55.9455487563319 -3.1848358448593936 673.326690 549.448178
55.9455487563319 -3.1848358448593936 ENE 55.94566356136161 -3.1845586809996402 673.326690 548.198178
55.94566356136161 -3.1845586809996402 W 55.94566356136161 -3.1848586809996404 742.785204 663.032574
55.94566356136161 -3.1848586809996404 W 55.94566356136161 -3.1851586809996406 742.785204 661.782574
55.94566356136161 -3.1851586809996406 W 55.94566356136161 -3.185458680999641 742.785204 660.532574
55.94566356136161 -3.185458680999641 W 55.94566356136161 -3.185758680999641 742.785204 659.282574
55.94566356136161 -3.185758680999641 W 55.94566356136161 -3.186058680999641 742.785204 658.032574
55.94566356136161 -3.186058680999641 WSW 55.9455487563319 -3.1863358448593946 662.478006 571.051977
55.9455487563319 -3.1863358448593946 W 55.9455487563319 -3.1866358448593948 662.478006 569.801977
55.9455487563319 -3.1866358448593948 WSW 55.94543395130219 -3.186913008719148 662.478006 568.551977
55.94543395130219 -3.186913008719148 W 55.94543395130219 -3.1872130087191484 662.478006 567.301977
55.94543395130219 -3.1872130087191484 WSW 55.94531914627248 -3.1874901725789018 662.478006 566.051977
55.94531914627248 -3.1874901725789018 W 55.94531914627248 -3.187790172578902 662.478006 564.801977
55.94531914627248 -3.187790172578902 WSW 55.94520434124277 -3.1880673364386554 662.478006 563.551977
55.94520434124277 -3.1880673364386554 W 55.94520434124277 -3.1883673364386556 662.478006 562.301977
55.94520434124277 -3.1883673364386556 WSW 55.94508953621306 -3.188644500298409 662.478006 561.051977
55.94508953621306 -3.188644500298409 W 55.94508953621306 -3.188944500298409 662.478006 559.801977
55.94508953621306 -3.188944500298409 WSW 55.94497473118335 -3.1892216641581626 662.478006 558.551977
55.94497473118335 -3.1892216641581626 W 55.94497473118335 -3.1895216641581627 662.478006 557.301977
55.94497473118335 -3.1895216641581627 WSW 55.94485992615364 -3.189798828017916 662.478006 556.051977
55.94485992615364 -3.189798828017916 W 55.94485992615364 -3.1900988280179163 662.478006 554.801977
55.94485992615364 -3.1900988280179163 WSW 55.94474512112393 -3.1903759918776697 662.478006 553.551977
55.94474512112393 -3.1903759918776697 W 55.94474512112393 -3.19067599187767 723.275731 588.820086
55.94474512112393 -3.19067599187767 WSW 55.94463031609422 -3.1909531557374233 723.275731 587.570086
55.94463031609422 -3.1909531557374233 W 55.94463031609422 -3.1912531557374235 723.275731 586.320086
55.94463031609422 -3.1912531557374235 WSW 55.94451551106451 -3.191530319597177 723.275731 585.070086
55.94451551106451 -3.191530319597177 ESE 55.9444007060348 -3.1912531557374235 815.370584 588.915249
55.9444007060348 -3.1912531557374235 ESE 55.94428590100509 -3.19097599187767 815.370584 587.665249
55.94428590100509 -3.19097599187767 ESE 55.94417109597538 -3.1906988280179167 815.370584 586.415249
55.94417109597538 -3.1906988280179167 ESE 55.94405629094567 -3.1904216641581633 815.370584 585.165249
55.94405629094567 -3.1904216641581633 ESE 55.94394148591596 -3.19014450029841 837.664698 594.973813
55.94394148591596 -3.19014450029841 ESE 55.94382668088625 -3.1898673364386565 837.664698 593.723813
55.94382668088625 -3.1898673364386565 ESE 55.943711875856536 -3.189590172578903 837.664698 592.473813
55.943711875856536 -3.189590172578903 ESE 55.943597070826826 -3.1893130087191497 837.664698 591.223813
55.943597070826826 -3.1893130087191497 ESE 55.943482265797115 -3.1890358448593963 837.664698 589.973813
55.943482265797115 -3.1890358448593963 ESE 55.943367460767405 -3.188758680999643 837.664698 588.723813
55.943367460767405 -3.188758680999643 ESE 55.943252655737695 -3.1884815171398895 837.664698 587.473813
55.943252655737695 -3.1884815171398895 ESE 55.943137850707984 -3.188204353280136 837.664698 586.223813
55.943137850707984 -3.188204353280136 ESE 55.943023045678274 -3.1879271894203827 837.664698 584.973813
55.943023045678274 -3.1879271894203827 ESE 55.94290824064856 -3.1876500255606293 837.664698 583.723813
55.94290824064856 -3.1876500255606293 ESE 55.94279343561885 -3.187372861700876 837.664698 582.473813
55.94279343561885 -3.187372861700876 ESE 55.94267863058914 -3.1870956978411225 837.664698 581.223813
55.94267863058914 -3.1870956978411225 ENE 55.94279343561885 -3.186818533981369 861.691353 697.070539
55.94279343561885 -3.186818533981369 ENE 55.94290824064856 -3.1865413701216156 861.691353 695.820539
55.94290824064856 -3.1865413701216156 ENE 55.943023045678274 -3.1862642062618622 830.224523 634.922869
55.943023045678274 -3.1862642062618622 ENE 55.943137850707984 -3.185987042402109 830.224523 633.672869
55.943137850707984 -3.185987042402109 ENE 55.943252655737695 -3.1857098785423554 830.224523 632.422869
55.943252655737695 -3.1857098785423554 ENE 55.943367460767405 -3.185432714682602 830.224523 631.172869
55.943367460767405 -3.185432714682602 NE 55.94357959280176 -3.1852205826482463 830.224523 629.922869
55.94357959280176 -3.1852205826482463 ENE 55.94369439783147 -3.184943418788493 830.224523 628.672869
55.94369439783147 -3.184943418788493 NE 55.94390652986583 -3.184731286754137 830.224523 627.422869
55.94390652986583 -3.184731286754137 W 55.94390652986583 -3.1850312867541373 916.100321 702.187585
55.94390652986583 -3.1850312867541373 W 55.94390652986583 -3.1853312867541375 916.100321 700.937585
55.94390652986583 -3.1853312867541375 W 55.94390652986583 -3.1856312867541376 916.100321 699.687585
55.94390652986583 -3.1856312867541376 W 55.94390652986583 -3.185931286754138 916.100321 698.437585
55.94390652986583 -3.185931286754138 W 55.94390652986583 -3.186231286754138 916.100321 697.187585
55.94390652986583 -3.186231286754138 W 55.94390652986583 -3.186531286754138 947.762024 775.508951
55.94390652986583 -3.186531286754138 W 55.94390652986583 -3.1868312867541384 947.762024 774.258951
55.94390652986583 -3.1868312867541384 W 55.94390652986583 -3.1871312867541386 947.762024 773.008951
55.94390652986583 -3.1871312867541386 W 55.94390652986583 -3.187431286754139 947.762024 771.758951
55.94390652986583 -3.187431286754139 W 55.94390652986583 -3.187731286754139 947.762024 770.508951
55.94390652986583 -3.187731286754139 WNW 55.94402133489554 -3.1880084506138924 947.762024 769.258951
55.94402133489554 -3.1880084506138924 WSW 55.94390652986583 -3.188285614473646 947.762024 768.008951
55.94390652986583 -3.188285614473646 WSW 55.94379172483612 -3.188562778333399 1021.131411 844.087788
55.94379172483612 -3.188562778333399 WSW 55.94367691980641 -3.1888399421931526 1021.131411 842.837788
55.94367691980641 -3.1888399421931526 WSW 55.9435621147767 -3.189117106052906 1021.131411 841.587788
55.9435621147767 -3.189117106052906 WSW 55.943447309746986 -3.1893942699126594 1021.131411 840.337788
55.943447309746986 -3.1893942699126594 WSW 55.943332504717276 -3.189671433772413 1021.131411 839.087788
55.943332504717276 -3.189671433772413 WSW 55.943217699687565 -3.189948597632166 1021.131411 837.837788
55.943217699687565 -3.189948597632166 WSW 55.943102894657855 -3.1902257614919196 975.735951 821.891167
55.943102894657855 -3.1902257614919196 WSW 55.942988089628145 -3.190502925351673 975.735951 820.641167
55.942988089628145 -3.190502925351673 WSW 55.942873284598434 -3.1907800892114264 975.735951 819.391167
55.942873284598434 -3.1907800892114264 WSW 55.942758479568724 -3.19105725307118 975.735951 818.141167
55.942758479568724 -3.19105725307118 NNE 55.94303564342848 -3.1909424480414703 1053.391368 900.383046
55.94303564342848 -3.1909424480414703 NNE 55.94331280728824 -3.190827643011761 1053.391368 899.133046
55.94331280728824 -3.190827643011761 NNE 55.94358997114799 -3.1907128379820513 1053.391368 897.883046
55.94358997114799 -3.1907128379820513 NE 55.94380210318235 -3.1905007059476955 1053.391368 896.633046
55.94380210318235 -3.1905007059476955 NNE 55.944079267042106 -3.190385900917986 1053.391368 895.383046
55.944079267042106 -3.190385900917986 NE 55.94429139907646 -3.1901737688836302 1053.391368 894.133046
55.94429139907646 -3.1901737688836302 NNE 55.94456856293622 -3.1900589638539207 1053.391368 892.883046
55.94456856293622 -3.1900589638539207 WNW 55.94468336796593 -3.190336127713674 1064.168870 953.375268
55.94468336796593 -3.190336127713674 WNW 55.94479817299564 -3.1906132915734275 1064.168870 952.125268
55.94479817299564 -3.1906132915734275 WNW 55.94491297802535 -3.190890455433181 1064.168870 950.875268
55.94491297802535 -3.190890455433181 WNW 55.94502778305506 -3.1911676192929344 1064.168870 949.625268
55.94502778305506 -3.1911676192929344 W 55.94502778305506 -3.1914676192929345 1064.168870 948.375268
55.94502778305506 -3.1914676192929345 WNW 55.94514258808477 -3.191744783152688 1064.168870 947.125268
55.94514258808477 -3.191744783152688 W 55.94514258808477 -3.192044783152688 1064.168870 945.875268
55.94514258808477 -3.192044783152688 WNW 55.94525739311448 -3.1923219470124415 1064.168870 944.625268
55.94525739311448 -3.1923219470124415 E 55.94525739311448 -3.1920219470124414 1149.595047 981.389065
55.94525739311448 -3.1920219470124414 E 55.94525739311448 -3.191721947012441 1149.595047 980.139065
55.94525739311448 -3.191721947012441 E 55.94525739311448 -3.191421947012441 1149.595047 978.889065
55.94525739311448 -3.191421947012441 E 55.94525739311448 -3.191121947012441 1149.595047 977.639065
55.94525739311448 -3.191121947012441 ENE 55.94537219814419 -3.1908447831526874 1149.595047 976.389065
55.94537219814419 -3.1908447831526874 E 55.94537219814419 -3.190544783152687 1149.595047 975.139065
55.94537219814419 -3.190544783152687 ENE 55.9454870031739 -3.190267619292934 1149.595047 973.889065
55.9454870031739 -3.190267619292934 E 55.9454870031739 -3.1899676192929336 1149.595047 972.639065
55.9454870031739 -3.1899676192929336 ENE 55.94560180820361 -3.18969045543318 1149.595047 971.389065
55.94560180820361 -3.18969045543318 E 55.94560180820361 -3.18939045543318 1149.595047 970.139065
55.94560180820361 -3.18939045543318 ENE 55.94571661323332 -3.1891132915734266 1149.595047 968.889065
55.94571661323332 -3.1891132915734266 WSW 55.94560180820361 -3.18939045543318 1230.225535 1083.485542
55.94560180820361 -3.18939045543318 WSW 55.9454870031739 -3.1896676192929334 1230.225535 1082.235542
55.9454870031739 -3.1896676192929334 WSW 55.94537219814419 -3.189944783152687 1230.225535 1080.985542
55.94537219814419 -3.189944783152687 WSW 55.94525739311448 -3.19022194701244 1230.225535 1079.735542
55.94525739311448 -3.19022194701244 WSW 55.94514258808477 -3.1904991108721936 1230.225535 1078.485542
55.94514258808477 -3.1904991108721936 WSW 55.94502778305506 -3.190776274731947 1230.225535 1077.235542
55.94502778305506 -3.190776274731947 WSW 55.94491297802535 -3.1910534385917004 1230.225535 1075.985542
55.94491297802535 -3.1910534385917004 WSW 55.94479817299564 -3.191330602451454 1230.225535 1074.735542
55.94479817299564 -3.191330602451454 SW 55.94458604096128 -3.1915427344858096 1230.225535 1073.485542
55.94458604096128 -3.1915427344858096 SSE 55.94430887710153 -3.1914279294561 1230.225535 1072.235542
55.94430887710153 -3.1914279294561 SSE 55.94403171324177 -3.1913131244263906 1230.225535 1070.985542
55.94403171324177 -3.1913131244263906 SSE 55.943754549382014 -3.191198319396681 1274.539575 1075.349176
55.943754549382014 -3.191198319396681 WNW 55.943869354411724 -3.1914754832564345 1336.237086 1095.463720
55.943869354411724 -3.1914754832564345 NW 55.94408148644608 -3.1916876152907903 1336.237086 1094.213720
55.94408148644608 -3.1916876152907903 SW 55.943869354411724 -3.191899747325146 1351.892293 1133.727148
55.943869354411724 -3.191899747325146 NE 55.94408148644608 -3.1916876152907903 1351.892293 1132.477148
55.94408148644608 -3.1916876152907903 N 55.94438148644608 -3.1916876152907903 1351.892293 1131.227148
55.94438148644608 -3.1916876152907903 NNE 55.94465865030584 -3.1915728102610808 1441.051039 1232.767952
55.94465865030584 -3.1915728102610808 ESE 55.94454384527613 -3.1912956464013273 1441.051039 1231.517952
55.94454384527613 -3.1912956464013273 N 55.94484384527613 -3.1912956464013273 1441.051039 1230.267952
55.94484384527613 -3.1912956464013273 N 55.945143845276135 -3.1912956464013273 1441.051039 1229.017952
55.945143845276135 -3.1912956464013273 S 55.94484384527613 -3.1912956464013273 1441.051039 1227.767952
55.94484384527613 -3.1912956464013273 NW 55.94505597731049 -3.191507778435683 1441.051039 1226.517952
55.94505597731049 -3.191507778435683 ESE 55.94494117228078 -3.1912306145759297 1441.051039 1225.267952
55.94494117228078 -3.1912306145759297 NE 55.945153304315134 -3.191018482541574 1441.051039 1224.017952
55.945153304315134 -3.191018482541574 SSW 55.94487614045538 -3.1911332875712835 1441.051039 1222.767952
55.94487614045538 -3.1911332875712835 NNW 55.945153304315134 -3.191248092600993 1441.051039 1221.517952
55.945153304315134 -3.191248092600993 NW 55.94536543634949 -3.1914602246353487 1441.051039 1220.267952
55.94536543634949 -3.1914602246353487 NNW 55.94564260020925 -3.1915750296650582 1441.051039 1219.017952
55.94564260020925 -3.1915750296650582 SE 55.94543046817489 -3.1913628976307025 1441.051039 1217.767952
55.94543046817489 -3.1913628976307025 W 55.94543046817489 -3.1916628976307027 1441.051039 1216.517952
55.94543046817489 -3.1916628976307027 NNW 55.94570763203465 -3.191777702660412 1441.051039 1215.267952
55.94570763203465 -3.191777702660412 W 55.94570763203465 -3.1920777026604124 1330.099335 1182.992561
55.94570763203465 -3.1920777026604124 W 55.94570763203465 -3.1923777026604125 1330.099335 1181.742561
55.94570763203465 -3.1923777026604125 W 55.94570763203465 -3.1926777026604127 1330.099335 1180.492561
55.94570763203465 -3.1926777026604127 WSW 55.94559282700494 -3.192954866520166 1330.099335 1179.242561
55.94559282700494 -3.192954866520166 N 55.94589282700494 -3.192954866520166 1330.099335 1177.992561
55.94589282700494 -3.192954866520166 WNW 55.94600763203465 -3.1932320303799195 1330.099335 1176.742561
55.94600763203465 -3.1932320303799195 SSE 55.945730468174894 -3.19311722535021 1330.099335 1175.492561
55.945730468174894 -3.19311722535021 NNE 55.94600763203465 -3.1930024203205005 1330.099335 1174.242561
55.94600763203465 -3.1930024203205005 N 55.94630763203465 -3.1930024203205005 1330.099335 1172.992561
55.94630763203465 -3.1930024203205005 SSW 55.9460304681749 -3.19311722535021 1330.099335 1171.742561
55.9460304681749 -3.19311722535021 NW 55.94624260020925 -3.193329357384566 1330.099335 1170.492561
55.94624260020925 -3.193329357384566 NE 55.94645473224361 -3.19311722535021 1330.099335 1169.242561
55.94645473224361 -3.19311722535021 N 55.94675473224361 -3.19311722535021 1330.099335 1167.992561
55.94675473224361 -3.19311722535021 NNW 55.94703189610337 -3.1932320303799195 1330.099335 1166.742561
55.94703189610337 -3.1932320303799195 SSW 55.94675473224361 -3.193346835409629 1330.099335 1165.492561
55.94675473224361 -3.193346835409629 SW 55.946542600209256 -3.193558967443985 1330.099335 1164.242561
55.946542600209256 -3.193558967443985 NW 55.94675473224361 -3.1937710994783406 1330.099335 1162.992561
55.94675473224361 -3.1937710994783406 SW 55.946542600209256 -3.1939832315126964 1330.099335 1161.742561
55.946542600209256 -3.1939832315126964 WSW 55.946427795179545 -3.1942603953724498 1330.099335 1160.492561
