55.944425 -3.188396 ENE 55.94453980502971 -3.1881188361402466 0.000000 248.750000
55.94453980502971 -3.1881188361402466 ENE 55.94465461005942 -3.187841672280493 0.000000 247.500000
55.94465461005942 -3.187841672280493 ENE 55.944769415089134 -3.18756450842074 0.000000 246.250000
55.944769415089134 -3.18756450842074 ENE 55.944884220118844 -3.1872873445609864 0.000000 245.000000
55.944884220118844 -3.1872873445609864 ENE 55.944999025148554 -3.187010180701233 49.270928 256.824749
55.944999025148554 -3.187010180701233 ENE 55.945113830178265 -3.1867330168414796 0.000000 131.704170
55.945113830178265 -3.1867330168414796 ENE 55.945228635207975 -3.186455852981726 0.000000 130.454170
55.945228635207975 -3.186455852981726 ENE 55.945343440237686 -3.1861786891219728 0.000000 129.204170
55.945343440237686 -3.1861786891219728 ENE 55.945458245267396 -3.1859015252622194 0.000000 127.954170
55.945458245267396 -3.1859015252622194 S 55.94515824526739 -3.1859015252622194 113.887452 161.557950
55.94515824526739 -3.1859015252622194 S 55.94485824526739 -3.1859015252622194 220.206845 177.434411
55.94485824526739 -3.1859015252622194 S 55.94455824526739 -3.1859015252622194 235.925669 269.476424
55.94455824526739 -3.1859015252622194 SSE 55.94428108140763 -3.18578672023251 235.925669 268.226424
55.94428108140763 -3.18578672023251 S 55.94398108140763 -3.18578672023251 235.925669 266.976424
55.94398108140763 -3.18578672023251 SSE 55.94370391754787 -3.1856719152028004 235.925669 265.726424
55.94370391754787 -3.1856719152028004 S 55.94340391754787 -3.1856719152028004 313.140754 273.632146
55.94340391754787 -3.1856719152028004 SSE 55.94312675368811 -3.185557110173091 313.140754 272.382146
55.94312675368811 -3.185557110173091 W 55.94312675368811 -3.185857110173091 348.280399 331.473396
55.94312675368811 -3.185857110173091 W 55.94312675368811 -3.1861571101730912 348.280399 330.223396
55.94312675368811 -3.1861571101730912 W 55.94312675368811 -3.1864571101730914 348.280399 328.973396
55.94312675368811 -3.1864571101730914 W 55.94312675368811 -3.1867571101730916 348.280399 327.723396
55.94312675368811 -3.1867571101730916 W 55.94312675368811 -3.187057110173092 348.280399 326.473396
55.94312675368811 -3.187057110173092 W 55.94312675368811 -3.187357110173092 348.280399 325.223396
55.94312675368811 -3.187357110173092 W 55.94312675368811 -3.187657110173092 348.280399 323.973396
55.94312675368811 -3.187657110173092 WNW 55.94324155871782 -3.1879342740328456 348.280399 322.723396
55.94324155871782 -3.1879342740328456 W 55.94324155871782 -3.1882342740328458 348.280399 321.473396
55.94324155871782 -3.1882342740328458 WNW 55.94335636374753 -3.188511437892599 348.280399 320.223396
55.94335636374753 -3.188511437892599 W 55.94335636374753 -3.1888114378925994 348.280399 318.973396
55.94335636374753 -3.1888114378925994 WNW 55.94347116877724 -3.1890886017523528 348.280399 317.723396
55.94347116877724 -3.1890886017523528 WSW 55.94335636374753 -3.189365765612106 404.918959 400.135438
55.94335636374753 -3.189365765612106 WSW 55.94324155871782 -3.1896429294718596 404.918959 398.885438
55.94324155871782 -3.1896429294718596 WSW 55.94312675368811 -3.189920093331613 404.918959 397.635438
55.94312675368811 -3.189920093331613 WSW 55.9430119486584 -3.1901972571913664 359.523499 381.688816
55.9430119486584 -3.1901972571913664 WSW 55.94289714362869 -3.19047442105112 359.523499 380.438816
55.94289714362869 -3.19047442105112 WSW 55.94278233859898 -3.190751584910873 359.523499 379.188816
55.94278233859898 -3.190751584910873 W 55.94278233859898 -3.1910515849108734 359.523499 377.938816
55.94278233859898 -3.1910515849108734 ENE 55.94289714362869 -3.19077442105112 437.178916 460.180696
55.94289714362869 -3.19077442105112 ENE 55.9430119486584 -3.1904972571913666 437.178916 458.930696
55.9430119486584 -3.1904972571913666 ENE 55.94312675368811 -3.190220093331613 437.178916 457.680696
55.94312675368811 -3.190220093331613 ENE 55.94324155871782 -3.1899429294718598 437.178916 456.430696
55.94324155871782 -3.1899429294718598 ENE 55.94335636374753 -3.1896657656121064 437.178916 455.180696
55.94335636374753 -3.1896657656121064 ENE 55.94347116877724 -3.189388601752353 437.178916 453.930696
55.94347116877724 -3.189388601752353 ENE 55.943585973806954 -3.1891114378925995 437.178916 452.680696
55.943585973806954 -3.1891114378925995 ENE 55.943700778836664 -3.188834274032846 437.178916 451.430696
55.943700778836664 -3.188834274032846 ENE 55.943815583866375 -3.1885571101730927 437.178916 450.180696
55.943815583866375 -3.1885571101730927 ENE 55.943930388896085 -3.1882799463133393 437.178916 448.930696
55.943930388896085 -3.1882799463133393 ENE 55.944045193925795 -3.188002782453586 510.548303 525.009532
55.944045193925795 -3.188002782453586 ENE 55.944159998955506 -3.1877256185938325 484.605895 513.591050
55.944159998955506 -3.1877256185938325 ENE 55.944274803985216 -3.187448454734079 484.605895 512.341050
55.944274803985216 -3.187448454734079 ENE 55.94438960901493 -3.1871712908743257 484.605895 511.091050
55.94438960901493 -3.1871712908743257 ENE 55.94450441404464 -3.1868941270145723 484.605895 509.841050
55.94450441404464 -3.1868941270145723 ENE 55.94461921907435 -3.186616963154819 484.605895 508.591050
55.94461921907435 -3.186616963154819 ENE 55.94473402410406 -3.1863397992950655 484.605895 507.341050
55.94473402410406 -3.1863397992950655 ENE 55.94484882913377 -3.186062635435312 484.605895 506.091050
55.94484882913377 -3.186062635435312 ENE 55.94496363416348 -3.1857854715755587 484.605895 504.841050
55.94496363416348 -3.1857854715755587 ENE 55.94507843919319 -3.1855083077158053 484.605895 503.591050
55.94507843919319 -3.1855083077158053 ENE 55.9451932442229 -3.185231143856052 484.605895 502.341050
55.9451932442229 -3.185231143856052 NE 55.945405376257256 -3.185019011821696 434.498293 382.561397
55.945405376257256 -3.185019011821696 ENE 55.945520181286966 -3.1847418479619427 434.498293 381.311397
55.945520181286966 -3.1847418479619427 NE 55.94573231332132 -3.184529715927587 434.498293 380.061397
55.94573231332132 -3.184529715927587 W 55.94573231332132 -3.184829715927587 503.956807 494.895793
55.94573231332132 -3.184829715927587 W 55.94573231332132 -3.1851297159275873 503.956807 493.645793
55.94573231332132 -3.1851297159275873 W 55.94573231332132 -3.1854297159275875 503.956807 492.395793
55.94573231332132 -3.1854297159275875 W 55.94573231332132 -3.1857297159275877 503.956807 491.145793
55.94573231332132 -3.1857297159275877 W 55.94573231332132 -3.186029715927588 503.956807 489.895793
55.94573231332132 -3.186029715927588 W 55.94573231332132 -3.186329715927588 423.649609 402.915196
55.94573231332132 -3.186329715927588 W 55.94573231332132 -3.1866297159275883 423.413881 299.839662
55.94573231332132 -3.1866297159275883 W 55.94573231332132 -3.1869297159275884 332.756120 276.553964
55.94573231332132 -3.1869297159275884 W 55.94573231332132 -3.1872297159275886 332.756120 275.303964
55.94573231332132 -3.1872297159275886 W 55.94573231332132 -3.187529715927589 332.756120 274.053964
55.94573231332132 -3.187529715927589 W 55.94573231332132 -3.187829715927589 343.590103 355.373054
55.94573231332132 -3.187829715927589 W 55.94573231332132 -3.188129715927589 343.590103 354.123054
55.94573231332132 -3.188129715927589 WSW 55.94561750829161 -3.1884068797873426 343.590103 352.873054
55.94561750829161 -3.1884068797873426 W 55.94561750829161 -3.188706879787343 343.590103 351.623054
55.94561750829161 -3.188706879787343 WSW 55.9455027032619 -3.188984043647096 365.483300 451.361969
55.9455027032619 -3.188984043647096 W 55.9455027032619 -3.1892840436470964 365.483300 450.111969
55.9455027032619 -3.1892840436470964 WSW 55.94538789823219 -3.18956120750685 365.483300 448.861969
55.94538789823219 -3.18956120750685 W 55.94538789823219 -3.18986120750685 365.483300 447.611969
55.94538789823219 -3.18986120750685 WSW 55.94527309320248 -3.1901383713666034 365.483300 446.361969
55.94527309320248 -3.1901383713666034 SSW 55.944995929342724 -3.190253176396313 481.255681 531.169164
55.944995929342724 -3.190253176396313 S 55.94469592934272 -3.190253176396313 481.255681 529.919164
55.94469592934272 -3.190253176396313 E 55.94469592934272 -3.1899531763963127 542.053407 565.187273
55.94469592934272 -3.1899531763963127 E 55.94469592934272 -3.1896531763963125 552.830908 625.679494
55.94469592934272 -3.1896531763963125 E 55.94469592934272 -3.1893531763963123 648.912983 659.014580
55.94469592934272 -3.1893531763963123 E 55.94469592934272 -3.189053176396312 648.912983 657.764580
55.94469592934272 -3.189053176396312 ESE 55.94458112431301 -3.1887760125365587 648.912983 656.514580
55.94458112431301 -3.1887760125365587 E 55.94458112431301 -3.1884760125365585 648.912983 655.264580
55.94458112431301 -3.1884760125365585 ESE 55.9444663192833 -3.188198848676805 648.912983 654.014580
55.9444663192833 -3.188198848676805 E 55.9444663192833 -3.187898848676805 648.912983 652.764580
55.9444663192833 -3.187898848676805 ESE 55.94435151425359 -3.1876216848170515 648.912983 651.514580
55.94435151425359 -3.1876216848170515 E 55.94435151425359 -3.1873216848170514 648.912983 650.264580
55.94435151425359 -3.1873216848170514 ESE 55.94423670922388 -3.187044520957298 648.912983 649.014580
55.94423670922388 -3.187044520957298 E 55.94423670922388 -3.1867445209572978 648.912983 647.764580
55.94423670922388 -3.1867445209572978 SE 55.94402457718952 -3.186532388922942 759.521952 717.926091
55.94402457718952 -3.186532388922942 SSW 55.94374741332977 -3.1866471939526515 791.183656 796.247457
55.94374741332977 -3.1866471939526515 SSW 55.94347024947001 -3.186761998982361 791.183656 794.997457
55.94347024947001 -3.186761998982361 SSW 55.943193085610254 -3.1868768040120705 791.183656 793.747457
55.943193085610254 -3.1868768040120705 SSW 55.9429159217505 -3.18699160904178 791.183656 792.497457
55.9429159217505 -3.18699160904178 S 55.942615921750495 -3.18699160904178 791.183656 791.247457
55.942615921750495 -3.18699160904178 WNW 55.942730726780205 -3.1872687729015334 815.210311 907.094183
55.942730726780205 -3.1872687729015334 WNW 55.942845531809915 -3.187545936761287 815.210311 905.844183
55.942845531809915 -3.187545936761287 WNW 55.942960336839626 -3.1878231006210402 815.210311 904.594183
55.942960336839626 -3.1878231006210402 WNW 55.943075141869336 -3.1881002644807936 815.210311 903.344183
55.943075141869336 -3.1881002644807936 WNW 55.94318994689905 -3.188377428340547 815.210311 902.094183
55.94318994689905 -3.188377428340547 WNW 55.94330475192876 -3.1886545922003005 815.210311 900.844183
55.94330475192876 -3.1886545922003005 WNW 55.94341955695847 -3.188931756060054 815.210311 899.594183
55.94341955695847 -3.188931756060054 WNW 55.94353436198818 -3.1892089199198073 815.210311 898.344183
55.94353436198818 -3.1892089199198073 WNW 55.94364916701789 -3.1894860837795607 815.210311 897.094183
55.94364916701789 -3.1894860837795607 WNW 55.9437639720476 -3.189763247639314 815.210311 895.844183
55.9437639720476 -3.189763247639314 WNW 55.94387877707731 -3.1900404114990675 815.210311 894.594183
55.94387877707731 -3.1900404114990675 WNW 55.94399358210702 -3.190317575358821 815.210311 893.344183
55.94399358210702 -3.190317575358821 WNW 55.94410838713673 -3.1905947392185743 837.504425 903.152747
55.94410838713673 -3.1905947392185743 WNW 55.94422319216644 -3.1908719030783277 837.504425 901.902747
55.94422319216644 -3.1908719030783277 WNW 55.94433799719615 -3.191149066938081 837.504425 900.652747
55.94433799719615 -3.191149066938081 WNW 55.94445280222586 -3.1914262307978345 837.504425 899.402747
55.94445280222586 -3.1914262307978345 WNW 55.94456760725557 -3.191703394657588 929.599278 903.247911
55.94456760725557 -3.191703394657588 NE 55.94477973928993 -3.191491262623232 1018.758024 1004.788715
55.94477973928993 -3.191491262623232 NNE 55.945056903149684 -3.1913764575935226 1018.758024 1003.538715
55.945056903149684 -3.1913764575935226 NE 55.94526903518404 -3.191164325559167 1018.758024 1002.288715
55.94526903518404 -3.191164325559167 W 55.94526903518404 -3.191464325559167 1082.687951 1118.918325
55.94526903518404 -3.191464325559167 W 55.94526903518404 -3.1917643255591672 1082.687951 1117.668325
55.94526903518404 -3.1917643255591672 W 55.94526903518404 -3.1920643255591674 1082.687951 1116.418325
55.94526903518404 -3.1920643255591674 W 55.94526903518404 -3.1923643255591676 1082.687951 1115.168325
55.94526903518404 -3.1923643255591676 E 55.94526903518404 -3.1920643255591674 1168.114127 1151.932122
55.94526903518404 -3.1920643255591674 E 55.94526903518404 -3.1917643255591672 1168.114127 1150.682122
55.94526903518404 -3.1917643255591672 E 55.94526903518404 -3.191464325559167 1168.114127 1149.432122
55.94526903518404 -3.191464325559167 E 55.94526903518404 -3.191164325559167 1168.114127 1148.182122
55.94526903518404 -3.191164325559167 ESE 55.94515423015433 -3.1908871616994134 1168.114127 1146.932122
55.94515423015433 -3.1908871616994134 E 55.94515423015433 -3.1905871616994133 1168.114127 1145.682122
55.94515423015433 -3.1905871616994133 ESE 55.94503942512462 -3.19030999783966 1168.114127 1144.432122
55.94503942512462 -3.19030999783966 E 55.94503942512462 -3.1900099978396597 1168.114127 1143.182122
55.94503942512462 -3.1900099978396597 ESE 55.94492462009491 -3.1897328339799063 1168.114127 1141.932122
55.94492462009491 -3.1897328339799063 E 55.94492462009491 -3.189432833979906 1168.114127 1140.682122
55.94492462009491 -3.189432833979906 ESE 55.9448098150652 -3.1891556701201527 1168.114127 1139.432122
55.9448098150652 -3.1891556701201527 E 55.9448098150652 -3.1888556701201525 1168.114127 1138.182122
55.9448098150652 -3.1888556701201525 ESE 55.94469501003549 -3.188578506260399 1134.978978 1062.482704
55.94469501003549 -3.188578506260399 E 55.94469501003549 -3.188278506260399 1134.978978 1061.232704
55.94469501003549 -3.188278506260399 ESE 55.94458020500578 -3.1880013424006455 1134.978978 1059.982704
55.94458020500578 -3.1880013424006455 E 55.94458020500578 -3.1877013424006453 1134.978978 1058.732704
55.94458020500578 -3.1877013424006453 ESE 55.94446539997607 -3.187424178540892 1134.978978 1057.482704
55.94446539997607 -3.187424178540892 E 55.94446539997607 -3.1871241785408917 1134.978978 1056.232704
55.94446539997607 -3.1871241785408917 ESE 55.94435059494636 -3.1868470146811383 1134.978978 1054.982704
55.94435059494636 -3.1868470146811383 E 55.94435059494636 -3.186547014681138 1134.978978 1053.732704
55.94435059494636 -3.186547014681138 ESE 55.94423578991665 -3.1862698508213847 1130.532129 948.233772
55.94423578991665 -3.1862698508213847 E 55.94423578991665 -3.1859698508213845 1130.532129 946.983772
55.94423578991665 -3.1859698508213845 ESE 55.944120984886936 -3.185692686961631 1130.532129 945.733772
55.944120984886936 -3.185692686961631 E 55.944120984886936 -3.185392686961631 1130.532129 944.483772
55.944120984886936 -3.185392686961631 ESE 55.944006179857226 -3.1851155231018775 1130.532129 943.233772
55.944006179857226 -3.1851155231018775 E 55.944006179857226 -3.1848155231018773 1130.532129 941.983772
55.944006179857226 -3.1848155231018773 W 55.944006179857226 -3.1851155231018775 1216.407926 1016.748488
55.944006179857226 -3.1851155231018775 W 55.944006179857226 -3.1854155231018777 1216.407926 1015.498488
55.944006179857226 -3.1854155231018777 W 55.944006179857226 -3.185715523101878 1216.407926 1014.248488
55.944006179857226 -3.185715523101878 W 55.944006179857226 -3.186015523101878 1216.407926 1012.998488
55.944006179857226 -3.186015523101878 W 55.944006179857226 -3.1863155231018783 1216.407926 1011.748488
55.944006179857226 -3.1863155231018783 W 55.944006179857226 -3.1866155231018785 1216.407926 1010.498488
55.944006179857226 -3.1866155231018785 W 55.944006179857226 -3.1869155231018786 1216.407926 1009.248488
55.944006179857226 -3.1869155231018786 W 55.944006179857226 -3.187215523101879 1216.407926 1007.998488
55.944006179857226 -3.187215523101879 W 55.944006179857226 -3.187515523101879 1216.407926 1006.748488
55.944006179857226 -3.187515523101879 W 55.944006179857226 -3.187815523101879 1216.407926 1005.498488
55.944006179857226 -3.187815523101879 W 55.944006179857226 -3.1881155231018794 1216.407926 1004.248488
55.944006179857226 -3.1881155231018794 W 55.944006179857226 -3.1884155231018796 1216.407926 1002.998488
55.944006179857226 -3.1884155231018796 W 55.944006179857226 -3.18871552310188 1216.407926 1001.748488
55.944006179857226 -3.18871552310188 W 55.944006179857226 -3.18901552310188 1216.407926 1000.498488
55.944006179857226 -3.18901552310188 W 55.944006179857226 -3.18931552310188 1216.407926 999.248488
55.944006179857226 -3.18931552310188 W 55.944006179857226 -3.1896155231018803 1216.407926 997.998488
55.944006179857226 -3.1896155231018803 W 55.944006179857226 -3.1899155231018805 1216.407926 996.748488
55.944006179857226 -3.1899155231018805 W 55.944006179857226 -3.1902155231018807 1216.407926 995.498488
55.944006179857226 -3.1902155231018807 W 55.944006179857226 -3.190515523101881 1216.407926 994.248488
55.944006179857226 -3.190515523101881 W 55.944006179857226 -3.190815523101881 1216.407926 992.998488
55.944006179857226 -3.190815523101881 W 55.944006179857226 -3.1911155231018813 1216.407926 991.748488
55.944006179857226 -3.1911155231018813 WSW 55.943891374827516 -3.1913926869616347 1216.407926 990.498488
55.943891374827516 -3.1913926869616347 E 55.943891374827516 -3.1910926869616345 1260.721966 994.862121
55.943891374827516 -3.1910926869616345 E 55.943891374827516 -3.1907926869616343 1322.419478 1014.976666
55.943891374827516 -3.1907926869616343 E 55.943891374827516 -3.190492686961634 1322.419478 1013.726666
55.943891374827516 -3.190492686961634 ENE 55.944006179857226 -3.1902155231018807 1322.419478 1012.476666
55.944006179857226 -3.1902155231018807 E 55.944006179857226 -3.1899155231018805 1322.419478 1011.226666
55.944006179857226 -3.1899155231018805 ENE 55.944120984886936 -3.189638359242127 1322.419478 1009.976666
55.944120984886936 -3.189638359242127 E 55.944120984886936 -3.189338359242127 1322.419478 1008.726666
55.944120984886936 -3.189338359242127 ENE 55.94423578991665 -3.1890611953823735 1322.419478 1007.476666
55.94423578991665 -3.1890611953823735 E 55.94423578991665 -3.1887611953823733 1322.419478 1006.226666
55.94423578991665 -3.1887611953823733 ENE 55.94435059494636 -3.18848403152262 1298.591755 981.080731
55.94435059494636 -3.18848403152262 E 55.94435059494636 -3.1881840315226198 1298.591755 979.830731
55.94435059494636 -3.1881840315226198 ENE 55.94446539997607 -3.1879068676628664 1298.591755 978.580731
55.94446539997607 -3.1879068676628664 E 55.94446539997607 -3.187606867662866 1298.591755 977.330731
55.94446539997607 -3.187606867662866 ENE 55.94458020500578 -3.1873297038031128 1298.591755 976.080731
55.94458020500578 -3.1873297038031128 E 55.94458020500578 -3.1870297038031126 1298.591755 974.830731
55.94458020500578 -3.1870297038031126 ENE 55.94469501003549 -3.186752539943359 1298.591755 973.580731
55.94469501003549 -3.186752539943359 E 55.94469501003549 -3.186452539943359 1298.591755 972.330731
55.94469501003549 -3.186452539943359 ENE 55.9448098150652 -3.1861753760836056 1298.591755 971.080731
55.9448098150652 -3.1861753760836056 E 55.9448098150652 -3.1858753760836054 1298.591755 969.830731
55.9448098150652 -3.1858753760836054 ENE 55.94492462009491 -3.185598212223852 1298.591755 968.580731
55.94492462009491 -3.185598212223852 E 55.94492462009491 -3.185298212223852 1298.591755 967.330731
55.94492462009491 -3.185298212223852 ENE 55.94503942512462 -3.1850210483640984 1298.591755 966.080731
55.94503942512462 -3.1850210483640984 WSW 55.94492462009491 -3.185298212223852 1298.591755 964.830731
55.94492462009491 -3.185298212223852 WSW 55.9448098150652 -3.185575376083605 1298.591755 963.580731
55.9448098150652 -3.185575376083605 WSW 55.94469501003549 -3.1858525399433586 1298.591755 962.330731
55.94469501003549 -3.1858525399433586 WSW 55.94458020500578 -3.186129703803112 1298.591755 961.080731
55.94458020500578 -3.186129703803112 WSW 55.94446539997607 -3.1864068676628654 1298.591755 959.830731
55.94446539997607 -3.1864068676628654 WSW 55.94435059494636 -3.186684031522619 1298.591755 958.580731
55.94435059494636 -3.186684031522619 WSW 55.94423578991665 -3.186961195382372 1298.591755 957.330731
55.94423578991665 -3.186961195382372 WSW 55.944120984886936 -3.1872383592421256 1298.591755 956.080731
55.944120984886936 -3.1872383592421256 WSW 55.944006179857226 -3.187515523101879 1298.591755 954.830731
55.944006179857226 -3.187515523101879 WSW 55.943891374827516 -3.1877926869616324 1298.591755 953.580731
55.943891374827516 -3.1877926869616324 WSW 55.943776569797805 -3.188069850821386 1298.591755 952.330731
55.943776569797805 -3.188069850821386 WSW 55.943661764768095 -3.1883470146811392 1298.591755 951.080731
55.943661764768095 -3.1883470146811392 WSW 55.943546959738384 -3.1886241785408926 1298.591755 949.830731
55.943546959738384 -3.1886241785408926 SW 55.94333482770403 -3.1888363105752484 1298.591755 948.580731
55.94333482770403 -3.1888363105752484 WSW 55.94322002267432 -3.189113474435002 1298.591755 947.330731
55.94322002267432 -3.189113474435002 SW 55.94300789063996 -3.1893256064693576 1298.591755 946.080731
55.94300789063996 -3.1893256064693576 WSW 55.94289308561025 -3.189602770329111 1298.591755 944.830731
55.94289308561025 -3.189602770329111 SW 55.942680953575895 -3.1898149023634668 1298.591755 943.580731
55.942680953575895 -3.1898149023634668 WSW 55.942566148546184 -3.19009206622322 1348.030188 1012.163454
55.942566148546184 -3.19009206622322 NW 55.94277828058054 -3.190304198257576 1348.030188 1010.913454
55.94277828058054 -3.190304198257576 NW 55.9429904126149 -3.1905163302919317 1348.030188 1009.663454
55.9429904126149 -3.1905163302919317 NW 55.94320254464925 -3.1907284623262875 1348.030188 1008.413454
55.94320254464925 -3.1907284623262875 NW 55.94341467668361 -3.1909405943606433 1348.030188 1007.163454
55.94341467668361 -3.1909405943606433 NW 55.943626808717966 -3.191152726394999 1348.030188 1005.913454
55.943626808717966 -3.191152726394999 NW 55.94383894075232 -3.191364858429355 1348.030188 1004.663454
55.94383894075232 -3.191364858429355 WNW 55.94395374578203 -3.191642022289108 1348.030188 1003.413454
55.94395374578203 -3.191642022289108 NE 55.94416587781639 -3.1914298902547524 1363.685395 1042.926881
55.94416587781639 -3.1914298902547524 ENE 55.9442806828461 -3.191152726394999 1363.685395 1041.676881
55.9442806828461 -3.191152726394999 NE 55.944492814880455 -3.1909405943606433 1363.685395 1040.426881
55.944492814880455 -3.1909405943606433 ENE 55.944607619910165 -3.19066343050089 1363.685395 1039.176881
55.944607619910165 -3.19066343050089 NE 55.94481975194452 -3.190451298466534 1363.685395 1037.926881
55.94481975194452 -3.190451298466534 ENE 55.94493455697423 -3.1901741346067807 1363.685395 1036.676881
55.94493455697423 -3.1901741346067807 NE 55.94514668900859 -3.189962002572425 1363.685395 1035.426881
55.94514668900859 -3.189962002572425 ENE 55.9452614940383 -3.1896848387126715 1363.685395 1034.176881
55.9452614940383 -3.1896848387126715 NE 55.945473626072655 -3.1894727066783157 1363.685395 1032.926881
55.945473626072655 -3.1894727066783157 ENE 55.945588431102365 -3.1891955428185623 1363.685395 1031.676881
55.945588431102365 -3.1891955428185623 E 55.945588431102365 -3.188895542818562 1444.315883 1146.273359
55.945588431102365 -3.188895542818562 E 55.945588431102365 -3.188595542818562 1444.315883 1145.023359
55.945588431102365 -3.188595542818562 E 55.945588431102365 -3.1882955428185618 1444.315883 1143.773359
55.945588431102365 -3.1882955428185618 E 55.945588431102365 -3.1879955428185616 1444.315883 1142.523359
55.945588431102365 -3.1879955428185616 E 55.945588431102365 -3.1876955428185614 1444.315883 1141.273359
55.945588431102365 -3.1876955428185614 E 55.945588431102365 -3.187395542818561 1444.315883 1140.023359
55.945588431102365 -3.187395542818561 ESE 55.945473626072655 -3.187118378958808 1444.315883 1138.773359
55.945473626072655 -3.187118378958808 E 55.945473626072655 -3.1868183789588076 1444.315883 1137.523359
55.945473626072655 -3.1868183789588076 ESE 55.945358821042944 -3.186541215099054 1444.315883 1136.273359
55.945358821042944 -3.186541215099054 E 55.945358821042944 -3.186241215099054 1444.315883 1135.023359
55.945358821042944 -3.186241215099054 ESE 55.945244016013234 -3.1859640512393006 1444.315883 1133.773359
55.945244016013234 -3.1859640512393006 E 55.945244016013234 -3.1856640512393004 1444.315883 1132.523359
55.945244016013234 -3.1856640512393004 ESE 55.945129210983524 -3.185386887379547 1444.315883 1131.273359
55.945129210983524 -3.185386887379547 E 55.945129210983524 -3.185086887379547 1444.315883 1130.023359
55.945129210983524 -3.185086887379547 ESE 55.94501440595381 -3.1848097235197934 1444.315883 1128.773359
55.94501440595381 -3.1848097235197934 NNE 55.94529156981357 -3.184694918490084 1477.108744 1214.633362
55.94529156981357 -3.184694918490084 ENE 55.94540637484328 -3.1844177546303305 1477.108744 1213.383362
55.94540637484328 -3.1844177546303305 NNW 55.94568353870304 -3.18453255966004 1477.108744 1212.133362
55.94568353870304 -3.18453255966004 ESE 55.945568733673326 -3.1842553958002866 1477.108744 1210.883362
55.945568733673326 -3.1842553958002866 WNW 55.94568353870304 -3.18453255966004 1477.108744 1209.633362
55.94568353870304 -3.18453255966004 NNW 55.94596070256279 -3.1846473646897495 1477.108744 1208.383362
