55.944425 -3.188396 ENE 55.94453980502971 -3.1881188361402466 0.000000 248.750000
55.94453980502971 -3.1881188361402466 ENE 55.94465461005942 -3.187841672280493 0.000000 247.500000
55.94465461005942 -3.187841672280493 ENE 55.944769415089134 -3.18756450842074 0.000000 246.250000
55.944769415089134 -3.18756450842074 ENE 55.944884220118844 -3.1872873445609864 0.000000 245.000000
55.944884220118844 -3.1872873445609864 ENE 55.944999025148554 -3.187010180701233 49.270928 256.824749
55.944999025148554 -3.187010180701233 ENE 55.945113830178265 -3.1867330168414796 0.000000 131.704170
55.945113830178265 -3.1867330168414796 ENE 55.945228635207975 -3.186455852981726 0.000000 130.454170
55.945228635207975 -3.186455852981726 ENE 55.945343440237686 -3.1861786891219728 0.000000 129.204170
55.945343440237686 -3.1861786891219728 ENE 55.945458245267396 -3.1859015252622194 0.000000 127.954170
55.945458245267396 -3.1859015252622194 S 55.94515824526739 -3.1859015252622194 113.887452 161.557950
55.94515824526739 -3.1859015252622194 S 55.94485824526739 -3.1859015252622194 220.206845 177.434411
55.94485824526739 -3.1859015252622194 S 55.94455824526739 -3.1859015252622194 235.925669 269.476424
55.94455824526739 -3.1859015252622194 SSE 55.94428108140763 -3.18578672023251 235.925669 268.226424
55.94428108140763 -3.18578672023251 S 55.94398108140763 -3.18578672023251 235.925669 266.976424
55.94398108140763 -3.18578672023251 SSE 55.94370391754787 -3.1856719152028004 235.925669 265.726424
55.94370391754787 -3.1856719152028004 S 55.94340391754787 -3.1856719152028004 313.140754 273.632146
55.94340391754787 -3.1856719152028004 SSE 55.94312675368811 -3.185557110173091 313.140754 272.382146
55.94312675368811 -3.185557110173091 WNW 55.94324155871782 -3.1858342740328442 348.280399 331.473396
55.94324155871782 -3.1858342740328442 WNW 55.94335636374753 -3.1861114378925977 348.280399 330.223396
55.94335636374753 -3.1861114378925977 WNW 55.94347116877724 -3.186388601752351 348.280399 328.973396
55.94347116877724 -3.186388601752351 WNW 55.943585973806954 -3.1866657656121045 348.280399 327.723396
55.943585973806954 -3.1866657656121045 WNW 55.943700778836664 -3.186942929471858 348.280399 326.473396
55.943700778836664 -3.186942929471858 WNW 55.943815583866375 -3.1872200933316113 343.453795 266.180123
55.943815583866375 -3.1872200933316113 WNW 55.943930388896085 -3.1874972571913647 343.453795 264.930123
55.943930388896085 -3.1874972571913647 W 55.943930388896085 -3.187797257191365 343.453795 263.680123
55.943930388896085 -3.187797257191365 WNW 55.944045193925795 -3.1880744210511183 343.453795 262.430123
55.944045193925795 -3.1880744210511183 W 55.944045193925795 -3.1883744210511185 416.823182 338.508960
55.944045193925795 -3.1883744210511185 W 55.944045193925795 -3.1886744210511186 416.823182 337.258960
55.944045193925795 -3.1886744210511186 W 55.944045193925795 -3.188974421051119 416.823182 336.008960
55.944045193925795 -3.188974421051119 W 55.944045193925795 -3.189274421051119 416.823182 334.758960
55.944045193925795 -3.189274421051119 WNW 55.944159998955506 -3.1895515849108724 416.823182 333.508960
55.944159998955506 -3.1895515849108724 W 55.944159998955506 -3.1898515849108726 416.823182 332.258960
55.944159998955506 -3.1898515849108726 WNW 55.944274803985216 -3.190128748770626 416.823182 331.008960
55.944274803985216 -3.190128748770626 W 55.944274803985216 -3.190428748770626 416.823182 329.758960
55.944274803985216 -3.190428748770626 WNW 55.94438960901493 -3.1907059126303796 416.823182 328.508960
55.94438960901493 -3.1907059126303796 W 55.94438960901493 -3.19100591263038 416.823182 327.258960
55.94438960901493 -3.19100591263038 WNW 55.94450441404464 -3.191283076490133 416.823182 326.008960
55.94450441404464 -3.191283076490133 W 55.94450441404464 -3.1915830764901334 416.823182 324.758960
55.94450441404464 -3.1915830764901334 ESE 55.94438960901493 -3.19130591263038 508.918035 328.604123
55.94438960901493 -3.19130591263038 ESE 55.944274803985216 -3.1910287487706266 508.918035 327.354123
55.944274803985216 -3.1910287487706266 ESE 55.944159998955506 -3.190751584910873 508.918035 326.104123
55.944159998955506 -3.190751584910873 ESE 55.944045193925795 -3.19047442105112 508.918035 324.854123
55.944045193925795 -3.19047442105112 ESE 55.943930388896085 -3.1901972571913664 531.212149 334.662687
55.943930388896085 -3.1901972571913664 ESE 55.943815583866375 -3.189920093331613 531.212149 333.412687
55.943815583866375 -3.189920093331613 ESE 55.943700778836664 -3.1896429294718596 531.212149 332.162687
55.943700778836664 -3.1896429294718596 ESE 55.943585973806954 -3.189365765612106 531.212149 330.912687
55.943585973806954 -3.189365765612106 ESE 55.94347116877724 -3.1890886017523528 531.212149 329.662687
55.94347116877724 -3.1890886017523528 NNW 55.943748332637 -3.1892034067820623 587.850709 412.074729
55.943748332637 -3.1892034067820623 NNW 55.94402549649676 -3.1893182118117718 587.850709 410.824729
55.94402549649676 -3.1893182118117718 NNW 55.94430266035651 -3.1894330168414813 587.850709 409.574729
55.94430266035651 -3.1894330168414813 NW 55.94451479239087 -3.189645148875837 587.850709 408.324729
55.94451479239087 -3.189645148875837 E 55.94451479239087 -3.189345148875837 683.932784 441.659814
55.94451479239087 -3.189345148875837 E 55.94451479239087 -3.1890451488758367 683.932784 440.409814
55.94451479239087 -3.1890451488758367 E 55.94451479239087 -3.1887451488758365 683.932784 439.159814
55.94451479239087 -3.1887451488758365 E 55.94451479239087 -3.1884451488758363 660.105062 414.013880
55.94451479239087 -3.1884451488758363 E 55.94451479239087 -3.188145148875836 660.105062 412.763880
55.94451479239087 -3.188145148875836 E 55.94451479239087 -3.187845148875836 660.105062 411.513880
55.94451479239087 -3.187845148875836 E 55.94451479239087 -3.1875451488758357 660.105062 410.263880
55.94451479239087 -3.1875451488758357 ENE 55.94462959742058 -3.1872679850160823 660.105062 409.013880
55.94462959742058 -3.1872679850160823 E 55.94462959742058 -3.186967985016082 660.105062 407.763880
55.94462959742058 -3.186967985016082 ENE 55.94474440245029 -3.1866908211563287 660.105062 406.513880
55.94474440245029 -3.1866908211563287 E 55.94474440245029 -3.1863908211563285 660.105062 405.263880
55.94474440245029 -3.1863908211563285 ENE 55.94485920748 -3.186113657296575 660.105062 404.013880
55.94485920748 -3.186113657296575 E 55.94485920748 -3.185813657296575 660.105062 402.763880
55.94485920748 -3.185813657296575 ENE 55.94497401250971 -3.1855364934368215 660.105062 401.513880
55.94497401250971 -3.1855364934368215 E 55.94497401250971 -3.1852364934368214 660.105062 400.263880
55.94497401250971 -3.1852364934368214 ENE 55.94508881753942 -3.184959329577068 660.105062 399.013880
55.94508881753942 -3.184959329577068 W 55.94508881753942 -3.185259329577068 609.997460 279.234226
55.94508881753942 -3.185259329577068 W 55.94508881753942 -3.1855593295770683 609.997460 277.984226
55.94508881753942 -3.1855593295770683 W 55.94508881753942 -3.1858593295770685 609.997460 276.734226
55.94508881753942 -3.1858593295770685 W 55.94508881753942 -3.1861593295770687 609.997460 275.484226
55.94508881753942 -3.1861593295770687 W 55.94508881753942 -3.186459329577069 609.997460 274.234226
55.94508881753942 -3.186459329577069 W 55.94508881753942 -3.186759329577069 609.997460 272.984226
55.94508881753942 -3.186759329577069 W 55.94508881753942 -3.1870593295770693 555.255102 271.734226
55.94508881753942 -3.1870593295770693 W 55.94508881753942 -3.1873593295770695 555.255102 270.484226
55.94508881753942 -3.1873593295770695 W 55.94508881753942 -3.1876593295770697 555.255102 269.234226
55.94508881753942 -3.1876593295770697 W 55.94508881753942 -3.18795932957707 555.255102 267.984226
55.94508881753942 -3.18795932957707 W 55.94508881753942 -3.18825932957707 555.255102 266.734226
55.94508881753942 -3.18825932957707 W 55.94508881753942 -3.1885593295770702 555.255102 265.484226
55.94508881753942 -3.1885593295770702 W 55.94508881753942 -3.1888593295770704 522.119953 189.784808
55.94508881753942 -3.1888593295770704 W 55.94508881753942 -3.1891593295770706 522.119953 188.534808
55.94508881753942 -3.1891593295770706 W 55.94508881753942 -3.189459329577071 522.119953 187.284808
55.94508881753942 -3.189459329577071 W 55.94508881753942 -3.189759329577071 522.119953 186.034808
55.94508881753942 -3.189759329577071 W 55.94508881753942 -3.190059329577071 522.119953 184.784808
55.94508881753942 -3.190059329577071 W 55.94508881753942 -3.1903593295770714 522.119953 183.534808
55.94508881753942 -3.1903593295770714 W 55.94508881753942 -3.1906593295770715 637.892334 268.342003
55.94508881753942 -3.1906593295770715 W 55.94508881753942 -3.1909593295770717 637.892334 267.092003
55.94508881753942 -3.1909593295770717 W 55.94508881753942 -3.191259329577072 637.892334 265.842003
55.94508881753942 -3.191259329577072 W 55.94508881753942 -3.191559329577072 701.822261 382.471613
55.94508881753942 -3.191559329577072 WNW 55.94520362256913 -3.1918364934368255 701.822261 381.221613
55.94520362256913 -3.1918364934368255 W 55.94520362256913 -3.1921364934368257 701.822261 379.971613
55.94520362256913 -3.1921364934368257 WNW 55.94531842759884 -3.192413657296579 701.822261 378.721613
55.94531842759884 -3.192413657296579 E 55.94531842759884 -3.192113657296579 787.248438 415.485410
55.94531842759884 -3.192113657296579 E 55.94531842759884 -3.1918136572965787 787.248438 414.235410
55.94531842759884 -3.1918136572965787 E 55.94531842759884 -3.1915136572965785 787.248438 412.985410
55.94531842759884 -3.1915136572965785 E 55.94531842759884 -3.1912136572965784 787.248438 411.735410
55.94531842759884 -3.1912136572965784 E 55.94531842759884 -3.190913657296578 787.248438 410.485410
55.94531842759884 -3.190913657296578 E 55.94531842759884 -3.190613657296578 787.248438 409.235410
55.94531842759884 -3.190613657296578 E 55.94531842759884 -3.190313657296578 787.248438 407.985410
55.94531842759884 -3.190313657296578 E 55.94531842759884 -3.1900136572965776 787.248438 406.735410
55.94531842759884 -3.1900136572965776 E 55.94531842759884 -3.1897136572965774 787.248438 405.485410
55.94531842759884 -3.1897136572965774 E 55.94531842759884 -3.189413657296577 787.248438 404.235410
55.94531842759884 -3.189413657296577 E 55.94531842759884 -3.189113657296577 787.248438 402.985410
55.94531842759884 -3.189113657296577 E 55.94531842759884 -3.188813657296577 787.248438 401.735410
55.94531842759884 -3.188813657296577 E 55.94531842759884 -3.1885136572965767 787.248438 400.485410
55.94531842759884 -3.1885136572965767 E 55.94531842759884 -3.1882136572965765 787.248438 399.235410
55.94531842759884 -3.1882136572965765 E 55.94531842759884 -3.1879136572965763 787.248438 397.985410
55.94531842759884 -3.1879136572965763 E 55.94531842759884 -3.187613657296576 787.248438 396.735410
55.94531842759884 -3.187613657296576 E 55.94531842759884 -3.187313657296576 787.248438 395.485410
55.94531842759884 -3.187313657296576 E 55.94531842759884 -3.1870136572965757 787.248438 394.235410
55.94531842759884 -3.1870136572965757 E 55.94531842759884 -3.1867136572965755 787.248438 392.985410
55.94531842759884 -3.1867136572965755 E 55.94531842759884 -3.1864136572965753 787.248438 391.735410
55.94531842759884 -3.1864136572965753 E 55.94531842759884 -3.186113657296575 787.248438 390.485410
55.94531842759884 -3.186113657296575 E 55.94531842759884 -3.185813657296575 787.248438 389.235410
55.94531842759884 -3.185813657296575 ESE 55.94520362256913 -3.1855364934368215 787.248438 387.985410
55.94520362256913 -3.1855364934368215 E 55.94520362256913 -3.1852364934368214 787.248438 386.735410
55.94520362256913 -3.1852364934368214 ESE 55.94508881753942 -3.184959329577068 787.248438 385.485410
55.94508881753942 -3.184959329577068 WSW 55.94497401250971 -3.1852364934368214 787.248438 384.235410
55.94497401250971 -3.1852364934368214 WSW 55.94485920748 -3.1855136572965748 787.248438 382.985410
55.94485920748 -3.1855136572965748 WSW 55.94474440245029 -3.185790821156328 787.248438 381.735410
55.94474440245029 -3.185790821156328 WSW 55.94462959742058 -3.1860679850160816 787.248438 380.485410
55.94462959742058 -3.1860679850160816 SW 55.94441746538622 -3.1862801170504373 787.248438 379.235410
55.94441746538622 -3.1862801170504373 WSW 55.94430266035651 -3.1865572809101907 787.248438 377.985410
55.94430266035651 -3.1865572809101907 WSW 55.9441878553268 -3.186834444769944 782.801588 272.486478
55.9441878553268 -3.186834444769944 WSW 55.94407305029709 -3.1871116086296976 893.410558 342.647989
55.94407305029709 -3.1871116086296976 WSW 55.94395824526738 -3.187388772489451 893.410558 341.397989
55.94395824526738 -3.187388772489451 WSW 55.94384344023767 -3.1876659363492044 893.410558 340.147989
55.94384344023767 -3.1876659363492044 WSW 55.94372863520796 -3.1879431002089578 893.410558 338.897989
55.94372863520796 -3.1879431002089578 WSW 55.94361383017825 -3.188220264068711 893.410558 337.647989
55.94361383017825 -3.188220264068711 WSW 55.94349902514854 -3.1884974279284646 893.410558 336.397989
55.94349902514854 -3.1884974279284646 WSW 55.94338422011883 -3.188774591788218 893.410558 335.147989
55.94338422011883 -3.188774591788218 WSW 55.94326941508912 -3.1890517556479714 893.410558 333.897989
55.94326941508912 -3.1890517556479714 SW 55.94305728305476 -3.189263887682327 893.410558 332.647989
55.94305728305476 -3.189263887682327 WSW 55.94294247802505 -3.1895410515420806 893.410558 331.397989
55.94294247802505 -3.1895410515420806 SW 55.9427303459907 -3.1897531835764363 893.410558 330.147989
55.9427303459907 -3.1897531835764363 NW 55.94294247802505 -3.189965315610792 942.848990 398.730712
55.94294247802505 -3.189965315610792 NW 55.94315461005941 -3.190177447645148 897.453530 382.784091
55.94315461005941 -3.190177447645148 NW 55.943366742093765 -3.1903895796795037 897.453530 381.534091
55.943366742093765 -3.1903895796795037 NW 55.94357887412812 -3.1906017117138594 897.453530 380.284091
55.94357887412812 -3.1906017117138594 NW 55.94379100616248 -3.190813843748215 897.453530 379.034091
55.94379100616248 -3.190813843748215 NW 55.944003138196834 -3.191025975782571 897.453530 377.784091
55.944003138196834 -3.191025975782571 NW 55.94421527023119 -3.1912381078169267 897.453530 376.534091
55.94421527023119 -3.1912381078169267 NW 55.944427402265546 -3.1914502398512825 897.453530 375.284091
55.944427402265546 -3.1914502398512825 WNW 55.94454220729526 -3.191727403711036 897.453530 374.034091
55.94454220729526 -3.191727403711036 ENE 55.94465701232497 -3.1914502398512825 986.612276 475.574896
55.94465701232497 -3.1914502398512825 ENE 55.94477181735468 -3.191173075991529 986.612276 474.324896
55.94477181735468 -3.191173075991529 ENE 55.94488662238439 -3.1908959121317757 986.612276 473.074896
55.94488662238439 -3.1908959121317757 ENE 55.9450014274141 -3.1906187482720223 986.612276 471.824896
55.9450014274141 -3.1906187482720223 ENE 55.94511623244381 -3.190341584412269 986.612276 470.574896
55.94511623244381 -3.190341584412269 ENE 55.94523103747352 -3.1900644205525155 986.612276 469.324896
55.94523103747352 -3.1900644205525155 ENE 55.94534584250323 -3.189787256692762 986.612276 468.074896
55.94534584250323 -3.189787256692762 ENE 55.94546064753294 -3.1895100928330087 986.612276 466.824896
55.94546064753294 -3.1895100928330087 ENE 55.94557545256265 -3.1892329289732553 986.612276 465.574896
55.94557545256265 -3.1892329289732553 SSW 55.945298288702894 -3.189347734002965 1067.242764 580.171373
55.945298288702894 -3.189347734002965 SW 55.94508615666854 -3.1895598660373206 1067.242764 578.921373
55.94508615666854 -3.1895598660373206 SSW 55.94480899280878 -3.18967467106703 1067.242764 577.671373
55.94480899280878 -3.18967467106703 SW 55.944596860774425 -3.189886803101386 1067.242764 576.421373
55.944596860774425 -3.189886803101386 SSW 55.94431969691467 -3.1900016081310953 1078.020266 636.913595
55.94431969691467 -3.1900016081310953 SW 55.94410756488031 -3.190213740165451 1078.020266 635.663595
55.94410756488031 -3.190213740165451 SSW 55.943830401020556 -3.1903285451951606 1078.020266 634.413595
55.943830401020556 -3.1903285451951606 SW 55.9436182689862 -3.1905406772295164 1078.020266 633.163595
55.9436182689862 -3.1905406772295164 SSW 55.94334110512644 -3.190655482259226 1078.020266 631.913595
55.94334110512644 -3.190655482259226 SW 55.94312897309209 -3.1908676142935817 1078.020266 630.663595
55.94312897309209 -3.1908676142935817 SSW 55.94285180923233 -3.190982419323291 1078.020266 629.413595
55.94285180923233 -3.190982419323291 NE 55.943063941266686 -3.1907702872889354 1155.675683 711.655474
55.943063941266686 -3.1907702872889354 NE 55.94327607330104 -3.1905581552545796 1155.675683 710.405474
55.94327607330104 -3.1905581552545796 NE 55.9434882053354 -3.190346023220224 1155.675683 709.155474
55.9434882053354 -3.190346023220224 NE 55.943700337369755 -3.190133891185868 1155.675683 707.905474
55.943700337369755 -3.190133891185868 NE 55.94391246940411 -3.1899217591515123 1155.675683 706.655474
55.94391246940411 -3.1899217591515123 NE 55.94412460143847 -3.1897096271171566 1155.675683 705.405474
55.94412460143847 -3.1897096271171566 NE 55.944336733472824 -3.189497495082801 1155.675683 704.155474
55.944336733472824 -3.189497495082801 NE 55.94454886550718 -3.189285363048445 1155.675683 702.905474
55.94454886550718 -3.189285363048445 NE 55.944760997541536 -3.1890732310140892 1155.675683 701.655474
55.944760997541536 -3.1890732310140892 NE 55.94497312957589 -3.1888610989797335 1155.675683 700.405474
55.94497312957589 -3.1888610989797335 ENE 55.9450879346056 -3.18858393511998 1155.675683 699.155474
55.9450879346056 -3.18858393511998 NE 55.94530006663996 -3.1883718030856243 1155.675683 697.905474
55.94530006663996 -3.1883718030856243 ENE 55.94541487166967 -3.188094639225871 1155.675683 696.655474
55.94541487166967 -3.188094639225871 NE 55.945627003704026 -3.187882507191515 1155.675683 695.405474
55.945627003704026 -3.187882507191515 ENE 55.945741808733736 -3.1876053433317617 1155.675683 694.155474
55.945741808733736 -3.1876053433317617 WSW 55.945627003704026 -3.187882507191515 1166.509666 775.474565
55.945627003704026 -3.187882507191515 WSW 55.945512198674315 -3.1881596710512685 1166.509666 774.224565
55.945512198674315 -3.1881596710512685 WSW 55.945397393644605 -3.188436834911022 1166.509666 772.974565
55.945397393644605 -3.188436834911022 WSW 55.945282588614894 -3.1887139987707753 1166.509666 771.724565
55.945282588614894 -3.1887139987707753 WSW 55.945167783585184 -3.1889911626305287 1166.509666 770.474565
55.945167783585184 -3.1889911626305287 WSW 55.94505297855547 -3.189268326490282 1166.509666 769.224565
55.94505297855547 -3.189268326490282 WSW 55.94493817352576 -3.1895454903500355 1166.509666 767.974565
55.94493817352576 -3.1895454903500355 WSW 55.94482336849605 -3.189822654209789 1166.509666 766.724565
55.94482336849605 -3.189822654209789 WSW 55.94470856346634 -3.1900998180695423 1166.509666 765.474565
55.94470856346634 -3.1900998180695423 WSW 55.94459375843663 -3.1903769819292958 1166.509666 764.224565
55.94459375843663 -3.1903769819292958 WSW 55.94447895340692 -3.190654145789049 1227.307391 799.492673
55.94447895340692 -3.190654145789049 WSW 55.94436414837721 -3.1909313096488026 1227.307391 798.242673
55.94436414837721 -3.1909313096488026 WSW 55.9442493433475 -3.191208473508556 1227.307391 796.992673
55.9442493433475 -3.191208473508556 WSW 55.94413453831779 -3.1914856373683094 1227.307391 795.742673
55.94413453831779 -3.1914856373683094 ENE 55.9442493433475 -3.191208473508556 1271.621432 800.106306
55.9442493433475 -3.191208473508556 ENE 55.94436414837721 -3.1909313096488026 1271.621432 798.856306
55.94436414837721 -3.1909313096488026 ENE 55.94447895340692 -3.190654145789049 1271.621432 797.606306
55.94447895340692 -3.190654145789049 ENE 55.94459375843663 -3.1903769819292958 1271.621432 796.356306
55.94459375843663 -3.1903769819292958 ENE 55.94470856346634 -3.1900998180695423 1271.621432 795.106306
55.94470856346634 -3.1900998180695423 NE 55.9449206955007 -3.1898876860351866 1271.621432 793.856306
55.9449206955007 -3.1898876860351866 ENE 55.94503550053041 -3.189610522175433 1271.621432 792.606306
55.94503550053041 -3.189610522175433 NE 55.945247632564765 -3.1893983901410774 1271.621432 791.356306
55.945247632564765 -3.1893983901410774 ENE 55.945362437594476 -3.189121226281324 1271.621432 790.106306
55.945362437594476 -3.189121226281324 NE 55.94557456962883 -3.1889090942469682 1271.621432 788.856306
55.94557456962883 -3.1889090942469682 E 55.94557456962883 -3.188609094246968 1293.514628 888.595221
55.94557456962883 -3.188609094246968 E 55.94557456962883 -3.188309094246968 1293.514628 887.345221
55.94557456962883 -3.188309094246968 E 55.94557456962883 -3.1880090942469677 1293.514628 886.095221
55.94557456962883 -3.1880090942469677 E 55.94557456962883 -3.1877090942469675 1293.514628 884.845221
55.94557456962883 -3.1877090942469675 E 55.94557456962883 -3.1874090942469673 1293.514628 883.595221
55.94557456962883 -3.1874090942469673 E 55.94557456962883 -3.187109094246967 1293.514628 882.345221
55.94557456962883 -3.187109094246967 ESE 55.94545976459912 -3.1868319303872137 1293.514628 881.095221
55.94545976459912 -3.1868319303872137 E 55.94545976459912 -3.1865319303872135 1293.514628 879.845221
55.94545976459912 -3.1865319303872135 ESE 55.94534495956941 -3.18625476652746 1202.856868 856.559523
55.94534495956941 -3.18625476652746 E 55.94534495956941 -3.18595476652746 1202.856868 855.309523
55.94534495956941 -3.18595476652746 ESE 55.9452301545397 -3.1856776026677065 1202.856868 854.059523
55.9452301545397 -3.1856776026677065 E 55.9452301545397 -3.1853776026677063 1202.856868 852.809523
55.9452301545397 -3.1853776026677063 ESE 55.94511534950999 -3.185100438807953 1202.856868 851.559523
55.94511534950999 -3.185100438807953 E 55.94511534950999 -3.1848004388079527 1202.856868 850.309523
55.94511534950999 -3.1848004388079527 SW 55.944903217475634 -3.1850125708423085 1235.649729 936.169526
55.944903217475634 -3.1850125708423085 SW 55.94469108544128 -3.1852247028766643 1235.649729 934.919526
55.94469108544128 -3.1852247028766643 SW 55.94447895340692 -3.18543683491102 1235.649729 933.669526
55.94447895340692 -3.18543683491102 WSW 55.94436414837721 -3.1857139987707734 1235.649729 932.419526
55.94436414837721 -3.1857139987707734 SW 55.944152016342855 -3.185926130805129 1235.649729 931.169526
55.944152016342855 -3.185926130805129 WSW 55.944037211313145 -3.1862032946648826 1235.649729 929.919526
55.944037211313145 -3.1862032946648826 SW 55.94382507927879 -3.1864154266992384 1235.649729 928.669526
55.94382507927879 -3.1864154266992384 SSW 55.94354791541903 -3.186530231728948 1267.311433 1006.990892
55.94354791541903 -3.186530231728948 SSW 55.943270751559275 -3.1866450367586574 1267.311433 1005.740892
55.943270751559275 -3.1866450367586574 SSW 55.94299358769952 -3.186759841788367 1267.311433 1004.490892
55.94299358769952 -3.186759841788367 SW 55.94278145566516 -3.1869719738227227 1267.311433 1003.240892
55.94278145566516 -3.1869719738227227 NE 55.94299358769952 -3.186759841788367 1291.338088 1119.087617
55.94299358769952 -3.186759841788367 NE 55.943205719733875 -3.186547709754011 1291.338088 1117.837617
55.943205719733875 -3.186547709754011 NE 55.94341785176823 -3.1863355777196554 1291.338088 1116.587617
55.94341785176823 -3.1863355777196554 NE 55.94362998380259 -3.1861234456852996 1291.338088 1115.337617
55.94362998380259 -3.1861234456852996 NE 55.943842115836944 -3.185911313650944 1291.338088 1114.087617
55.943842115836944 -3.185911313650944 NE 55.9440542478713 -3.185699181616588 1291.338088 1112.837617
55.9440542478713 -3.185699181616588 NE 55.944266379905656 -3.1854870495822323 1291.338088 1111.587617
55.944266379905656 -3.1854870495822323 NE 55.94447851194001 -3.1852749175478765 1291.338088 1110.337617
55.94447851194001 -3.1852749175478765 NNE 55.94475567579977 -3.185160112518167 1291.338088 1109.087617
55.94475567579977 -3.185160112518167 NE 55.944967807834125 -3.1849479804838112 1291.338088 1107.837617
55.944967807834125 -3.1849479804838112 NNE 55.94524497169388 -3.1848331754541017 1291.338088 1106.587617
55.94524497169388 -3.1848331754541017 NE 55.94545710372824 -3.184621043419746 1291.338088 1105.337617
55.94545710372824 -3.184621043419746 NNE 55.945734267587994 -3.1845062383900364 1291.338088 1104.087617
55.945734267587994 -3.1845062383900364 ENE 55.945849072617705 -3.184229074530283 1360.796602 1218.922013
55.945849072617705 -3.184229074530283 S 55.9455490726177 -3.184229074530283 1360.796602 1217.672013
55.9455490726177 -3.184229074530283 SSW 55.945271908757945 -3.1843438795599925 1360.796602 1216.422013
55.945271908757945 -3.1843438795599925 S 55.94497190875794 -3.1843438795599925 1360.796602 1215.172013
55.94497190875794 -3.1843438795599925 SSW 55.944694744898186 -3.184458684589702 1360.796602 1213.922013
55.944694744898186 -3.184458684589702 S 55.94439474489818 -3.184458684589702 1360.796602 1212.672013
55.94439474489818 -3.184458684589702 SSW 55.94411758103843 -3.1845734896194116 1360.796602 1211.422013
55.94411758103843 -3.1845734896194116 S 55.943817581038424 -3.1845734896194116 1446.672399 1286.186730
55.943817581038424 -3.1845734896194116 N 55.94411758103843 -3.1845734896194116 1446.672399 1284.936730
