55.944425 -3.188396 ENE 55.94453980502971 -3.1881188361402466 0.000000 248.750000
55.94453980502971 -3.1881188361402466 ENE 55.94465461005942 -3.187841672280493 0.000000 247.500000
55.94465461005942 -3.187841672280493 ENE 55.944769415089134 -3.18756450842074 0.000000 246.250000
55.944769415089134 -3.18756450842074 ENE 55.944884220118844 -3.1872873445609864 0.000000 245.000000
55.944884220118844 -3.1872873445609864 ENE 55.944999025148554 -3.187010180701233 49.270928 256.824749
55.944999025148554 -3.187010180701233 ENE 55.945113830178265 -3.1867330168414796 0.000000 131.704170
55.945113830178265 -3.1867330168414796 ENE 55.945228635207975 -3.186455852981726 0.000000 130.454170
55.945228635207975 -3.186455852981726 ENE 55.945343440237686 -3.1861786891219728 0.000000 129.204170
55.945343440237686 -3.1861786891219728 ENE 55.945458245267396 -3.1859015252622194 0.000000 127.954170
55.945458245267396 -3.1859015252622194 S 55.94515824526739 -3.1859015252622194 113.887452 161.557950
55.94515824526739 -3.1859015252622194 S 55.94485824526739 -3.1859015252622194 220.206845 177.434411
55.94485824526739 -3.1859015252622194 S 55.94455824526739 -3.1859015252622194 235.925669 269.476424
55.94455824526739 -3.1859015252622194 SSE 55.94428108140763 -3.18578672023251 235.925669 268.226424
55.94428108140763 -3.18578672023251 S 55.94398108140763 -3.18578672023251 235.925669 266.976424
55.94398108140763 -3.18578672023251 SSE 55.94370391754787 -3.1856719152028004 235.925669 265.726424
55.94370391754787 -3.1856719152028004 S 55.94340391754787 -3.1856719152028004 313.140754 273.632146
55.94340391754787 -3.1856719152028004 SSE 55.94312675368811 -3.185557110173091 313.140754 272.382146
55.94312675368811 -3.185557110173091 NW 55.94333888572247 -3.1857692422074466 348.280399 331.473396
55.94333888572247 -3.1857692422074466 NW 55.943551017756825 -3.1859813742418024 348.280399 330.223396
55.943551017756825 -3.1859813742418024 NW 55.94376314979118 -3.186193506276158 348.280399 328.973396
55.94376314979118 -3.186193506276158 NW 55.94397528182554 -3.186405638310514 379.942102 407.294762
55.94397528182554 -3.186405638310514 NW 55.94418741385989 -3.1866177703448697 379.942102 406.044762
55.94418741385989 -3.1866177703448697 WNW 55.944302218889604 -3.186894934204623 490.551071 476.206273
55.944302218889604 -3.186894934204623 NW 55.94451435092396 -3.187107066238979 490.551071 474.956273
55.94451435092396 -3.187107066238979 WNW 55.94462915595367 -3.1873842300987323 490.551071 473.706273
55.94462915595367 -3.1873842300987323 NW 55.94484128798803 -3.187596362133088 490.551071 472.456273
55.94484128798803 -3.187596362133088 WNW 55.94495609301774 -3.1878735259928415 490.551071 471.206273
55.94495609301774 -3.1878735259928415 NW 55.94516822505209 -3.1880856580271972 490.551071 469.956273
55.94516822505209 -3.1880856580271972 WNW 55.945283030081804 -3.1883628218869506 490.551071 468.706273
55.945283030081804 -3.1883628218869506 NW 55.94549516211616 -3.1885749539213064 490.551071 467.456273
55.94549516211616 -3.1885749539213064 WNW 55.94560996714587 -3.18885211778106 490.551071 466.206273
55.94560996714587 -3.18885211778106 SW 55.945397835111514 -3.1890642498154156 512.444268 565.945188
55.945397835111514 -3.1890642498154156 SW 55.94518570307716 -3.1892763818497714 512.444268 564.695188
55.94518570307716 -3.1892763818497714 SW 55.9449735710428 -3.189488513884127 512.444268 563.445188
55.9449735710428 -3.189488513884127 SW 55.944761439008445 -3.189700645918483 512.444268 562.195188
55.944761439008445 -3.189700645918483 SW 55.94454930697409 -3.1899127779528387 608.526343 595.530274
55.94454930697409 -3.1899127779528387 SSW 55.94427214311433 -3.190027582982548 619.303845 656.022496
55.94427214311433 -3.190027582982548 SW 55.944060011079976 -3.190239715016904 619.303845 654.772496
55.944060011079976 -3.190239715016904 SSW 55.94378284722022 -3.1903545200466135 641.597958 664.581060
55.94378284722022 -3.1903545200466135 SW 55.943570715185864 -3.1905666520809692 641.597958 663.331060
55.943570715185864 -3.1905666520809692 SSW 55.94329355132611 -3.1906814571106787 641.597958 662.081060
55.94329355132611 -3.1906814571106787 SW 55.94308141929175 -3.1908935891450345 641.597958 660.831060
55.94308141929175 -3.1908935891450345 SSW 55.942804255431994 -3.191008394174744 641.597958 659.581060
55.942804255431994 -3.191008394174744 NNW 55.94308141929175 -3.1911231992044535 719.253376 741.822939
55.94308141929175 -3.1911231992044535 NNW 55.94335858315151 -3.191238004234163 650.800400 736.623283
55.94335858315151 -3.191238004234163 NNW 55.943635747011264 -3.1913528092638725 650.800400 735.373283
55.943635747011264 -3.1913528092638725 NNW 55.94391291087102 -3.191467614293582 712.497911 755.487827
55.94391291087102 -3.191467614293582 NNW 55.94419007473078 -3.1915824193232916 756.811951 759.851461
55.94419007473078 -3.1915824193232916 N 55.94449007473078 -3.1915824193232916 772.467158 799.364888
55.94449007473078 -3.1915824193232916 NW 55.944702206765136 -3.1917945513576473 864.562012 803.210052
55.944702206765136 -3.1917945513576473 NW 55.94491433879949 -3.192006683392003 953.720758 904.750857
55.94491433879949 -3.192006683392003 NW 55.94512647083385 -3.192218815426359 953.720758 903.500857
55.94512647083385 -3.192218815426359 WNW 55.94524127586356 -3.1924959792861123 953.720758 902.250857
55.94524127586356 -3.1924959792861123 E 55.94524127586356 -3.192195979286112 1039.146934 939.014654
55.94524127586356 -3.192195979286112 E 55.94524127586356 -3.191895979286112 1039.146934 937.764654
55.94524127586356 -3.191895979286112 E 55.94524127586356 -3.1915959792861117 1039.146934 936.514654
55.94524127586356 -3.1915959792861117 E 55.94524127586356 -3.1912959792861115 1039.146934 935.264654
55.94524127586356 -3.1912959792861115 E 55.94524127586356 -3.1909959792861113 1103.076861 1051.894264
55.94524127586356 -3.1909959792861113 ESE 55.94512647083385 -3.190718815426358 1103.076861 1050.644264
55.94512647083385 -3.190718815426358 E 55.94512647083385 -3.1904188154263577 1103.076861 1049.394264
55.94512647083385 -3.1904188154263577 ESE 55.94501166580414 -3.1901416515666043 1218.849243 1134.201459
55.94501166580414 -3.1901416515666043 E 55.94501166580414 -3.189841651566604 1218.849243 1132.951459
55.94501166580414 -3.189841651566604 ESE 55.94489686077443 -3.1895644877068507 1218.849243 1131.701459
55.94489686077443 -3.1895644877068507 E 55.94489686077443 -3.1892644877068506 1218.849243 1130.451459
55.94489686077443 -3.1892644877068506 ESE 55.94478205574472 -3.188987323847097 1218.849243 1129.201459
55.94478205574472 -3.188987323847097 E 55.94478205574472 -3.188687323847097 1218.849243 1127.951459
55.94478205574472 -3.188687323847097 ESE 55.94466725071501 -3.1884101599873436 1185.714093 1052.252041
55.94466725071501 -3.1884101599873436 E 55.94466725071501 -3.1881101599873434 1185.714093 1051.002041
55.94466725071501 -3.1881101599873434 ESE 55.9445524456853 -3.18783299612759 1185.714093 1049.752041
55.9445524456853 -3.18783299612759 E 55.9445524456853 -3.18753299612759 1185.714093 1048.502041
55.9445524456853 -3.18753299612759 ESE 55.944437640655586 -3.1872558322678364 1185.714093 1047.252041
55.944437640655586 -3.1872558322678364 E 55.944437640655586 -3.186955832267836 1185.714093 1046.002041
55.944437640655586 -3.186955832267836 ESE 55.944322835625876 -3.186678668408083 1185.714093 1044.752041
55.944322835625876 -3.186678668408083 E 55.944322835625876 -3.1863786684080826 1181.267244 939.253108
55.944322835625876 -3.1863786684080826 ESE 55.944208030596165 -3.186101504548329 1181.267244 938.003108
55.944208030596165 -3.186101504548329 E 55.944208030596165 -3.185801504548329 1181.267244 936.753108
55.944208030596165 -3.185801504548329 ESE 55.944093225566455 -3.1855243406885756 1181.267244 935.503108
55.944093225566455 -3.1855243406885756 E 55.944093225566455 -3.1852243406885754 1181.267244 934.253108
55.944093225566455 -3.1852243406885754 ESE 55.943978420536745 -3.184947176828822 1181.267244 933.003108
55.943978420536745 -3.184947176828822 E 55.943978420536745 -3.184647176828822 1181.267244 931.753108
55.943978420536745 -3.184647176828822 WNW 55.944093225566455 -3.184924340688575 1267.143041 1006.517824
55.944093225566455 -3.184924340688575 WNW 55.944208030596165 -3.1852015045483286 1267.143041 1005.267824
55.944208030596165 -3.1852015045483286 WNW 55.944322835625876 -3.185478668408082 1267.143041 1004.017824
55.944322835625876 -3.185478668408082 NW 55.94453496766023 -3.185690800442438 1267.143041 1002.767824
55.94453496766023 -3.185690800442438 WNW 55.94464977268994 -3.185967964302191 1267.143041 1001.517824
55.94464977268994 -3.185967964302191 NW 55.9448619047243 -3.186180096336547 1267.143041 1000.267824
55.9448619047243 -3.186180096336547 WNW 55.94497670975401 -3.1864572601963004 1267.143041 999.017824
55.94497670975401 -3.1864572601963004 NW 55.945188841788365 -3.186669392230656 1267.143041 997.767824
55.945188841788365 -3.186669392230656 WNW 55.945303646818076 -3.1869465560904096 1267.143041 996.517824
55.945303646818076 -3.1869465560904096 NW 55.94551577885243 -3.1871586881247653 1267.143041 995.267824
55.94551577885243 -3.1871586881247653 WNW 55.94563058388214 -3.1874358519845187 1267.143041 994.017824
55.94563058388214 -3.1874358519845187 SW 55.945418451847786 -3.1876479840188745 1277.977024 1075.336915
55.945418451847786 -3.1876479840188745 SW 55.94520631981343 -3.1878601160532303 1277.977024 1074.086915
55.94520631981343 -3.1878601160532303 SW 55.94499418777907 -3.188072248087586 1277.977024 1072.836915
55.94499418777907 -3.188072248087586 SW 55.94478205574472 -3.188284380121942 1277.977024 1071.586915
55.94478205574472 -3.188284380121942 SW 55.94456992371036 -3.1884965121562976 1277.977024 1070.336915
55.94456992371036 -3.1884965121562976 SW 55.944357791676005 -3.1887086441906534 1277.977024 1069.086915
55.944357791676005 -3.1887086441906534 SW 55.94414565964165 -3.188920776225009 1254.149302 1043.940980
55.94414565964165 -3.188920776225009 SSW 55.94386849578189 -3.1890355812547186 1254.149302 1042.690980
55.94386849578189 -3.1890355812547186 SW 55.943656363747536 -3.1892477132890744 1254.149302 1041.440980
55.943656363747536 -3.1892477132890744 SSW 55.94337919988778 -3.189362518318784 1254.149302 1040.190980
55.94337919988778 -3.189362518318784 SW 55.94316706785342 -3.1895746503531397 1254.149302 1038.940980
55.94316706785342 -3.1895746503531397 SSW 55.94288990399367 -3.189689455382849 1254.149302 1037.690980
55.94288990399367 -3.189689455382849 SW 55.94267777195931 -3.189901587417205 1254.149302 1036.440980
55.94267777195931 -3.189901587417205 NE 55.94288990399367 -3.189689455382849 1303.587735 1105.023703
55.94288990399367 -3.189689455382849 NE 55.94310203602802 -3.1894773233484934 1303.587735 1103.773703
55.94310203602802 -3.1894773233484934 NE 55.94331416806238 -3.1892651913141377 1303.587735 1102.523703
55.94331416806238 -3.1892651913141377 ENE 55.94342897309209 -3.1889880274543843 1360.226295 1184.935745
55.94342897309209 -3.1889880274543843 NE 55.943641105126446 -3.1887758954200285 1360.226295 1183.685745
55.943641105126446 -3.1887758954200285 ENE 55.943755910156156 -3.188498731560275 1360.226295 1182.435745
55.943755910156156 -3.188498731560275 NE 55.94396804219051 -3.1882865995259193 1360.226295 1181.185745
55.94396804219051 -3.1882865995259193 ENE 55.94408284722022 -3.188009435666166 1433.595682 1257.264581
55.94408284722022 -3.188009435666166 ENE 55.94419765224993 -3.1877322718064125 1407.653273 1245.846099
55.94419765224993 -3.1877322718064125 ENE 55.94431245727964 -3.187455107946659 1407.653273 1244.596099
55.94431245727964 -3.187455107946659 ENE 55.944427262309354 -3.1871779440869057 1407.653273 1243.346099
55.944427262309354 -3.1871779440869057 ENE 55.944542067339064 -3.1869007802271523 1407.653273 1242.096099
55.944542067339064 -3.1869007802271523 ENE 55.944656872368775 -3.186623616367399 1407.653273 1240.846099
55.944656872368775 -3.186623616367399 ENE 55.944771677398485 -3.1863464525076455 1407.653273 1239.596099
55.944771677398485 -3.1863464525076455 ENE 55.944886482428196 -3.186069288647892 1407.653273 1238.346099
55.944886482428196 -3.186069288647892 ENE 55.945001287457906 -3.1857921247881387 1407.653273 1237.096099
55.945001287457906 -3.1857921247881387 ENE 55.945116092487616 -3.1855149609283853 1407.653273 1235.846099
55.945116092487616 -3.1855149609283853 ENE 55.94523089751733 -3.185237797068632 1407.653273 1234.596099
55.94523089751733 -3.185237797068632 NE 55.94544302955168 -3.185025665034276 1407.653273 1233.346099
55.94544302955168 -3.185025665034276 ENE 55.94555783458139 -3.1847485011745227 1357.545672 1113.566446
55.94555783458139 -3.1847485011745227 NE 55.94576996661575 -3.184536369140167 1357.545672 1112.316446
55.94576996661575 -3.184536369140167 SW 55.94555783458139 -3.1847485011745227 1427.004186 1227.150842
55.94555783458139 -3.1847485011745227 SW 55.94534570254704 -3.1849606332088785 1427.004186 1225.900842
55.94534570254704 -3.1849606332088785 SW 55.94513357051268 -3.1851727652432342 1427.004186 1224.650842
55.94513357051268 -3.1851727652432342 SW 55.944921438478325 -3.18538489727759 1427.004186 1223.400842
55.944921438478325 -3.18538489727759 SW 55.94470930644397 -3.1855970293119458 1427.004186 1222.150842
55.94470930644397 -3.1855970293119458 SW 55.94449717440961 -3.1858091613463015 1427.004186 1220.900842
55.94449717440961 -3.1858091613463015 SSW 55.944220010549856 -3.185923966376011 1427.004186 1219.650842
55.944220010549856 -3.185923966376011 SW 55.9440078785155 -3.186136098410367 1427.004186 1218.400842
55.9440078785155 -3.186136098410367 SSW 55.94373071465574 -3.1862509034400763 1427.004186 1217.150842
55.94373071465574 -3.1862509034400763 SW 55.94351858262139 -3.186463035474432 1427.004186 1215.900842
55.94351858262139 -3.186463035474432 SSW 55.94324141876163 -3.1865778405041416 1427.004186 1214.650842
55.94324141876163 -3.1865778405041416 SW 55.943029286727274 -3.1867899725384974 1427.004186 1213.400842
55.943029286727274 -3.1867899725384974 SSW 55.94275212286752 -3.186904777568207 1427.004186 1212.150842
55.94275212286752 -3.186904777568207 NE 55.942964254901874 -3.186692645533851 1451.030841 1327.997568
55.942964254901874 -3.186692645533851 NE 55.94317638693623 -3.1864805134994953 1451.030841 1326.747568
55.94317638693623 -3.1864805134994953 NE 55.943388518970586 -3.1862683814651396 1451.030841 1325.497568
55.943388518970586 -3.1862683814651396 NE 55.94360065100494 -3.186056249430784 1451.030841 1324.247568
55.94360065100494 -3.186056249430784 NE 55.9438127830393 -3.185844117396428 1451.030841 1322.997568
55.9438127830393 -3.185844117396428 NE 55.944024915073655 -3.1856319853620723 1451.030841 1321.747568
55.944024915073655 -3.1856319853620723 NE 55.94423704710801 -3.1854198533277165 1451.030841 1320.497568
55.94423704710801 -3.1854198533277165 NE 55.94444917914237 -3.1852077212933607 1451.030841 1319.247568
55.94444917914237 -3.1852077212933607 NE 55.94466131117672 -3.184995589259005 1451.030841 1317.997568
55.94466131117672 -3.184995589259005 NNE 55.94493847503648 -3.1848807842292954 1451.030841 1316.747568
55.94493847503648 -3.1848807842292954 W 55.94493847503648 -3.1851807842292956 1483.823702 1402.607571
55.94493847503648 -3.1851807842292956 W 55.94493847503648 -3.185480784229296 1483.823702 1401.357571
55.94493847503648 -3.185480784229296 WNW 55.94505328006619 -3.185757948089049 1483.823702 1400.107571
55.94505328006619 -3.185757948089049 W 55.94505328006619 -3.1860579480890494 1483.823702 1398.857571
55.94505328006619 -3.1860579480890494 WNW 55.9451680850959 -3.186335111948803 1483.823702 1397.607571
55.9451680850959 -3.186335111948803 W 55.9451680850959 -3.186635111948803 1483.823702 1396.357571
55.9451680850959 -3.186635111948803 WNW 55.94528289012561 -3.1869122758085564 1483.823702 1395.107571
55.94528289012561 -3.1869122758085564 W 55.94528289012561 -3.1872122758085566 1429.081344 1393.857571
55.94528289012561 -3.1872122758085566 WNW 55.94539769515532 -3.18748943966831 1429.081344 1392.607571
55.94539769515532 -3.18748943966831 W 55.94539769515532 -3.18778943966831 1429.081344 1391.357571
55.94539769515532 -3.18778943966831 WNW 55.94551250018503 -3.1880666035280636 1429.081344 1390.107571
55.94551250018503 -3.1880666035280636 W 55.94551250018503 -3.188366603528064 1429.081344 1388.857571
55.94551250018503 -3.188366603528064 WNW 55.94562730521474 -3.188643767387817 1429.081344 1387.607571
55.94562730521474 -3.188643767387817 W 55.94562730521474 -3.1889437673878174 1429.081344 1386.357571
55.94562730521474 -3.1889437673878174 WNW 55.94574211024445 -3.189220931247571 1429.081344 1385.107571
55.94574211024445 -3.189220931247571 ESE 55.94562730521474 -3.1889437673878174 1509.711832 1499.704049
55.94562730521474 -3.1889437673878174 SW 55.945415173180386 -3.189155899422173 1509.711832 1498.454049
55.945415173180386 -3.189155899422173 WSW 55.945300368150676 -3.1894330632819266 1509.711832 1497.204049
55.945300368150676 -3.1894330632819266 SW 55.94508823611632 -3.1896451953162823 1509.711832 1495.954049
55.94508823611632 -3.1896451953162823 WSW 55.94497343108661 -3.1899223591760357 1509.711832 1494.704049
55.94497343108661 -3.1899223591760357 SW 55.94476129905225 -3.1901344912103915 1509.711832 1493.454049
55.94476129905225 -3.1901344912103915 WSW 55.94464649402254 -3.190411655070145 1570.509557 1528.722157
55.94464649402254 -3.190411655070145 S 55.94434649402254 -3.190411655070145 1570.509557 1527.472157
55.94434649402254 -3.190411655070145 WSW 55.94423168899283 -3.1906888189298983 1570.509557 1526.222157
55.94423168899283 -3.1906888189298983 ESE 55.94411688396312 -3.190411655070145 1570.509557 1524.972157
55.94411688396312 -3.190411655070145 NNW 55.944394047822875 -3.1905264600998544 1570.509557 1523.722157
55.944394047822875 -3.1905264600998544 SE 55.94418191578852 -3.1903143280654986 1570.509557 1522.472157
55.94418191578852 -3.1903143280654986 ENE 55.94429672081823 -3.1900371642057452 1570.509557 1521.222157
55.94429672081823 -3.1900371642057452 NNW 55.944573884677986 -3.1901519692354547 1570.509557 1519.972157
55.944573884677986 -3.1901519692354547 E 55.944573884677986 -3.1898519692354546 1570.509557 1518.722157
55.944573884677986 -3.1898519692354546 NW 55.94478601671234 -3.1900641012698103 1570.509557 1517.472157
55.94478601671234 -3.1900641012698103 ESE 55.94467121168263 -3.189786937410057 1570.509557 1516.222157
55.94467121168263 -3.189786937410057 ENE 55.94478601671234 -3.1895097735503035 1570.509557 1514.972157
55.94478601671234 -3.1895097735503035 ENE 55.94490082174205 -3.18923260969055 1570.509557 1513.722157
55.94490082174205 -3.18923260969055 W 55.94490082174205 -3.1895326096905503 1570.509557 1512.472157
55.94490082174205 -3.1895326096905503 W 55.94490082174205 -3.1898326096905505 1570.509557 1511.222157
55.94490082174205 -3.1898326096905505 SSE 55.944623657882296 -3.189717804660841 1570.509557 1509.972157
55.944623657882296 -3.189717804660841 N 55.9449236578823 -3.189717804660841 1570.509557 1508.722157
55.9449236578823 -3.189717804660841 ENE 55.94503846291201 -3.1894406408010876 1570.509557 1507.472157
55.94503846291201 -3.1894406408010876 SE 55.94482633087765 -3.189228508766732 1570.509557 1506.222157
55.94482633087765 -3.189228508766732 ESE 55.94471152584794 -3.1889513449069784 1570.509557 1504.972157
55.94471152584794 -3.1889513449069784 W 55.94471152584794 -3.1892513449069786 1570.509557 1503.722157
55.94471152584794 -3.1892513449069786 E 55.94471152584794 -3.1889513449069784 1570.509557 1502.472157
55.94471152584794 -3.1889513449069784 E 55.94471152584794 -3.188651344906978 1570.509557 1501.222157
55.94471152584794 -3.188651344906978 SSE 55.944434361988186 -3.1885365398772687 1570.509557 1499.972157
55.944434361988186 -3.1885365398772687 NNE 55.94471152584794 -3.188421734847559 1570.509557 1498.722157
55.94471152584794 -3.188421734847559 WSW 55.94459672081823 -3.1886988987073126 1570.509557 1497.472157
55.94459672081823 -3.1886988987073126 NW 55.94480885285259 -3.1889110307416684 1570.509557 1496.222157
55.94480885285259 -3.1889110307416684 SW 55.94459672081823 -3.189123162776024 1570.509557 1494.972157
55.94459672081823 -3.189123162776024 W 55.94459672081823 -3.1894231627760243 1570.509557 1493.722157
55.94459672081823 -3.1894231627760243 ESE 55.94448191578852 -3.189145998916271 1570.509557 1492.472157
55.94448191578852 -3.189145998916271 W 55.94448191578852 -3.189445998916271 1570.509557 1491.222157
55.94448191578852 -3.189445998916271 N 55.944781915788525 -3.189445998916271 1570.509557 1489.972157
55.944781915788525 -3.189445998916271 W 55.944781915788525 -3.1897459989162713 1570.509557 1488.722157
55.944781915788525 -3.1897459989162713 ESE 55.944667110758814 -3.189468835056518 1570.509557 1487.472157
55.944667110758814 -3.189468835056518 E 55.944667110758814 -3.1891688350565177 1570.509557 1486.222157
55.944667110758814 -3.1891688350565177 NNE 55.94494427461857 -3.189054030026808 1570.509557 1484.972157
55.94494427461857 -3.189054030026808 S 55.94464427461857 -3.189054030026808 1570.509557 1483.722157
55.94464427461857 -3.189054030026808 ENE 55.94475907964828 -3.188776866167055 1570.509557 1482.472157
55.94475907964828 -3.188776866167055 NNW 55.945036243508035 -3.1888916711967643 1570.509557 1481.222157
55.945036243508035 -3.1888916711967643 NE 55.94524837554239 -3.1886795391624085 1570.509557 1479.972157
55.94524837554239 -3.1886795391624085 NNE 55.94552553940215 -3.188564734132699 1570.509557 1478.722157
55.94552553940215 -3.188564734132699 S 55.945225539402145 -3.188564734132699 1570.509557 1477.472157
55.945225539402145 -3.188564734132699 NE 55.9454376714365 -3.1883526020983433 1570.509557 1476.222157
55.9454376714365 -3.1883526020983433 E 55.9454376714365 -3.188052602098343 1570.509557 1474.972157
55.9454376714365 -3.188052602098343 S 55.9451376714365 -3.188052602098343 1570.509557 1473.722157
55.9451376714365 -3.188052602098343 N 55.9454376714365 -3.188052602098343 1570.509557 1472.472157
55.9454376714365 -3.188052602098343 WNW 55.94555247646621 -3.1883297659580965 1570.509557 1471.222157
55.94555247646621 -3.1883297659580965 WSW 55.9454376714365 -3.18860692981785 1570.509557 1469.972157
55.9454376714365 -3.18860692981785 SSE 55.945160507576745 -3.1884921247881404 1570.509557 1468.722157
55.945160507576745 -3.1884921247881404 ESE 55.945045702547034 -3.188214960928387 1570.509557 1467.472157
55.945045702547034 -3.188214960928387 NNE 55.94532286640679 -3.1881001558986775 1570.509557 1466.222157
55.94532286640679 -3.1881001558986775 S 55.94502286640679 -3.1881001558986775 1570.509557 1464.972157
55.94502286640679 -3.1881001558986775 E 55.94502286640679 -3.1878001558986773 1570.509557 1463.722157
55.94502286640679 -3.1878001558986773 SE 55.94481073437243 -3.1875880238643215 1570.509557 1462.472157
55.94481073437243 -3.1875880238643215 SSW 55.944533570512675 -3.187702828894031 1570.509557 1461.222157
55.944533570512675 -3.187702828894031 W 55.944533570512675 -3.188002828894031 1570.509557 1459.972157
55.944533570512675 -3.188002828894031 ENE 55.944648375542386 -3.187725665034278 1570.509557 1458.722157
55.944648375542386 -3.187725665034278 E 55.944648375542386 -3.1874256650342776 1570.509557 1457.472157
55.944648375542386 -3.1874256650342776 ENE 55.944763180572096 -3.187148501174524 1570.509557 1456.222157
55.944763180572096 -3.187148501174524 ENE 55.944877985601806 -3.186871337314771 1570.509557 1454.972157
55.944877985601806 -3.186871337314771 W 55.944877985601806 -3.187171337314771 1570.509557 1453.722157
55.944877985601806 -3.187171337314771 SW 55.94466585356745 -3.1873834693491268 1570.509557 1452.472157
55.94466585356745 -3.1873834693491268 WSW 55.94455104853774 -3.18766063320888 1570.509557 1451.222157
55.94455104853774 -3.18766063320888 N 55.94485104853774 -3.18766063320888 1570.509557 1449.972157
55.94485104853774 -3.18766063320888 NNW 55.9451282123975 -3.1877754382385897 1570.509557 1448.722157
55.9451282123975 -3.1877754382385897 SW 55.94491608036314 -3.1879875702729454 1570.509557 1447.472157
55.94491608036314 -3.1879875702729454 ENE 55.94503088539285 -3.187710406413192 1570.509557 1446.222157
55.94503088539285 -3.187710406413192 ENE 55.945145690422564 -3.1874332425534386 1570.509557 1444.972157
55.945145690422564 -3.1874332425534386 N 55.94544569042257 -3.1874332425534386 1570.509557 1443.722157
55.94544569042257 -3.1874332425534386 E 55.94544569042257 -3.1871332425534384 1570.509557 1442.472157
55.94544569042257 -3.1871332425534384 E 55.94544569042257 -3.1868332425534383 1570.509557 1441.222157
55.94544569042257 -3.1868332425534383 W 55.94544569042257 -3.1871332425534384 1570.509557 1439.972157
55.94544569042257 -3.1871332425534384 NNE 55.94572285428232 -3.187018437523729 1570.509557 1438.722157
55.94572285428232 -3.187018437523729 SSW 55.94544569042257 -3.1871332425534384 1570.509557 1437.472157
55.94544569042257 -3.1871332425534384 SW 55.94523355838821 -3.187345374587794 1570.509557 1436.222157
55.94523355838821 -3.187345374587794 SE 55.945021426353854 -3.1871332425534384 1570.509557 1434.972157
55.945021426353854 -3.1871332425534384 NNW 55.94529859021361 -3.187248047583148 1570.509557 1433.722157
55.94529859021361 -3.187248047583148 S 55.94499859021361 -3.187248047583148 1570.509557 1432.472157
55.94499859021361 -3.187248047583148 NW 55.945210722247964 -3.1874601796175037 1570.509557 1431.222157
55.945210722247964 -3.1874601796175037 SE 55.94499859021361 -3.187248047583148 1570.509557 1429.972157
55.94499859021361 -3.187248047583148 SE 55.94478645817925 -3.187035915548792 1570.509557 1428.722157
