55.944425 -3.188396 ENE 55.94453980502971 -3.1881188361402466 0.000000 248.750000
55.94453980502971 -3.1881188361402466 ENE 55.94465461005942 -3.187841672280493 0.000000 247.500000
55.94465461005942 -3.187841672280493 ENE 55.944769415089134 -3.18756450842074 0.000000 246.250000
55.944769415089134 -3.18756450842074 ENE 55.944884220118844 -3.1872873445609864 0.000000 245.000000
55.944884220118844 -3.1872873445609864 ENE 55.944999025148554 -3.187010180701233 49.270928 256.824749
55.944999025148554 -3.187010180701233 ENE 55.945113830178265 -3.1867330168414796 0.000000 131.704170
55.945113830178265 -3.1867330168414796 ENE 55.945228635207975 -3.186455852981726 0.000000 130.454170
55.945228635207975 -3.186455852981726 ENE 55.945343440237686 -3.1861786891219728 0.000000 129.204170
55.945343440237686 -3.1861786891219728 ENE 55.945458245267396 -3.1859015252622194 0.000000 127.954170
55.945458245267396 -3.1859015252622194 S 55.94515824526739 -3.1859015252622194 113.887452 161.557950
55.94515824526739 -3.1859015252622194 S 55.94485824526739 -3.1859015252622194 220.206845 177.434411
55.94485824526739 -3.1859015252622194 S 55.94455824526739 -3.1859015252622194 235.925669 269.476424
55.94455824526739 -3.1859015252622194 SSE 55.94428108140763 -3.18578672023251 235.925669 268.226424
55.94428108140763 -3.18578672023251 S 55.94398108140763 -3.18578672023251 235.925669 266.976424
55.94398108140763 -3.18578672023251 SSE 55.94370391754787 -3.1856719152028004 235.925669 265.726424
55.94370391754787 -3.1856719152028004 S 55.94340391754787 -3.1856719152028004 313.140754 273.632146
55.94340391754787 -3.1856719152028004 SSE 55.94312675368811 -3.185557110173091 313.140754 272.382146
55.94312675368811 -3.185557110173091 S 55.94282675368811 -3.185557110173091 348.280399 331.473396
55.94282675368811 -3.185557110173091 W 55.94282675368811 -3.185857110173091 348.280399 330.223396
55.94282675368811 -3.185857110173091 W 55.94282675368811 -3.1861571101730912 348.280399 328.973396
55.94282675368811 -3.1861571101730912 WNW 55.94294155871782 -3.1864342740328446 348.280399 327.723396
55.94294155871782 -3.1864342740328446 W 55.94294155871782 -3.186734274032845 348.280399 326.473396
55.94294155871782 -3.186734274032845 WNW 55.94305636374753 -3.187011437892598 348.280399 325.223396
55.94305636374753 -3.187011437892598 W 55.94305636374753 -3.1873114378925984 348.280399 323.973396
55.94305636374753 -3.1873114378925984 WNW 55.94317116877724 -3.187588601752352 348.280399 322.723396
55.94317116877724 -3.187588601752352 W 55.94317116877724 -3.187888601752352 348.280399 321.473396
55.94317116877724 -3.187888601752352 WNW 55.94328597380695 -3.1881657656121054 348.280399 320.223396
55.94328597380695 -3.1881657656121054 W 55.94328597380695 -3.1884657656121056 348.280399 318.973396
55.94328597380695 -3.1884657656121056 WNW 55.94340077883666 -3.188742929471859 348.280399 317.723396
55.94340077883666 -3.188742929471859 W 55.94340077883666 -3.189042929471859 348.280399 316.473396
55.94340077883666 -3.189042929471859 NW 55.94361291087102 -3.189255061506215 404.918959 398.885438
55.94361291087102 -3.189255061506215 NW 55.943825042905374 -3.1894671935405707 404.918959 397.635438
55.943825042905374 -3.1894671935405707 NW 55.94403717493973 -3.1896793255749265 404.918959 396.385438
55.94403717493973 -3.1896793255749265 NW 55.944249306974086 -3.1898914576092823 404.918959 395.135438
55.944249306974086 -3.1898914576092823 NW 55.94446143900844 -3.190103589643638 404.918959 393.885438
55.94446143900844 -3.190103589643638 NW 55.9446735710428 -3.190315721677994 415.696461 454.377659
55.9446735710428 -3.190315721677994 WNW 55.94478837607251 -3.1905928855377472 476.494186 489.645768
55.94478837607251 -3.1905928855377472 WNW 55.94490318110222 -3.1908700493975006 476.494186 488.395768
55.94490318110222 -3.1908700493975006 WNW 55.94501798613193 -3.191147213257254 476.494186 487.145768
55.94501798613193 -3.191147213257254 W 55.94501798613193 -3.1914472132572542 476.494186 485.895768
55.94501798613193 -3.1914472132572542 WNW 55.94513279116164 -3.1917243771170076 476.494186 484.645768
55.94513279116164 -3.1917243771170076 W 55.94513279116164 -3.192024377117008 476.494186 483.395768
55.94513279116164 -3.192024377117008 WNW 55.94524759619135 -3.192301540976761 476.494186 482.145768
55.94524759619135 -3.192301540976761 E 55.94524759619135 -3.192001540976761 561.920363 518.909565
55.94524759619135 -3.192001540976761 E 55.94524759619135 -3.191701540976761 561.920363 517.659565
55.94524759619135 -3.191701540976761 ESE 55.94513279116164 -3.1914243771170074 561.920363 516.409565
55.94513279116164 -3.1914243771170074 E 55.94513279116164 -3.1911243771170072 561.920363 515.159565
55.94513279116164 -3.1911243771170072 ESE 55.94501798613193 -3.190847213257254 625.850289 631.789175
55.94501798613193 -3.190847213257254 E 55.94501798613193 -3.1905472132572537 625.850289 630.539175
55.94501798613193 -3.1905472132572537 ESE 55.94490318110222 -3.1902700493975003 625.850289 629.289175
55.94490318110222 -3.1902700493975003 E 55.94490318110222 -3.1899700493975 625.850289 628.039175
55.94490318110222 -3.1899700493975 ESE 55.94478837607251 -3.1896928855377467 625.850289 626.789175
55.94478837607251 -3.1896928855377467 E 55.94478837607251 -3.1893928855377465 721.932364 660.124261
55.94478837607251 -3.1893928855377465 ESE 55.9446735710428 -3.189115721677993 721.932364 658.874261
55.9446735710428 -3.189115721677993 E 55.9446735710428 -3.188815721677993 721.932364 657.624261
55.9446735710428 -3.188815721677993 ESE 55.94455876601309 -3.1885385578182395 721.932364 656.374261
55.94455876601309 -3.1885385578182395 E 55.94455876601309 -3.1882385578182393 721.932364 655.124261
55.94455876601309 -3.1882385578182393 ESE 55.94444396098338 -3.187961393958486 721.932364 653.874261
55.94444396098338 -3.187961393958486 E 55.94444396098338 -3.1876613939584857 721.932364 652.624261
55.94444396098338 -3.1876613939584857 ESE 55.94432915595367 -3.1873842300987323 721.932364 651.374261
55.94432915595367 -3.1873842300987323 E 55.94432915595367 -3.187084230098732 721.932364 650.124261
55.94432915595367 -3.187084230098732 ESE 55.94421435092396 -3.1868070662389787 721.932364 648.874261
55.94421435092396 -3.1868070662389787 E 55.94421435092396 -3.1865070662389785 832.541333 719.035772
55.94421435092396 -3.1865070662389785 E 55.94421435092396 -3.1862070662389783 828.094484 613.536839
55.94421435092396 -3.1862070662389783 E 55.94421435092396 -3.185907066238978 828.094484 612.286839
55.94421435092396 -3.185907066238978 ESE 55.94409954589425 -3.1856299023792247 828.094484 611.036839
55.94409954589425 -3.1856299023792247 E 55.94409954589425 -3.1853299023792245 828.094484 609.786839
55.94409954589425 -3.1853299023792245 ESE 55.943984740864536 -3.185052738519471 828.094484 608.536839
55.943984740864536 -3.185052738519471 E 55.943984740864536 -3.184752738519471 828.094484 607.286839
55.943984740864536 -3.184752738519471 W 55.943984740864536 -3.185052738519471 913.970281 682.051556
55.943984740864536 -3.185052738519471 W 55.943984740864536 -3.1853527385194713 913.970281 680.801556
55.943984740864536 -3.1853527385194713 W 55.943984740864536 -3.1856527385194715 913.970281 679.551556
55.943984740864536 -3.1856527385194715 W 55.943984740864536 -3.1859527385194717 913.970281 678.301556
55.943984740864536 -3.1859527385194717 WSW 55.943869935834826 -3.186229902379225 913.970281 677.051556
55.943869935834826 -3.186229902379225 NW 55.94408206786918 -3.186442034413581 945.631984 755.372922
55.94408206786918 -3.186442034413581 WNW 55.94419687289889 -3.1867191982733343 945.631984 754.122922
55.94419687289889 -3.1867191982733343 NW 55.94440900493325 -3.18693133030769 945.631984 752.872922
55.94440900493325 -3.18693133030769 WNW 55.94452380996296 -3.1872084941674435 945.631984 751.622922
55.94452380996296 -3.1872084941674435 NW 55.944735941997315 -3.1874206262017992 945.631984 750.372922
55.944735941997315 -3.1874206262017992 WNW 55.944850747027026 -3.1876977900615526 945.631984 749.122922
55.944850747027026 -3.1876977900615526 NW 55.94506287906138 -3.1879099220959084 945.631984 747.872922
55.94506287906138 -3.1879099220959084 WNW 55.94517768409109 -3.188187085955662 945.631984 746.622922
55.94517768409109 -3.188187085955662 NW 55.94538981612545 -3.1883992179900176 945.631984 745.372922
55.94538981612545 -3.1883992179900176 WNW 55.94550462115516 -3.188676381849771 945.631984 744.122922
55.94550462115516 -3.188676381849771 ENE 55.94561942618487 -3.1883992179900176 967.525181 843.861836
55.94561942618487 -3.1883992179900176 E 55.94561942618487 -3.1880992179900174 967.525181 842.611836
55.94561942618487 -3.1880992179900174 ENE 55.94573423121458 -3.187822054130264 967.525181 841.361836
55.94573423121458 -3.187822054130264 SSE 55.94545706735482 -3.1877072491005545 978.359164 922.680927
55.94545706735482 -3.1877072491005545 SSE 55.94517990349507 -3.187592444070845 978.359164 921.430927
55.94517990349507 -3.187592444070845 SSE 55.94490273963531 -3.1874776390411355 978.359164 920.180927
55.94490273963531 -3.1874776390411355 SSE 55.944625575775554 -3.187362834011426 978.359164 918.930927
55.944625575775554 -3.187362834011426 S 55.94432557577555 -3.187362834011426 978.359164 917.680927
55.94432557577555 -3.187362834011426 SSE 55.944048411915794 -3.1872480289817164 978.359164 916.430927
55.944048411915794 -3.1872480289817164 S 55.94374841191579 -3.1872480289817164 978.359164 915.180927
55.94374841191579 -3.1872480289817164 SSE 55.943471248056035 -3.187133223952007 973.532560 854.887653
55.943471248056035 -3.187133223952007 S 55.94317124805603 -3.187133223952007 973.532560 853.637653
55.94317124805603 -3.187133223952007 SSE 55.942894084196276 -3.1870184189222974 973.532560 852.387653
55.942894084196276 -3.1870184189222974 W 55.942894084196276 -3.1873184189222976 997.559215 968.234379
55.942894084196276 -3.1873184189222976 W 55.942894084196276 -3.187618418922298 997.559215 966.984379
55.942894084196276 -3.187618418922298 W 55.942894084196276 -3.187918418922298 997.559215 965.734379
55.942894084196276 -3.187918418922298 W 55.942894084196276 -3.188218418922298 997.559215 964.484379
55.942894084196276 -3.188218418922298 W 55.942894084196276 -3.1885184189222984 997.559215 963.234379
55.942894084196276 -3.1885184189222984 W 55.942894084196276 -3.1888184189222986 997.559215 961.984379
55.942894084196276 -3.1888184189222986 W 55.942894084196276 -3.1891184189222987 997.559215 960.734379
55.942894084196276 -3.1891184189222987 W 55.942894084196276 -3.189418418922299 997.559215 959.484379
55.942894084196276 -3.189418418922299 W 55.942894084196276 -3.189718418922299 997.559215 958.234379
55.942894084196276 -3.189718418922299 W 55.942894084196276 -3.1900184189222993 997.559215 956.984379
55.942894084196276 -3.1900184189222993 W 55.942894084196276 -3.1903184189222995 952.163755 941.037758
55.942894084196276 -3.1903184189222995 WSW 55.942779279166565 -3.190595582782053 952.163755 939.787758
55.942779279166565 -3.190595582782053 W 55.942779279166565 -3.190895582782053 952.163755 938.537758
55.942779279166565 -3.190895582782053 ENE 55.942894084196276 -3.1906184189222997 1029.819172 1020.779637
55.942894084196276 -3.1906184189222997 ENE 55.943008889225986 -3.1903412550625463 1029.819172 1019.529637
55.943008889225986 -3.1903412550625463 ENE 55.943123694255696 -3.190064091202793 1029.819172 1018.279637
55.943123694255696 -3.190064091202793 ENE 55.94323849928541 -3.1897869273430395 1029.819172 1017.029637
55.94323849928541 -3.1897869273430395 ENE 55.94335330431512 -3.189509763483286 1029.819172 1015.779637
55.94335330431512 -3.189509763483286 ENE 55.94346810934483 -3.1892325996235327 1029.819172 1014.529637
55.94346810934483 -3.1892325996235327 ENE 55.94358291437454 -3.1889554357637793 1029.819172 1013.279637
55.94358291437454 -3.1889554357637793 ENE 55.94369771940425 -3.188678271904026 1029.819172 1012.029637
55.94369771940425 -3.188678271904026 ENE 55.94381252443396 -3.1884011080442725 1029.819172 1010.779637
55.94381252443396 -3.1884011080442725 ENE 55.94392732946367 -3.188123944184519 1029.819172 1009.529637
55.94392732946367 -3.188123944184519 ENE 55.94404213449338 -3.1878467803247656 1103.188560 1085.608474
55.94404213449338 -3.1878467803247656 ENE 55.94415693952309 -3.1875696164650122 1077.246151 1074.189992
55.94415693952309 -3.1875696164650122 ENE 55.9442717445528 -3.187292452605259 1077.246151 1072.939992
55.9442717445528 -3.187292452605259 ENE 55.94438654958251 -3.1870152887455054 1077.246151 1071.689992
55.94438654958251 -3.1870152887455054 ENE 55.94450135461222 -3.186738124885752 1077.246151 1070.439992
55.94450135461222 -3.186738124885752 ENE 55.94461615964193 -3.1864609610259986 1077.246151 1069.189992
55.94461615964193 -3.1864609610259986 ENE 55.94473096467164 -3.1861837971662452 1077.246151 1067.939992
55.94473096467164 -3.1861837971662452 ENE 55.94484576970135 -3.185906633306492 1077.246151 1066.689992
55.94484576970135 -3.185906633306492 ENE 55.94496057473106 -3.1856294694467384 1077.246151 1065.439992
55.94496057473106 -3.1856294694467384 NE 55.94517270676542 -3.1854173374123826 1077.246151 1064.189992
55.94517270676542 -3.1854173374123826 ENE 55.94528751179513 -3.1851401735526292 1077.246151 1062.939992
55.94528751179513 -3.1851401735526292 NE 55.945499643829486 -3.1849280415182735 1027.138549 943.160338
55.945499643829486 -3.1849280415182735 ENE 55.945614448859196 -3.18465087765852 1027.138549 941.910338
55.945614448859196 -3.18465087765852 NE 55.94582658089355 -3.1844387456241643 1027.138549 940.660338
55.94582658089355 -3.1844387456241643 W 55.94582658089355 -3.1847387456241645 1096.597063 1055.494735
55.94582658089355 -3.1847387456241645 W 55.94582658089355 -3.1850387456241647 1096.597063 1054.244735
55.94582658089355 -3.1850387456241647 W 55.94582658089355 -3.185338745624165 1096.597063 1052.994735
55.94582658089355 -3.185338745624165 W 55.94582658089355 -3.185638745624165 1096.597063 1051.744735
55.94582658089355 -3.185638745624165 W 55.94582658089355 -3.1859387456241652 1096.597063 1050.494735
55.94582658089355 -3.1859387456241652 W 55.94582658089355 -3.1862387456241654 1016.289865 963.514137
55.94582658089355 -3.1862387456241654 W 55.94582658089355 -3.1865387456241656 1016.054137 860.438604
55.94582658089355 -3.1865387456241656 W 55.94582658089355 -3.186838745624166 1016.054137 859.188604
55.94582658089355 -3.186838745624166 W 55.94582658089355 -3.187138745624166 1016.054137 857.938604
55.94582658089355 -3.187138745624166 W 55.94582658089355 -3.187438745624166 1016.054137 856.688604
55.94582658089355 -3.187438745624166 W 55.94582658089355 -3.1877387456241664 1016.054137 855.438604
55.94582658089355 -3.1877387456241664 W 55.94582658089355 -3.1880387456241666 1016.054137 854.188604
55.94582658089355 -3.1880387456241666 W 55.94582658089355 -3.1883387456241667 1016.054137 852.938604
55.94582658089355 -3.1883387456241667 W 55.94582658089355 -3.188638745624167 1016.054137 851.688604
55.94582658089355 -3.188638745624167 WSW 55.94571177586384 -3.1889159094839203 1016.054137 850.438604
55.94571177586384 -3.1889159094839203 WSW 55.94559697083413 -3.1891930733436737 1016.054137 849.188604
55.94559697083413 -3.1891930733436737 WSW 55.94548216580442 -3.189470237203427 1096.684625 963.785081
55.94548216580442 -3.189470237203427 WSW 55.94536736077471 -3.1897474010631806 1096.684625 962.535081
55.94536736077471 -3.1897474010631806 WSW 55.945252555745 -3.190024564922934 1096.684625 961.285081
55.945252555745 -3.190024564922934 WSW 55.94513775071529 -3.1903017287826874 1096.684625 960.035081
55.94513775071529 -3.1903017287826874 WSW 55.94502294568558 -3.1905788926424408 1212.457006 1044.842276
55.94502294568558 -3.1905788926424408 WSW 55.94490814065587 -3.190856056502194 1212.457006 1043.592276
55.94490814065587 -3.190856056502194 WSW 55.94479333562616 -3.1911332203619476 1212.457006 1042.342276
55.94479333562616 -3.1911332203619476 WSW 55.94467853059645 -3.191410384221701 1212.457006 1041.092276
55.94467853059645 -3.191410384221701 WSW 55.94456372556674 -3.1916875480814544 1304.551860 1044.937440
55.94456372556674 -3.1916875480814544 E 55.94456372556674 -3.191387548081454 1393.710606 1146.478245
55.94456372556674 -3.191387548081454 E 55.94456372556674 -3.191087548081454 1393.710606 1145.228245
55.94456372556674 -3.191087548081454 E 55.94456372556674 -3.190787548081454 1393.710606 1143.978245
55.94456372556674 -3.190787548081454 E 55.94456372556674 -3.1904875480814536 1393.710606 1142.728245
55.94456372556674 -3.1904875480814536 E 55.94456372556674 -3.1901875480814534 1393.710606 1141.478245
55.94456372556674 -3.1901875480814534 E 55.94456372556674 -3.1898875480814533 1393.710606 1140.228245
55.94456372556674 -3.1898875480814533 E 55.94456372556674 -3.189587548081453 1393.710606 1138.978245
55.94456372556674 -3.189587548081453 E 55.94456372556674 -3.189287548081453 1393.710606 1137.728245
55.94456372556674 -3.189287548081453 E 55.94456372556674 -3.1889875480814527 1393.710606 1136.478245
55.94456372556674 -3.1889875480814527 E 55.94456372556674 -3.1886875480814525 1393.710606 1135.228245
55.94456372556674 -3.1886875480814525 E 55.94456372556674 -3.1883875480814523 1393.710606 1133.978245
55.94456372556674 -3.1883875480814523 E 55.94456372556674 -3.188087548081452 1393.710606 1132.728245
55.94456372556674 -3.188087548081452 E 55.94456372556674 -3.187787548081452 1393.710606 1131.478245
55.94456372556674 -3.187787548081452 E 55.94456372556674 -3.1874875480814517 1393.710606 1130.228245
55.94456372556674 -3.1874875480814517 E 55.94456372556674 -3.1871875480814515 1393.710606 1128.978245
55.94456372556674 -3.1871875480814515 ENE 55.94467853059645 -3.186910384221698 1393.710606 1127.728245
55.94467853059645 -3.186910384221698 E 55.94467853059645 -3.186610384221698 1393.710606 1126.478245
55.94467853059645 -3.186610384221698 ENE 55.94479333562616 -3.1863332203619446 1393.710606 1125.228245
55.94479333562616 -3.1863332203619446 E 55.94479333562616 -3.1860332203619444 1393.710606 1123.978245
55.94479333562616 -3.1860332203619444 ENE 55.94490814065587 -3.185756056502191 1393.710606 1122.728245
55.94490814065587 -3.185756056502191 E 55.94490814065587 -3.1854560565021908 1393.710606 1121.478245
55.94490814065587 -3.1854560565021908 ENE 55.94502294568558 -3.1851788926424374 1393.710606 1120.228245
55.94502294568558 -3.1851788926424374 E 55.94502294568558 -3.184878892642437 1393.710606 1118.978245
55.94502294568558 -3.184878892642437 ENE 55.94513775071529 -3.1846017287826838 1426.503467 1204.838248
55.94513775071529 -3.1846017287826838 WSW 55.94502294568558 -3.184878892642437 1426.503467 1203.588248
55.94502294568558 -3.184878892642437 WSW 55.94490814065587 -3.1851560565021906 1426.503467 1202.338248
55.94490814065587 -3.1851560565021906 W 55.94490814065587 -3.1854560565021908 1426.503467 1201.088248
55.94490814065587 -3.1854560565021908 WSW 55.94479333562616 -3.185733220361944 1426.503467 1199.838248
55.94479333562616 -3.185733220361944 W 55.94479333562616 -3.1860332203619444 1426.503467 1198.588248
55.94479333562616 -3.1860332203619444 WSW 55.94467853059645 -3.1863103842216978 1426.503467 1197.338248
55.94467853059645 -3.1863103842216978 W 55.94467853059645 -3.186610384221698 1426.503467 1196.088248
55.94467853059645 -3.186610384221698 WSW 55.94456372556674 -3.1868875480814514 1426.503467 1194.838248
55.94456372556674 -3.1868875480814514 W 55.94456372556674 -3.1871875480814515 1426.503467 1193.588248
55.94456372556674 -3.1871875480814515 WSW 55.94444892053703 -3.187464711941205 1426.503467 1192.338248
55.94444892053703 -3.187464711941205 W 55.94444892053703 -3.187764711941205 1426.503467 1191.088248
55.94444892053703 -3.187764711941205 WSW 55.94433411550732 -3.1880418758009585 1426.503467 1189.838248
55.94433411550732 -3.1880418758009585 W 55.94433411550732 -3.1883418758009587 1426.503467 1188.588248
55.94433411550732 -3.1883418758009587 WSW 55.94421931047761 -3.188619039660712 1426.503467 1187.338248
55.94421931047761 -3.188619039660712 W 55.94421931047761 -3.1889190396607123 1402.675745 1162.192313
55.94421931047761 -3.1889190396607123 WSW 55.944104505447896 -3.1891962035204657 1402.675745 1160.942313
55.944104505447896 -3.1891962035204657 W 55.944104505447896 -3.189496203520466 1402.675745 1159.692313
55.944104505447896 -3.189496203520466 WSW 55.943989700418186 -3.1897733673802193 1402.675745 1158.442313
55.943989700418186 -3.1897733673802193 W 55.943989700418186 -3.1900733673802195 1402.675745 1157.192313
55.943989700418186 -3.1900733673802195 WSW 55.943874895388475 -3.190350531239973 1402.675745 1155.942313
55.943874895388475 -3.190350531239973 W 55.943874895388475 -3.190650531239973 1424.969859 1165.750877
55.943874895388475 -3.190650531239973 WSW 55.943760090358765 -3.1909276950997265 1424.969859 1164.500877
55.943760090358765 -3.1909276950997265 W 55.943760090358765 -3.1912276950997267 1424.969859 1163.250877
55.943760090358765 -3.1912276950997267 WSW 55.943645285329055 -3.19150485895948 1486.667370 1183.365422
55.943645285329055 -3.19150485895948 ENE 55.943760090358765 -3.1912276950997267 1486.667370 1182.115422
55.943760090358765 -3.1912276950997267 WNW 55.943874895388475 -3.19150485895948 1486.667370 1180.865422
55.943874895388475 -3.19150485895948 NW 55.94408702742283 -3.191716990993836 1530.981410 1185.229055
55.94408702742283 -3.191716990993836 S 55.94378702742283 -3.191716990993836 1546.636617 1224.742483
55.94378702742283 -3.191716990993836 N 55.94408702742283 -3.191716990993836 1546.636617 1223.492483
55.94408702742283 -3.191716990993836 SE 55.943874895388475 -3.19150485895948 1546.636617 1222.242483
55.943874895388475 -3.19150485895948 SE 55.94366276335412 -3.1912927269251243 1546.636617 1220.992483
55.94366276335412 -3.1912927269251243 SE 55.94345063131976 -3.1910805948907686 1546.636617 1219.742483
55.94345063131976 -3.1910805948907686 ESE 55.94333582629005 -3.190803431031015 1478.183641 1214.542827
55.94333582629005 -3.190803431031015 SE 55.943123694255696 -3.1905912989966594 1478.183641 1213.292827
55.943123694255696 -3.1905912989966594 ESE 55.943008889225986 -3.190314135136906 1478.183641 1212.042827
55.943008889225986 -3.190314135136906 SE 55.94279675719163 -3.19010200310255 1478.183641 1210.792827
55.94279675719163 -3.19010200310255 ESE 55.94268195216192 -3.189824839242797 1478.183641 1209.542827
55.94268195216192 -3.189824839242797 WSW 55.94256714713221 -3.19010200310255 1527.622074 1278.125550
55.94256714713221 -3.19010200310255 ENE 55.94268195216192 -3.189824839242797 1527.622074 1276.875550
55.94268195216192 -3.189824839242797 ESE 55.94256714713221 -3.1895476753830434 1527.622074 1275.625550
55.94256714713221 -3.1895476753830434 SSW 55.94228998327245 -3.189662480412753 1527.622074 1274.375550
55.94228998327245 -3.189662480412753 SE 55.942077851238096 -3.189450348378397 1527.622074 1273.125550
55.942077851238096 -3.189450348378397 SW 55.94186571920374 -3.189662480412753 1527.622074 1271.875550
55.94186571920374 -3.189662480412753 W 55.94186571920374 -3.189962480412753 1527.622074 1270.625550
55.94186571920374 -3.189962480412753 NW 55.942077851238096 -3.190174612447109 1527.622074 1269.375550
55.942077851238096 -3.190174612447109 SW 55.94186571920374 -3.1903867444814646 1527.622074 1268.125550
55.94186571920374 -3.1903867444814646 SSE 55.941588555343984 -3.190271939451755 1527.622074 1266.875550
55.941588555343984 -3.190271939451755 NW 55.94180068737834 -3.190484071486111 1527.622074 1265.625550
55.94180068737834 -3.190484071486111 WNW 55.94191549240805 -3.1907612353458643 1527.622074 1264.375550
55.94191549240805 -3.1907612353458643 N 55.94221549240805 -3.1907612353458643 1527.622074 1263.125550
55.94221549240805 -3.1907612353458643 S 55.94191549240805 -3.1907612353458643 1527.622074 1261.875550
55.94191549240805 -3.1907612353458643 SE 55.941703360373694 -3.1905491033115085 1527.622074 1260.625550
55.941703360373694 -3.1905491033115085 SE 55.94149122833934 -3.1903369712771528 1527.622074 1259.375550
55.94149122833934 -3.1903369712771528 ENE 55.94160603336905 -3.1900598074173994 1527.622074 1258.125550
55.94160603336905 -3.1900598074173994 ESE 55.94149122833934 -3.189782643557646 1527.622074 1256.875550
55.94149122833934 -3.189782643557646 SSE 55.94121406447958 -3.1896678385279364 1527.622074 1255.625550
55.94121406447958 -3.1896678385279364 SSE 55.940936900619825 -3.189553033498227 1527.622074 1254.375550
55.940936900619825 -3.189553033498227 SSW 55.94065973676007 -3.1896678385279364 1527.622074 1253.125550
55.94065973676007 -3.1896678385279364 SW 55.94044760472571 -3.189879970562292 1527.622074 1251.875550
55.94044760472571 -3.189879970562292 SE 55.940235472691356 -3.1896678385279364 1527.622074 1250.625550
55.940235472691356 -3.1896678385279364 NW 55.94044760472571 -3.189879970562292 1527.622074 1249.375550
55.94044760472571 -3.189879970562292 SSE 55.940170440865955 -3.1897651655325827 1527.622074 1248.125550
55.940170440865955 -3.1897651655325827 WSW 55.940055635836245 -3.190042329392336 1527.622074 1246.875550
55.940055635836245 -3.190042329392336 SSE 55.93977847197649 -3.1899275243626266 1527.622074 1245.625550
55.93977847197649 -3.1899275243626266 SE 55.93956633994213 -3.189715392328271 1527.622074 1244.375550
55.93956633994213 -3.189715392328271 S 55.93926633994213 -3.189715392328271 1527.622074 1243.125550
55.93926633994213 -3.189715392328271 N 55.93956633994213 -3.189715392328271 1527.622074 1241.875550
