55.944425 -3.188396 ENE 55.94453980502971 -3.1881188361402466 0.000000 248.750000
55.94453980502971 -3.1881188361402466 ENE 55.94465461005942 -3.187841672280493 0.000000 247.500000
55.94465461005942 -3.187841672280493 ENE 55.944769415089134 -3.18756450842074 0.000000 246.250000
55.944769415089134 -3.18756450842074 ENE 55.944884220118844 -3.1872873445609864 0.000000 245.000000
55.944884220118844 -3.1872873445609864 ENE 55.944999025148554 -3.187010180701233 49.270928 256.824749
55.944999025148554 -3.187010180701233 ENE 55.945113830178265 -3.1867330168414796 0.000000 131.704170
55.945113830178265 -3.1867330168414796 ENE 55.945228635207975 -3.186455852981726 0.000000 130.454170
55.945228635207975 -3.186455852981726 ENE 55.945343440237686 -3.1861786891219728 0.000000 129.204170
55.945343440237686 -3.1861786891219728 ENE 55.945458245267396 -3.1859015252622194 0.000000 127.954170
55.945458245267396 -3.1859015252622194 S 55.94515824526739 -3.1859015252622194 113.887452 161.557950
55.94515824526739 -3.1859015252622194 S 55.94485824526739 -3.1859015252622194 220.206845 177.434411
55.94485824526739 -3.1859015252622194 S 55.94455824526739 -3.1859015252622194 235.925669 269.476424
55.94455824526739 -3.1859015252622194 SSE 55.94428108140763 -3.18578672023251 235.925669 268.226424
55.94428108140763 -3.18578672023251 S 55.94398108140763 -3.18578672023251 235.925669 266.976424
55.94398108140763 -3.18578672023251 SSE 55.94370391754787 -3.1856719152028004 235.925669 265.726424
55.94370391754787 -3.1856719152028004 S 55.94340391754787 -3.1856719152028004 313.140754 273.632146
55.94340391754787 -3.1856719152028004 SSE 55.94312675368811 -3.185557110173091 313.140754 272.382146
55.94312675368811 -3.185557110173091 NNE 55.94340391754787 -3.1854423051433813 348.280399 331.473396
55.94340391754787 -3.1854423051433813 NNE 55.943681081407625 -3.185327500113672 348.280399 330.223396
55.943681081407625 -3.185327500113672 NNE 55.94395824526738 -3.1852126950839623 348.280399 328.973396
55.94395824526738 -3.1852126950839623 NNE 55.94423540912714 -3.185097890054253 348.280399 327.723396
55.94423540912714 -3.185097890054253 NNE 55.944512572986895 -3.1849830850245433 348.280399 326.473396
55.944512572986895 -3.1849830850245433 NNE 55.94478973684665 -3.184868279994834 348.280399 325.223396
55.94478973684665 -3.184868279994834 NNE 55.94506690070641 -3.1847534749651243 348.280399 323.973396
55.94506690070641 -3.1847534749651243 WSW 55.9449520956767 -3.1850306388248777 381.073260 409.833400
55.9449520956767 -3.1850306388248777 WSW 55.94483729064699 -3.185307802684631 381.073260 408.583400
55.94483729064699 -3.185307802684631 WSW 55.94472248561728 -3.1855849665443845 381.073260 407.333400
55.94472248561728 -3.1855849665443845 WSW 55.944607680587566 -3.185862130404138 381.073260 406.083400
55.944607680587566 -3.185862130404138 WSW 55.944492875557856 -3.1861392942638913 381.073260 404.833400
55.944492875557856 -3.1861392942638913 WSW 55.944378070528145 -3.1864164581236447 381.073260 403.583400
55.944378070528145 -3.1864164581236447 WSW 55.944263265498435 -3.186693621983398 376.626411 298.084467
55.944263265498435 -3.186693621983398 WNW 55.944378070528145 -3.1869707858431515 487.235380 368.245978
55.944378070528145 -3.1869707858431515 WNW 55.944492875557856 -3.187247949702905 487.235380 366.995978
55.944492875557856 -3.187247949702905 WNW 55.944607680587566 -3.1875251135626583 487.235380 365.745978
55.944607680587566 -3.1875251135626583 NW 55.94481981262192 -3.187737245597014 487.235380 364.495978
55.94481981262192 -3.187737245597014 WNW 55.94493461765163 -3.1880144094567675 487.235380 363.245978
55.94493461765163 -3.1880144094567675 NW 55.94514674968599 -3.1882265414911233 487.235380 361.995978
55.94514674968599 -3.1882265414911233 WNW 55.9452615547157 -3.1885037053508767 487.235380 360.745978
55.9452615547157 -3.1885037053508767 NW 55.945473686750056 -3.1887158373852325 487.235380 359.495978
55.945473686750056 -3.1887158373852325 WNW 55.945588491779766 -3.188993001244986 509.128577 459.234893
55.945588491779766 -3.188993001244986 NW 55.94580062381412 -3.1892051332793416 589.759065 573.831371
55.94580062381412 -3.1892051332793416 ESE 55.94568581878441 -3.1889279694195882 589.759065 572.581371
55.94568581878441 -3.1889279694195882 ESE 55.9455710137547 -3.188650805559835 589.759065 571.331371
55.9455710137547 -3.188650805559835 ESE 55.94545620872499 -3.1883736417000814 589.759065 570.081371
55.94545620872499 -3.1883736417000814 ESE 55.94534140369528 -3.188096477840328 589.759065 568.831371
55.94534140369528 -3.188096477840328 ESE 55.94522659866557 -3.1878193139805746 589.759065 567.581371
55.94522659866557 -3.1878193139805746 ESE 55.94511179363586 -3.187542150120821 589.759065 566.331371
55.94511179363586 -3.187542150120821 ESE 55.94499698860615 -3.187264986261068 589.759065 565.081371
55.94499698860615 -3.187264986261068 ESE 55.94488218357644 -3.1869878224013144 589.759065 563.831371
55.94488218357644 -3.1869878224013144 ESE 55.94476737854673 -3.186710658541561 535.016707 562.581371
55.94476737854673 -3.186710658541561 ESE 55.94465257351702 -3.1864334946818076 535.016707 561.331371
55.94465257351702 -3.1864334946818076 ESE 55.94453776848731 -3.186156330822054 535.016707 560.081371
55.94453776848731 -3.186156330822054 ESE 55.9444229634576 -3.185879166962301 535.016707 558.831371
55.9444229634576 -3.185879166962301 ESE 55.94430815842789 -3.1856020031025474 535.016707 557.581371
55.94430815842789 -3.1856020031025474 ESE 55.94419335339818 -3.185324839242794 535.016707 556.331371
55.94419335339818 -3.185324839242794 ESE 55.944078548368466 -3.1850476753830406 535.016707 555.081371
55.944078548368466 -3.1850476753830406 ESE 55.943963743338756 -3.184770511523287 535.016707 553.831371
55.943963743338756 -3.184770511523287 W 55.943963743338756 -3.1850705115232874 620.892504 628.596087
55.943963743338756 -3.1850705115232874 W 55.943963743338756 -3.1853705115232875 620.892504 627.346087
55.943963743338756 -3.1853705115232875 W 55.943963743338756 -3.1856705115232877 620.892504 626.096087
55.943963743338756 -3.1856705115232877 W 55.943963743338756 -3.185970511523288 620.892504 624.846087
55.943963743338756 -3.185970511523288 WSW 55.943848938309046 -3.1862476753830413 620.892504 623.596087
55.943848938309046 -3.1862476753830413 WNW 55.943963743338756 -3.1865248392427947 652.554207 701.917453
55.943963743338756 -3.1865248392427947 WNW 55.944078548368466 -3.186802003102548 652.554207 700.667453
55.944078548368466 -3.186802003102548 WNW 55.94419335339818 -3.1870791669623015 652.554207 699.417453
55.94419335339818 -3.1870791669623015 WNW 55.94430815842789 -3.187356330822055 652.554207 698.167453
55.94430815842789 -3.187356330822055 W 55.94430815842789 -3.187656330822055 652.554207 696.917453
55.94430815842789 -3.187656330822055 WNW 55.9444229634576 -3.1879334946818085 652.554207 695.667453
55.9444229634576 -3.1879334946818085 W 55.9444229634576 -3.1882334946818087 652.554207 694.417453
55.9444229634576 -3.1882334946818087 WNW 55.94453776848731 -3.188510658541562 652.554207 693.167453
55.94453776848731 -3.188510658541562 W 55.94453776848731 -3.1888106585415623 652.554207 691.917453
55.94453776848731 -3.1888106585415623 WNW 55.94465257351702 -3.1890878224013157 628.726485 666.771518
55.94465257351702 -3.1890878224013157 W 55.94465257351702 -3.189387822401316 628.726485 665.521518
55.94465257351702 -3.189387822401316 WNW 55.94476737854673 -3.1896649862610693 628.726485 664.271518
55.94476737854673 -3.1896649862610693 W 55.94476737854673 -3.1899649862610695 724.808559 697.606604
55.94476737854673 -3.1899649862610695 WNW 55.94488218357644 -3.190242150120823 735.586061 758.098826
55.94488218357644 -3.190242150120823 W 55.94488218357644 -3.190542150120823 796.383787 793.366934
55.94488218357644 -3.190542150120823 WNW 55.94499698860615 -3.1908193139805765 796.383787 792.116934
55.94499698860615 -3.1908193139805765 W 55.94499698860615 -3.1911193139805767 796.383787 790.866934
55.94499698860615 -3.1911193139805767 WNW 55.94511179363586 -3.19139647784033 796.383787 789.616934
55.94511179363586 -3.19139647784033 W 55.94511179363586 -3.1916964778403303 796.383787 788.366934
55.94511179363586 -3.1916964778403303 WNW 55.94522659866557 -3.1919736417000837 796.383787 787.116934
55.94522659866557 -3.1919736417000837 W 55.94522659866557 -3.192273641700084 796.383787 785.866934
55.94522659866557 -3.192273641700084 SE 55.945014466631214 -3.192061509665728 881.809963 822.630731
55.945014466631214 -3.192061509665728 SE 55.94480233459686 -3.1918493776313723 881.809963 821.380731
55.94480233459686 -3.1918493776313723 SE 55.9445902025625 -3.1916372455970166 881.809963 820.130731
55.9445902025625 -3.1916372455970166 SE 55.944378070528145 -3.191425113562661 970.968709 921.671536
55.944378070528145 -3.191425113562661 SE 55.94416593849379 -3.191212981528305 1063.063562 925.516700
55.94416593849379 -3.191212981528305 SE 55.94395380645943 -3.1910008494939492 1063.063562 924.266700
55.94395380645943 -3.1910008494939492 SE 55.94374167442508 -3.1907887174595935 1063.063562 923.016700
55.94374167442508 -3.1907887174595935 SE 55.94352954239072 -3.1905765854252377 1063.063562 921.766700
55.94352954239072 -3.1905765854252377 SE 55.943317410356364 -3.190364453390882 1063.063562 920.516700
55.943317410356364 -3.190364453390882 SE 55.94310527832201 -3.190152321356526 1063.063562 919.266700
55.94310527832201 -3.190152321356526 SSE 55.94282811446225 -3.1900375163268166 1017.668102 903.320079
55.94282811446225 -3.1900375163268166 E 55.94282811446225 -3.1897375163268165 1067.106535 971.902802
55.94282811446225 -3.1897375163268165 E 55.94282811446225 -3.1894375163268163 1067.106535 970.652802
55.94282811446225 -3.1894375163268163 E 55.94282811446225 -3.189137516326816 1067.106535 969.402802
55.94282811446225 -3.189137516326816 E 55.94282811446225 -3.188837516326816 1067.106535 968.152802
55.94282811446225 -3.188837516326816 E 55.94282811446225 -3.1885375163268157 1067.106535 966.902802
55.94282811446225 -3.1885375163268157 E 55.94282811446225 -3.1882375163268155 1067.106535 965.652802
55.94282811446225 -3.1882375163268155 E 55.94282811446225 -3.1879375163268153 1067.106535 964.402802
55.94282811446225 -3.1879375163268153 E 55.94282811446225 -3.187637516326815 1067.106535 963.152802
55.94282811446225 -3.187637516326815 ESE 55.94271330943254 -3.1873603524670617 1067.106535 961.902802
55.94271330943254 -3.1873603524670617 E 55.94271330943254 -3.1870603524670615 1067.106535 960.652802
55.94271330943254 -3.1870603524670615 WNW 55.94282811446225 -3.187337516326815 1091.133190 1076.499527
55.94282811446225 -3.187337516326815 WNW 55.94294291949196 -3.1876146801865683 1091.133190 1075.249527
55.94294291949196 -3.1876146801865683 WNW 55.94305772452167 -3.1878918440463218 1091.133190 1073.999527
55.94305772452167 -3.1878918440463218 WNW 55.94317252955138 -3.188169007906075 1091.133190 1072.749527
55.94317252955138 -3.188169007906075 W 55.94317252955138 -3.1884690079060753 1091.133190 1071.499527
55.94317252955138 -3.1884690079060753 WNW 55.94328733458109 -3.1887461717658288 1091.133190 1070.249527
55.94328733458109 -3.1887461717658288 W 55.94328733458109 -3.189046171765829 1091.133190 1068.999527
55.94328733458109 -3.189046171765829 WNW 55.943402139610804 -3.1893233356255823 1147.771750 1151.411569
55.943402139610804 -3.1893233356255823 W 55.943402139610804 -3.1896233356255825 1147.771750 1150.161569
55.943402139610804 -3.1896233356255825 WNW 55.943516944640514 -3.189900499485336 1147.771750 1148.911569
55.943516944640514 -3.189900499485336 W 55.943516944640514 -3.190200499485336 1147.771750 1147.661569
55.943516944640514 -3.190200499485336 WNW 55.943631749670224 -3.1904776633450895 1147.771750 1146.411569
55.943631749670224 -3.1904776633450895 W 55.943631749670224 -3.1907776633450897 1147.771750 1145.161569
55.943631749670224 -3.1907776633450897 WNW 55.943746554699935 -3.191054827204843 1147.771750 1143.911569
55.943746554699935 -3.191054827204843 S 55.94344655469993 -3.191054827204843 1209.469261 1164.026113
55.94344655469993 -3.191054827204843 S 55.94314655469993 -3.191054827204843 1141.016285 1158.826457
55.94314655469993 -3.191054827204843 S 55.942846554699926 -3.191054827204843 1141.016285 1157.576457
55.942846554699926 -3.191054827204843 ENE 55.94296135972964 -3.1907776633450897 1218.671703 1239.818337
55.94296135972964 -3.1907776633450897 ENE 55.94307616475935 -3.1905004994853363 1218.671703 1238.568337
55.94307616475935 -3.1905004994853363 ENE 55.94319096978906 -3.190223335625583 1218.671703 1237.318337
55.94319096978906 -3.190223335625583 ENE 55.94330577481877 -3.1899461717658295 1218.671703 1236.068337
55.94330577481877 -3.1899461717658295 ENE 55.94342057984848 -3.189669007906076 1218.671703 1234.818337
55.94342057984848 -3.189669007906076 ENE 55.94353538487819 -3.1893918440463227 1218.671703 1233.568337
55.94353538487819 -3.1893918440463227 ENE 55.9436501899079 -3.1891146801865693 1218.671703 1232.318337
55.9436501899079 -3.1891146801865693 ENE 55.94376499493761 -3.188837516326816 1218.671703 1231.068337
55.94376499493761 -3.188837516326816 ENE 55.94387979996732 -3.1885603524670625 1218.671703 1229.818337
55.94387979996732 -3.1885603524670625 ENE 55.94399460499703 -3.188283188607309 1218.671703 1228.568337
55.94399460499703 -3.188283188607309 E 55.94399460499703 -3.187983188607309 1292.041090 1304.647173
55.94399460499703 -3.187983188607309 WNW 55.94410941002674 -3.1882603524670623 1266.098681 1293.228691
55.94410941002674 -3.1882603524670623 WNW 55.94422421505645 -3.1885375163268157 1266.098681 1291.978691
55.94422421505645 -3.1885375163268157 WNW 55.94433902008616 -3.188814680186569 1266.098681 1290.728691
55.94433902008616 -3.188814680186569 WNW 55.94445382511587 -3.1890918440463225 1266.098681 1289.478691
55.94445382511587 -3.1890918440463225 WNW 55.94456863014558 -3.189369007906076 1266.098681 1288.228691
55.94456863014558 -3.189369007906076 NW 55.94478076217994 -3.1895811399404317 1266.098681 1286.978691
55.94478076217994 -3.1895811399404317 WNW 55.94489556720965 -3.189858303800185 1266.098681 1285.728691
55.94489556720965 -3.189858303800185 NW 55.945107699244005 -3.190070435834541 1266.098681 1284.478691
55.945107699244005 -3.190070435834541 WNW 55.945222504273715 -3.1903475996942943 1266.098681 1283.228691
55.945222504273715 -3.1903475996942943 E 55.945222504273715 -3.190047599694294 1381.871062 1368.035886
55.945222504273715 -3.190047599694294 E 55.945222504273715 -3.189747599694294 1381.871062 1366.785886
55.945222504273715 -3.189747599694294 E 55.945222504273715 -3.1894475996942937 1381.871062 1365.535886
55.945222504273715 -3.1894475996942937 E 55.945222504273715 -3.1891475996942935 1381.871062 1364.285886
55.945222504273715 -3.1891475996942935 E 55.945222504273715 -3.1888475996942933 1381.871062 1363.035886
55.945222504273715 -3.1888475996942933 E 55.945222504273715 -3.188547599694293 1381.871062 1361.785886
55.945222504273715 -3.188547599694293 E 55.945222504273715 -3.188247599694293 1381.871062 1360.535886
55.945222504273715 -3.188247599694293 E 55.945222504273715 -3.1879475996942928 1381.871062 1359.285886
55.945222504273715 -3.1879475996942928 E 55.945222504273715 -3.1876475996942926 1381.871062 1358.035886
55.945222504273715 -3.1876475996942926 E 55.945222504273715 -3.1873475996942924 1381.871062 1356.785886
55.945222504273715 -3.1873475996942924 ENE 55.945337309303426 -3.187070435834539 1381.871062 1355.535886
55.945337309303426 -3.187070435834539 E 55.945337309303426 -3.186770435834539 1381.871062 1354.285886
55.945337309303426 -3.186770435834539 ENE 55.945452114333136 -3.1864932719747854 1381.871062 1353.035886
55.945452114333136 -3.1864932719747854 E 55.945452114333136 -3.186193271974785 1291.213302 1329.750188
55.945452114333136 -3.186193271974785 ENE 55.94556691936285 -3.185916108115032 1291.213302 1328.500188
55.94556691936285 -3.185916108115032 E 55.94556691936285 -3.1856161081150316 1291.213302 1327.250188
55.94556691936285 -3.1856161081150316 ENE 55.94568172439256 -3.185338944255278 1291.213302 1326.000188
55.94568172439256 -3.185338944255278 E 55.94568172439256 -3.185038944255278 1291.213302 1324.750188
55.94568172439256 -3.185038944255278 ENE 55.94579652942227 -3.1847617803955246 1291.213302 1323.500188
55.94579652942227 -3.1847617803955246 E 55.94579652942227 -3.1844617803955244 1291.213302 1322.250188
55.94579652942227 -3.1844617803955244 ENE 55.94591133445198 -3.184184616535771 1360.671816 1437.084584
55.94591133445198 -3.184184616535771 WSW 55.94579652942227 -3.1844617803955244 1360.671816 1435.834584
55.94579652942227 -3.1844617803955244 WSW 55.94568172439256 -3.184738944255278 1360.671816 1434.584584
55.94568172439256 -3.184738944255278 WSW 55.94556691936285 -3.185016108115031 1360.671816 1433.334584
55.94556691936285 -3.185016108115031 WSW 55.945452114333136 -3.1852932719747846 1360.671816 1432.084584
55.945452114333136 -3.1852932719747846 WSW 55.945337309303426 -3.185570435834538 1360.671816 1430.834584
55.945337309303426 -3.185570435834538 WSW 55.945222504273715 -3.1858475996942914 1360.671816 1429.584584
55.945222504273715 -3.1858475996942914 WSW 55.945107699244005 -3.186124763554045 1360.671816 1428.334584
55.945107699244005 -3.186124763554045 WSW 55.944992894214295 -3.1864019274137982 1360.671816 1427.084584
55.944992894214295 -3.1864019274137982 WSW 55.944878089184584 -3.1866790912735516 1360.671816 1425.834584
55.944878089184584 -3.1866790912735516 WSW 55.944763284154874 -3.186956255133305 1360.671816 1424.584584
55.944763284154874 -3.186956255133305 WSW 55.94464847912516 -3.1872334189930585 1360.671816 1423.334584
55.94464847912516 -3.1872334189930585 W 55.94464847912516 -3.1875334189930586 1360.671816 1422.084584
55.94464847912516 -3.1875334189930586 WSW 55.94453367409545 -3.187810582852812 1360.671816 1420.834584
55.94453367409545 -3.187810582852812 W 55.94453367409545 -3.1881105828528122 1360.671816 1419.584584
55.94453367409545 -3.1881105828528122 WSW 55.94441886906574 -3.1883877467125656 1360.671816 1418.334584
55.94441886906574 -3.1883877467125656 W 55.94441886906574 -3.188687746712566 1360.671816 1417.084584
55.94441886906574 -3.188687746712566 WSW 55.94430406403603 -3.1889649105723192 1360.671816 1415.834584
55.94430406403603 -3.1889649105723192 W 55.94430406403603 -3.1892649105723194 1360.671816 1414.584584
55.94430406403603 -3.1892649105723194 WSW 55.94418925900632 -3.189542074432073 1360.671816 1413.334584
55.94418925900632 -3.189542074432073 W 55.94418925900632 -3.189842074432073 1360.671816 1412.084584
55.94418925900632 -3.189842074432073 WSW 55.94407445397661 -3.1901192382918264 1360.671816 1410.834584
55.94407445397661 -3.1901192382918264 W 55.94407445397661 -3.1904192382918266 1360.671816 1409.584584
55.94407445397661 -3.1904192382918266 NNW 55.94435161783637 -3.190534043321536 1382.965930 1419.393148
55.94435161783637 -3.190534043321536 NW 55.944563749870724 -3.190746175355892 1382.965930 1418.143148
55.944563749870724 -3.190746175355892 NNW 55.94484091373048 -3.1908609803856014 1382.965930 1416.893148
55.94484091373048 -3.1908609803856014 NW 55.94505304576484 -3.191073112419957 1382.965930 1415.643148
55.94505304576484 -3.191073112419957 NNW 55.94533020962459 -3.1911879174496667 1382.965930 1414.393148
55.94533020962459 -3.1911879174496667 S 55.94503020962459 -3.1911879174496667 1446.895857 1531.022757
55.94503020962459 -3.1911879174496667 N 55.94533020962459 -3.1911879174496667 1446.895857 1529.772757
55.94533020962459 -3.1911879174496667 E 55.94533020962459 -3.1908879174496665 1446.895857 1528.522757
55.94533020962459 -3.1908879174496665 E 55.94533020962459 -3.1905879174496663 1446.895857 1527.272757
55.94533020962459 -3.1905879174496663 E 55.94533020962459 -3.190287917449666 1446.895857 1526.022757
55.94533020962459 -3.190287917449666 E 55.94533020962459 -3.189987917449666 1446.895857 1524.772757
55.94533020962459 -3.189987917449666 E 55.94533020962459 -3.1896879174496657 1446.895857 1523.522757
55.94533020962459 -3.1896879174496657 ENE 55.945445014654304 -3.1894107535899123 1446.895857 1522.272757
55.945445014654304 -3.1894107535899123 E 55.945445014654304 -3.189110753589912 1446.895857 1521.022757
55.945445014654304 -3.189110753589912 ENE 55.945559819684014 -3.1888335897301587 1446.895857 1519.772757
55.945559819684014 -3.1888335897301587 E 55.945559819684014 -3.1885335897301585 1446.895857 1518.522757
55.945559819684014 -3.1885335897301585 ENE 55.945674624713725 -3.188256425870405 1446.895857 1517.272757
55.945674624713725 -3.188256425870405 E 55.945674624713725 -3.187956425870405 1446.895857 1516.022757
55.945674624713725 -3.187956425870405 ENE 55.945789429743435 -3.1876792620106515 1446.895857 1514.772757
55.945789429743435 -3.1876792620106515 ESE 55.945674624713725 -3.187402098150898 1457.729840 1596.091848
55.945674624713725 -3.187402098150898 WSW 55.945559819684014 -3.1876792620106515 1457.729840 1594.841848
55.945559819684014 -3.1876792620106515 WSW 55.945445014654304 -3.187956425870405 1457.729840 1593.591848
55.945445014654304 -3.187956425870405 WSW 55.94533020962459 -3.1882335897301584 1457.729840 1592.341848
55.94533020962459 -3.1882335897301584 WSW 55.94521540459488 -3.1885107535899118 1457.729840 1591.091848
55.94521540459488 -3.1885107535899118 WSW 55.94510059956517 -3.188787917449665 1457.729840 1589.841848
55.94510059956517 -3.188787917449665 WSW 55.94498579453546 -3.1890650813094186 1424.594691 1514.142430
55.94498579453546 -3.1890650813094186 WSW 55.94487098950575 -3.189342245169172 1424.594691 1512.892430
55.94487098950575 -3.189342245169172 WSW 55.94475618447604 -3.1896194090289254 1424.594691 1511.642430
55.94475618447604 -3.1896194090289254 WSW 55.94464137944633 -3.189896572888679 1424.594691 1510.392430
55.94464137944633 -3.189896572888679 WSW 55.94452657441662 -3.190173736748432 1424.594691 1509.142430
55.94452657441662 -3.190173736748432 WSW 55.94441176938691 -3.1904509006081856 1424.594691 1507.892430
55.94441176938691 -3.1904509006081856 WSW 55.9442969643572 -3.190728064467939 1424.594691 1506.642430
55.9442969643572 -3.190728064467939 WSW 55.94418215932749 -3.1910052283276924 1424.594691 1505.392430
55.94418215932749 -3.1910052283276924 W 55.94418215932749 -3.1913052283276926 1424.594691 1504.142430
55.94418215932749 -3.1913052283276926 WSW 55.94406735429778 -3.191582392187446 1424.594691 1502.892430
55.94406735429778 -3.191582392187446 W 55.94406735429778 -3.191882392187446 1440.249898 1542.405857
55.94406735429778 -3.191882392187446 ESE 55.94395254926807 -3.191605228327693 1440.249898 1541.155857
55.94395254926807 -3.191605228327693 ESE 55.94383774423836 -3.1913280644679394 1440.249898 1539.905857
55.94383774423836 -3.1913280644679394 WNW 55.94395254926807 -3.191605228327693 1440.249898 1538.655857
55.94395254926807 -3.191605228327693 ESE 55.94383774423836 -3.1913280644679394 1440.249898 1537.405857
55.94383774423836 -3.1913280644679394 WNW 55.94395254926807 -3.191605228327693 1440.249898 1536.155857
55.94395254926807 -3.191605228327693 ESE 55.94383774423836 -3.1913280644679394 1440.249898 1534.905857
55.94383774423836 -3.1913280644679394 WNW 55.94395254926807 -3.191605228327693 1440.249898 1533.655857
55.94395254926807 -3.191605228327693 ESE 55.94383774423836 -3.1913280644679394 1440.249898 1532.405857
55.94383774423836 -3.1913280644679394 WNW 55.94395254926807 -3.191605228327693 1440.249898 1531.155857
55.94395254926807 -3.191605228327693 ESE 55.94383774423836 -3.1913280644679394 1440.249898 1529.905857
55.94383774423836 -3.1913280644679394 WNW 55.94395254926807 -3.191605228327693 1440.249898 1528.655857
55.94395254926807 -3.191605228327693 ESE 55.94383774423836 -3.1913280644679394 1440.249898 1527.405857
55.94383774423836 -3.1913280644679394 WNW 55.94395254926807 -3.191605228327693 1440.249898 1526.155857
55.94395254926807 -3.191605228327693 ESE 55.94383774423836 -3.1913280644679394 1440.249898 1524.905857
55.94383774423836 -3.1913280644679394 WNW 55.94395254926807 -3.191605228327693 1440.249898 1523.655857
55.94395254926807 -3.191605228327693 ESE 55.94383774423836 -3.1913280644679394 1440.249898 1522.405857
55.94383774423836 -3.1913280644679394 WNW 55.94395254926807 -3.191605228327693 1440.249898 1521.155857
55.94395254926807 -3.191605228327693 ESE 55.94383774423836 -3.1913280644679394 1440.249898 1519.905857
55.94383774423836 -3.1913280644679394 WNW 55.94395254926807 -3.191605228327693 1440.249898 1518.655857
55.94395254926807 -3.191605228327693 ESE 55.94383774423836 -3.1913280644679394 1440.249898 1517.405857
55.94383774423836 -3.1913280644679394 WNW 55.94395254926807 -3.191605228327693 1440.249898 1516.155857
55.94395254926807 -3.191605228327693 ESE 55.94383774423836 -3.1913280644679394 1440.249898 1514.905857
55.94383774423836 -3.1913280644679394 WNW 55.94395254926807 -3.191605228327693 1440.249898 1513.655857
55.94395254926807 -3.191605228327693 ESE 55.94383774423836 -3.1913280644679394 1440.249898 1512.405857
55.94383774423836 -3.1913280644679394 WNW 55.94395254926807 -3.191605228327693 1440.249898 1511.155857
55.94395254926807 -3.191605228327693 ESE 55.94383774423836 -3.1913280644679394 1440.249898 1509.905857
55.94383774423836 -3.1913280644679394 WNW 55.94395254926807 -3.191605228327693 1440.249898 1508.655857
55.94395254926807 -3.191605228327693 ESE 55.94383774423836 -3.1913280644679394 1440.249898 1507.405857
55.94383774423836 -3.1913280644679394 WNW 55.94395254926807 -3.191605228327693 1440.249898 1506.155857
55.94395254926807 -3.191605228327693 N 55.94425254926807 -3.191605228327693 1440.249898 1504.905857
