55.944425 -3.188396 ENE 55.94453980502971 -3.1881188361402466 0.000000 248.750000
55.94453980502971 -3.1881188361402466 ENE 55.94465461005942 -3.187841672280493 0.000000 247.500000
55.94465461005942 -3.187841672280493 ENE 55.944769415089134 -3.18756450842074 0.000000 246.250000
55.944769415089134 -3.18756450842074 ENE 55.944884220118844 -3.1872873445609864 0.000000 245.000000
55.944884220118844 -3.1872873445609864 ENE 55.944999025148554 -3.187010180701233 49.270928 256.824749
55.944999025148554 -3.187010180701233 ENE 55.945113830178265 -3.1867330168414796 0.000000 131.704170
55.945113830178265 -3.1867330168414796 ENE 55.945228635207975 -3.186455852981726 0.000000 130.454170
55.945228635207975 -3.186455852981726 ENE 55.945343440237686 -3.1861786891219728 0.000000 129.204170
55.945343440237686 -3.1861786891219728 ENE 55.945458245267396 -3.1859015252622194 0.000000 127.954170
55.945458245267396 -3.1859015252622194 S 55.94515824526739 -3.1859015252622194 113.887452 161.557950
55.94515824526739 -3.1859015252622194 S 55.94485824526739 -3.1859015252622194 220.206845 177.434411
55.94485824526739 -3.1859015252622194 S 55.94455824526739 -3.1859015252622194 235.925669 269.476424
55.94455824526739 -3.1859015252622194 SSE 55.94428108140763 -3.18578672023251 235.925669 268.226424
55.94428108140763 -3.18578672023251 S 55.94398108140763 -3.18578672023251 235.925669 266.976424
55.94398108140763 -3.18578672023251 SSE 55.94370391754787 -3.1856719152028004 235.925669 265.726424
55.94370391754787 -3.1856719152028004 S 55.94340391754787 -3.1856719152028004 313.140754 273.632146
55.94340391754787 -3.1856719152028004 SSE 55.94312675368811 -3.185557110173091 313.140754 272.382146
55.94312675368811 -3.185557110173091 WNW 55.94324155871782 -3.1858342740328442 348.280399 331.473396
55.94324155871782 -3.1858342740328442 WNW 55.94335636374753 -3.1861114378925977 348.280399 330.223396
55.94335636374753 -3.1861114378925977 WNW 55.94347116877724 -3.186388601752351 348.280399 328.973396
55.94347116877724 -3.186388601752351 WNW 55.943585973806954 -3.1866657656121045 348.280399 327.723396
55.943585973806954 -3.1866657656121045 WNW 55.943700778836664 -3.186942929471858 348.280399 326.473396
55.943700778836664 -3.186942929471858 WNW 55.943815583866375 -3.1872200933316113 343.453795 266.180123
55.943815583866375 -3.1872200933316113 WNW 55.943930388896085 -3.1874972571913647 343.453795 264.930123
55.943930388896085 -3.1874972571913647 WNW 55.944045193925795 -3.187774421051118 343.453795 263.680123
55.944045193925795 -3.187774421051118 WNW 55.944159998955506 -3.1880515849108715 343.453795 262.430123
55.944159998955506 -3.1880515849108715 W 55.944159998955506 -3.1883515849108717 317.511386 251.011641
55.944159998955506 -3.1883515849108717 WNW 55.944274803985216 -3.188628748770625 317.511386 249.761641
55.944274803985216 -3.188628748770625 W 55.944274803985216 -3.1889287487706253 293.683664 224.615706
55.944274803985216 -3.1889287487706253 WNW 55.94438960901493 -3.1892059126303787 293.683664 223.365706
55.94438960901493 -3.1892059126303787 W 55.94438960901493 -3.189505912630379 293.683664 222.115706
55.94438960901493 -3.189505912630379 WNW 55.94450441404464 -3.1897830764901323 293.683664 220.865706
55.94450441404464 -3.1897830764901323 W 55.94450441404464 -3.1900830764901325 389.765739 254.200792
55.94450441404464 -3.1900830764901325 E 55.94450441404464 -3.1897830764901323 400.543241 314.693014
55.94450441404464 -3.1897830764901323 E 55.94450441404464 -3.189483076490132 400.543241 313.443014
55.94450441404464 -3.189483076490132 E 55.94450441404464 -3.189183076490132 400.543241 312.193014
55.94450441404464 -3.189183076490132 E 55.94450441404464 -3.1888830764901317 400.543241 310.943014
55.94450441404464 -3.1888830764901317 E 55.94450441404464 -3.1885830764901315 400.543241 309.693014
55.94450441404464 -3.1885830764901315 E 55.94450441404464 -3.1882830764901313 400.543241 308.443014
55.94450441404464 -3.1882830764901313 E 55.94450441404464 -3.187983076490131 400.543241 307.193014
55.94450441404464 -3.187983076490131 E 55.94450441404464 -3.187683076490131 400.543241 305.943014
55.94450441404464 -3.187683076490131 E 55.94450441404464 -3.1873830764901308 400.543241 304.693014
55.94450441404464 -3.1873830764901308 ESE 55.94438960901493 -3.1871059126303773 400.543241 303.443014
55.94438960901493 -3.1871059126303773 E 55.94438960901493 -3.186805912630377 400.543241 302.193014
55.94438960901493 -3.186805912630377 ESE 55.944274803985216 -3.1865287487706238 511.152210 372.354525
55.944274803985216 -3.1865287487706238 E 55.944274803985216 -3.1862287487706236 506.705360 266.855593
55.944274803985216 -3.1862287487706236 ESE 55.944159998955506 -3.18595158491087 506.705360 265.605593
55.944159998955506 -3.18595158491087 E 55.944159998955506 -3.18565158491087 506.705360 264.355593
55.944159998955506 -3.18565158491087 ESE 55.944045193925795 -3.1853744210511166 506.705360 263.105593
55.944045193925795 -3.1853744210511166 E 55.944045193925795 -3.1850744210511164 506.705360 261.855593
55.944045193925795 -3.1850744210511164 ESE 55.943930388896085 -3.184797257191363 506.705360 260.605593
55.943930388896085 -3.184797257191363 W 55.943930388896085 -3.185097257191363 592.581158 335.370309
55.943930388896085 -3.185097257191363 W 55.943930388896085 -3.1853972571913634 592.581158 334.120309
55.943930388896085 -3.1853972571913634 W 55.943930388896085 -3.1856972571913635 592.581158 332.870309
55.943930388896085 -3.1856972571913635 W 55.943930388896085 -3.1859972571913637 592.581158 331.620309
55.943930388896085 -3.1859972571913637 W 55.943930388896085 -3.186297257191364 592.581158 330.370309
55.943930388896085 -3.186297257191364 W 55.943930388896085 -3.186597257191364 624.242861 408.691675
55.943930388896085 -3.186597257191364 W 55.943930388896085 -3.1868972571913643 624.242861 407.441675
55.943930388896085 -3.1868972571913643 W 55.943930388896085 -3.1871972571913645 624.242861 406.191675
55.943930388896085 -3.1871972571913645 W 55.943930388896085 -3.1874972571913647 624.242861 404.941675
55.943930388896085 -3.1874972571913647 W 55.943930388896085 -3.187797257191365 624.242861 403.691675
55.943930388896085 -3.187797257191365 W 55.943930388896085 -3.188097257191365 624.242861 402.441675
55.943930388896085 -3.188097257191365 W 55.943930388896085 -3.1883972571913652 697.612248 478.520511
55.943930388896085 -3.1883972571913652 W 55.943930388896085 -3.1886972571913654 697.612248 477.270511
55.943930388896085 -3.1886972571913654 W 55.943930388896085 -3.1889972571913656 697.612248 476.020511
55.943930388896085 -3.1889972571913656 W 55.943930388896085 -3.189297257191366 697.612248 474.770511
55.943930388896085 -3.189297257191366 W 55.943930388896085 -3.189597257191366 697.612248 473.520511
55.943930388896085 -3.189597257191366 W 55.943930388896085 -3.189897257191366 697.612248 472.270511
55.943930388896085 -3.189897257191366 W 55.943930388896085 -3.1901972571913664 697.612248 471.020511
55.943930388896085 -3.1901972571913664 W 55.943930388896085 -3.1904972571913666 697.612248 469.770511
55.943930388896085 -3.1904972571913666 W 55.943930388896085 -3.1907972571913668 719.906362 479.579075
55.943930388896085 -3.1907972571913668 W 55.943930388896085 -3.191097257191367 719.906362 478.329075
55.943930388896085 -3.191097257191367 W 55.943930388896085 -3.191397257191367 781.603873 498.443620
55.943930388896085 -3.191397257191367 ENE 55.944045193925795 -3.1911200933316137 825.917913 502.807253
55.944045193925795 -3.1911200933316137 ENE 55.944159998955506 -3.1908429294718603 825.917913 501.557253
55.944159998955506 -3.1908429294718603 ENE 55.944274803985216 -3.190565765612107 825.917913 500.307253
55.944274803985216 -3.190565765612107 ENE 55.94438960901493 -3.1902886017523535 825.917913 499.057253
55.94438960901493 -3.1902886017523535 ENE 55.94450441404464 -3.1900114378926 825.917913 497.807253
55.94450441404464 -3.1900114378926 ENE 55.94461921907435 -3.1897342740328467 825.917913 496.557253
55.94461921907435 -3.1897342740328467 ENE 55.94473402410406 -3.1894571101730933 825.917913 495.307253
55.94473402410406 -3.1894571101730933 ENE 55.94484882913377 -3.18917994631334 825.917913 494.057253
55.94484882913377 -3.18917994631334 ENE 55.94496363416348 -3.1889027824535865 825.917913 492.807253
55.94496363416348 -3.1889027824535865 E 55.94496363416348 -3.1886027824535863 792.782764 417.107835
55.94496363416348 -3.1886027824535863 ENE 55.94507843919319 -3.188325618593833 792.782764 415.857835
55.94507843919319 -3.188325618593833 E 55.94507843919319 -3.1880256185938327 792.782764 414.607835
55.94507843919319 -3.1880256185938327 ENE 55.9451932442229 -3.1877484547340793 792.782764 413.357835
55.9451932442229 -3.1877484547340793 E 55.9451932442229 -3.187448454734079 792.782764 412.107835
55.9451932442229 -3.187448454734079 ENE 55.94530804925261 -3.1871712908743257 792.782764 410.857835
55.94530804925261 -3.1871712908743257 E 55.94530804925261 -3.1868712908743255 792.782764 409.607835
55.94530804925261 -3.1868712908743255 ENE 55.94542285428232 -3.186594127014572 792.782764 408.357835
55.94542285428232 -3.186594127014572 E 55.94542285428232 -3.186294127014572 702.125004 385.072136
55.94542285428232 -3.186294127014572 ENE 55.94553765931203 -3.1860169631548185 702.125004 383.822136
55.94553765931203 -3.1860169631548185 E 55.94553765931203 -3.1857169631548183 702.125004 382.572136
55.94553765931203 -3.1857169631548183 ENE 55.94565246434174 -3.185439799295065 702.125004 381.322136
55.94565246434174 -3.185439799295065 E 55.94565246434174 -3.1851397992950647 702.125004 380.072136
55.94565246434174 -3.1851397992950647 ENE 55.94576726937145 -3.1848626354353113 702.125004 378.822136
55.94576726937145 -3.1848626354353113 E 55.94576726937145 -3.184562635435311 702.125004 377.572136
55.94576726937145 -3.184562635435311 W 55.94576726937145 -3.1848626354353113 771.583518 492.406533
55.94576726937145 -3.1848626354353113 W 55.94576726937145 -3.1851626354353115 771.583518 491.156533
55.94576726937145 -3.1851626354353115 W 55.94576726937145 -3.1854626354353117 771.583518 489.906533
55.94576726937145 -3.1854626354353117 W 55.94576726937145 -3.185762635435312 771.583518 488.656533
55.94576726937145 -3.185762635435312 W 55.94576726937145 -3.186062635435312 771.583518 487.406533
55.94576726937145 -3.186062635435312 W 55.94576726937145 -3.1863626354353123 691.276320 400.425935
55.94576726937145 -3.1863626354353123 W 55.94576726937145 -3.1866626354353125 691.040591 297.350402
55.94576726937145 -3.1866626354353125 W 55.94576726937145 -3.1869626354353127 691.040591 296.100402
55.94576726937145 -3.1869626354353127 W 55.94576726937145 -3.187262635435313 691.040591 294.850402
55.94576726937145 -3.187262635435313 W 55.94576726937145 -3.187562635435313 691.040591 293.600402
55.94576726937145 -3.187562635435313 WSW 55.94565246434174 -3.1878397992950664 701.874574 374.919492
55.94565246434174 -3.1878397992950664 ENE 55.94576726937145 -3.187562635435313 701.874574 373.669492
55.94576726937145 -3.187562635435313 WSW 55.94565246434174 -3.1878397992950664 701.874574 372.419492
55.94565246434174 -3.1878397992950664 WSW 55.94553765931203 -3.18811696315482 701.874574 371.169492
55.94553765931203 -3.18811696315482 WSW 55.94542285428232 -3.1883941270145733 701.874574 369.919492
55.94542285428232 -3.1883941270145733 WSW 55.94530804925261 -3.1886712908743267 701.874574 368.669492
55.94530804925261 -3.1886712908743267 WSW 55.9451932442229 -3.18894845473408 701.874574 367.419492
55.9451932442229 -3.18894845473408 WSW 55.94507843919319 -3.1892256185938335 701.874574 366.169492
55.94507843919319 -3.1892256185938335 WSW 55.94496363416348 -3.189502782453587 701.874574 364.919492
55.94496363416348 -3.189502782453587 WSW 55.94484882913377 -3.1897799463133403 701.874574 363.669492
55.94484882913377 -3.1897799463133403 WSW 55.94473402410406 -3.1900571101730937 701.874574 362.419492
55.94473402410406 -3.1900571101730937 W 55.94473402410406 -3.190357110173094 701.874574 361.169492
55.94473402410406 -3.190357110173094 WSW 55.94461921907435 -3.1906342740328473 762.672300 396.437601
55.94461921907435 -3.1906342740328473 W 55.94461921907435 -3.1909342740328475 762.672300 395.187601
55.94461921907435 -3.1909342740328475 WSW 55.94450441404464 -3.191211437892601 762.672300 393.937601
55.94450441404464 -3.191211437892601 W 55.94450441404464 -3.191511437892601 762.672300 392.687601
55.94450441404464 -3.191511437892601 ENE 55.94461921907435 -3.1912342740328477 854.767153 396.532765
55.94461921907435 -3.1912342740328477 ENE 55.94473402410406 -3.1909571101730942 854.767153 395.282765
55.94473402410406 -3.1909571101730942 ENE 55.94484882913377 -3.190679946313341 854.767153 394.032765
55.94484882913377 -3.190679946313341 ENE 55.94496363416348 -3.1904027824535874 854.767153 392.782765
55.94496363416348 -3.1904027824535874 ENE 55.94507843919319 -3.190125618593834 854.767153 391.532765
55.94507843919319 -3.190125618593834 ENE 55.9451932442229 -3.1898484547340806 854.767153 390.282765
55.9451932442229 -3.1898484547340806 ENE 55.94530804925261 -3.1895712908743272 854.767153 389.032765
55.94530804925261 -3.1895712908743272 ENE 55.94542285428232 -3.189294127014574 854.767153 387.782765
55.94542285428232 -3.189294127014574 ENE 55.94553765931203 -3.1890169631548204 854.767153 386.532765
55.94553765931203 -3.1890169631548204 WSW 55.94542285428232 -3.189294127014574 935.397641 501.129242
55.94542285428232 -3.189294127014574 WSW 55.94530804925261 -3.1895712908743272 935.397641 499.879242
55.94530804925261 -3.1895712908743272 WSW 55.9451932442229 -3.1898484547340806 935.397641 498.629242
55.9451932442229 -3.1898484547340806 WSW 55.94507843919319 -3.190125618593834 935.397641 497.379242
55.94507843919319 -3.190125618593834 WSW 55.94496363416348 -3.1904027824535874 935.397641 496.129242
55.94496363416348 -3.1904027824535874 WSW 55.94484882913377 -3.190679946313341 935.397641 494.879242
55.94484882913377 -3.190679946313341 WSW 55.94473402410406 -3.1909571101730942 935.397641 493.629242
55.94473402410406 -3.1909571101730942 WSW 55.94461921907435 -3.1912342740328477 935.397641 492.379242
55.94461921907435 -3.1912342740328477 WSW 55.94450441404464 -3.191511437892601 935.397641 491.129242
55.94450441404464 -3.191511437892601 ESE 55.94438960901493 -3.1912342740328477 935.397641 489.879242
55.94438960901493 -3.1912342740328477 ESE 55.944274803985216 -3.1909571101730942 935.397641 488.629242
55.944274803985216 -3.1909571101730942 ESE 55.944159998955506 -3.190679946313341 935.397641 487.379242
55.944159998955506 -3.190679946313341 ESE 55.944045193925795 -3.1904027824535874 935.397641 486.129242
55.944045193925795 -3.1904027824535874 ESE 55.943930388896085 -3.190125618593834 935.397641 484.879242
55.943930388896085 -3.190125618593834 ESE 55.943815583866375 -3.1898484547340806 935.397641 483.629242
55.943815583866375 -3.1898484547340806 ESE 55.943700778836664 -3.1895712908743272 935.397641 482.379242
55.943700778836664 -3.1895712908743272 ESE 55.943585973806954 -3.189294127014574 935.397641 481.129242
55.943585973806954 -3.189294127014574 SE 55.9433738417726 -3.189081994980218 935.397641 479.879242
55.9433738417726 -3.189081994980218 WNW 55.94348864680231 -3.1893591588399715 992.036201 562.291284
55.94348864680231 -3.1893591588399715 WNW 55.94360345183202 -3.189636322699725 992.036201 561.041284
55.94360345183202 -3.189636322699725 WNW 55.94371825686173 -3.1899134865594783 992.036201 559.791284
55.94371825686173 -3.1899134865594783 WNW 55.94383306189144 -3.1901906504192317 992.036201 558.541284
55.94383306189144 -3.1901906504192317 WNW 55.94394786692115 -3.190467814278985 992.036201 557.291284
55.94394786692115 -3.190467814278985 WNW 55.94406267195086 -3.1907449781387385 992.036201 556.041284
55.94406267195086 -3.1907449781387385 NW 55.944274803985216 -3.1909571101730942 992.036201 554.791284
55.944274803985216 -3.1909571101730942 WNW 55.94438960901493 -3.1912342740328477 992.036201 553.541284
55.94438960901493 -3.1912342740328477 NW 55.94460174104928 -3.1914464060672034 992.036201 552.291284
55.94460174104928 -3.1914464060672034 WNW 55.94471654607899 -3.191723569926957 992.036201 551.041284
55.94471654607899 -3.191723569926957 NW 55.94492867811335 -3.1919357019613126 1081.194947 652.582088
55.94492867811335 -3.1919357019613126 WNW 55.94504348314306 -3.192212865821066 1081.194947 651.332088
55.94504348314306 -3.192212865821066 NW 55.945255615177416 -3.1924249978554218 1081.194947 650.082088
55.945255615177416 -3.1924249978554218 ESE 55.945140810147706 -3.1921478339956684 1166.621124 686.845886
55.945140810147706 -3.1921478339956684 ESE 55.945026005117995 -3.191870670135915 1166.621124 685.595886
55.945026005117995 -3.191870670135915 ESE 55.944911200088285 -3.1915935062761616 1166.621124 684.345886
55.944911200088285 -3.1915935062761616 ESE 55.944796395058574 -3.191316342416408 1166.621124 683.095886
55.944796395058574 -3.191316342416408 ESE 55.944681590028864 -3.1910391785566548 1166.621124 681.845886
55.944681590028864 -3.1910391785566548 ESE 55.944566784999154 -3.1907620146969013 1166.621124 680.595886
55.944566784999154 -3.1907620146969013 ESE 55.94445197996944 -3.190484850837148 1166.621124 679.345886
55.94445197996944 -3.190484850837148 ESE 55.94433717493973 -3.1902076869773945 1166.621124 678.095886
55.94433717493973 -3.1902076869773945 ESE 55.94422236991002 -3.189930523117641 1166.621124 676.845886
55.94422236991002 -3.189930523117641 ESE 55.94410756488031 -3.1896533592578877 1166.621124 675.595886
55.94410756488031 -3.1896533592578877 ESE 55.9439927598506 -3.1893761953981343 1166.621124 674.345886
55.9439927598506 -3.1893761953981343 ESE 55.94387795482089 -3.189099031538381 1166.621124 673.095886
55.94387795482089 -3.189099031538381 ESE 55.94376314979118 -3.1888218676786275 1166.621124 671.845886
55.94376314979118 -3.1888218676786275 ESE 55.94364834476147 -3.188544703818874 1166.621124 670.595886
55.94364834476147 -3.188544703818874 ESE 55.94353353973176 -3.1882675399591207 1166.621124 669.345886
55.94353353973176 -3.1882675399591207 SE 55.943321407697404 -3.188055407924765 1166.621124 668.095886
55.943321407697404 -3.188055407924765 ESE 55.94320660266769 -3.1877782440650115 1166.621124 666.845886
55.94320660266769 -3.1877782440650115 SE 55.94299447063334 -3.1875661120306558 1166.621124 665.595886
55.94299447063334 -3.1875661120306558 ESE 55.94287966560363 -3.1872889481709024 1166.621124 664.345886
55.94287966560363 -3.1872889481709024 SE 55.94266753356927 -3.1870768161365466 1166.621124 663.095886
55.94266753356927 -3.1870768161365466 W 55.94266753356927 -3.1873768161365468 1190.647779 778.942611
55.94266753356927 -3.1873768161365468 W 55.94266753356927 -3.187676816136547 1190.647779 777.692611
55.94266753356927 -3.187676816136547 W 55.94266753356927 -3.187976816136547 1190.647779 776.442611
55.94266753356927 -3.187976816136547 W 55.94266753356927 -3.1882768161365473 1190.647779 775.192611
55.94266753356927 -3.1882768161365473 W 55.94266753356927 -3.1885768161365475 1190.647779 773.942611
55.94266753356927 -3.1885768161365475 W 55.94266753356927 -3.1888768161365477 1190.647779 772.692611
55.94266753356927 -3.1888768161365477 W 55.94266753356927 -3.189176816136548 1190.647779 771.442611
55.94266753356927 -3.189176816136548 W 55.94266753356927 -3.189476816136548 1190.647779 770.192611
55.94266753356927 -3.189476816136548 W 55.94266753356927 -3.1897768161365483 1190.647779 768.942611
55.94266753356927 -3.1897768161365483 W 55.94266753356927 -3.1900768161365485 1240.086211 837.525334
55.94266753356927 -3.1900768161365485 W 55.94266753356927 -3.1903768161365487 1240.086211 836.275334
55.94266753356927 -3.1903768161365487 W 55.94266753356927 -3.190676816136549 1240.086211 835.025334
55.94266753356927 -3.190676816136549 W 55.94266753356927 -3.190976816136549 1240.086211 833.775334
55.94266753356927 -3.190976816136549 N 55.94296753356927 -3.190976816136549 1317.741629 916.017214
55.94296753356927 -3.190976816136549 N 55.943267533569276 -3.190976816136549 1317.741629 914.767214
55.943267533569276 -3.190976816136549 N 55.94356753356928 -3.190976816136549 1249.288653 909.567558
55.94356753356928 -3.190976816136549 N 55.94386753356928 -3.190976816136549 1249.288653 908.317558
55.94386753356928 -3.190976816136549 N 55.944167533569285 -3.190976816136549 1249.288653 907.067558
55.944167533569285 -3.190976816136549 N 55.94446753356929 -3.190976816136549 1249.288653 905.817558
55.94446753356929 -3.190976816136549 NNW 55.944744697429044 -3.1910916211662586 1249.288653 904.567558
55.944744697429044 -3.1910916211662586 N 55.94504469742905 -3.1910916211662586 1249.288653 903.317558
55.94504469742905 -3.1910916211662586 NNW 55.945321861288804 -3.191206426195968 1249.288653 902.067558
55.945321861288804 -3.191206426195968 E 55.945321861288804 -3.190906426195968 1313.218580 1018.697167
55.945321861288804 -3.190906426195968 E 55.945321861288804 -3.1906064261959677 1313.218580 1017.447167
55.945321861288804 -3.1906064261959677 E 55.945321861288804 -3.1903064261959675 1313.218580 1016.197167
55.945321861288804 -3.1903064261959675 ENE 55.945436666318514 -3.190029262336214 1428.990961 1101.004362
55.945436666318514 -3.190029262336214 E 55.945436666318514 -3.189729262336214 1428.990961 1099.754362
55.945436666318514 -3.189729262336214 ENE 55.945551471348224 -3.1894520984764605 1428.990961 1098.504362
55.945551471348224 -3.1894520984764605 E 55.945551471348224 -3.1891520984764603 1428.990961 1097.254362
55.945551471348224 -3.1891520984764603 ENE 55.945666276377935 -3.188874934616707 1428.990961 1096.004362
55.945666276377935 -3.188874934616707 E 55.945666276377935 -3.1885749346167067 1450.884158 1195.743277
55.945666276377935 -3.1885749346167067 E 55.945666276377935 -3.1882749346167065 1450.884158 1194.493277
55.945666276377935 -3.1882749346167065 E 55.945666276377935 -3.1879749346167063 1450.884158 1193.243277
55.945666276377935 -3.1879749346167063 E 55.945666276377935 -3.187674934616706 1450.884158 1191.993277
55.945666276377935 -3.187674934616706 ESE 55.945551471348224 -3.1873977707569527 1450.884158 1190.743277
55.945551471348224 -3.1873977707569527 E 55.945551471348224 -3.1870977707569526 1450.884158 1189.493277
55.945551471348224 -3.1870977707569526 ESE 55.945436666318514 -3.186820606897199 1450.884158 1188.243277
55.945436666318514 -3.186820606897199 E 55.945436666318514 -3.186520606897199 1450.884158 1186.993277
55.945436666318514 -3.186520606897199 ESE 55.945321861288804 -3.1862434430374456 1450.884158 1185.743277
55.945321861288804 -3.1862434430374456 E 55.945321861288804 -3.1859434430374454 1450.884158 1184.493277
55.945321861288804 -3.1859434430374454 ESE 55.94520705625909 -3.185666279177692 1450.884158 1183.243277
55.94520705625909 -3.185666279177692 E 55.94520705625909 -3.1853662791776918 1450.884158 1181.993277
55.94520705625909 -3.1853662791776918 ESE 55.94509225122938 -3.1850891153179384 1450.884158 1180.743277
55.94509225122938 -3.1850891153179384 E 55.94509225122938 -3.184789115317938 1400.776556 1060.963624
55.94509225122938 -3.184789115317938 S 55.94479225122938 -3.184789115317938 1433.569418 1146.823627
55.94479225122938 -3.184789115317938 N 55.94509225122938 -3.184789115317938 1433.569418 1145.573627
55.94509225122938 -3.184789115317938 W 55.94509225122938 -3.1850891153179384 1433.569418 1144.323627
55.94509225122938 -3.1850891153179384 NW 55.94530438326374 -3.185301247352294 1433.569418 1143.073627
55.94530438326374 -3.185301247352294 SE 55.94509225122938 -3.1850891153179384 1433.569418 1141.823627
55.94509225122938 -3.1850891153179384 NNE 55.94536941508914 -3.184974310288229 1433.569418 1140.573627
55.94536941508914 -3.184974310288229 E 55.94536941508914 -3.1846743102882287 1433.569418 1139.323627
55.94536941508914 -3.1846743102882287 SE 55.94515728305478 -3.184462178253873 1433.569418 1138.073627
55.94515728305478 -3.184462178253873 WSW 55.94504247802507 -3.1847393421136263 1433.569418 1136.823627
55.94504247802507 -3.1847393421136263 N 55.945342478025076 -3.1847393421136263 1433.569418 1135.573627
55.945342478025076 -3.1847393421136263 NNE 55.94561964188483 -3.184624537083917 1433.569418 1134.323627
55.94561964188483 -3.184624537083917 S 55.94531964188483 -3.184624537083917 1433.569418 1133.073627
55.94531964188483 -3.184624537083917 NNW 55.945596805744586 -3.1847393421136263 1433.569418 1131.823627
55.945596805744586 -3.1847393421136263 WNW 55.945711610774296 -3.1850165059733797 1433.569418 1130.573627
55.945711610774296 -3.1850165059733797 NNW 55.94598877463405 -3.185131311003089 1433.569418 1129.323627
55.94598877463405 -3.185131311003089 WSW 55.94587396960434 -3.1854084748628426 1433.569418 1128.073627
55.94587396960434 -3.1854084748628426 SE 55.945661837569986 -3.185196342828487 1433.569418 1126.823627
55.945661837569986 -3.185196342828487 NNE 55.94593900142974 -3.1850815377987773 1433.569418 1125.573627
55.94593900142974 -3.1850815377987773 E 55.94593900142974 -3.184781537798777 1433.569418 1124.323627
55.94593900142974 -3.184781537798777 ESE 55.94582419640003 -3.1845043739390237 1433.569418 1123.073627
55.94582419640003 -3.1845043739390237 ESE 55.94570939137032 -3.1842272100792703 1433.569418 1121.823627
55.94570939137032 -3.1842272100792703 SE 55.945497259335966 -3.1840150780449146 1433.569418 1120.573627
55.945497259335966 -3.1840150780449146 E 55.945497259335966 -3.1837150780449144 1433.569418 1119.323627
