55.944425 -3.188396 ENE 55.94453980502971 -3.1881188361402466 0.000000 248.750000
55.94453980502971 -3.1881188361402466 ENE 55.94465461005942 -3.187841672280493 0.000000 247.500000
55.94465461005942 -3.187841672280493 ENE 55.944769415089134 -3.18756450842074 0.000000 246.250000
55.944769415089134 -3.18756450842074 ENE 55.944884220118844 -3.1872873445609864 0.000000 245.000000
55.944884220118844 -3.1872873445609864 ENE 55.944999025148554 -3.187010180701233 49.270928 256.824749
55.944999025148554 -3.187010180701233 ENE 55.945113830178265 -3.1867330168414796 0.000000 131.704170
55.945113830178265 -3.1867330168414796 ENE 55.945228635207975 -3.186455852981726 0.000000 130.454170
55.945228635207975 -3.186455852981726 ENE 55.945343440237686 -3.1861786891219728 0.000000 129.204170
55.945343440237686 -3.1861786891219728 ENE 55.945458245267396 -3.1859015252622194 0.000000 127.954170
55.945458245267396 -3.1859015252622194 S 55.94515824526739 -3.1859015252622194 113.887452 161.557950
55.94515824526739 -3.1859015252622194 S 55.94485824526739 -3.1859015252622194 220.206845 177.434411
55.94485824526739 -3.1859015252622194 S 55.94455824526739 -3.1859015252622194 235.925669 269.476424
55.94455824526739 -3.1859015252622194 SSE 55.94428108140763 -3.18578672023251 235.925669 268.226424
55.94428108140763 -3.18578672023251 S 55.94398108140763 -3.18578672023251 235.925669 266.976424
55.94398108140763 -3.18578672023251 SSE 55.94370391754787 -3.1856719152028004 235.925669 265.726424
55.94370391754787 -3.1856719152028004 S 55.94340391754787 -3.1856719152028004 313.140754 273.632146
55.94340391754787 -3.1856719152028004 SSE 55.94312675368811 -3.185557110173091 313.140754 272.382146
55.94312675368811 -3.185557110173091 WNW 55.94324155871782 -3.1858342740328442 348.280399 331.473396
55.94324155871782 -3.1858342740328442 WNW 55.94335636374753 -3.1861114378925977 348.280399 330.223396
55.94335636374753 -3.1861114378925977 WNW 55.94347116877724 -3.186388601752351 348.280399 328.973396
55.94347116877724 -3.186388601752351 WNW 55.943585973806954 -3.1866657656121045 348.280399 327.723396
55.943585973806954 -3.1866657656121045 WNW 55.943700778836664 -3.186942929471858 348.280399 326.473396
55.943700778836664 -3.186942929471858 WNW 55.943815583866375 -3.1872200933316113 343.453795 266.180123
55.943815583866375 -3.1872200933316113 WNW 55.943930388896085 -3.1874972571913647 343.453795 264.930123
55.943930388896085 -3.1874972571913647 WNW 55.944045193925795 -3.187774421051118 343.453795 263.680123
55.944045193925795 -3.187774421051118 WNW 55.944159998955506 -3.1880515849108715 343.453795 262.430123
55.944159998955506 -3.1880515849108715 WNW 55.944274803985216 -3.188328748770625 317.511386 251.011641
55.944274803985216 -3.188328748770625 W 55.944274803985216 -3.188628748770625 317.511386 249.761641
55.944274803985216 -3.188628748770625 WNW 55.94438960901493 -3.1889059126303785 293.683664 224.615706
55.94438960901493 -3.1889059126303785 W 55.94438960901493 -3.1892059126303787 293.683664 223.365706
55.94438960901493 -3.1892059126303787 WNW 55.94450441404464 -3.189483076490132 293.683664 222.115706
55.94450441404464 -3.189483076490132 W 55.94450441404464 -3.1897830764901323 293.683664 220.865706
55.94450441404464 -3.1897830764901323 WNW 55.94461921907435 -3.1900602403498857 389.765739 254.200792
55.94461921907435 -3.1900602403498857 SW 55.94440708703999 -3.1902723723842414 400.543241 314.693014
55.94440708703999 -3.1902723723842414 SW 55.944194955005635 -3.190484504418597 461.340966 349.961122
55.944194955005635 -3.190484504418597 WSW 55.944080149975925 -3.1907616682783506 483.635080 359.769686
55.944080149975925 -3.1907616682783506 SW 55.94386801794157 -3.1909738003127064 483.635080 358.519686
55.94386801794157 -3.1909738003127064 WSW 55.94375321291186 -3.19125096417246 483.635080 357.269686
55.94375321291186 -3.19125096417246 NE 55.943965344946214 -3.191038832138104 545.332591 377.384231
55.943965344946214 -3.191038832138104 NE 55.94417747698057 -3.1908267001037482 545.332591 376.134231
55.94417747698057 -3.1908267001037482 NE 55.94438960901493 -3.1906145680693925 545.332591 374.884231
55.94438960901493 -3.1906145680693925 NE 55.94460174104928 -3.1904024360350367 545.332591 373.634231
55.94460174104928 -3.1904024360350367 ENE 55.94471654607899 -3.1901252721752833 545.332591 372.384231
55.94471654607899 -3.1901252721752833 NE 55.94492867811335 -3.1899131401409275 545.332591 371.134231
55.94492867811335 -3.1899131401409275 ENE 55.94504348314306 -3.189635976281174 545.332591 369.884231
55.94504348314306 -3.189635976281174 NE 55.945255615177416 -3.1894238442468184 545.332591 368.634231
55.945255615177416 -3.1894238442468184 ENE 55.94537042020713 -3.189146680387065 545.332591 367.384231
55.94537042020713 -3.189146680387065 NE 55.94558255224148 -3.188934548352709 545.332591 366.134231
55.94558255224148 -3.188934548352709 E 55.94558255224148 -3.188634548352709 567.225788 465.873145
55.94558255224148 -3.188634548352709 E 55.94558255224148 -3.188334548352709 567.225788 464.623145
55.94558255224148 -3.188334548352709 E 55.94558255224148 -3.1880345483527086 567.225788 463.373145
55.94558255224148 -3.1880345483527086 E 55.94558255224148 -3.1877345483527084 567.225788 462.123145
55.94558255224148 -3.1877345483527084 E 55.94558255224148 -3.1874345483527082 578.059771 543.442236
55.94558255224148 -3.1874345483527082 E 55.94558255224148 -3.187134548352708 578.059771 542.192236
55.94558255224148 -3.187134548352708 E 55.94558255224148 -3.186834548352708 578.059771 540.942236
55.94558255224148 -3.186834548352708 E 55.94558255224148 -3.1865345483527077 578.059771 539.692236
55.94558255224148 -3.1865345483527077 E 55.94558255224148 -3.1862345483527075 487.402010 516.406537
55.94558255224148 -3.1862345483527075 E 55.94558255224148 -3.1859345483527073 487.166282 413.331004
55.94558255224148 -3.1859345483527073 E 55.94558255224148 -3.185634548352707 487.166282 412.081004
55.94558255224148 -3.185634548352707 E 55.94558255224148 -3.185334548352707 487.166282 410.831004
55.94558255224148 -3.185334548352707 ENE 55.94569735727119 -3.1850573844929535 487.166282 409.581004
55.94569735727119 -3.1850573844929535 E 55.94569735727119 -3.1847573844929533 487.166282 408.331004
55.94569735727119 -3.1847573844929533 ENE 55.9458121623009 -3.1844802206332 487.166282 407.081004
55.9458121623009 -3.1844802206332 W 55.9458121623009 -3.1847802206332 556.624796 521.915400
55.9458121623009 -3.1847802206332 W 55.9458121623009 -3.1850802206332003 556.624796 520.665400
55.9458121623009 -3.1850802206332003 W 55.9458121623009 -3.1853802206332005 556.624796 519.415400
55.9458121623009 -3.1853802206332005 W 55.9458121623009 -3.1856802206332007 556.624796 518.165400
55.9458121623009 -3.1856802206332007 W 55.9458121623009 -3.185980220633201 556.624796 516.915400
55.9458121623009 -3.185980220633201 W 55.9458121623009 -3.186280220633201 476.317598 429.934803
55.9458121623009 -3.186280220633201 W 55.9458121623009 -3.1865802206332012 476.317598 428.684803
55.9458121623009 -3.1865802206332012 W 55.9458121623009 -3.1868802206332014 476.317598 427.434803
55.9458121623009 -3.1868802206332014 W 55.9458121623009 -3.1871802206332016 476.317598 426.184803
55.9458121623009 -3.1871802206332016 W 55.9458121623009 -3.187480220633202 476.317598 424.934803
55.9458121623009 -3.187480220633202 W 55.9458121623009 -3.187780220633202 476.317598 423.684803
55.9458121623009 -3.187780220633202 W 55.9458121623009 -3.188080220633202 476.317598 422.434803
55.9458121623009 -3.188080220633202 W 55.9458121623009 -3.1883802206332024 476.317598 421.184803
55.9458121623009 -3.1883802206332024 W 55.9458121623009 -3.1886802206332026 476.317598 419.934803
55.9458121623009 -3.1886802206332026 WSW 55.94569735727119 -3.188957384492956 476.317598 418.684803
55.94569735727119 -3.188957384492956 W 55.94569735727119 -3.189257384492956 556.948086 533.281280
55.94569735727119 -3.189257384492956 WSW 55.94558255224148 -3.1895345483527096 556.948086 532.031280
55.94558255224148 -3.1895345483527096 W 55.94558255224148 -3.1898345483527097 556.948086 530.781280
55.94558255224148 -3.1898345483527097 WSW 55.94546774721177 -3.190111712212463 556.948086 529.531280
55.94546774721177 -3.190111712212463 W 55.94546774721177 -3.1904117122124633 556.948086 528.281280
55.94546774721177 -3.1904117122124633 WSW 55.94535294218206 -3.1906888760722167 672.720467 613.088475
55.94535294218206 -3.1906888760722167 W 55.94535294218206 -3.190988876072217 672.720467 611.838475
55.94535294218206 -3.190988876072217 ESE 55.94523813715235 -3.1907117122124635 736.650394 728.468085
55.94523813715235 -3.1907117122124635 ESE 55.94512333212264 -3.19043454835271 736.650394 727.218085
55.94512333212264 -3.19043454835271 ESE 55.94500852709293 -3.1901573844929567 736.650394 725.968085
55.94500852709293 -3.1901573844929567 ESE 55.94489372206322 -3.1898802206332033 736.650394 724.718085
55.94489372206322 -3.1898802206332033 ESE 55.94477891703351 -3.18960305677345 736.650394 723.468085
55.94477891703351 -3.18960305677345 ESE 55.9446641120038 -3.1893258929136965 736.650394 722.218085
55.9446641120038 -3.1893258929136965 ESE 55.94454930697409 -3.189048729053943 736.650394 720.968085
55.94454930697409 -3.189048729053943 ESE 55.94443450194438 -3.1887715651941897 736.650394 719.718085
55.94443450194438 -3.1887715651941897 ESE 55.94431969691467 -3.1884944013344363 736.650394 718.468085
55.94431969691467 -3.1884944013344363 ESE 55.94420489188496 -3.188217237474683 736.650394 717.218085
55.94420489188496 -3.188217237474683 E 55.94420489188496 -3.1879172374746827 736.650394 715.968085
55.94420489188496 -3.1879172374746827 ESE 55.94409008685525 -3.1876400736149293 736.650394 714.718085
55.94409008685525 -3.1876400736149293 E 55.94409008685525 -3.187340073614929 736.650394 713.468085
55.94409008685525 -3.187340073614929 ESE 55.94397528182554 -3.1870629097551757 736.650394 712.218085
55.94397528182554 -3.1870629097551757 E 55.94397528182554 -3.1867629097551755 736.650394 710.968085
55.94397528182554 -3.1867629097551755 ESE 55.94386047679583 -3.186485745895422 736.650394 709.718085
55.94386047679583 -3.186485745895422 E 55.94386047679583 -3.186185745895422 768.312098 788.039451
55.94386047679583 -3.186185745895422 E 55.94386047679583 -3.1858857458954217 768.312098 786.789451
55.94386047679583 -3.1858857458954217 E 55.94386047679583 -3.1855857458954215 768.312098 785.539451
55.94386047679583 -3.1855857458954215 E 55.94386047679583 -3.1852857458954213 768.312098 784.289451
55.94386047679583 -3.1852857458954213 E 55.94386047679583 -3.184985745895421 768.312098 783.039451
55.94386047679583 -3.184985745895421 E 55.94386047679583 -3.184685745895421 768.312098 781.789451
55.94386047679583 -3.184685745895421 N 55.94416047679583 -3.184685745895421 854.187895 856.554167
55.94416047679583 -3.184685745895421 N 55.94446047679583 -3.184685745895421 854.187895 855.304167
55.94446047679583 -3.184685745895421 N 55.944760476795835 -3.184685745895421 854.187895 854.054167
55.944760476795835 -3.184685745895421 NNW 55.94503764065559 -3.1848005509251305 854.187895 852.804167
55.94503764065559 -3.1848005509251305 WSW 55.94492283562588 -3.185077714784884 886.980756 938.664170
55.94492283562588 -3.185077714784884 WSW 55.94480803059617 -3.1853548786446373 886.980756 937.414170
55.94480803059617 -3.1853548786446373 WSW 55.94469322556646 -3.1856320425043907 886.980756 936.164170
55.94469322556646 -3.1856320425043907 WSW 55.94457842053675 -3.185909206364144 886.980756 934.914170
55.94457842053675 -3.185909206364144 WSW 55.94446361550704 -3.1861863702238975 886.980756 933.664170
55.94446361550704 -3.1861863702238975 WSW 55.94434881047733 -3.186463534083651 886.980756 932.414170
55.94434881047733 -3.186463534083651 W 55.94434881047733 -3.186763534083651 882.533907 826.915238
55.94434881047733 -3.186763534083651 WSW 55.94423400544762 -3.1870406979434045 993.142876 897.076749
55.94423400544762 -3.1870406979434045 W 55.94423400544762 -3.1873406979434047 993.142876 895.826749
55.94423400544762 -3.1873406979434047 WSW 55.94411920041791 -3.187617861803158 993.142876 894.576749
55.94411920041791 -3.187617861803158 W 55.94411920041791 -3.1879178618031583 993.142876 893.326749
55.94411920041791 -3.1879178618031583 WSW 55.9440043953882 -3.1881950256629117 993.142876 892.076749
55.9440043953882 -3.1881950256629117 SW 55.94379226335384 -3.1884071576972675 1066.512263 968.155586
55.94379226335384 -3.1884071576972675 WSW 55.94367745832413 -3.188684321557021 1066.512263 966.905586
55.94367745832413 -3.188684321557021 SW 55.943465326289775 -3.1888964535913766 1066.512263 965.655586
55.943465326289775 -3.1888964535913766 WNW 55.943580131319486 -3.18917361745113 1123.150823 1048.067627
55.943580131319486 -3.18917361745113 WNW 55.943694936349196 -3.1894507813108834 1123.150823 1046.817627
55.943694936349196 -3.1894507813108834 WNW 55.94380974137891 -3.189727945170637 1123.150823 1045.567627
55.94380974137891 -3.189727945170637 WNW 55.94392454640862 -3.1900051090303903 1123.150823 1044.317627
55.94392454640862 -3.1900051090303903 WNW 55.94403935143833 -3.1902822728901437 1123.150823 1043.067627
55.94403935143833 -3.1902822728901437 WNW 55.94415415646804 -3.190559436749897 1123.150823 1041.817627
55.94415415646804 -3.190559436749897 WNW 55.94426896149775 -3.1908366006096505 1123.150823 1040.567627
55.94426896149775 -3.1908366006096505 WNW 55.94438376652746 -3.191113764469404 1123.150823 1039.317627
55.94438376652746 -3.191113764469404 WNW 55.94449857155717 -3.1913909283291573 1123.150823 1038.067627
55.94449857155717 -3.1913909283291573 S 55.944198571557166 -3.1913909283291573 1215.245677 1041.912791
55.944198571557166 -3.1913909283291573 SSE 55.94392140769741 -3.1912761232994478 1215.245677 1040.662791
55.94392140769741 -3.1912761232994478 S 55.94362140769741 -3.1912761232994478 1259.559717 1045.026424
55.94362140769741 -3.1912761232994478 SSE 55.94334424383765 -3.1911613182697383 1259.559717 1043.776424
55.94334424383765 -3.1911613182697383 S 55.94304424383765 -3.1911613182697383 1191.106741 1038.576769
55.94304424383765 -3.1911613182697383 SSE 55.94276707997789 -3.1910465132400287 1191.106741 1037.326769
55.94276707997789 -3.1910465132400287 SW 55.942554947943535 -3.1912586452743845 1268.762158 1119.568648
55.942554947943535 -3.1912586452743845 NE 55.94276707997789 -3.1910465132400287 1268.762158 1118.318648
55.94276707997789 -3.1910465132400287 NNW 55.94304424383765 -3.1911613182697383 1268.762158 1117.068648
55.94304424383765 -3.1911613182697383 NNW 55.943321407697404 -3.1912761232994478 1268.762158 1115.818648
55.943321407697404 -3.1912761232994478 NNW 55.94359857155716 -3.1913909283291573 1268.762158 1114.568648
55.94359857155716 -3.1913909283291573 NNW 55.94387573541692 -3.191505733358867 1268.762158 1113.318648
55.94387573541692 -3.191505733358867 N 55.94417573541692 -3.191505733358867 1268.762158 1112.068648
55.94417573541692 -3.191505733358867 NNW 55.944452899276676 -3.1916205383885763 1284.417365 1151.582075
55.944452899276676 -3.1916205383885763 ESE 55.944338094246966 -3.191343374528823 1373.576111 1253.122880
55.944338094246966 -3.191343374528823 ESE 55.944223289217256 -3.1910662106690695 1373.576111 1251.872880
55.944223289217256 -3.1910662106690695 ESE 55.944108484187545 -3.190789046809316 1373.576111 1250.622880
55.944108484187545 -3.190789046809316 ESE 55.943993679157835 -3.1905118829495627 1373.576111 1249.372880
55.943993679157835 -3.1905118829495627 ESE 55.943878874128124 -3.1902347190898093 1373.576111 1248.122880
55.943878874128124 -3.1902347190898093 ESE 55.943764069098414 -3.189957555230056 1373.576111 1246.872880
55.943764069098414 -3.189957555230056 ESE 55.9436492640687 -3.1896803913703025 1373.576111 1245.622880
55.9436492640687 -3.1896803913703025 ESE 55.94353445903899 -3.189403227510549 1373.576111 1244.372880
55.94353445903899 -3.189403227510549 ESE 55.94341965400928 -3.1891260636507957 1373.576111 1243.122880
55.94341965400928 -3.1891260636507957 ESE 55.94330484897957 -3.1888488997910422 1373.576111 1241.872880
55.94330484897957 -3.1888488997910422 ESE 55.94319004394986 -3.188571735931289 1373.576111 1240.622880
55.94319004394986 -3.188571735931289 ESE 55.94307523892015 -3.1882945720715354 1373.576111 1239.372880
55.94307523892015 -3.1882945720715354 ESE 55.94296043389044 -3.188017408211782 1373.576111 1238.122880
55.94296043389044 -3.188017408211782 ESE 55.94284562886073 -3.1877402443520286 1373.576111 1236.872880
55.94284562886073 -3.1877402443520286 ESE 55.94273082383102 -3.1874630804922752 1373.576111 1235.622880
55.94273082383102 -3.1874630804922752 E 55.94273082383102 -3.187163080492275 1373.576111 1234.372880
55.94273082383102 -3.187163080492275 ESE 55.94261601880131 -3.1868859166325216 1397.602766 1350.219605
55.94261601880131 -3.1868859166325216 W 55.94261601880131 -3.187185916632522 1397.602766 1348.969605
55.94261601880131 -3.187185916632522 W 55.94261601880131 -3.187485916632522 1397.602766 1347.719605
55.94261601880131 -3.187485916632522 W 55.94261601880131 -3.187785916632522 1397.602766 1346.469605
55.94261601880131 -3.187785916632522 W 55.94261601880131 -3.1880859166325224 1397.602766 1345.219605
55.94261601880131 -3.1880859166325224 W 55.94261601880131 -3.1883859166325226 1397.602766 1343.969605
55.94261601880131 -3.1883859166325226 W 55.94261601880131 -3.1886859166325228 1397.602766 1342.719605
55.94261601880131 -3.1886859166325228 W 55.94261601880131 -3.188985916632523 1397.602766 1341.469605
55.94261601880131 -3.188985916632523 W 55.94261601880131 -3.189285916632523 1397.602766 1340.219605
55.94261601880131 -3.189285916632523 W 55.94261601880131 -3.1895859166325233 1397.602766 1338.969605
55.94261601880131 -3.1895859166325233 W 55.94261601880131 -3.1898859166325235 1397.602766 1337.719605
55.94261601880131 -3.1898859166325235 NNE 55.94289318266107 -3.189771111602814 1447.041199 1406.302328
55.94289318266107 -3.189771111602814 NW 55.94310531469542 -3.18998324363717 1447.041199 1405.052328
55.94310531469542 -3.18998324363717 NW 55.94331744672978 -3.1901953756715256 1401.645738 1389.105707
55.94331744672978 -3.1901953756715256 NW 55.943529578764135 -3.1904075077058813 1401.645738 1387.855707
55.943529578764135 -3.1904075077058813 NW 55.94374171079849 -3.190619639740237 1401.645738 1386.605707
55.94374171079849 -3.190619639740237 NW 55.94395384283285 -3.190831771774593 1401.645738 1385.355707
55.94395384283285 -3.190831771774593 NW 55.944165974867204 -3.1910439038089486 1401.645738 1384.105707
55.944165974867204 -3.1910439038089486 NW 55.94437810690156 -3.1912560358433044 1401.645738 1382.855707
55.94437810690156 -3.1912560358433044 NW 55.944590238935916 -3.19146816787766 1401.645738 1381.605707
55.944590238935916 -3.19146816787766 NW 55.94480237097027 -3.191680299912016 1401.645738 1380.355707
55.94480237097027 -3.191680299912016 WNW 55.94491717599998 -3.1919574637717694 1401.645738 1379.105707
55.94491717599998 -3.1919574637717694 NW 55.94512930803434 -3.192169595806125 1401.645738 1377.855707
55.94512930803434 -3.192169595806125 WNW 55.94524411306405 -3.1924467596658785 1401.645738 1376.605707
55.94524411306405 -3.1924467596658785 NNW 55.945521276923806 -3.192561564695588 1487.071915 1413.369504
55.945521276923806 -3.192561564695588 SSE 55.94524411306405 -3.1924467596658785 1487.071915 1412.119504
55.94524411306405 -3.1924467596658785 WNW 55.94535891809376 -3.192723923525632 1487.071915 1410.869504
55.94535891809376 -3.192723923525632 N 55.94565891809376 -3.192723923525632 1487.071915 1409.619504
55.94565891809376 -3.192723923525632 S 55.94535891809376 -3.192723923525632 1487.071915 1408.369504
55.94535891809376 -3.192723923525632 E 55.94535891809376 -3.1924239235256318 1487.071915 1407.119504
55.94535891809376 -3.1924239235256318 W 55.94535891809376 -3.192723923525632 1487.071915 1405.869504
55.94535891809376 -3.192723923525632 SE 55.945146786059404 -3.192511791491276 1487.071915 1404.619504
55.945146786059404 -3.192511791491276 E 55.945146786059404 -3.192211791491276 1487.071915 1403.369504
55.945146786059404 -3.192211791491276 NE 55.94535891809376 -3.19199965945692 1487.071915 1402.119504
55.94535891809376 -3.19199965945692 N 55.94565891809376 -3.19199965945692 1487.071915 1400.869504
55.94565891809376 -3.19199965945692 E 55.94565891809376 -3.19169965945692 1376.120211 1368.594113
55.94565891809376 -3.19169965945692 SSE 55.945381754234006 -3.1915848544272105 1376.120211 1367.344113
55.945381754234006 -3.1915848544272105 ENE 55.94549655926372 -3.191307690567457 1376.120211 1366.094113
55.94549655926372 -3.191307690567457 ENE 55.94561136429343 -3.1910305267077037 1376.120211 1364.844113
55.94561136429343 -3.1910305267077037 N 55.94591136429343 -3.1910305267077037 1376.120211 1363.594113
55.94591136429343 -3.1910305267077037 SSW 55.94563420043367 -3.191145331737413 1376.120211 1362.344113
55.94563420043367 -3.191145331737413 NNW 55.94591136429343 -3.1912601367671227 1376.120211 1361.094113
55.94591136429343 -3.1912601367671227 SE 55.945699232259074 -3.191048004732767 1376.120211 1359.844113
55.945699232259074 -3.191048004732767 NW 55.94591136429343 -3.1912601367671227 1376.120211 1358.594113
55.94591136429343 -3.1912601367671227 E 55.94591136429343 -3.1909601367671225 1376.120211 1357.344113
55.94591136429343 -3.1909601367671225 SW 55.945699232259074 -3.1911722688014783 1376.120211 1356.094113
55.945699232259074 -3.1911722688014783 NNE 55.94597639611883 -3.191057463771769 1376.120211 1354.844113
55.94597639611883 -3.191057463771769 WSW 55.94586159108912 -3.191334627631522 1376.120211 1353.594113
55.94586159108912 -3.191334627631522 NW 55.946073723123476 -3.191546759665878 1376.120211 1352.344113
55.946073723123476 -3.191546759665878 NE 55.94628585515783 -3.191334627631522 1376.120211 1351.094113
55.94628585515783 -3.191334627631522 S 55.94598585515783 -3.191334627631522 1376.120211 1349.844113
55.94598585515783 -3.191334627631522 S 55.945685855157826 -3.191334627631522 1376.120211 1348.594113
55.945685855157826 -3.191334627631522 SSE 55.94540869129807 -3.1912198226018127 1376.120211 1347.344113
55.94540869129807 -3.1912198226018127 WNW 55.94552349632778 -3.191496986461566 1376.120211 1346.094113
55.94552349632778 -3.191496986461566 NNW 55.94580066018754 -3.1916117914912756 1376.120211 1344.844113
55.94580066018754 -3.1916117914912756 ESE 55.945685855157826 -3.191334627631522 1376.120211 1343.594113
55.945685855157826 -3.191334627631522 SE 55.94547372312347 -3.1911224955971664 1376.120211 1342.344113
55.94547372312347 -3.1911224955971664 NNW 55.94575088698323 -3.191237300626876 1376.120211 1341.094113
55.94575088698323 -3.191237300626876 W 55.94575088698323 -3.191537300626876 1376.120211 1339.844113
55.94575088698323 -3.191537300626876 E 55.94575088698323 -3.191237300626876 1376.120211 1338.594113
55.94575088698323 -3.191237300626876 NNE 55.94602805084298 -3.1911224955971664 1376.120211 1337.344113
55.94602805084298 -3.1911224955971664 N 55.946328050842986 -3.1911224955971664 1376.120211 1336.094113
55.946328050842986 -3.1911224955971664 SW 55.94611591880863 -3.191334627631522 1376.120211 1334.844113
55.94611591880863 -3.191334627631522 NE 55.946328050842986 -3.1911224955971664 1376.120211 1333.594113
55.946328050842986 -3.1911224955971664 S 55.94602805084298 -3.1911224955971664 1376.120211 1332.344113
55.94602805084298 -3.1911224955971664 NNE 55.94630521470274 -3.191007690567457 1376.120211 1331.094113
55.94630521470274 -3.191007690567457 SSW 55.94602805084298 -3.1911224955971664 1376.120211 1329.844113
55.94602805084298 -3.1911224955971664 NE 55.94624018287734 -3.1909103635628107 1376.120211 1328.594113
55.94624018287734 -3.1909103635628107 NE 55.946452314911696 -3.190698231528455 1376.120211 1327.344113
55.946452314911696 -3.190698231528455 ESE 55.946337509881985 -3.1904210676687015 1376.120211 1326.094113
55.946337509881985 -3.1904210676687015 WSW 55.946222704852275 -3.190698231528455 1376.120211 1324.844113
55.946222704852275 -3.190698231528455 W 55.946222704852275 -3.190998231528455 1376.120211 1323.594113
55.946222704852275 -3.190998231528455 WNW 55.946337509881985 -3.1912753953882085 1376.120211 1322.344113
55.946337509881985 -3.1912753953882085 N 55.94663750988199 -3.1912753953882085 1376.120211 1321.094113
55.94663750988199 -3.1912753953882085 ENE 55.9467523149117 -3.190998231528455 1376.120211 1319.844113
55.9467523149117 -3.190998231528455 NE 55.946964446946055 -3.1907860994940993 1376.120211 1318.594113
55.946964446946055 -3.1907860994940993 E 55.946964446946055 -3.190486099494099 1376.120211 1317.344113
55.946964446946055 -3.190486099494099 SSW 55.9466872830863 -3.1906009045238086 1376.120211 1316.094113
55.9466872830863 -3.1906009045238086 S 55.946387283086295 -3.1906009045238086 1376.120211 1314.844113
55.946387283086295 -3.1906009045238086 S 55.94608728308629 -3.1906009045238086 1376.120211 1313.594113
55.94608728308629 -3.1906009045238086 W 55.94608728308629 -3.190900904523809 1376.120211 1312.344113
55.94608728308629 -3.190900904523809 NNE 55.94636444694605 -3.1907860994940993 1376.120211 1311.094113
55.94636444694605 -3.1907860994940993 ENE 55.94647925197576 -3.190508935634346 1376.120211 1309.844113
55.94647925197576 -3.190508935634346 ENE 55.94659405700547 -3.1902317717745925 1376.120211 1308.594113
55.94659405700547 -3.1902317717745925 N 55.94689405700547 -3.1902317717745925 1376.120211 1307.344113
