55.944425 -3.188396 ENE 55.94453980502971 -3.1881188361402466 0.000000 248.750000
55.94453980502971 -3.1881188361402466 ENE 55.94465461005942 -3.187841672280493 0.000000 247.500000
55.94465461005942 -3.187841672280493 ENE 55.944769415089134 -3.18756450842074 0.000000 246.250000
55.944769415089134 -3.18756450842074 ENE 55.944884220118844 -3.1872873445609864 0.000000 245.000000
55.944884220118844 -3.1872873445609864 ENE 55.944999025148554 -3.187010180701233 49.270928 256.824749
55.944999025148554 -3.187010180701233 ENE 55.945113830178265 -3.1867330168414796 0.000000 131.704170
55.945113830178265 -3.1867330168414796 ENE 55.945228635207975 -3.186455852981726 0.000000 130.454170
55.945228635207975 -3.186455852981726 ENE 55.945343440237686 -3.1861786891219728 0.000000 129.204170
55.945343440237686 -3.1861786891219728 ENE 55.945458245267396 -3.1859015252622194 0.000000 127.954170
55.945458245267396 -3.1859015252622194 S 55.94515824526739 -3.1859015252622194 113.887452 161.557950
55.94515824526739 -3.1859015252622194 S 55.94485824526739 -3.1859015252622194 220.206845 177.434411
55.94485824526739 -3.1859015252622194 S 55.94455824526739 -3.1859015252622194 235.925669 269.476424
55.94455824526739 -3.1859015252622194 SSE 55.94428108140763 -3.18578672023251 235.925669 268.226424
55.94428108140763 -3.18578672023251 S 55.94398108140763 -3.18578672023251 235.925669 266.976424
55.94398108140763 -3.18578672023251 SSE 55.94370391754787 -3.1856719152028004 235.925669 265.726424
55.94370391754787 -3.1856719152028004 S 55.94340391754787 -3.1856719152028004 313.140754 273.632146
55.94340391754787 -3.1856719152028004 SSE 55.94312675368811 -3.185557110173091 313.140754 272.382146
55.94312675368811 -3.185557110173091 NNE 55.94340391754787 -3.1854423051433813 348.280399 331.473396
55.94340391754787 -3.1854423051433813 NNE 55.943681081407625 -3.185327500113672 348.280399 330.223396
55.943681081407625 -3.185327500113672 NNE 55.94395824526738 -3.1852126950839623 348.280399 328.973396
55.94395824526738 -3.1852126950839623 NNE 55.94423540912714 -3.185097890054253 348.280399 327.723396
55.94423540912714 -3.185097890054253 NNE 55.944512572986895 -3.1849830850245433 348.280399 326.473396
55.944512572986895 -3.1849830850245433 NNE 55.94478973684665 -3.184868279994834 348.280399 325.223396
55.94478973684665 -3.184868279994834 NNE 55.94506690070641 -3.1847534749651243 348.280399 323.973396
55.94506690070641 -3.1847534749651243 W 55.94506690070641 -3.1850534749651245 381.073260 409.833400
55.94506690070641 -3.1850534749651245 W 55.94506690070641 -3.1853534749651247 330.965659 290.053746
55.94506690070641 -3.1853534749651247 WSW 55.9449520956767 -3.185630638824878 330.965659 288.803746
55.9449520956767 -3.185630638824878 W 55.9449520956767 -3.1859306388248783 330.965659 287.553746
55.9449520956767 -3.1859306388248783 WSW 55.94483729064699 -3.1862078026846317 330.965659 286.303746
55.94483729064699 -3.1862078026846317 W 55.94483729064699 -3.186507802684632 330.965659 285.053746
55.94483729064699 -3.186507802684632 WSW 55.94472248561728 -3.1867849665443853 330.965659 283.803746
55.94472248561728 -3.1867849665443853 W 55.94472248561728 -3.1870849665443854 330.965659 282.553746
55.94472248561728 -3.1870849665443854 WSW 55.944607680587566 -3.187362130404139 330.965659 281.303746
55.944607680587566 -3.187362130404139 W 55.944607680587566 -3.187662130404139 330.965659 280.053746
55.944607680587566 -3.187662130404139 WSW 55.944492875557856 -3.1879392942638924 330.965659 278.803746
55.944492875557856 -3.1879392942638924 W 55.944492875557856 -3.1882392942638926 330.965659 277.553746
55.944492875557856 -3.1882392942638926 WSW 55.944378070528145 -3.188516458123646 330.965659 276.303746
55.944378070528145 -3.188516458123646 W 55.944378070528145 -3.1888164581236462 330.965659 275.053746
55.944378070528145 -3.1888164581236462 WSW 55.944263265498435 -3.1890936219833996 307.137936 249.907811
55.944263265498435 -3.1890936219833996 W 55.944263265498435 -3.1893936219834 307.137936 248.657811
55.944263265498435 -3.1893936219834 WSW 55.944148460468725 -3.1896707858431532 307.137936 247.407811
55.944148460468725 -3.1896707858431532 W 55.944148460468725 -3.1899707858431534 307.137936 246.157811
55.944148460468725 -3.1899707858431534 WSW 55.944033655439014 -3.190247949702907 307.137936 244.907811
55.944033655439014 -3.190247949702907 NE 55.94424578747337 -3.190035817668551 329.432050 254.716375
55.94424578747337 -3.190035817668551 NE 55.94445791950773 -3.1898236856341953 329.432050 253.466375
55.94445791950773 -3.1898236856341953 NE 55.94467005154208 -3.1896115535998395 340.209552 313.958597
55.94467005154208 -3.1896115535998395 NE 55.94488218357644 -3.1893994215654837 436.291627 347.293683
55.94488218357644 -3.1893994215654837 NE 55.945094315610795 -3.189187289531128 436.291627 346.043683
55.945094315610795 -3.189187289531128 NNE 55.94537147947055 -3.1890724845014184 436.291627 344.793683
55.94537147947055 -3.1890724845014184 NE 55.94558361150491 -3.1888603524670627 436.291627 343.543683
55.94558361150491 -3.1888603524670627 SSW 55.94530644764515 -3.188975157496772 458.184824 443.282598
55.94530644764515 -3.188975157496772 SSW 55.945029283785395 -3.1890899625264817 458.184824 442.032598
55.945029283785395 -3.1890899625264817 SSW 55.94475211992564 -3.189204767556191 458.184824 440.782598
55.94475211992564 -3.189204767556191 SSW 55.94447495606588 -3.1893195725859007 458.184824 439.532598
55.94447495606588 -3.1893195725859007 SSW 55.944197792206126 -3.18943437761561 458.184824 438.282598
55.944197792206126 -3.18943437761561 SSW 55.94392062834637 -3.1895491826453197 458.184824 437.032598
55.94392062834637 -3.1895491826453197 SSW 55.94364346448661 -3.1896639876750292 458.184824 435.782598
55.94364346448661 -3.1896639876750292 SSW 55.943366300626856 -3.1897787927047387 458.184824 434.532598
55.943366300626856 -3.1897787927047387 S 55.94306630062685 -3.1897787927047387 458.184824 433.282598
55.94306630062685 -3.1897787927047387 SSW 55.9427891367671 -3.1898935977344482 412.789363 417.335976
55.9427891367671 -3.1898935977344482 NW 55.94300126880145 -3.190105729768804 462.227796 485.918699
55.94300126880145 -3.190105729768804 NW 55.94321340083581 -3.19031786180316 462.227796 484.668699
55.94321340083581 -3.19031786180316 NW 55.943425532870165 -3.1905299938375156 462.227796 483.418699
55.943425532870165 -3.1905299938375156 NW 55.94363766490452 -3.1907421258718713 462.227796 482.168699
55.94363766490452 -3.1907421258718713 NW 55.94384979693888 -3.190954257906227 462.227796 480.918699
55.94384979693888 -3.190954257906227 NW 55.944061928973234 -3.191166389940583 462.227796 479.668699
55.944061928973234 -3.191166389940583 NW 55.94427406100759 -3.1913785219749387 462.227796 478.418699
55.94427406100759 -3.1913785219749387 NW 55.944486193041946 -3.1915906540092944 462.227796 477.168699
55.944486193041946 -3.1915906540092944 ENE 55.94460099807166 -3.191313490149541 554.322649 481.013863
55.94460099807166 -3.191313490149541 NE 55.94481313010601 -3.1911013581151852 554.322649 479.763863
55.94481313010601 -3.1911013581151852 ENE 55.94492793513572 -3.190824194255432 554.322649 478.513863
55.94492793513572 -3.190824194255432 NE 55.94514006717008 -3.190612062221076 554.322649 477.263863
55.94514006717008 -3.190612062221076 ENE 55.94525487219979 -3.1903348983613227 554.322649 476.013863
55.94525487219979 -3.1903348983613227 ESE 55.94514006717008 -3.1900577345015693 670.095030 560.821058
55.94514006717008 -3.1900577345015693 ESE 55.94502526214037 -3.189780570641816 670.095030 559.571058
55.94502526214037 -3.189780570641816 ESE 55.94491045711066 -3.1895034067820625 670.095030 558.321058
55.94491045711066 -3.1895034067820625 ESE 55.94479565208095 -3.189226242922309 670.095030 557.071058
55.94479565208095 -3.189226242922309 SE 55.94458352004659 -3.1890141108879533 670.095030 555.821058
55.94458352004659 -3.1890141108879533 ESE 55.94446871501688 -3.1887369470282 670.095030 554.571058
55.94446871501688 -3.1887369470282 SE 55.944256582982526 -3.188524814993844 670.095030 553.321058
55.944256582982526 -3.188524814993844 ESE 55.944141777952815 -3.1882476511340907 670.095030 552.071058
55.944141777952815 -3.1882476511340907 W 55.944141777952815 -3.188547651134091 743.464418 628.149895
55.944141777952815 -3.188547651134091 W 55.944141777952815 -3.188847651134091 743.464418 626.899895
55.944141777952815 -3.188847651134091 W 55.944141777952815 -3.1891476511340913 743.464418 625.649895
55.944141777952815 -3.1891476511340913 W 55.944141777952815 -3.1894476511340915 743.464418 624.399895
55.944141777952815 -3.1894476511340915 WSW 55.944026972923105 -3.189724814993845 743.464418 623.149895
55.944026972923105 -3.189724814993845 W 55.944026972923105 -3.190024814993845 743.464418 621.899895
55.944026972923105 -3.190024814993845 WSW 55.943912167893394 -3.1903019788535985 743.464418 620.649895
55.943912167893394 -3.1903019788535985 W 55.943912167893394 -3.1906019788535986 743.464418 619.399895
55.943912167893394 -3.1906019788535986 WSW 55.943797362863684 -3.190879142713352 743.464418 618.149895
55.943797362863684 -3.190879142713352 W 55.943797362863684 -3.1911791427133522 743.464418 616.899895
55.943797362863684 -3.1911791427133522 E 55.943797362863684 -3.190879142713352 805.161929 637.014439
55.943797362863684 -3.190879142713352 ESE 55.943682557833974 -3.1906019788535986 805.161929 635.764439
55.943682557833974 -3.1906019788535986 E 55.943682557833974 -3.1903019788535985 805.161929 634.514439
55.943682557833974 -3.1903019788535985 ESE 55.94356775280426 -3.190024814993845 805.161929 633.264439
55.94356775280426 -3.190024814993845 E 55.94356775280426 -3.189724814993845 805.161929 632.014439
55.94356775280426 -3.189724814993845 ESE 55.94345294777455 -3.1894476511340915 805.161929 630.764439
55.94345294777455 -3.1894476511340915 E 55.94345294777455 -3.1891476511340913 805.161929 629.514439
55.94345294777455 -3.1891476511340913 WNW 55.94356775280426 -3.1894248149938447 861.800489 711.926481
55.94356775280426 -3.1894248149938447 WNW 55.943682557833974 -3.189701978853598 861.800489 710.676481
55.943682557833974 -3.189701978853598 WNW 55.943797362863684 -3.1899791427133515 861.800489 709.426481
55.943797362863684 -3.1899791427133515 WNW 55.943912167893394 -3.190256306573105 861.800489 708.176481
55.943912167893394 -3.190256306573105 WNW 55.944026972923105 -3.1905334704328583 861.800489 706.926481
55.944026972923105 -3.1905334704328583 WNW 55.944141777952815 -3.1908106342926117 861.800489 705.676481
55.944141777952815 -3.1908106342926117 WNW 55.944256582982526 -3.191087798152365 861.800489 704.426481
55.944256582982526 -3.191087798152365 WNW 55.944371388012236 -3.1913649620121185 861.800489 703.176481
55.944371388012236 -3.1913649620121185 WNW 55.944486193041946 -3.191642125871872 861.800489 701.926481
55.944486193041946 -3.191642125871872 NNE 55.9447633569017 -3.1915273208421624 950.959235 803.467286
55.9447633569017 -3.1915273208421624 NNE 55.94504052076146 -3.191412515812453 950.959235 802.217286
55.94504052076146 -3.191412515812453 NE 55.945252652795816 -3.191200383778097 950.959235 800.967286
55.945252652795816 -3.191200383778097 S 55.94495265279581 -3.191200383778097 1014.889162 917.596895
55.94495265279581 -3.191200383778097 S 55.94465265279581 -3.191200383778097 1014.889162 916.346895
55.94465265279581 -3.191200383778097 S 55.94435265279581 -3.191200383778097 1014.889162 915.096895
55.94435265279581 -3.191200383778097 S 55.944052652795804 -3.191200383778097 1014.889162 913.846895
55.944052652795804 -3.191200383778097 S 55.9437526527958 -3.191200383778097 1014.889162 912.596895
55.9437526527958 -3.191200383778097 S 55.9434526527958 -3.191200383778097 1014.889162 911.346895
55.9434526527958 -3.191200383778097 S 55.943152652795796 -3.191200383778097 946.436186 906.147239
55.943152652795796 -3.191200383778097 SSE 55.94287548893604 -3.1910855787483876 946.436186 904.897239
55.94287548893604 -3.1910855787483876 E 55.94287548893604 -3.1907855787483874 1024.091603 987.139119
55.94287548893604 -3.1907855787483874 E 55.94287548893604 -3.1904855787483872 1024.091603 985.889119
55.94287548893604 -3.1904855787483872 E 55.94287548893604 -3.190185578748387 1024.091603 984.639119
55.94287548893604 -3.190185578748387 E 55.94287548893604 -3.189885578748387 1024.091603 983.389119
55.94287548893604 -3.189885578748387 E 55.94287548893604 -3.1895855787483867 1024.091603 982.139119
55.94287548893604 -3.1895855787483867 E 55.94287548893604 -3.1892855787483865 1024.091603 980.889119
55.94287548893604 -3.1892855787483865 E 55.94287548893604 -3.1889855787483863 1024.091603 979.639119
55.94287548893604 -3.1889855787483863 E 55.94287548893604 -3.188685578748386 1024.091603 978.389119
55.94287548893604 -3.188685578748386 E 55.94287548893604 -3.188385578748386 1024.091603 977.139119
55.94287548893604 -3.188385578748386 E 55.94287548893604 -3.1880855787483857 1024.091603 975.889119
55.94287548893604 -3.1880855787483857 ESE 55.94276068390633 -3.1878084148886323 1024.091603 974.639119
55.94276068390633 -3.1878084148886323 E 55.94276068390633 -3.187508414888632 1024.091603 973.389119
55.94276068390633 -3.187508414888632 ESE 55.94264587887662 -3.1872312510288787 1024.091603 972.139119
55.94264587887662 -3.1872312510288787 ENE 55.94276068390633 -3.1869540871691253 1048.118259 1087.985844
55.94276068390633 -3.1869540871691253 ENE 55.94287548893604 -3.186676923309372 1048.118259 1086.735844
55.94287548893604 -3.186676923309372 ENE 55.94299029396575 -3.1863997594496185 1016.651429 1025.838174
55.94299029396575 -3.1863997594496185 ENE 55.94310509899546 -3.186122595589865 1016.651429 1024.588174
55.94310509899546 -3.186122595589865 ENE 55.94321990402517 -3.1858454317301117 1016.651429 1023.338174
55.94321990402517 -3.1858454317301117 ENE 55.94333470905488 -3.1855682678703583 1016.651429 1022.088174
55.94333470905488 -3.1855682678703583 ENE 55.94344951408459 -3.185291104010605 1016.651429 1020.838174
55.94344951408459 -3.185291104010605 NE 55.94366164611895 -3.185078971976249 1016.651429 1019.588174
55.94366164611895 -3.185078971976249 ENE 55.94377645114866 -3.1848018081164957 1016.651429 1018.338174
55.94377645114866 -3.1848018081164957 NNE 55.944053615008414 -3.184687003086786 1102.527226 1093.102891
55.944053615008414 -3.184687003086786 N 55.94435361500842 -3.184687003086786 1102.527226 1091.852891
55.94435361500842 -3.184687003086786 NNE 55.944630778868174 -3.1845721980570767 1102.527226 1090.602891
55.944630778868174 -3.1845721980570767 N 55.944930778868176 -3.1845721980570767 1102.527226 1089.352891
55.944930778868176 -3.1845721980570767 NNE 55.94520794272793 -3.184457393027367 1102.527226 1088.102891
55.94520794272793 -3.184457393027367 N 55.945507942727936 -3.184457393027367 1102.527226 1086.852891
55.945507942727936 -3.184457393027367 NNE 55.94578510658769 -3.1843425879976577 1102.527226 1085.602891
55.94578510658769 -3.1843425879976577 W 55.94578510658769 -3.184642587997658 1171.985740 1200.437287
55.94578510658769 -3.184642587997658 W 55.94578510658769 -3.184942587997658 1171.985740 1199.187287
55.94578510658769 -3.184942587997658 W 55.94578510658769 -3.1852425879976582 1171.985740 1197.937287
55.94578510658769 -3.1852425879976582 W 55.94578510658769 -3.1855425879976584 1171.985740 1196.687287
55.94578510658769 -3.1855425879976584 W 55.94578510658769 -3.1858425879976586 1171.985740 1195.437287
55.94578510658769 -3.1858425879976586 W 55.94578510658769 -3.186142587997659 1171.985740 1194.187287
55.94578510658769 -3.186142587997659 W 55.94578510658769 -3.186442587997659 1091.678542 1107.206689
55.94578510658769 -3.186442587997659 W 55.94578510658769 -3.186742587997659 1091.442813 1004.131156
55.94578510658769 -3.186742587997659 W 55.94578510658769 -3.1870425879976594 1091.442813 1002.881156
55.94578510658769 -3.1870425879976594 W 55.94578510658769 -3.1873425879976596 1091.442813 1001.631156
55.94578510658769 -3.1873425879976596 W 55.94578510658769 -3.1876425879976598 1091.442813 1000.381156
55.94578510658769 -3.1876425879976598 W 55.94578510658769 -3.18794258799766 1102.276796 1081.700247
55.94578510658769 -3.18794258799766 W 55.94578510658769 -3.18824258799766 1102.276796 1080.450247
55.94578510658769 -3.18824258799766 W 55.94578510658769 -3.1885425879976603 1102.276796 1079.200247
55.94578510658769 -3.1885425879976603 W 55.94578510658769 -3.1888425879976605 1102.276796 1077.950247
55.94578510658769 -3.1888425879976605 WSW 55.94567030155798 -3.189119751857414 1102.276796 1076.700247
55.94567030155798 -3.189119751857414 ESE 55.94555549652827 -3.1888425879976605 1182.907284 1191.296724
55.94555549652827 -3.1888425879976605 ESE 55.94544069149856 -3.188565424137907 1182.907284 1190.046724
55.94544069149856 -3.188565424137907 ESE 55.94532588646885 -3.1882882602781537 1182.907284 1188.796724
55.94532588646885 -3.1882882602781537 SE 55.945113754434495 -3.188076128243798 1182.907284 1187.546724
55.945113754434495 -3.188076128243798 ESE 55.944998949404784 -3.1877989643840445 1182.907284 1186.296724
55.944998949404784 -3.1877989643840445 SE 55.94478681737043 -3.1875868323496888 1182.907284 1185.046724
55.94478681737043 -3.1875868323496888 ESE 55.94467201234072 -3.1873096684899354 1182.907284 1183.796724
55.94467201234072 -3.1873096684899354 SE 55.94445988030636 -3.1870975364555796 1182.907284 1182.546724
55.94445988030636 -3.1870975364555796 ESE 55.94434507527665 -3.186820372595826 1182.907284 1181.296724
55.94434507527665 -3.186820372595826 W 55.94434507527665 -3.1871203725958264 1293.516254 1251.458236
55.94434507527665 -3.1871203725958264 W 55.94434507527665 -3.1874203725958266 1293.516254 1250.208236
55.94434507527665 -3.1874203725958266 W 55.94434507527665 -3.1877203725958267 1293.516254 1248.958236
55.94434507527665 -3.1877203725958267 W 55.94434507527665 -3.188020372595827 1293.516254 1247.708236
55.94434507527665 -3.188020372595827 WNW 55.94445988030636 -3.1882975364555803 1267.573845 1236.289754
55.94445988030636 -3.1882975364555803 W 55.94445988030636 -3.1885975364555805 1267.573845 1235.039754
55.94445988030636 -3.1885975364555805 WNW 55.94457468533607 -3.188874700315334 1267.573845 1233.789754
55.94457468533607 -3.188874700315334 W 55.94457468533607 -3.189174700315334 1267.573845 1232.539754
55.94457468533607 -3.189174700315334 WNW 55.94468949036578 -3.1894518641750875 1267.573845 1231.289754
55.94468949036578 -3.1894518641750875 W 55.94468949036578 -3.1897518641750877 1267.573845 1230.039754
55.94468949036578 -3.1897518641750877 WNW 55.94480429539549 -3.190029028034841 1267.573845 1228.789754
55.94480429539549 -3.190029028034841 W 55.94480429539549 -3.1903290280348413 1267.573845 1227.539754
55.94480429539549 -3.1903290280348413 WNW 55.9449191004252 -3.1906061918945947 1328.371570 1262.807862
55.9449191004252 -3.1906061918945947 W 55.9449191004252 -3.190906191894595 1328.371570 1261.557862
55.9449191004252 -3.190906191894595 WNW 55.94503390545491 -3.1911833557543483 1328.371570 1260.307862
55.94503390545491 -3.1911833557543483 W 55.94503390545491 -3.1914833557543485 1328.371570 1259.057862
55.94503390545491 -3.1914833557543485 WNW 55.945148710484624 -3.191760519614102 1328.371570 1257.807862
55.945148710484624 -3.191760519614102 W 55.945148710484624 -3.192060519614102 1328.371570 1256.557862
55.945148710484624 -3.192060519614102 WNW 55.945263515514334 -3.1923376834738555 1328.371570 1255.307862
55.945263515514334 -3.1923376834738555 ESE 55.945148710484624 -3.192060519614102 1413.797747 1292.071660
55.945148710484624 -3.192060519614102 ESE 55.94503390545491 -3.1917833557543487 1413.797747 1290.821660
55.94503390545491 -3.1917833557543487 ESE 55.9449191004252 -3.1915061918945953 1413.797747 1289.571660
55.9449191004252 -3.1915061918945953 ESE 55.94480429539549 -3.191229028034842 1413.797747 1288.321660
55.94480429539549 -3.191229028034842 E 55.94480429539549 -3.1909290280348417 1413.797747 1287.071660
55.94480429539549 -3.1909290280348417 ESE 55.94468949036578 -3.1906518641750883 1413.797747 1285.821660
55.94468949036578 -3.1906518641750883 E 55.94468949036578 -3.190351864175088 1413.797747 1284.571660
55.94468949036578 -3.190351864175088 ESE 55.94457468533607 -3.1900747003153347 1413.797747 1283.321660
55.94457468533607 -3.1900747003153347 E 55.94457468533607 -3.1897747003153345 1413.797747 1282.071660
55.94457468533607 -3.1897747003153345 ESE 55.94445988030636 -3.189497536455581 1413.797747 1280.821660
55.94445988030636 -3.189497536455581 E 55.94445988030636 -3.189197536455581 1413.797747 1279.571660
55.94445988030636 -3.189197536455581 ESE 55.94434507527665 -3.1889203725958275 1413.797747 1278.321660
55.94434507527665 -3.1889203725958275 E 55.94434507527665 -3.1886203725958273 1413.797747 1277.071660
55.94434507527665 -3.1886203725958273 ESE 55.94423027024694 -3.188343208736074 1413.797747 1275.821660
55.94423027024694 -3.188343208736074 E 55.94423027024694 -3.1880432087360737 1413.797747 1274.571660
55.94423027024694 -3.1880432087360737 ESE 55.94411546521723 -3.1877660448763203 1413.797747 1273.321660
55.94411546521723 -3.1877660448763203 E 55.94411546521723 -3.18746604487632 1413.797747 1272.071660
55.94411546521723 -3.18746604487632 ESE 55.94400066018752 -3.1871888810165667 1413.797747 1270.821660
55.94400066018752 -3.1871888810165667 E 55.94400066018752 -3.1868888810165665 1413.797747 1269.571660
55.94400066018752 -3.1868888810165665 ESE 55.94388585515781 -3.186611717156813 1413.797747 1268.321660
55.94388585515781 -3.186611717156813 E 55.94388585515781 -3.186311717156813 1445.459450 1346.643025
55.94388585515781 -3.186311717156813 W 55.94388585515781 -3.186611717156813 1445.459450 1345.393025
55.94388585515781 -3.186611717156813 W 55.94388585515781 -3.1869117171568133 1445.459450 1344.143025
55.94388585515781 -3.1869117171568133 W 55.94388585515781 -3.1872117171568135 1445.459450 1342.893025
55.94388585515781 -3.1872117171568135 W 55.94388585515781 -3.1875117171568137 1445.459450 1341.643025
55.94388585515781 -3.1875117171568137 W 55.94388585515781 -3.187811717156814 1445.459450 1340.393025
55.94388585515781 -3.187811717156814 W 55.94388585515781 -3.188111717156814 1445.459450 1339.143025
55.94388585515781 -3.188111717156814 W 55.94388585515781 -3.1884117171568143 1445.459450 1337.893025
55.94388585515781 -3.1884117171568143 W 55.94388585515781 -3.1887117171568145 1445.459450 1336.643025
55.94388585515781 -3.1887117171568145 W 55.94388585515781 -3.1890117171568146 1445.459450 1335.393025
55.94388585515781 -3.1890117171568146 W 55.94388585515781 -3.189311717156815 1445.459450 1334.143025
55.94388585515781 -3.189311717156815 W 55.94388585515781 -3.189611717156815 1445.459450 1332.893025
55.94388585515781 -3.189611717156815 W 55.94388585515781 -3.189911717156815 1445.459450 1331.643025
55.94388585515781 -3.189911717156815 W 55.94388585515781 -3.1902117171568154 1445.459450 1330.393025
55.94388585515781 -3.1902117171568154 W 55.94388585515781 -3.1905117171568156 1445.459450 1329.143025
55.94388585515781 -3.1905117171568156 W 55.94388585515781 -3.1908117171568158 1445.459450 1327.893025
55.94388585515781 -3.1908117171568158 W 55.94388585515781 -3.191111717156816 1445.459450 1326.643025
55.94388585515781 -3.191111717156816 WNW 55.94400066018752 -3.1913888810165694 1445.459450 1325.393025
55.94400066018752 -3.1913888810165694 W 55.94400066018752 -3.1916888810165696 1489.773490 1329.756659
55.94400066018752 -3.1916888810165696 NNW 55.944277824047276 -3.191803686046279 1505.428697 1369.270086
55.944277824047276 -3.191803686046279 WSW 55.944163019017566 -3.1920808499060325 1505.428697 1368.020086
55.944163019017566 -3.1920808499060325 NNE 55.94444018287732 -3.191966044876323 1505.428697 1366.770086
55.94444018287732 -3.191966044876323 NW 55.94465231491168 -3.1921781769106787 1505.428697 1365.520086
55.94465231491168 -3.1921781769106787 N 55.94495231491168 -3.1921781769106787 1505.428697 1364.270086
55.94495231491168 -3.1921781769106787 NNE 55.94522947877144 -3.1920633718809692 1505.428697 1363.020086
55.94522947877144 -3.1920633718809692 E 55.94522947877144 -3.191763371880969 1505.428697 1361.770086
55.94522947877144 -3.191763371880969 SSW 55.94495231491168 -3.1918781769106785 1505.428697 1360.520086
55.94495231491168 -3.1918781769106785 ENE 55.94506711994139 -3.191601013050925 1505.428697 1359.270086
55.94506711994139 -3.191601013050925 ENE 55.9451819249711 -3.1913238491911717 1505.428697 1358.020086
55.9451819249711 -3.1913238491911717 S 55.9448819249711 -3.1913238491911717 1505.428697 1356.770086
55.9448819249711 -3.1913238491911717 W 55.9448819249711 -3.191623849191172 1505.428697 1355.520086
55.9448819249711 -3.191623849191172 NE 55.945094057005456 -3.191411717156816 1505.428697 1354.270086
55.945094057005456 -3.191411717156816 N 55.94539405700546 -3.191411717156816 1505.428697 1353.020086
55.94539405700546 -3.191411717156816 NNW 55.945671220865215 -3.1915265221865257 1505.428697 1351.770086
55.945671220865215 -3.1915265221865257 NE 55.94588335289957 -3.19131439015217 1505.428697 1350.520086
55.94588335289957 -3.19131439015217 NW 55.94609548493393 -3.1915265221865257 1505.428697 1349.270086
55.94609548493393 -3.1915265221865257 SW 55.94588335289957 -3.1917386542208814 1505.428697 1348.020086
55.94588335289957 -3.1917386542208814 WSW 55.94576854786986 -3.192015818080635 1464.781028 1236.018035
55.94576854786986 -3.192015818080635 NE 55.94598067990422 -3.191803686046279 1464.781028 1234.768035
