55.944425 -3.188396 ENE 55.94453980502971 -3.1881188361402466 0.000000 248.750000
55.94453980502971 -3.1881188361402466 ENE 55.94465461005942 -3.187841672280493 0.000000 247.500000
55.94465461005942 -3.187841672280493 ENE 55.944769415089134 -3.18756450842074 0.000000 246.250000
55.944769415089134 -3.18756450842074 ENE 55.944884220118844 -3.1872873445609864 0.000000 245.000000
55.944884220118844 -3.1872873445609864 ENE 55.944999025148554 -3.187010180701233 49.270928 256.824749
55.944999025148554 -3.187010180701233 ENE 55.945113830178265 -3.1867330168414796 0.000000 131.704170
55.945113830178265 -3.1867330168414796 ENE 55.945228635207975 -3.186455852981726 0.000000 130.454170
55.945228635207975 -3.186455852981726 ENE 55.945343440237686 -3.1861786891219728 0.000000 129.204170
55.945343440237686 -3.1861786891219728 ENE 55.945458245267396 -3.1859015252622194 0.000000 127.954170
55.945458245267396 -3.1859015252622194 S 55.94515824526739 -3.1859015252622194 113.887452 161.557950
55.94515824526739 -3.1859015252622194 S 55.94485824526739 -3.1859015252622194 220.206845 177.434411
55.94485824526739 -3.1859015252622194 S 55.94455824526739 -3.1859015252622194 235.925669 269.476424
55.94455824526739 -3.1859015252622194 SSE 55.94428108140763 -3.18578672023251 235.925669 268.226424
55.94428108140763 -3.18578672023251 S 55.94398108140763 -3.18578672023251 235.925669 266.976424
55.94398108140763 -3.18578672023251 SSE 55.94370391754787 -3.1856719152028004 235.925669 265.726424
55.94370391754787 -3.1856719152028004 S 55.94340391754787 -3.1856719152028004 313.140754 273.632146
55.94340391754787 -3.1856719152028004 SSE 55.94312675368811 -3.185557110173091 313.140754 272.382146
55.94312675368811 -3.185557110173091 NNE 55.94340391754787 -3.1854423051433813 348.280399 331.473396
55.94340391754787 -3.1854423051433813 NNE 55.943681081407625 -3.185327500113672 348.280399 330.223396
55.943681081407625 -3.185327500113672 NNE 55.94395824526738 -3.1852126950839623 348.280399 328.973396
55.94395824526738 -3.1852126950839623 NNE 55.94423540912714 -3.185097890054253 348.280399 327.723396
55.94423540912714 -3.185097890054253 NNE 55.944512572986895 -3.1849830850245433 348.280399 326.473396
55.944512572986895 -3.1849830850245433 NNE 55.94478973684665 -3.184868279994834 348.280399 325.223396
55.94478973684665 -3.184868279994834 NNE 55.94506690070641 -3.1847534749651243 348.280399 323.973396
55.94506690070641 -3.1847534749651243 NNE 55.945344064566164 -3.184638669935415 381.073260 409.833400
55.945344064566164 -3.184638669935415 NNE 55.94562122842592 -3.1845238649057053 381.073260 408.583400
55.94562122842592 -3.1845238649057053 W 55.94562122842592 -3.1848238649057055 450.531774 523.417796
55.94562122842592 -3.1848238649057055 W 55.94562122842592 -3.1851238649057056 450.531774 522.167796
55.94562122842592 -3.1851238649057056 W 55.94562122842592 -3.185423864905706 450.531774 520.917796
55.94562122842592 -3.185423864905706 W 55.94562122842592 -3.185723864905706 450.531774 519.667796
55.94562122842592 -3.185723864905706 W 55.94562122842592 -3.186023864905706 450.531774 518.417796
55.94562122842592 -3.186023864905706 W 55.94562122842592 -3.1863238649057064 450.531774 517.167796
55.94562122842592 -3.1863238649057064 W 55.94562122842592 -3.1866238649057066 450.296046 414.092262
55.94562122842592 -3.1866238649057066 W 55.94562122842592 -3.186923864905707 359.638285 390.806564
55.94562122842592 -3.186923864905707 W 55.94562122842592 -3.187223864905707 359.638285 389.556564
55.94562122842592 -3.187223864905707 W 55.94562122842592 -3.187523864905707 359.638285 388.306564
55.94562122842592 -3.187523864905707 W 55.94562122842592 -3.1878238649057073 370.472268 469.625654
55.94562122842592 -3.1878238649057073 W 55.94562122842592 -3.1881238649057075 370.472268 468.375654
55.94562122842592 -3.1881238649057075 W 55.94562122842592 -3.1884238649057077 370.472268 467.125654
55.94562122842592 -3.1884238649057077 W 55.94562122842592 -3.188723864905708 370.472268 465.875654
55.94562122842592 -3.188723864905708 W 55.94562122842592 -3.189023864905708 392.365465 565.614569
55.94562122842592 -3.189023864905708 W 55.94562122842592 -3.1893238649057083 472.995953 680.211047
55.94562122842592 -3.1893238649057083 W 55.94562122842592 -3.1896238649057085 472.995953 678.961047
55.94562122842592 -3.1896238649057085 WSW 55.94550642339621 -3.189901028765462 472.995953 677.711047
55.94550642339621 -3.189901028765462 W 55.94550642339621 -3.190201028765462 472.995953 676.461047
55.94550642339621 -3.190201028765462 WSW 55.9453916183665 -3.1904781926252155 472.995953 675.211047
55.9453916183665 -3.1904781926252155 W 55.9453916183665 -3.1907781926252157 588.768335 760.018242
55.9453916183665 -3.1907781926252157 WSW 55.94527681333679 -3.191055356484969 588.768335 758.768242
55.94527681333679 -3.191055356484969 SW 55.94506468130243 -3.191267488519325 652.698261 875.397851
55.94506468130243 -3.191267488519325 SW 55.94485254926808 -3.1914796205536806 652.698261 874.147851
55.94485254926808 -3.1914796205536806 SSW 55.94457538540832 -3.19159442558339 652.698261 872.897851
55.94457538540832 -3.19159442558339 SSE 55.944298221548564 -3.1914796205536806 741.857007 974.438656
55.944298221548564 -3.1914796205536806 SSE 55.94402105768881 -3.191364815523971 833.951861 978.283820
55.94402105768881 -3.191364815523971 SSE 55.94374389382905 -3.1912500104942616 878.265901 982.647453
55.94374389382905 -3.1912500104942616 E 55.94374389382905 -3.1909500104942614 939.963412 1002.761998
55.94374389382905 -3.1909500104942614 E 55.94374389382905 -3.1906500104942612 939.963412 1001.511998
55.94374389382905 -3.1906500104942612 E 55.94374389382905 -3.190350010494261 939.963412 1000.261998
55.94374389382905 -3.190350010494261 E 55.94374389382905 -3.190050010494261 939.963412 999.011998
55.94374389382905 -3.190050010494261 E 55.94374389382905 -3.1897500104942607 939.963412 997.761998
55.94374389382905 -3.1897500104942607 E 55.94374389382905 -3.1894500104942605 939.963412 996.511998
55.94374389382905 -3.1894500104942605 E 55.94374389382905 -3.1891500104942603 939.963412 995.261998
55.94374389382905 -3.1891500104942603 E 55.94374389382905 -3.18885001049426 939.963412 994.011998
55.94374389382905 -3.18885001049426 E 55.94374389382905 -3.18855001049426 939.963412 992.761998
55.94374389382905 -3.18855001049426 E 55.94374389382905 -3.1882500104942597 939.963412 991.511998
55.94374389382905 -3.1882500104942597 E 55.94374389382905 -3.1879500104942595 939.963412 990.261998
55.94374389382905 -3.1879500104942595 E 55.94374389382905 -3.1876500104942593 939.963412 989.011998
55.94374389382905 -3.1876500104942593 E 55.94374389382905 -3.187350010494259 939.963412 987.761998
55.94374389382905 -3.187350010494259 E 55.94374389382905 -3.187050010494259 939.963412 986.511998
55.94374389382905 -3.187050010494259 E 55.94374389382905 -3.1867500104942588 935.136808 926.218724
55.94374389382905 -3.1867500104942588 E 55.94374389382905 -3.1864500104942586 935.136808 924.968724
55.94374389382905 -3.1864500104942586 E 55.94374389382905 -3.1861500104942584 966.798512 1003.290090
55.94374389382905 -3.1861500104942584 E 55.94374389382905 -3.185850010494258 966.798512 1002.040090
55.94374389382905 -3.185850010494258 E 55.94374389382905 -3.185550010494258 966.798512 1000.790090
55.94374389382905 -3.185550010494258 E 55.94374389382905 -3.185250010494258 966.798512 999.540090
55.94374389382905 -3.185250010494258 ENE 55.94385869885876 -3.1849728466345044 966.798512 998.290090
55.94385869885876 -3.1849728466345044 E 55.94385869885876 -3.1846728466345042 966.798512 997.040090
55.94385869885876 -3.1846728466345042 W 55.94385869885876 -3.1849728466345044 1052.674309 1071.804806
55.94385869885876 -3.1849728466345044 WNW 55.94397350388847 -3.185250010494258 1052.674309 1070.554806
55.94397350388847 -3.185250010494258 W 55.94397350388847 -3.185550010494258 1052.674309 1069.304806
55.94397350388847 -3.185550010494258 WNW 55.94408830891818 -3.1858271743540114 1052.674309 1068.054806
55.94408830891818 -3.1858271743540114 W 55.94408830891818 -3.1861271743540116 1052.674309 1066.804806
55.94408830891818 -3.1861271743540116 WNW 55.94420311394789 -3.186404338213765 1052.674309 1065.554806
55.94420311394789 -3.186404338213765 W 55.94420311394789 -3.186704338213765 1048.227460 960.055874
55.94420311394789 -3.186704338213765 W 55.94420311394789 -3.1870043382137654 1158.836429 1030.217385
55.94420311394789 -3.1870043382137654 W 55.94420311394789 -3.1873043382137656 1158.836429 1028.967385
55.94420311394789 -3.1873043382137656 WSW 55.94408830891818 -3.187581502073519 1158.836429 1027.717385
55.94408830891818 -3.187581502073519 W 55.94408830891818 -3.187881502073519 1158.836429 1026.467385
55.94408830891818 -3.187881502073519 WSW 55.94397350388847 -3.1881586659332726 1132.894020 1015.048903
55.94397350388847 -3.1881586659332726 WNW 55.94408830891818 -3.188435829793026 1206.263407 1091.127740
55.94408830891818 -3.188435829793026 WNW 55.94420311394789 -3.1887129936527794 1206.263407 1089.877740
55.94420311394789 -3.1887129936527794 WNW 55.9443179189776 -3.188990157512533 1182.435685 1064.731805
55.9443179189776 -3.188990157512533 WNW 55.944432724007314 -3.189267321372286 1182.435685 1063.481805
55.944432724007314 -3.189267321372286 WNW 55.944547529037024 -3.1895444852320396 1182.435685 1062.231805
55.944547529037024 -3.1895444852320396 WNW 55.944662334066734 -3.189821649091793 1278.517760 1095.566891
55.944662334066734 -3.189821649091793 WNW 55.944777139096445 -3.1900988129515464 1278.517760 1094.316891
55.944777139096445 -3.1900988129515464 WNW 55.944891944126155 -3.1903759768113 1339.315485 1129.585000
55.944891944126155 -3.1903759768113 W 55.944891944126155 -3.1906759768113 1339.315485 1128.335000
55.944891944126155 -3.1906759768113 WNW 55.945006749155866 -3.1909531406710534 1339.315485 1127.085000
55.945006749155866 -3.1909531406710534 W 55.945006749155866 -3.1912531406710536 1339.315485 1125.835000
55.945006749155866 -3.1912531406710536 WNW 55.945121554185576 -3.191530304530807 1339.315485 1124.585000
55.945121554185576 -3.191530304530807 W 55.945121554185576 -3.191830304530807 1339.315485 1123.335000
55.945121554185576 -3.191830304530807 WNW 55.945236359215286 -3.1921074683905606 1339.315485 1122.085000
55.945236359215286 -3.1921074683905606 W 55.945236359215286 -3.1924074683905608 1339.315485 1120.835000
55.945236359215286 -3.1924074683905608 SSE 55.94495919535553 -3.1922926633608513 1424.741661 1157.598797
55.94495919535553 -3.1922926633608513 SSE 55.94468203149577 -3.1921778583311418 1424.741661 1156.348797
55.94468203149577 -3.1921778583311418 SSE 55.94440486763602 -3.1920630533014323 1424.741661 1155.098797
55.94440486763602 -3.1920630533014323 SSE 55.94412770377626 -3.1919482482717227 1424.741661 1153.848797
55.94412770377626 -3.1919482482717227 SSE 55.943850539916504 -3.1918334432420132 1440.396868 1193.362224
55.943850539916504 -3.1918334432420132 SE 55.94363840788215 -3.1916213112076575 1440.396868 1192.112224
55.94363840788215 -3.1916213112076575 SSE 55.94336124402239 -3.191506506177948 1440.396868 1190.862224
55.94336124402239 -3.191506506177948 SE 55.943149111988035 -3.191294374143592 1440.396868 1189.612224
55.943149111988035 -3.191294374143592 SSE 55.94287194812828 -3.1911795691138827 1371.943892 1184.412568
55.94287194812828 -3.1911795691138827 E 55.94287194812828 -3.1908795691138825 1449.599310 1266.654447
55.94287194812828 -3.1908795691138825 ESE 55.94275714309857 -3.190602405254129 1449.599310 1265.404447
55.94275714309857 -3.190602405254129 E 55.94275714309857 -3.190302405254129 1449.599310 1264.154447
55.94275714309857 -3.190302405254129 ESE 55.94264233806886 -3.1900252413943755 1449.599310 1262.904447
55.94264233806886 -3.1900252413943755 NE 55.942854470103214 -3.1898131093600197 1499.037742 1331.487170
55.942854470103214 -3.1898131093600197 NE 55.94306660213757 -3.189600977325664 1499.037742 1330.237170
55.94306660213757 -3.189600977325664 ENE 55.94318140716728 -3.1893238134659105 1499.037742 1328.987170
55.94318140716728 -3.1893238134659105 NE 55.94339353920164 -3.1891116814315548 1499.037742 1327.737170
55.94339353920164 -3.1891116814315548 ENE 55.94350834423135 -3.1888345175718014 1555.676302 1410.149212
55.94350834423135 -3.1888345175718014 WSW 55.94339353920164 -3.1891116814315548 1555.676302 1408.899212
55.94339353920164 -3.1891116814315548 NW 55.94360567123599 -3.1893238134659105 1555.676302 1407.649212
55.94360567123599 -3.1893238134659105 NW 55.94381780327035 -3.1895359455002663 1555.676302 1406.399212
55.94381780327035 -3.1895359455002663 NW 55.944029935304705 -3.189748077534622 1555.676302 1405.149212
55.944029935304705 -3.189748077534622 NNW 55.94430709916446 -3.1898628825643316 1555.676302 1403.899212
55.94430709916446 -3.1898628825643316 NW 55.94451923119882 -3.1900750145986874 1555.676302 1402.649212
55.94451923119882 -3.1900750145986874 ESE 55.94440442616911 -3.189797850738934 1566.453804 1463.141434
55.94440442616911 -3.189797850738934 ESE 55.9442896211394 -3.1895206868791806 1566.453804 1461.891434
55.9442896211394 -3.1895206868791806 ESE 55.94417481610969 -3.189243523019427 1566.453804 1460.641434
55.94417481610969 -3.189243523019427 SE 55.94396268407533 -3.1890313909850714 1566.453804 1459.391434
55.94396268407533 -3.1890313909850714 ESE 55.94384787904562 -3.188754227125318 1566.453804 1458.141434
55.94384787904562 -3.188754227125318 SE 55.943635747011264 -3.188542095090962 1566.453804 1456.891434
55.943635747011264 -3.188542095090962 ESE 55.943520941981554 -3.188264931231209 1566.453804 1455.641434
55.943520941981554 -3.188264931231209 SE 55.9433088099472 -3.188052799196853 1566.453804 1454.391434
55.9433088099472 -3.188052799196853 ESE 55.94319400491749 -3.1877756353370996 1566.453804 1453.141434
55.94319400491749 -3.1877756353370996 SE 55.94298187288313 -3.187563503302744 1566.453804 1451.891434
55.94298187288313 -3.187563503302744 ESE 55.94286706785342 -3.1872863394429904 1566.453804 1450.641434
55.94286706785342 -3.1872863394429904 SE 55.942654935819064 -3.1870742074086347 1566.453804 1449.391434
55.942654935819064 -3.1870742074086347 WNW 55.942769740848775 -3.187351371268388 1590.480459 1565.238159
55.942769740848775 -3.187351371268388 WNW 55.942884545878485 -3.1876285351281415 1590.480459 1563.988159
55.942884545878485 -3.1876285351281415 WNW 55.942999350908195 -3.187905698987895 1590.480459 1562.738159
55.942999350908195 -3.187905698987895 WNW 55.943114155937906 -3.1881828628476483 1590.480459 1561.488159
55.943114155937906 -3.1881828628476483 WNW 55.943228960967616 -3.1884600267074017 1590.480459 1560.238159
55.943228960967616 -3.1884600267074017 WNW 55.94334376599733 -3.188737190567155 1590.480459 1558.988159
55.94334376599733 -3.188737190567155 WNW 55.94345857102704 -3.1890143544269085 1590.480459 1557.738159
55.94345857102704 -3.1890143544269085 WNW 55.94357337605675 -3.189291518286662 1590.480459 1556.488159
55.94357337605675 -3.189291518286662 WNW 55.94368818108646 -3.1895686821464153 1590.480459 1555.238159
55.94368818108646 -3.1895686821464153 WNW 55.94380298611617 -3.1898458460061687 1590.480459 1553.988159
55.94380298611617 -3.1898458460061687 WNW 55.94391779114588 -3.190123009865922 1590.480459 1552.738159
55.94391779114588 -3.190123009865922 WNW 55.94403259617559 -3.1904001737256755 1590.480459 1551.488159
55.94403259617559 -3.1904001737256755 WSW 55.94391779114588 -3.190677337585429 1612.774573 1561.296723
55.94391779114588 -3.190677337585429 N 55.94421779114588 -3.190677337585429 1612.774573 1560.046723
55.94421779114588 -3.190677337585429 ENE 55.94433259617559 -3.1904001737256755 1612.774573 1558.796723
55.94433259617559 -3.1904001737256755 NNE 55.94460976003535 -3.190285368695966 1612.774573 1557.546723
55.94460976003535 -3.190285368695966 NNE 55.944886923895105 -3.1901705636662565 1612.774573 1556.296723
55.944886923895105 -3.1901705636662565 SW 55.94467479186075 -3.1903826957006123 1612.774573 1555.046723
55.94467479186075 -3.1903826957006123 NNW 55.944951955720505 -3.190497500730322 1612.774573 1553.796723
55.944951955720505 -3.190497500730322 WSW 55.944837150690795 -3.190774664590075 1612.774573 1552.546723
55.944837150690795 -3.190774664590075 NNE 55.94511431455055 -3.1906598595603657 1612.774573 1551.296723
55.94511431455055 -3.1906598595603657 NNW 55.94539147841031 -3.190774664590075 1612.774573 1550.046723
55.94539147841031 -3.190774664590075 E 55.94539147841031 -3.190474664590075 1612.774573 1548.796723
55.94539147841031 -3.190474664590075 NW 55.945603610444664 -3.1906867966244308 1612.774573 1547.546723
55.945603610444664 -3.1906867966244308 SSE 55.94532644658491 -3.1905719915947213 1612.774573 1546.296723
55.94532644658491 -3.1905719915947213 E 55.94532644658491 -3.190271991594721 1612.774573 1545.046723
55.94532644658491 -3.190271991594721 NNE 55.945603610444664 -3.1901571865650116 1612.774573 1543.796723
55.945603610444664 -3.1901571865650116 W 55.945603610444664 -3.1904571865650118 1612.774573 1542.546723
55.945603610444664 -3.1904571865650118 N 55.94590361044467 -3.1904571865650118 1612.774573 1541.296723
55.94590361044467 -3.1904571865650118 W 55.94590361044467 -3.190757186565012 1489.006382 1465.418865
55.94590361044467 -3.190757186565012 SE 55.94569147841031 -3.190545054530656 1489.006382 1464.168865
55.94569147841031 -3.190545054530656 SSE 55.945414314550554 -3.1904302495009467 1489.006382 1462.918865
55.945414314550554 -3.1904302495009467 NNE 55.94569147841031 -3.190315444471237 1489.006382 1461.668865
55.94569147841031 -3.190315444471237 WSW 55.9455766733806 -3.1905926083309906 1489.006382 1460.418865
55.9455766733806 -3.1905926083309906 ENE 55.94569147841031 -3.190315444471237 1489.006382 1459.168865
55.94569147841031 -3.190315444471237 WSW 55.9455766733806 -3.1905926083309906 1489.006382 1457.918865
55.9455766733806 -3.1905926083309906 NNW 55.94585383724036 -3.1907074133607 1489.006382 1456.668865
55.94585383724036 -3.1907074133607 NNE 55.94613100110011 -3.1905926083309906 1489.006382 1455.418865
55.94613100110011 -3.1905926083309906 NNE 55.94640816495987 -3.190477803301281 1489.006382 1454.168865
55.94640816495987 -3.190477803301281 ENE 55.94652296998958 -3.1902006394415277 1489.006382 1452.918865
55.94652296998958 -3.1902006394415277 SW 55.946310837955224 -3.1904127714758834 1489.006382 1451.668865
55.946310837955224 -3.1904127714758834 WSW 55.94619603292551 -3.190689935335637 1489.006382 1450.418865
55.94619603292551 -3.190689935335637 NW 55.94640816495987 -3.1909020673699926 1489.006382 1449.168865
55.94640816495987 -3.1909020673699926 E 55.94640816495987 -3.1906020673699924 1489.006382 1447.918865
55.94640816495987 -3.1906020673699924 ENE 55.94652296998958 -3.190324903510239 1489.006382 1446.668865
55.94652296998958 -3.190324903510239 SE 55.946310837955224 -3.1901127714758832 1489.006382 1445.418865
55.946310837955224 -3.1901127714758832 E 55.946310837955224 -3.189812771475883 1489.006382 1444.168865
55.946310837955224 -3.189812771475883 SE 55.94609870592087 -3.1896006394415273 1489.006382 1442.918865
55.94609870592087 -3.1896006394415273 NNW 55.946375869780624 -3.189715444471237 1489.006382 1441.668865
55.946375869780624 -3.189715444471237 SSE 55.94609870592087 -3.1896006394415273 1489.006382 1440.418865
55.94609870592087 -3.1896006394415273 NE 55.946310837955224 -3.1893885074071715 1489.006382 1439.168865
55.946310837955224 -3.1893885074071715 NW 55.94652296998958 -3.1896006394415273 1489.006382 1437.918865
55.94652296998958 -3.1896006394415273 ENE 55.94663777501929 -3.189323475581774 1489.006382 1436.668865
55.94663777501929 -3.189323475581774 WNW 55.946752580049 -3.1896006394415273 1489.006382 1435.418865
55.946752580049 -3.1896006394415273 E 55.946752580049 -3.189300639441527 1489.006382 1434.168865
55.946752580049 -3.189300639441527 SSE 55.946475416189244 -3.1891858344118176 1489.006382 1432.918865
55.946475416189244 -3.1891858344118176 WNW 55.946590221218955 -3.189462998271571 1489.006382 1431.668865
55.946590221218955 -3.189462998271571 NNW 55.94686738507871 -3.1895778033012805 1489.006382 1430.418865
55.94686738507871 -3.1895778033012805 WSW 55.946752580049 -3.189854967161034 1489.006382 1429.168865
55.946752580049 -3.189854967161034 NNE 55.94702974390876 -3.1897401621313244 1489.006382 1427.918865
55.94702974390876 -3.1897401621313244 NNW 55.947306907768514 -3.189854967161034 1489.006382 1426.668865
55.947306907768514 -3.189854967161034 SW 55.94709477573416 -3.1900670991953897 1489.006382 1425.418865
55.94709477573416 -3.1900670991953897 SSE 55.9468176118744 -3.18995229416568 1489.006382 1424.168865
55.9468176118744 -3.18995229416568 NNW 55.94709477573416 -3.1900670991953897 1489.006382 1422.918865
55.94709477573416 -3.1900670991953897 SSE 55.9468176118744 -3.18995229416568 1489.006382 1421.668865
55.9468176118744 -3.18995229416568 SSW 55.946540448014645 -3.1900670991953897 1489.006382 1420.418865
55.946540448014645 -3.1900670991953897 W 55.946540448014645 -3.19036709919539 1489.006382 1419.168865
55.946540448014645 -3.19036709919539 SSE 55.94626328415489 -3.1902522941656803 1489.006382 1417.918865
55.94626328415489 -3.1902522941656803 ENE 55.9463780891846 -3.189975130305927 1489.006382 1416.668865
55.9463780891846 -3.189975130305927 NNE 55.946655253044355 -3.1898603252762174 1489.006382 1415.418865
55.946655253044355 -3.1898603252762174 SE 55.94644312101 -3.1896481932418617 1489.006382 1414.168865
55.94644312101 -3.1896481932418617 S 55.946143121009996 -3.1896481932418617 1489.006382 1412.918865
55.946143121009996 -3.1896481932418617 W 55.946143121009996 -3.189948193241862 1489.006382 1411.668865
55.946143121009996 -3.189948193241862 E 55.946143121009996 -3.1896481932418617 1489.006382 1410.418865
55.946143121009996 -3.1896481932418617 WNW 55.946257926039706 -3.189925357101615 1489.006382 1409.168865
55.946257926039706 -3.189925357101615 NNE 55.94653508989946 -3.1898105520719056 1489.006382 1407.918865
55.94653508989946 -3.1898105520719056 SW 55.94632295786511 -3.1900226841062613 1489.006382 1406.668865
55.94632295786511 -3.1900226841062613 S 55.946022957865104 -3.1900226841062613 1489.006382 1405.418865
55.946022957865104 -3.1900226841062613 NW 55.94623508989946 -3.190234816140617 1489.006382 1404.168865
55.94623508989946 -3.190234816140617 NNW 55.94651225375922 -3.1903496211703266 1489.006382 1402.918865
55.94651225375922 -3.1903496211703266 NW 55.94672438579357 -3.1905617532046824 1489.006382 1401.668865
55.94672438579357 -3.1905617532046824 SSE 55.946447221933816 -3.190446948174973 1489.006382 1400.418865
55.946447221933816 -3.190446948174973 ENE 55.94656202696353 -3.1901697843152195 1489.006382 1399.168865
55.94656202696353 -3.1901697843152195 SE 55.94634989492917 -3.1899576522808637 1489.006382 1397.918865
55.94634989492917 -3.1899576522808637 WNW 55.94646469995888 -3.190234816140617 1489.006382 1396.668865
55.94646469995888 -3.190234816140617 SSW 55.946187536099124 -3.1903496211703266 1489.006382 1395.418865
55.946187536099124 -3.1903496211703266 SE 55.94597540406477 -3.190137489135971 1489.006382 1394.168865
55.94597540406477 -3.190137489135971 N 55.94627540406477 -3.190137489135971 1489.006382 1392.918865
55.94627540406477 -3.190137489135971 S 55.94597540406477 -3.190137489135971 1489.006382 1391.668865
55.94597540406477 -3.190137489135971 NW 55.946187536099124 -3.1903496211703266 1489.006382 1390.418865
55.946187536099124 -3.1903496211703266 NNW 55.94646469995888 -3.190464426200036 1489.006382 1389.168865
55.94646469995888 -3.190464426200036 SW 55.946252567924525 -3.190676558234392 1489.006382 1387.918865
55.946252567924525 -3.190676558234392 SSE 55.94597540406477 -3.1905617532046824 1489.006382 1386.668865
55.94597540406477 -3.1905617532046824 SW 55.94576327203041 -3.190773885239038 1489.006382 1385.418865
55.94576327203041 -3.190773885239038 E 55.94576327203041 -3.190473885239038 1489.006382 1384.168865
55.94576327203041 -3.190473885239038 ESE 55.9456484670007 -3.1901967213792846 1489.006382 1382.918865
55.9456484670007 -3.1901967213792846 NE 55.94586059903506 -3.189984589344929 1489.006382 1381.668865
55.94586059903506 -3.189984589344929 SW 55.9456484670007 -3.1901967213792846 1489.006382 1380.418865
55.9456484670007 -3.1901967213792846 ENE 55.94576327203041 -3.189919557519531 1489.006382 1379.168865
55.94576327203041 -3.189919557519531 WSW 55.9456484670007 -3.1901967213792846 1489.006382 1377.918865
55.9456484670007 -3.1901967213792846 ESE 55.94553366197099 -3.189919557519531 1489.006382 1376.668865
55.94553366197099 -3.189919557519531 SE 55.945321529936635 -3.1897074254851754 1489.006382 1375.418865
55.945321529936635 -3.1897074254851754 ESE 55.945206724906924 -3.189430261625422 1489.006382 1374.168865
55.945206724906924 -3.189430261625422 ENE 55.945321529936635 -3.1891530977656686 1489.006382 1372.918865
55.945321529936635 -3.1891530977656686 W 55.945321529936635 -3.1894530977656688 1489.006382 1371.668865
55.945321529936635 -3.1894530977656688 N 55.94562152993664 -3.1894530977656688 1489.006382 1370.418865
55.94562152993664 -3.1894530977656688 N 55.94592152993664 -3.1894530977656688 1489.006382 1369.168865
55.94592152993664 -3.1894530977656688 NNE 55.9461986937964 -3.1893382927359593 1489.006382 1367.918865
55.9461986937964 -3.1893382927359593 W 55.9461986937964 -3.1896382927359594 1489.006382 1366.668865
55.9461986937964 -3.1896382927359594 S 55.945898693796394 -3.1896382927359594 1489.006382 1365.418865
55.945898693796394 -3.1896382927359594 S 55.94559869379639 -3.1896382927359594 1489.006382 1364.168865
