55.944425 -3.188396 ENE 55.94453980502971 -3.1881188361402466 0.000000 248.750000
55.94453980502971 -3.1881188361402466 ENE 55.94465461005942 -3.187841672280493 0.000000 247.500000
55.94465461005942 -3.187841672280493 ENE 55.944769415089134 -3.18756450842074 0.000000 246.250000
55.944769415089134 -3.18756450842074 ENE 55.944884220118844 -3.1872873445609864 0.000000 245.000000
55.944884220118844 -3.1872873445609864 ENE 55.944999025148554 -3.187010180701233 49.270928 256.824749
55.944999025148554 -3.187010180701233 ENE 55.945113830178265 -3.1867330168414796 0.000000 131.704170
55.945113830178265 -3.1867330168414796 ENE 55.945228635207975 -3.186455852981726 0.000000 130.454170
55.945228635207975 -3.186455852981726 ENE 55.945343440237686 -3.1861786891219728 0.000000 129.204170
55.945343440237686 -3.1861786891219728 ENE 55.945458245267396 -3.1859015252622194 0.000000 127.954170
55.945458245267396 -3.1859015252622194 S 55.94515824526739 -3.1859015252622194 113.887452 161.557950
55.94515824526739 -3.1859015252622194 S 55.94485824526739 -3.1859015252622194 220.206845 177.434411
55.94485824526739 -3.1859015252622194 S 55.94455824526739 -3.1859015252622194 235.925669 269.476424
55.94455824526739 -3.1859015252622194 SSE 55.94428108140763 -3.18578672023251 235.925669 268.226424
55.94428108140763 -3.18578672023251 S 55.94398108140763 -3.18578672023251 235.925669 266.976424
55.94398108140763 -3.18578672023251 SSE 55.94370391754787 -3.1856719152028004 235.925669 265.726424
55.94370391754787 -3.1856719152028004 S 55.94340391754787 -3.1856719152028004 313.140754 273.632146
55.94340391754787 -3.1856719152028004 SSE 55.94312675368811 -3.185557110173091 313.140754 272.382146
55.94312675368811 -3.185557110173091 W 55.94312675368811 -3.185857110173091 348.280399 331.473396
55.94312675368811 -3.185857110173091 W 55.94312675368811 -3.1861571101730912 348.280399 330.223396
55.94312675368811 -3.1861571101730912 W 55.94312675368811 -3.1864571101730914 348.280399 328.973396
55.94312675368811 -3.1864571101730914 W 55.94312675368811 -3.1867571101730916 348.280399 327.723396
55.94312675368811 -3.1867571101730916 W 55.94312675368811 -3.187057110173092 348.280399 326.473396
55.94312675368811 -3.187057110173092 W 55.94312675368811 -3.187357110173092 348.280399 325.223396
55.94312675368811 -3.187357110173092 WNW 55.94324155871782 -3.1876342740328454 348.280399 323.973396
55.94324155871782 -3.1876342740328454 W 55.94324155871782 -3.1879342740328456 348.280399 322.723396
55.94324155871782 -3.1879342740328456 WNW 55.94335636374753 -3.188211437892599 348.280399 321.473396
55.94335636374753 -3.188211437892599 W 55.94335636374753 -3.188511437892599 348.280399 320.223396
55.94335636374753 -3.188511437892599 WNW 55.94347116877724 -3.1887886017523526 348.280399 318.973396
55.94347116877724 -3.1887886017523526 W 55.94347116877724 -3.1890886017523528 348.280399 317.723396
55.94347116877724 -3.1890886017523528 WNW 55.943585973806954 -3.189365765612106 404.918959 400.135438
55.943585973806954 -3.189365765612106 W 55.943585973806954 -3.1896657656121064 404.918959 398.885438
55.943585973806954 -3.1896657656121064 WNW 55.943700778836664 -3.1899429294718598 404.918959 397.635438
55.943700778836664 -3.1899429294718598 W 55.943700778836664 -3.19024292947186 404.918959 396.385438
55.943700778836664 -3.19024292947186 WNW 55.943815583866375 -3.1905200933316133 404.918959 395.135438
55.943815583866375 -3.1905200933316133 W 55.943815583866375 -3.1908200933316135 427.213073 404.944002
55.943815583866375 -3.1908200933316135 WNW 55.943930388896085 -3.191097257191367 427.213073 403.694002
55.943930388896085 -3.191097257191367 W 55.943930388896085 -3.191397257191367 488.910584 423.808546
55.943930388896085 -3.191397257191367 WNW 55.944045193925795 -3.1916744210511205 533.224624 428.172179
55.944045193925795 -3.1916744210511205 NNE 55.94432235778555 -3.191559616021411 548.879831 467.685607
55.94432235778555 -3.191559616021411 ENE 55.94443716281526 -3.1912824521616576 640.974685 471.530771
55.94443716281526 -3.1912824521616576 ENE 55.94455196784497 -3.191005288301904 640.974685 470.280771
55.94455196784497 -3.191005288301904 E 55.94455196784497 -3.190705288301904 640.974685 469.030771
55.94455196784497 -3.190705288301904 ENE 55.94466677287468 -3.1904281244421506 640.974685 467.780771
55.94466677287468 -3.1904281244421506 E 55.94466677287468 -3.1901281244421504 701.772410 503.048879
55.94466677287468 -3.1901281244421504 ENE 55.94478157790439 -3.189850960582397 712.549912 563.541101
55.94478157790439 -3.189850960582397 E 55.94478157790439 -3.189550960582397 808.631987 596.876187
55.94478157790439 -3.189550960582397 ENE 55.944896382934104 -3.1892737967226434 808.631987 595.626187
55.944896382934104 -3.1892737967226434 E 55.944896382934104 -3.1889737967226433 808.631987 594.376187
55.944896382934104 -3.1889737967226433 ENE 55.945011187963814 -3.18869663286289 808.631987 593.126187
55.945011187963814 -3.18869663286289 E 55.945011187963814 -3.1883966328628897 775.496837 517.426769
55.945011187963814 -3.1883966328628897 ENE 55.945125992993525 -3.1881194690031363 775.496837 516.176769
55.945125992993525 -3.1881194690031363 E 55.945125992993525 -3.187819469003136 775.496837 514.926769
55.945125992993525 -3.187819469003136 ENE 55.945240798023235 -3.1875423051433827 775.496837 513.676769
55.945240798023235 -3.1875423051433827 E 55.945240798023235 -3.1872423051433825 775.496837 512.426769
55.945240798023235 -3.1872423051433825 ENE 55.945355603052946 -3.186965141283629 775.496837 511.176769
55.945355603052946 -3.186965141283629 E 55.945355603052946 -3.186665141283629 775.496837 509.926769
55.945355603052946 -3.186665141283629 ENE 55.945470408082656 -3.1863879774238755 684.839077 486.641070
55.945470408082656 -3.1863879774238755 E 55.945470408082656 -3.1860879774238753 684.839077 485.391070
55.945470408082656 -3.1860879774238753 ENE 55.945585213112366 -3.185810813564122 684.839077 484.141070
55.945585213112366 -3.185810813564122 E 55.945585213112366 -3.1855108135641217 684.839077 482.891070
55.945585213112366 -3.1855108135641217 ENE 55.94570001814208 -3.1852336497043683 684.839077 481.641070
55.94570001814208 -3.1852336497043683 E 55.94570001814208 -3.184933649704368 684.839077 480.391070
55.94570001814208 -3.184933649704368 ENE 55.94581482317179 -3.1846564858446147 684.839077 479.141070
55.94581482317179 -3.1846564858446147 E 55.94581482317179 -3.1843564858446145 684.839077 477.891070
55.94581482317179 -3.1843564858446145 W 55.94581482317179 -3.1846564858446147 754.297591 592.725466
55.94581482317179 -3.1846564858446147 W 55.94581482317179 -3.184956485844615 754.297591 591.475466
55.94581482317179 -3.184956485844615 W 55.94581482317179 -3.185256485844615 754.297591 590.225466
55.94581482317179 -3.185256485844615 W 55.94581482317179 -3.1855564858446153 754.297591 588.975466
55.94581482317179 -3.1855564858446153 W 55.94581482317179 -3.1858564858446154 754.297591 587.725466
55.94581482317179 -3.1858564858446154 W 55.94581482317179 -3.1861564858446156 754.297591 586.475466
55.94581482317179 -3.1861564858446156 W 55.94581482317179 -3.186456485844616 673.990393 499.494869
55.94581482317179 -3.186456485844616 W 55.94581482317179 -3.186756485844616 673.754665 396.419335
55.94581482317179 -3.186756485844616 W 55.94581482317179 -3.187056485844616 673.754665 395.169335
55.94581482317179 -3.187056485844616 W 55.94581482317179 -3.1873564858446164 673.754665 393.919335
55.94581482317179 -3.1873564858446164 W 55.94581482317179 -3.1876564858446166 673.754665 392.669335
55.94581482317179 -3.1876564858446166 WSW 55.94570001814208 -3.18793364970437 684.588648 473.988426
55.94570001814208 -3.18793364970437 W 55.94570001814208 -3.18823364970437 684.588648 472.738426
55.94570001814208 -3.18823364970437 WSW 55.945585213112366 -3.1885108135641236 684.588648 471.488426
55.945585213112366 -3.1885108135641236 W 55.945585213112366 -3.1888108135641238 684.588648 470.238426
55.945585213112366 -3.1888108135641238 WSW 55.945470408082656 -3.189087977423877 706.481844 569.977341
55.945470408082656 -3.189087977423877 W 55.945470408082656 -3.1893879774238774 787.112332 684.573818
55.945470408082656 -3.1893879774238774 WSW 55.945355603052946 -3.1896651412836308 787.112332 683.323818
55.945355603052946 -3.1896651412836308 W 55.945355603052946 -3.189965141283631 787.112332 682.073818
55.945355603052946 -3.189965141283631 WSW 55.945240798023235 -3.1902423051433844 787.112332 680.823818
55.945240798023235 -3.1902423051433844 W 55.945240798023235 -3.1905423051433845 902.884714 765.631013
55.945240798023235 -3.1905423051433845 W 55.945240798023235 -3.1908423051433847 902.884714 764.381013
55.945240798023235 -3.1908423051433847 W 55.945240798023235 -3.191142305143385 902.884714 763.131013
55.945240798023235 -3.191142305143385 S 55.94494079802323 -3.191142305143385 966.814641 879.760623
55.94494079802323 -3.191142305143385 S 55.94464079802323 -3.191142305143385 966.814641 878.510623
55.94464079802323 -3.191142305143385 S 55.94434079802323 -3.191142305143385 966.814641 877.260623
55.94434079802323 -3.191142305143385 S 55.944040798023224 -3.191142305143385 966.814641 876.010623
55.944040798023224 -3.191142305143385 S 55.94374079802322 -3.191142305143385 966.814641 874.760623
55.94374079802322 -3.191142305143385 S 55.94344079802322 -3.191142305143385 966.814641 873.510623
55.94344079802322 -3.191142305143385 S 55.943140798023215 -3.191142305143385 898.361664 868.310967
55.943140798023215 -3.191142305143385 S 55.94284079802321 -3.191142305143385 898.361664 867.060967
55.94284079802321 -3.191142305143385 E 55.94284079802321 -3.1908423051433847 976.017082 949.302846
55.94284079802321 -3.1908423051433847 E 55.94284079802321 -3.1905423051433845 976.017082 948.052846
55.94284079802321 -3.1905423051433845 E 55.94284079802321 -3.1902423051433844 976.017082 946.802846
55.94284079802321 -3.1902423051433844 E 55.94284079802321 -3.189942305143384 976.017082 945.552846
55.94284079802321 -3.189942305143384 ENE 55.94295560305292 -3.1896651412836308 1025.455514 1014.135569
55.94295560305292 -3.1896651412836308 E 55.94295560305292 -3.1893651412836306 1025.455514 1012.885569
55.94295560305292 -3.1893651412836306 ENE 55.94307040808263 -3.189087977423877 1025.455514 1011.635569
55.94307040808263 -3.189087977423877 E 55.94307040808263 -3.188787977423877 1025.455514 1010.385569
55.94307040808263 -3.188787977423877 ENE 55.94318521311234 -3.1885108135641236 1025.455514 1009.135569
55.94318521311234 -3.1885108135641236 E 55.94318521311234 -3.1882108135641234 1025.455514 1007.885569
55.94318521311234 -3.1882108135641234 ENE 55.943300018142054 -3.18793364970437 1025.455514 1006.635569
55.943300018142054 -3.18793364970437 E 55.943300018142054 -3.18763364970437 1025.455514 1005.385569
55.943300018142054 -3.18763364970437 ENE 55.943414823171764 -3.1873564858446164 1025.455514 1004.135569
55.943414823171764 -3.1873564858446164 E 55.943414823171764 -3.187056485844616 1025.455514 1002.885569
55.943414823171764 -3.187056485844616 ENE 55.943529628201475 -3.186779321984863 1020.628911 942.592296
55.943529628201475 -3.186779321984863 E 55.943529628201475 -3.1864793219848626 1020.628911 941.342296
55.943529628201475 -3.1864793219848626 ENE 55.943644433231185 -3.186202158125109 1020.628911 940.092296
55.943644433231185 -3.186202158125109 E 55.943644433231185 -3.185902158125109 1020.628911 938.842296
55.943644433231185 -3.185902158125109 ENE 55.943759238260895 -3.1856249942653556 1020.628911 937.592296
55.943759238260895 -3.1856249942653556 E 55.943759238260895 -3.1853249942653554 1020.628911 936.342296
55.943759238260895 -3.1853249942653554 ENE 55.943874043290606 -3.185047830405602 1020.628911 935.092296
55.943874043290606 -3.185047830405602 E 55.943874043290606 -3.184747830405602 1020.628911 933.842296
55.943874043290606 -3.184747830405602 WSW 55.943759238260895 -3.1850249942653552 1106.504708 1008.607012
55.943759238260895 -3.1850249942653552 WSW 55.943644433231185 -3.1853021581251086 1106.504708 1007.357012
55.943644433231185 -3.1853021581251086 WSW 55.943529628201475 -3.185579321984862 1106.504708 1006.107012
55.943529628201475 -3.185579321984862 WSW 55.943414823171764 -3.1858564858446154 1106.504708 1004.857012
55.943414823171764 -3.1858564858446154 SW 55.94320269113741 -3.186068617878971 1106.504708 1003.607012
55.94320269113741 -3.186068617878971 WSW 55.9430878861077 -3.1863457817387246 1106.504708 1002.357012
55.9430878861077 -3.1863457817387246 SW 55.94287575407334 -3.1865579137730804 1106.504708 1001.107012
55.94287575407334 -3.1865579137730804 WSW 55.94276094904363 -3.186835077632834 1075.037878 940.209342
55.94276094904363 -3.186835077632834 SW 55.942548817009275 -3.1870472096671896 1099.064533 1056.056068
55.942548817009275 -3.1870472096671896 NE 55.94276094904363 -3.186835077632834 1099.064533 1054.806068
55.94276094904363 -3.186835077632834 NE 55.94297308107799 -3.186622945598478 1099.064533 1053.556068
55.94297308107799 -3.186622945598478 NE 55.94318521311234 -3.1864108135641223 1099.064533 1052.306068
55.94318521311234 -3.1864108135641223 NE 55.9433973451467 -3.1861986815297665 1099.064533 1051.056068
55.9433973451467 -3.1861986815297665 NE 55.943609477181056 -3.1859865494954107 1099.064533 1049.806068
55.943609477181056 -3.1859865494954107 NE 55.94382160921541 -3.185774417461055 1099.064533 1048.556068
55.94382160921541 -3.185774417461055 NE 55.94403374124977 -3.185562285426699 1099.064533 1047.306068
55.94403374124977 -3.185562285426699 NE 55.944245873284125 -3.1853501533923434 1099.064533 1046.056068
55.944245873284125 -3.1853501533923434 NE 55.94445800531848 -3.1851380213579876 1099.064533 1044.806068
55.94445800531848 -3.1851380213579876 NNE 55.94473516917824 -3.185023216328278 1099.064533 1043.556068
55.94473516917824 -3.185023216328278 NE 55.94494730121259 -3.1848110842939223 1099.064533 1042.306068
55.94494730121259 -3.1848110842939223 W 55.94494730121259 -3.1851110842939225 1131.857394 1128.166071
55.94494730121259 -3.1851110842939225 W 55.94494730121259 -3.1854110842939227 1131.857394 1126.916071
55.94494730121259 -3.1854110842939227 W 55.94494730121259 -3.185711084293923 1131.857394 1125.666071
55.94494730121259 -3.185711084293923 W 55.94494730121259 -3.186011084293923 1131.857394 1124.416071
55.94494730121259 -3.186011084293923 W 55.94494730121259 -3.1863110842939233 1131.857394 1123.166071
55.94494730121259 -3.1863110842939233 W 55.94494730121259 -3.1866110842939235 1131.857394 1121.916071
55.94494730121259 -3.1866110842939235 W 55.94494730121259 -3.1869110842939237 1131.857394 1120.666071
55.94494730121259 -3.1869110842939237 W 55.94494730121259 -3.187211084293924 1077.115036 1119.416071
55.94494730121259 -3.187211084293924 W 55.94494730121259 -3.187511084293924 1077.115036 1118.166071
55.94494730121259 -3.187511084293924 W 55.94494730121259 -3.1878110842939242 1077.115036 1116.916071
55.94494730121259 -3.1878110842939242 W 55.94494730121259 -3.1881110842939244 1077.115036 1115.666071
55.94494730121259 -3.1881110842939244 W 55.94494730121259 -3.1884110842939246 1077.115036 1114.416071
55.94494730121259 -3.1884110842939246 W 55.94494730121259 -3.188711084293925 1077.115036 1113.166071
55.94494730121259 -3.188711084293925 W 55.94494730121259 -3.189011084293925 1077.115036 1111.916071
55.94494730121259 -3.189011084293925 W 55.94494730121259 -3.189311084293925 1077.115036 1110.666071
55.94494730121259 -3.189311084293925 W 55.94494730121259 -3.1896110842939254 1077.115036 1109.416071
55.94494730121259 -3.1896110842939254 WSW 55.94483249618288 -3.1898882481536788 1077.115036 1108.166071
55.94483249618288 -3.1898882481536788 W 55.94483249618288 -3.190188248153679 1077.115036 1106.916071
55.94483249618288 -3.190188248153679 WSW 55.94471769115317 -3.1904654120134324 1077.115036 1105.666071
55.94471769115317 -3.1904654120134324 W 55.94471769115317 -3.1907654120134326 1077.115036 1104.416071
55.94471769115317 -3.1907654120134326 WSW 55.94460288612346 -3.191042575873186 1077.115036 1103.166071
55.94460288612346 -3.191042575873186 W 55.94460288612346 -3.191342575873186 1077.115036 1101.916071
55.94460288612346 -3.191342575873186 WSW 55.94448808109375 -3.1916197397329396 1077.115036 1100.666071
55.94448808109375 -3.1916197397329396 E 55.94448808109375 -3.1913197397329394 1166.273782 1202.206876
55.94448808109375 -3.1913197397329394 E 55.94448808109375 -3.191019739732939 1166.273782 1200.956876
55.94448808109375 -3.191019739732939 E 55.94448808109375 -3.190719739732939 1166.273782 1199.706876
55.94448808109375 -3.190719739732939 E 55.94448808109375 -3.190419739732939 1166.273782 1198.456876
55.94448808109375 -3.190419739732939 E 55.94448808109375 -3.1901197397329386 1166.273782 1197.206876
55.94448808109375 -3.1901197397329386 E 55.94448808109375 -3.1898197397329384 1166.273782 1195.956876
55.94448808109375 -3.1898197397329384 E 55.94448808109375 -3.1895197397329382 1166.273782 1194.706876
55.94448808109375 -3.1895197397329382 E 55.94448808109375 -3.189219739732938 1166.273782 1193.456876
55.94448808109375 -3.189219739732938 E 55.94448808109375 -3.188919739732938 1166.273782 1192.206876
55.94448808109375 -3.188919739732938 E 55.94448808109375 -3.1886197397329377 1142.446060 1167.060941
55.94448808109375 -3.1886197397329377 E 55.94448808109375 -3.1883197397329375 1142.446060 1165.810941
55.94448808109375 -3.1883197397329375 E 55.94448808109375 -3.1880197397329373 1142.446060 1164.560941
55.94448808109375 -3.1880197397329373 ESE 55.94437327606404 -3.187742575873184 1142.446060 1163.310941
55.94437327606404 -3.187742575873184 E 55.94437327606404 -3.1874425758731837 1142.446060 1162.060941
55.94437327606404 -3.1874425758731837 ESE 55.94425847103433 -3.1871654120134303 1142.446060 1160.810941
55.94425847103433 -3.1871654120134303 E 55.94425847103433 -3.18686541201343 1142.446060 1159.560941
55.94425847103433 -3.18686541201343 W 55.94425847103433 -3.1871654120134303 1253.055029 1229.722453
55.94425847103433 -3.1871654120134303 WSW 55.94414366600462 -3.1874425758731837 1253.055029 1228.472453
55.94414366600462 -3.1874425758731837 W 55.94414366600462 -3.187742575873184 1253.055029 1227.222453
55.94414366600462 -3.187742575873184 WSW 55.94402886097491 -3.1880197397329373 1253.055029 1225.972453
55.94402886097491 -3.1880197397329373 WNW 55.94414366600462 -3.1882969035926907 1227.112621 1214.553971
55.94414366600462 -3.1882969035926907 WNW 55.94425847103433 -3.188574067452444 1300.482008 1290.632807
55.94425847103433 -3.188574067452444 WNW 55.94437327606404 -3.1888512313121975 1300.482008 1289.382807
55.94437327606404 -3.1888512313121975 WNW 55.94448808109375 -3.189128395171951 1300.482008 1288.132807
55.94448808109375 -3.189128395171951 WNW 55.94460288612346 -3.1894055590317043 1300.482008 1286.882807
55.94460288612346 -3.1894055590317043 WNW 55.94471769115317 -3.1896827228914577 1300.482008 1285.632807
55.94471769115317 -3.1896827228914577 WNW 55.94483249618288 -3.189959886751211 1300.482008 1284.382807
55.94483249618288 -3.189959886751211 W 55.94483249618288 -3.1902598867512113 1300.482008 1283.132807
55.94483249618288 -3.1902598867512113 WNW 55.94494730121259 -3.1905370506109647 1300.482008 1281.882807
55.94494730121259 -3.1905370506109647 W 55.94494730121259 -3.190837050610965 1300.482008 1280.632807
55.94494730121259 -3.190837050610965 WNW 55.945062106242304 -3.1911142144707183 1300.482008 1279.382807
55.945062106242304 -3.1911142144707183 W 55.945062106242304 -3.1914142144707185 1300.482008 1278.132807
55.945062106242304 -3.1914142144707185 WNW 55.945176911272014 -3.191691378330472 1300.482008 1276.882807
55.945176911272014 -3.191691378330472 W 55.945176911272014 -3.191991378330472 1300.482008 1275.632807
55.945176911272014 -3.191991378330472 WNW 55.945291716301725 -3.1922685421902255 1300.482008 1274.382807
55.945291716301725 -3.1922685421902255 W 55.945291716301725 -3.1925685421902257 1385.908184 1311.146605
55.945291716301725 -3.1925685421902257 ESE 55.945176911272014 -3.1922913783304723 1385.908184 1309.896605
55.945176911272014 -3.1922913783304723 ESE 55.945062106242304 -3.192014214470719 1385.908184 1308.646605
55.945062106242304 -3.192014214470719 ESE 55.94494730121259 -3.1917370506109655 1385.908184 1307.396605
55.94494730121259 -3.1917370506109655 ESE 55.94483249618288 -3.191459886751212 1385.908184 1306.146605
55.94483249618288 -3.191459886751212 E 55.94483249618288 -3.191159886751212 1385.908184 1304.896605
55.94483249618288 -3.191159886751212 ESE 55.94471769115317 -3.1908827228914585 1385.908184 1303.646605
55.94471769115317 -3.1908827228914585 E 55.94471769115317 -3.1905827228914583 1385.908184 1302.396605
55.94471769115317 -3.1905827228914583 ESE 55.94460288612346 -3.190305559031705 1385.908184 1301.146605
55.94460288612346 -3.190305559031705 E 55.94460288612346 -3.1900055590317047 1385.908184 1299.896605
55.94460288612346 -3.1900055590317047 ESE 55.94448808109375 -3.1897283951719513 1385.908184 1298.646605
55.94448808109375 -3.1897283951719513 E 55.94448808109375 -3.189428395171951 1385.908184 1297.396605
55.94448808109375 -3.189428395171951 ESE 55.94437327606404 -3.1891512313121977 1385.908184 1296.146605
55.94437327606404 -3.1891512313121977 E 55.94437327606404 -3.1888512313121975 1385.908184 1294.896605
55.94437327606404 -3.1888512313121975 ESE 55.94425847103433 -3.188574067452444 1385.908184 1293.646605
55.94425847103433 -3.188574067452444 E 55.94425847103433 -3.188274067452444 1385.908184 1292.396605
55.94425847103433 -3.188274067452444 ESE 55.94414366600462 -3.1879969035926905 1385.908184 1291.146605
55.94414366600462 -3.1879969035926905 E 55.94414366600462 -3.1876969035926903 1385.908184 1289.896605
55.94414366600462 -3.1876969035926903 ESE 55.94402886097491 -3.187419739732937 1385.908184 1288.646605
55.94402886097491 -3.187419739732937 E 55.94402886097491 -3.1871197397329367 1385.908184 1287.396605
55.94402886097491 -3.1871197397329367 ESE 55.9439140559452 -3.1868425758731833 1385.908184 1286.146605
55.9439140559452 -3.1868425758731833 E 55.9439140559452 -3.186542575873183 1385.908184 1284.896605
55.9439140559452 -3.186542575873183 ESE 55.94379925091549 -3.1862654120134297 1417.569887 1363.217970
55.94379925091549 -3.1862654120134297 SE 55.94358711888113 -3.186053279979074 1417.569887 1361.967970
55.94358711888113 -3.186053279979074 W 55.94358711888113 -3.186353279979074 1417.569887 1360.717970
55.94358711888113 -3.186353279979074 WNW 55.943701923910844 -3.1866304438388275 1417.569887 1359.467970
55.943701923910844 -3.1866304438388275 NE 55.9439140559452 -3.1864183118044718 1417.569887 1358.217970
55.9439140559452 -3.1864183118044718 WSW 55.94379925091549 -3.186695475664225 1417.569887 1356.967970
55.94379925091549 -3.186695475664225 NE 55.944011382949846 -3.1864833436298694 1417.569887 1355.717970
55.944011382949846 -3.1864833436298694 NNE 55.9442885468096 -3.18636853860016 1417.569887 1354.467970
55.9442885468096 -3.18636853860016 SW 55.944076414775246 -3.1865806706345157 1413.123038 1248.969038
55.944076414775246 -3.1865806706345157 NW 55.9442885468096 -3.1867928026688714 1413.123038 1247.719038
55.9442885468096 -3.1867928026688714 N 55.944588546809605 -3.1867928026688714 1413.123038 1246.469038
55.944588546809605 -3.1867928026688714 S 55.9442885468096 -3.1867928026688714 1413.123038 1245.219038
55.9442885468096 -3.1867928026688714 ENE 55.94440335183931 -3.186515638809118 1413.123038 1243.969038
55.94440335183931 -3.186515638809118 SSE 55.944126187979556 -3.1864008337794085 1413.123038 1242.719038
55.944126187979556 -3.1864008337794085 NNW 55.94440335183931 -3.186515638809118 1413.123038 1241.469038
55.94440335183931 -3.186515638809118 ESE 55.9442885468096 -3.1862384749493646 1413.123038 1240.219038
55.9442885468096 -3.1862384749493646 NE 55.94450067884396 -3.186026342915009 1413.123038 1238.969038
55.94450067884396 -3.186026342915009 N 55.94480067884396 -3.186026342915009 1413.123038 1237.719038
55.94480067884396 -3.186026342915009 S 55.94450067884396 -3.186026342915009 1413.123038 1236.469038
55.94450067884396 -3.186026342915009 ENE 55.94461548387367 -3.1857491790552555 1413.123038 1235.219038
55.94461548387367 -3.1857491790552555 ENE 55.94473028890338 -3.185472015195502 1413.123038 1233.969038
55.94473028890338 -3.185472015195502 W 55.94473028890338 -3.1857720151955022 1413.123038 1232.719038
55.94473028890338 -3.1857720151955022 NW 55.944942420937736 -3.185984147229858 1413.123038 1231.469038
55.944942420937736 -3.185984147229858 N 55.94524242093774 -3.185984147229858 1413.123038 1230.219038
55.94524242093774 -3.185984147229858 NNW 55.945519584797495 -3.1860989522595675 1413.123038 1228.969038
55.945519584797495 -3.1860989522595675 S 55.94521958479749 -3.1860989522595675 1413.123038 1227.719038
55.94521958479749 -3.1860989522595675 NE 55.94543171683185 -3.1858868202252117 1413.123038 1226.469038
55.94543171683185 -3.1858868202252117 S 55.945131716831845 -3.1858868202252117 1413.123038 1225.219038
55.945131716831845 -3.1858868202252117 NW 55.9453438488662 -3.1860989522595675 1413.123038 1223.969038
55.9453438488662 -3.1860989522595675 WNW 55.94545865389591 -3.186376116119321 1413.123038 1222.719038
55.94545865389591 -3.186376116119321 SE 55.945246521861556 -3.186163984084965 1413.123038 1221.469038
55.945246521861556 -3.186163984084965 N 55.94554652186156 -3.186163984084965 1413.123038 1220.219038
55.94554652186156 -3.186163984084965 N 55.94584652186156 -3.186163984084965 1413.123038 1218.969038
