55.944425 -3.188396 W 55.944425 -3.188696 0.000000 248.750000
55.944425 -3.188696 WSW 55.94431019497029 -3.1889731638597536 0.000000 223.604065
55.94431019497029 -3.1889731638597536 W 55.94431019497029 -3.189273163859754 0.000000 222.354065
55.94431019497029 -3.189273163859754 WSW 55.94419538994058 -3.189550327719507 0.000000 221.104065
55.94419538994058 -3.189550327719507 W 55.94419538994058 -3.1898503277195074 0.000000 219.854065
55.94419538994058 -3.1898503277195074 WSW 55.94408058491087 -3.190127491579261 0.000000 218.604065
55.94408058491087 -3.190127491579261 W 55.94408058491087 -3.190427491579261 0.000000 217.354065
55.94408058491087 -3.190427491579261 SSW 55.943803421051115 -3.1905422966089705 22.294114 227.162629
55.943803421051115 -3.1905422966089705 SSW 55.94352625719136 -3.19065710163868 22.294114 225.912629
55.94352625719136 -3.19065710163868 SSW 55.9432490933316 -3.1907719066683895 22.294114 224.662629
55.9432490933316 -3.1907719066683895 SSW 55.942971929471845 -3.190886711698099 22.294114 223.412629
55.942971929471845 -3.190886711698099 SW 55.94275979743749 -3.191098843732455 22.294114 222.162629
55.94275979743749 -3.191098843732455 ENE 55.9428746024672 -3.1908216798727014 99.949532 304.404508
55.9428746024672 -3.1908216798727014 ENE 55.94298940749691 -3.190544516012948 99.949532 303.154508
55.94298940749691 -3.190544516012948 ENE 55.94310421252662 -3.1902673521531946 99.949532 301.904508
55.94310421252662 -3.1902673521531946 ENE 55.94321901755633 -3.189990188293441 99.949532 300.654508
55.94321901755633 -3.189990188293441 ENE 55.94333382258604 -3.1897130244336878 54.554071 284.707887
55.94333382258604 -3.1897130244336878 ENE 55.94344862761575 -3.1894358605739344 54.554071 283.457887
55.94344862761575 -3.1894358605739344 NE 55.94366075965011 -3.1892237285395786 54.554071 282.207887
55.94366075965011 -3.1892237285395786 ENE 55.94377556467982 -3.188946564679825 54.554071 280.957887
55.94377556467982 -3.188946564679825 NE 55.943987696714174 -3.1887344326454694 54.554071 279.707887
55.943987696714174 -3.1887344326454694 ENE 55.944102501743885 -3.188457268785716 54.554071 278.457887
55.944102501743885 -3.188457268785716 NE 55.94431463377824 -3.1882451367513602 54.554071 277.207887
55.94431463377824 -3.1882451367513602 ENE 55.94442943880795 -3.187967972891607 54.554071 275.957887
55.94442943880795 -3.187967972891607 NE 55.94464157084231 -3.187755840857251 54.554071 274.707887
55.94464157084231 -3.187755840857251 ENE 55.94475637587202 -3.1874786769974977 54.554071 273.457887
55.94475637587202 -3.1874786769974977 NE 55.944968507906374 -3.187266544963142 54.554071 272.207887
55.944968507906374 -3.187266544963142 W 55.944968507906374 -3.187566544963142 103.824999 284.032636
55.944968507906374 -3.187566544963142 W 55.944968507906374 -3.1878665449631423 103.824999 282.782636
55.944968507906374 -3.1878665449631423 W 55.944968507906374 -3.1881665449631424 103.824999 281.532636
55.944968507906374 -3.1881665449631424 W 55.944968507906374 -3.1884665449631426 103.824999 280.282636
55.944968507906374 -3.1884665449631426 W 55.944968507906374 -3.188766544963143 103.824999 279.032636
55.944968507906374 -3.188766544963143 W 55.944968507906374 -3.189066544963143 70.689850 203.333218
55.944968507906374 -3.189066544963143 W 55.944968507906374 -3.189366544963143 70.689850 202.083218
55.944968507906374 -3.189366544963143 W 55.944968507906374 -3.1896665449631434 70.689850 200.833218
55.944968507906374 -3.1896665449631434 WNW 55.945083312936084 -3.189943708822897 70.689850 199.583218
55.945083312936084 -3.189943708822897 W 55.945083312936084 -3.190243708822897 70.689850 198.333218
55.945083312936084 -3.190243708822897 WNW 55.945198117965795 -3.1905208726826504 186.462232 283.140413
55.945198117965795 -3.1905208726826504 W 55.945198117965795 -3.1908208726826506 186.462232 281.890413
55.945198117965795 -3.1908208726826506 WNW 55.945312922995505 -3.191098036542404 186.462232 280.640413
55.945312922995505 -3.191098036542404 WSW 55.945198117965795 -3.1913752004021574 250.392159 397.270023
55.945198117965795 -3.1913752004021574 SSW 55.94492095410604 -3.191490005431867 250.392159 396.020023
55.94492095410604 -3.191490005431867 SSW 55.94464379024628 -3.1916048104615764 250.392159 394.770023
55.94464379024628 -3.1916048104615764 SSE 55.944366626386525 -3.191490005431867 339.550905 496.310827
55.944366626386525 -3.191490005431867 NNW 55.94464379024628 -3.1916048104615764 431.645758 500.155991
55.94464379024628 -3.1916048104615764 ENE 55.94475859527599 -3.191327646601823 431.645758 498.905991
55.94475859527599 -3.191327646601823 ENE 55.9448734003057 -3.1910504827420696 431.645758 497.655991
55.9448734003057 -3.1910504827420696 ENE 55.94498820533541 -3.190773318882316 431.645758 496.405991
55.94498820533541 -3.190773318882316 ENE 55.94510301036512 -3.190496155022563 431.645758 495.155991
55.94510301036512 -3.190496155022563 ENE 55.945217815394834 -3.1902189911628094 431.645758 493.905991
55.945217815394834 -3.1902189911628094 ENE 55.945332620424544 -3.189941827303056 431.645758 492.655991
55.945332620424544 -3.189941827303056 ENE 55.945447425454255 -3.1896646634433026 431.645758 491.405991
55.945447425454255 -3.1896646634433026 ENE 55.945562230483965 -3.189387499583549 431.645758 490.155991
55.945562230483965 -3.189387499583549 E 55.945562230483965 -3.189087499583549 431.645758 488.905991
55.945562230483965 -3.189087499583549 ENE 55.945677035513675 -3.1888103357237956 512.276246 603.502469
55.945677035513675 -3.1888103357237956 SE 55.94546490347932 -3.18859820368944 534.169443 703.241383
55.94546490347932 -3.18859820368944 ESE 55.94535009844961 -3.1883210398296864 534.169443 701.991383
55.94535009844961 -3.1883210398296864 SE 55.94513796641525 -3.1881089077953306 534.169443 700.741383
55.94513796641525 -3.1881089077953306 ESE 55.94502316138554 -3.1878317439355772 534.169443 699.491383
55.94502316138554 -3.1878317439355772 SE 55.944811029351186 -3.1876196119012215 534.169443 698.241383
55.944811029351186 -3.1876196119012215 ESE 55.944696224321476 -3.187342448041468 534.169443 696.991383
55.944696224321476 -3.187342448041468 SE 55.94448409228712 -3.1871303160071123 534.169443 695.741383
55.94448409228712 -3.1871303160071123 ESE 55.94436928725741 -3.186853152147359 534.169443 694.491383
55.94436928725741 -3.186853152147359 ESE 55.9442544822277 -3.1865759882876055 644.778412 764.652895
55.9442544822277 -3.1865759882876055 ESE 55.94413967719799 -3.186298824427852 640.331563 659.153962
55.94413967719799 -3.186298824427852 ESE 55.94402487216828 -3.1860216605680987 640.331563 657.903962
55.94402487216828 -3.1860216605680987 ESE 55.94391006713857 -3.1857444967083453 640.331563 656.653962
55.94391006713857 -3.1857444967083453 NE 55.944122199172924 -3.1855323646739895 717.546648 664.559684
55.944122199172924 -3.1855323646739895 NE 55.94433433120728 -3.1853202326396337 717.546648 663.309684
55.94433433120728 -3.1853202326396337 NNE 55.944611495067036 -3.185205427609924 717.546648 662.059684
55.944611495067036 -3.185205427609924 NE 55.94482362710139 -3.1849932955755684 717.546648 660.809684
55.94482362710139 -3.1849932955755684 NNE 55.94510079096115 -3.184878490545859 717.546648 659.559684
55.94510079096115 -3.184878490545859 NE 55.945312922995505 -3.184666358511503 750.339509 745.419688
55.945312922995505 -3.184666358511503 NNE 55.94559008685526 -3.1845515534817936 750.339509 744.169688
55.94559008685526 -3.1845515534817936 NE 55.94580221888962 -3.184339421447438 750.339509 742.919688
55.94580221888962 -3.184339421447438 WSW 55.94568741385991 -3.1846165853071913 819.798023 857.754084
55.94568741385991 -3.1846165853071913 W 55.94568741385991 -3.1849165853071915 819.798023 856.504084
55.94568741385991 -3.1849165853071915 WSW 55.9455726088302 -3.185193749166945 819.798023 855.254084
55.9455726088302 -3.185193749166945 W 55.9455726088302 -3.185493749166945 819.798023 854.004084
55.9455726088302 -3.185493749166945 WSW 55.94545780380049 -3.1857709130266985 819.798023 852.754084
55.94545780380049 -3.1857709130266985 W 55.94545780380049 -3.1860709130266986 933.685475 886.357864
55.94545780380049 -3.1860709130266986 WSW 55.945342998770776 -3.186348076886452 933.685475 885.107864
55.945342998770776 -3.186348076886452 W 55.945342998770776 -3.1866480768864522 933.685475 883.857864
55.945342998770776 -3.1866480768864522 WSW 55.945228193741066 -3.1869252407462056 843.027715 860.572165
55.945228193741066 -3.1869252407462056 W 55.945228193741066 -3.187225240746206 739.014428 735.451586
55.945228193741066 -3.187225240746206 WSW 55.945113388711356 -3.1875024046059592 739.014428 734.201586
55.945113388711356 -3.1875024046059592 W 55.945113388711356 -3.1878024046059594 739.014428 732.951586
55.945113388711356 -3.1878024046059594 WSW 55.944998583681645 -3.188079568465713 739.014428 731.701586
55.944998583681645 -3.188079568465713 W 55.944998583681645 -3.188379568465713 739.014428 730.451586
55.944998583681645 -3.188379568465713 WSW 55.944883778651935 -3.1886567323254664 739.014428 729.201586
55.944883778651935 -3.1886567323254664 W 55.944883778651935 -3.1889567323254666 739.014428 727.951586
55.944883778651935 -3.1889567323254666 WSW 55.944768973622224 -3.18923389618522 739.014428 726.701586
55.944768973622224 -3.18923389618522 W 55.944768973622224 -3.18953389618522 739.014428 725.451586
55.944768973622224 -3.18953389618522 E 55.944768973622224 -3.18923389618522 835.096503 758.786672
55.944768973622224 -3.18923389618522 E 55.944768973622224 -3.18893389618522 835.096503 757.536672
55.944768973622224 -3.18893389618522 E 55.944768973622224 -3.1886338961852196 835.096503 756.286672
55.944768973622224 -3.1886338961852196 E 55.944768973622224 -3.1883338961852195 835.096503 755.036672
55.944768973622224 -3.1883338961852195 E 55.944768973622224 -3.1880338961852193 835.096503 753.786672
55.944768973622224 -3.1880338961852193 E 55.944768973622224 -3.187733896185219 835.096503 752.536672
55.944768973622224 -3.187733896185219 ENE 55.944883778651935 -3.1874567323254657 835.096503 751.286672
55.944883778651935 -3.1874567323254657 E 55.944883778651935 -3.1871567323254655 835.096503 750.036672
55.944883778651935 -3.1871567323254655 ENE 55.944998583681645 -3.186879568465712 835.096503 748.786672
55.944998583681645 -3.186879568465712 E 55.944998583681645 -3.186579568465712 835.096503 747.536672
55.944998583681645 -3.186579568465712 ENE 55.945113388711356 -3.1863024046059585 835.096503 746.286672
55.945113388711356 -3.1863024046059585 E 55.945113388711356 -3.1860024046059583 835.096503 745.036672
55.945113388711356 -3.1860024046059583 SSE 55.9448362248516 -3.185887599576249 941.415895 760.913133
55.9448362248516 -3.185887599576249 S 55.944536224851596 -3.185887599576249 957.134720 852.955146
55.944536224851596 -3.185887599576249 SSE 55.94425906099184 -3.1857727945465393 957.134720 851.705146
55.94425906099184 -3.1857727945465393 S 55.94395906099184 -3.1857727945465393 957.134720 850.455146
55.94395906099184 -3.1857727945465393 SSE 55.94368189713208 -3.1856579895168298 957.134720 849.205146
55.94368189713208 -3.1856579895168298 S 55.94338189713208 -3.1856579895168298 957.134720 847.955146
55.94338189713208 -3.1856579895168298 SSE 55.94310473327232 -3.1855431844871203 957.134720 846.705146
55.94310473327232 -3.1855431844871203 S 55.94280473327232 -3.1855431844871203 992.274364 905.796396
55.94280473327232 -3.1855431844871203 W 55.94280473327232 -3.1858431844871204 992.274364 904.546396
55.94280473327232 -3.1858431844871204 W 55.94280473327232 -3.1861431844871206 992.274364 903.296396
55.94280473327232 -3.1861431844871206 W 55.94280473327232 -3.186443184487121 992.274364 902.046396
55.94280473327232 -3.186443184487121 W 55.94280473327232 -3.186743184487121 960.807535 841.148726
55.94280473327232 -3.186743184487121 WNW 55.94291953830203 -3.1870203483468744 960.807535 839.898726
55.94291953830203 -3.1870203483468744 W 55.94291953830203 -3.1873203483468746 960.807535 838.648726
55.94291953830203 -3.1873203483468746 WNW 55.94303434333174 -3.187597512206628 960.807535 837.398726
55.94303434333174 -3.187597512206628 W 55.94303434333174 -3.187897512206628 960.807535 836.148726
55.94303434333174 -3.187897512206628 WNW 55.94314914836145 -3.1881746760663816 960.807535 834.898726
55.94314914836145 -3.1881746760663816 W 55.94314914836145 -3.188474676066382 960.807535 833.648726
55.94314914836145 -3.188474676066382 WNW 55.94326395339116 -3.188751839926135 960.807535 832.398726
55.94326395339116 -3.188751839926135 W 55.94326395339116 -3.1890518399261354 960.807535 831.148726
55.94326395339116 -3.1890518399261354 WNW 55.94337875842087 -3.189329003785889 1017.446095 913.560768
55.94337875842087 -3.189329003785889 W 55.94337875842087 -3.189629003785889 1017.446095 912.310768
55.94337875842087 -3.189629003785889 WNW 55.94349356345058 -3.1899061676456424 1017.446095 911.060768
55.94349356345058 -3.1899061676456424 W 55.94349356345058 -3.1902061676456426 1017.446095 909.810768
55.94349356345058 -3.1902061676456426 WNW 55.94360836848029 -3.190483331505396 1017.446095 908.560768
55.94360836848029 -3.190483331505396 W 55.94360836848029 -3.190783331505396 1017.446095 907.310768
55.94360836848029 -3.190783331505396 WNW 55.94372317351 -3.1910604953651496 1017.446095 906.060768
55.94372317351 -3.1910604953651496 ESE 55.94360836848029 -3.190783331505396 1079.143606 926.175312
55.94360836848029 -3.190783331505396 ESE 55.94349356345058 -3.1905061676456428 1079.143606 924.925312
55.94349356345058 -3.1905061676456428 ESE 55.94337875842087 -3.1902290037858894 1079.143606 923.675312
55.94337875842087 -3.1902290037858894 ESE 55.94326395339116 -3.189951839926136 1079.143606 922.425312
55.94326395339116 -3.189951839926136 ESE 55.94314914836145 -3.1896746760663826 1079.143606 921.175312
55.94314914836145 -3.1896746760663826 E 55.94314914836145 -3.1893746760663824 1079.143606 919.925312
55.94314914836145 -3.1893746760663824 ESE 55.94303434333174 -3.189097512206629 1079.143606 918.675312
55.94303434333174 -3.189097512206629 E 55.94303434333174 -3.1887975122066288 1079.143606 917.425312
55.94303434333174 -3.1887975122066288 ESE 55.94291953830203 -3.1885203483468754 1079.143606 916.175312
55.94291953830203 -3.1885203483468754 E 55.94291953830203 -3.188220348346875 1079.143606 914.925312
55.94291953830203 -3.188220348346875 ESE 55.94280473327232 -3.1879431844871218 1079.143606 913.675312
55.94280473327232 -3.1879431844871218 E 55.94280473327232 -3.1876431844871216 1079.143606 912.425312
55.94280473327232 -3.1876431844871216 ESE 55.94268992824261 -3.187366020627368 1079.143606 911.175312
55.94268992824261 -3.187366020627368 E 55.94268992824261 -3.187066020627368 1079.143606 909.925312
55.94268992824261 -3.187066020627368 WNW 55.94280473327232 -3.1873431844871214 1103.170261 1025.772038
55.94280473327232 -3.1873431844871214 WNW 55.94291953830203 -3.187620348346875 1103.170261 1024.522038
55.94291953830203 -3.187620348346875 WNW 55.94303434333174 -3.187897512206628 1103.170261 1023.272038
55.94303434333174 -3.187897512206628 NW 55.943246475366095 -3.188109644240984 1103.170261 1022.022038
55.943246475366095 -3.188109644240984 WNW 55.943361280395806 -3.1883868081007374 1103.170261 1020.772038
55.943361280395806 -3.1883868081007374 NW 55.94357341243016 -3.188598940135093 1103.170261 1019.522038
55.94357341243016 -3.188598940135093 WNW 55.94368821745987 -3.1888761039948466 1103.170261 1018.272038
55.94368821745987 -3.1888761039948466 NW 55.94390034949423 -3.1890882360292023 1103.170261 1017.022038
55.94390034949423 -3.1890882360292023 WNW 55.94401515452394 -3.1893653998889557 1103.170261 1015.772038
55.94401515452394 -3.1893653998889557 NW 55.944227286558295 -3.1895775319233115 1103.170261 1014.522038
55.944227286558295 -3.1895775319233115 WNW 55.944342091588005 -3.189854695783065 1103.170261 1013.272038
55.944342091588005 -3.189854695783065 NW 55.94455422362236 -3.1900668278174207 1103.170261 1012.022038
55.94455422362236 -3.1900668278174207 WNW 55.94466902865207 -3.190343991677174 1113.947763 1072.514260
55.94466902865207 -3.190343991677174 E 55.94466902865207 -3.190043991677174 1174.745489 1107.782368
55.94466902865207 -3.190043991677174 E 55.94466902865207 -3.1897439916771737 1174.745489 1106.532368
55.94466902865207 -3.1897439916771737 E 55.94466902865207 -3.1894439916771735 1174.745489 1105.282368
55.94466902865207 -3.1894439916771735 E 55.94466902865207 -3.1891439916771733 1174.745489 1104.032368
55.94466902865207 -3.1891439916771733 E 55.94466902865207 -3.188843991677173 1174.745489 1102.782368
55.94466902865207 -3.188843991677173 E 55.94466902865207 -3.188543991677173 1174.745489 1101.532368
55.94466902865207 -3.188543991677173 E 55.94466902865207 -3.1882439916771728 1174.745489 1100.282368
55.94466902865207 -3.1882439916771728 ESE 55.94455422362236 -3.1879668278174194 1174.745489 1099.032368
55.94455422362236 -3.1879668278174194 E 55.94455422362236 -3.187666827817419 1174.745489 1097.782368
55.94455422362236 -3.187666827817419 ESE 55.94443941859265 -3.1873896639576658 1174.745489 1096.532368
55.94443941859265 -3.1873896639576658 E 55.94443941859265 -3.1870896639576656 1174.745489 1095.282368
55.94443941859265 -3.1870896639576656 ESE 55.94432461356294 -3.186812500097912 1174.745489 1094.032368
55.94432461356294 -3.186812500097912 E 55.94432461356294 -3.186512500097912 1174.745489 1092.782368
55.94432461356294 -3.186512500097912 ESE 55.94420980853323 -3.1862353362381586 1174.745489 1091.532368
55.94420980853323 -3.1862353362381586 E 55.94420980853323 -3.1859353362381584 1174.745489 1090.282368
55.94420980853323 -3.1859353362381584 ESE 55.94409500350352 -3.185658172378405 1174.745489 1089.032368
55.94409500350352 -3.185658172378405 E 55.94409500350352 -3.185358172378405 1174.745489 1087.782368
55.94409500350352 -3.185358172378405 ESE 55.94398019847381 -3.1850810085186514 1174.745489 1086.532368
55.94398019847381 -3.1850810085186514 E 55.94398019847381 -3.184781008518651 1174.745489 1085.282368
55.94398019847381 -3.184781008518651 WNW 55.94409500350352 -3.1850581723784046 1260.621286 1160.047084
55.94409500350352 -3.1850581723784046 WNW 55.94420980853323 -3.185335336238158 1260.621286 1158.797084
55.94420980853323 -3.185335336238158 NW 55.94442194056759 -3.185547468272514 1260.621286 1157.547084
55.94442194056759 -3.185547468272514 WNW 55.9445367455973 -3.185824632132267 1260.621286 1156.297084
55.9445367455973 -3.185824632132267 NW 55.94474887763165 -3.186036764166623 1260.621286 1155.047084
55.94474887763165 -3.186036764166623 WNW 55.944863682661364 -3.1863139280263764 1260.621286 1153.797084
55.944863682661364 -3.1863139280263764 NW 55.94507581469572 -3.186526060060732 1260.621286 1152.547084
55.94507581469572 -3.186526060060732 WNW 55.94519061972543 -3.1868032239204855 1260.621286 1151.297084
55.94519061972543 -3.1868032239204855 NW 55.94540275175979 -3.1870153559548413 1260.621286 1150.047084
55.94540275175979 -3.1870153559548413 WNW 55.9455175567895 -3.1872925198145947 1260.621286 1148.797084
55.9455175567895 -3.1872925198145947 NW 55.94572968882385 -3.1875046518489505 1260.621286 1147.547084
55.94572968882385 -3.1875046518489505 SW 55.9455175567895 -3.1877167838833063 1271.455269 1228.866175
55.9455175567895 -3.1877167838833063 SW 55.94530542475514 -3.187928915917662 1271.455269 1227.616175
55.94530542475514 -3.187928915917662 SW 55.945093292720784 -3.188141047952018 1271.455269 1226.366175
55.945093292720784 -3.188141047952018 SW 55.94488116068643 -3.1883531799863736 1271.455269 1225.116175
55.94488116068643 -3.1883531799863736 SW 55.94466902865207 -3.1885653120207293 1271.455269 1223.866175
55.94466902865207 -3.1885653120207293 SSW 55.944391864792316 -3.188680117050439 1271.455269 1222.616175
55.944391864792316 -3.188680117050439 SW 55.94417973275796 -3.1888922490847946 1247.627546 1221.366175
55.94417973275796 -3.1888922490847946 SSW 55.9439025688982 -3.189007054114504 1247.627546 1220.116175
55.9439025688982 -3.189007054114504 SW 55.94369043686385 -3.18921918614886 1247.627546 1218.866175
55.94369043686385 -3.18921918614886 SSW 55.94341327300409 -3.1893339911785694 1247.627546 1217.616175
55.94341327300409 -3.1893339911785694 SW 55.943201140969734 -3.189546123212925 1247.627546 1216.366175
55.943201140969734 -3.189546123212925 SSW 55.94292397710998 -3.1896609282426347 1247.627546 1215.116175
55.94292397710998 -3.1896609282426347 SW 55.94271184507562 -3.1898730602769905 1247.627546 1213.866175
55.94271184507562 -3.1898730602769905 NW 55.94292397710998 -3.1900851923113462 1297.065979 1282.448898
55.94292397710998 -3.1900851923113462 NW 55.94313610914433 -3.190297324345702 1297.065979 1281.198898
55.94313610914433 -3.190297324345702 NW 55.94334824117869 -3.190509456380058 1297.065979 1279.948898
55.94334824117869 -3.190509456380058 WNW 55.9434630462084 -3.190786620239811 1297.065979 1278.698898
55.9434630462084 -3.190786620239811 NW 55.943675178242756 -3.190998752274167 1297.065979 1277.448898
55.943675178242756 -3.190998752274167 WNW 55.94378998327247 -3.1912759161339204 1297.065979 1276.198898
55.94378998327247 -3.1912759161339204 E 55.94378998327247 -3.19097591613392 1297.065979 1274.948898
55.94378998327247 -3.19097591613392 E 55.94378998327247 -3.19067591613392 1297.065979 1273.698898
55.94378998327247 -3.19067591613392 E 55.94378998327247 -3.19037591613392 1297.065979 1272.448898
55.94378998327247 -3.19037591613392 E 55.94378998327247 -3.1900759161339196 1297.065979 1271.198898
55.94378998327247 -3.1900759161339196 E 55.94378998327247 -3.1897759161339194 1297.065979 1269.948898
55.94378998327247 -3.1897759161339194 E 55.94378998327247 -3.1894759161339192 1297.065979 1268.698898
55.94378998327247 -3.1894759161339192 E 55.94378998327247 -3.189175916133919 1297.065979 1267.448898
55.94378998327247 -3.189175916133919 ENE 55.94390478830218 -3.1888987522741656 1297.065979 1266.198898
55.94390478830218 -3.1888987522741656 E 55.94390478830218 -3.1885987522741654 1297.065979 1264.948898
55.94390478830218 -3.1885987522741654 ENE 55.94401959333189 -3.188321588414412 1297.065979 1263.698898
55.94401959333189 -3.188321588414412 E 55.94401959333189 -3.188021588414412 1370.435366 1339.777735
55.94401959333189 -3.188021588414412 WNW 55.9441343983616 -3.1882987522741653 1344.492957 1328.359253
55.9441343983616 -3.1882987522741653 WNW 55.94424920339131 -3.1885759161339187 1344.492957 1327.109253
55.94424920339131 -3.1885759161339187 WNW 55.94436400842102 -3.188853079993672 1344.492957 1325.859253
55.94436400842102 -3.188853079993672 WNW 55.94447881345073 -3.1891302438534255 1344.492957 1324.609253
55.94447881345073 -3.1891302438534255 WNW 55.94459361848044 -3.189407407713179 1344.492957 1323.359253
55.94459361848044 -3.189407407713179 WNW 55.94470842351015 -3.1896845715729323 1344.492957 1322.109253
55.94470842351015 -3.1896845715729323 WNW 55.94482322853986 -3.1899617354326857 1344.492957 1320.859253
55.94482322853986 -3.1899617354326857 W 55.94482322853986 -3.190261735432686 1344.492957 1319.609253
55.94482322853986 -3.190261735432686 WNW 55.94493803356957 -3.1905388992924393 1344.492957 1318.359253
55.94493803356957 -3.1905388992924393 W 55.94493803356957 -3.1908388992924395 1344.492957 1317.109253
55.94493803356957 -3.1908388992924395 WNW 55.94505283859928 -3.191116063152193 1344.492957 1315.859253
55.94505283859928 -3.191116063152193 W 55.94505283859928 -3.191416063152193 1344.492957 1314.609253
55.94505283859928 -3.191416063152193 WNW 55.94516764362899 -3.1916932270119465 1344.492957 1313.359253
55.94516764362899 -3.1916932270119465 W 55.94516764362899 -3.1919932270119467 1344.492957 1312.109253
55.94516764362899 -3.1919932270119467 WNW 55.9452824486587 -3.1922703908717 1344.492957 1310.859253
55.9452824486587 -3.1922703908717 W 55.9452824486587 -3.1925703908717002 1429.919134 1347.623050
55.9452824486587 -3.1925703908717002 SE 55.945070316624346 -3.1923582588373445 1429.919134 1346.373050
55.945070316624346 -3.1923582588373445 SSE 55.94479315276459 -3.192243453807635 1429.919134 1345.123050
55.94479315276459 -3.192243453807635 SE 55.94458102073023 -3.192031321773279 1429.919134 1343.873050
55.94458102073023 -3.192031321773279 SSE 55.94430385687048 -3.1919165167435697 1429.919134 1342.623050
55.94430385687048 -3.1919165167435697 SE 55.94409172483612 -3.191704384709214 1429.919134 1341.373050
55.94409172483612 -3.191704384709214 SSW 55.943814560976364 -3.1918191897389234 1445.574341 1380.886477
55.943814560976364 -3.1918191897389234 NNE 55.94409172483612 -3.191704384709214 1445.574341 1379.636477
55.94409172483612 -3.191704384709214 SE 55.943879592801764 -3.191492252674858 1445.574341 1378.386477
55.943879592801764 -3.191492252674858 ENE 55.943994397831474 -3.1912150888151047 1489.888381 1382.750111
55.943994397831474 -3.1912150888151047 NE 55.94420652986583 -3.191002956780749 1489.888381 1381.500111
55.94420652986583 -3.191002956780749 SSW 55.943929366006074 -3.1911177618104585 1489.888381 1380.250111
55.943929366006074 -3.1911177618104585 ENE 55.944044171035785 -3.190840597950705 1489.888381 1379.000111
55.944044171035785 -3.190840597950705 SSW 55.94376700717603 -3.1909554029804146 1489.888381 1377.750111
55.94376700717603 -3.1909554029804146 WSW 55.94365220214632 -3.191232566840168 1489.888381 1376.500111
55.94365220214632 -3.191232566840168 SW 55.94344007011196 -3.1914446988745238 1489.888381 1375.250111
