55.944425 -3.188396 ENE 55.94453980502971 -3.1881188361402466 0.000000 248.750000
55.94453980502971 -3.1881188361402466 ENE 55.94465461005942 -3.187841672280493 0.000000 247.500000
55.94465461005942 -3.187841672280493 ENE 55.944769415089134 -3.18756450842074 0.000000 246.250000
55.944769415089134 -3.18756450842074 ENE 55.944884220118844 -3.1872873445609864 0.000000 245.000000
55.944884220118844 -3.1872873445609864 ENE 55.944999025148554 -3.187010180701233 49.270928 256.824749
55.944999025148554 -3.187010180701233 ENE 55.945113830178265 -3.1867330168414796 0.000000 131.704170
55.945113830178265 -3.1867330168414796 ENE 55.945228635207975 -3.186455852981726 0.000000 130.454170
55.945228635207975 -3.186455852981726 ENE 55.945343440237686 -3.1861786891219728 0.000000 129.204170
55.945343440237686 -3.1861786891219728 ENE 55.945458245267396 -3.1859015252622194 0.000000 127.954170
55.945458245267396 -3.1859015252622194 S 55.94515824526739 -3.1859015252622194 113.887452 161.557950
55.94515824526739 -3.1859015252622194 S 55.94485824526739 -3.1859015252622194 220.206845 177.434411
55.94485824526739 -3.1859015252622194 S 55.94455824526739 -3.1859015252622194 235.925669 269.476424
55.94455824526739 -3.1859015252622194 SSE 55.94428108140763 -3.18578672023251 235.925669 268.226424
55.94428108140763 -3.18578672023251 S 55.94398108140763 -3.18578672023251 235.925669 266.976424
55.94398108140763 -3.18578672023251 SSE 55.94370391754787 -3.1856719152028004 235.925669 265.726424
55.94370391754787 -3.1856719152028004 S 55.94340391754787 -3.1856719152028004 313.140754 273.632146
55.94340391754787 -3.1856719152028004 SSE 55.94312675368811 -3.185557110173091 313.140754 272.382146
55.94312675368811 -3.185557110173091 S 55.94282675368811 -3.185557110173091 348.280399 331.473396
55.94282675368811 -3.185557110173091 NW 55.943038885722466 -3.1857692422074466 348.280399 330.223396
55.943038885722466 -3.1857692422074466 NW 55.94325101775682 -3.1859813742418024 348.280399 328.973396
55.94325101775682 -3.1859813742418024 NW 55.94346314979118 -3.186193506276158 348.280399 327.723396
55.94346314979118 -3.186193506276158 NNW 55.943740313650935 -3.1863083113058677 348.280399 326.473396
55.943740313650935 -3.1863083113058677 NW 55.94395244568529 -3.1865204433402234 379.942102 404.794762
55.94395244568529 -3.1865204433402234 NNW 55.94422960954505 -3.186635248369933 379.942102 403.544762
55.94422960954505 -3.186635248369933 W 55.94422960954505 -3.186935248369933 490.551071 473.706273
55.94422960954505 -3.186935248369933 W 55.94422960954505 -3.1872352483699333 490.551071 472.456273
55.94422960954505 -3.1872352483699333 W 55.94422960954505 -3.1875352483699335 490.551071 471.206273
55.94422960954505 -3.1875352483699335 W 55.94422960954505 -3.1878352483699337 490.551071 469.956273
55.94422960954505 -3.1878352483699337 W 55.94422960954505 -3.188135248369934 464.608663 458.537792
55.94422960954505 -3.188135248369934 W 55.94422960954505 -3.188435248369934 464.608663 457.287792
55.94422960954505 -3.188435248369934 W 55.94422960954505 -3.1887352483699343 464.608663 456.037792
55.94422960954505 -3.1887352483699343 WNW 55.94434441457476 -3.1890124122296877 440.780940 430.891857
55.94434441457476 -3.1890124122296877 W 55.94434441457476 -3.189312412229688 440.780940 429.641857
55.94434441457476 -3.189312412229688 WNW 55.94445921960447 -3.1895895760894413 440.780940 428.391857
55.94445921960447 -3.1895895760894413 W 55.94445921960447 -3.1898895760894415 536.863015 461.726943
55.94445921960447 -3.1898895760894415 NNW 55.944736383464225 -3.190004381119151 547.640517 522.219164
55.944736383464225 -3.190004381119151 NNW 55.94501354732398 -3.1901191861488605 547.640517 520.969164
55.94501354732398 -3.1901191861488605 NW 55.94522567935834 -3.1903313181832162 547.640517 519.719164
55.94522567935834 -3.1903313181832162 WSW 55.94511087432863 -3.1906084820429697 663.412898 604.526359
55.94511087432863 -3.1906084820429697 WSW 55.94499606929892 -3.190885645902723 663.412898 603.276359
55.94499606929892 -3.190885645902723 SW 55.94478393726456 -3.191097777937079 663.412898 602.026359
55.94478393726456 -3.191097777937079 WSW 55.94466913223485 -3.1913749417968322 663.412898 600.776359
55.94466913223485 -3.1913749417968322 E 55.94466913223485 -3.191074941796832 755.507752 604.621523
55.94466913223485 -3.191074941796832 E 55.94466913223485 -3.190774941796832 755.507752 603.371523
55.94466913223485 -3.190774941796832 E 55.94466913223485 -3.1904749417968317 755.507752 602.121523
55.94466913223485 -3.1904749417968317 E 55.94466913223485 -3.1901749417968315 816.305477 637.389632
55.94466913223485 -3.1901749417968315 E 55.94466913223485 -3.1898749417968313 816.305477 636.139632
55.94466913223485 -3.1898749417968313 E 55.94466913223485 -3.189574941796831 816.305477 634.889632
55.94466913223485 -3.189574941796831 E 55.94466913223485 -3.189274941796831 816.305477 633.639632
55.94466913223485 -3.189274941796831 E 55.94466913223485 -3.1889749417968307 816.305477 632.389632
55.94466913223485 -3.1889749417968307 E 55.94466913223485 -3.1886749417968305 816.305477 631.139632
55.94466913223485 -3.1886749417968305 E 55.94466913223485 -3.1883749417968303 783.170328 555.440214
55.94466913223485 -3.1883749417968303 E 55.94466913223485 -3.18807494179683 783.170328 554.190214
55.94466913223485 -3.18807494179683 ESE 55.94455432720514 -3.1877977779370767 783.170328 552.940214
55.94455432720514 -3.1877977779370767 E 55.94455432720514 -3.1874977779370766 783.170328 551.690214
55.94455432720514 -3.1874977779370766 ESE 55.94443952217543 -3.187220614077323 783.170328 550.440214
55.94443952217543 -3.187220614077323 E 55.94443952217543 -3.186920614077323 783.170328 549.190214
55.94443952217543 -3.186920614077323 ESE 55.94432471714572 -3.1866434502175696 783.170328 547.940214
55.94432471714572 -3.1866434502175696 E 55.94432471714572 -3.1863434502175694 778.723479 442.441281
55.94432471714572 -3.1863434502175694 ESE 55.94420991211601 -3.186066286357816 778.723479 441.191281
55.94420991211601 -3.186066286357816 E 55.94420991211601 -3.185766286357816 778.723479 439.941281
55.94420991211601 -3.185766286357816 ESE 55.9440951070863 -3.1854891224980624 778.723479 438.691281
55.9440951070863 -3.1854891224980624 E 55.9440951070863 -3.185189122498062 778.723479 437.441281
55.9440951070863 -3.185189122498062 ESE 55.94398030205659 -3.184911958638309 778.723479 436.191281
55.94398030205659 -3.184911958638309 E 55.94398030205659 -3.1846119586383086 778.723479 434.941281
55.94398030205659 -3.1846119586383086 WSW 55.94386549702688 -3.184889122498062 864.599276 509.705997
55.94386549702688 -3.184889122498062 WSW 55.94375069199717 -3.1851662863578154 864.599276 508.455997
55.94375069199717 -3.1851662863578154 WSW 55.943635886967456 -3.185443450217569 864.599276 507.205997
55.943635886967456 -3.185443450217569 WSW 55.943521081937746 -3.185720614077322 864.599276 505.955997
55.943521081937746 -3.185720614077322 WSW 55.943406276908036 -3.1859977779370756 864.599276 504.705997
55.943406276908036 -3.1859977779370756 W 55.943406276908036 -3.186297777937076 864.599276 503.455997
55.943406276908036 -3.186297777937076 WSW 55.943291471878325 -3.186574941796829 864.599276 502.205997
55.943291471878325 -3.186574941796829 W 55.943291471878325 -3.1868749417968294 864.599276 500.955997
55.943291471878325 -3.1868749417968294 WSW 55.943176666848615 -3.187152105656583 864.599276 499.705997
55.943176666848615 -3.187152105656583 W 55.943176666848615 -3.187452105656583 864.599276 498.455997
55.943176666848615 -3.187452105656583 WSW 55.943061861818904 -3.1877292695163364 864.599276 497.205997
55.943061861818904 -3.1877292695163364 W 55.943061861818904 -3.1880292695163366 864.599276 495.955997
55.943061861818904 -3.1880292695163366 WSW 55.942947056789194 -3.18830643337609 864.599276 494.705997
55.942947056789194 -3.18830643337609 W 55.942947056789194 -3.18860643337609 864.599276 493.455997
55.942947056789194 -3.18860643337609 WSW 55.942832251759484 -3.1888835972358436 864.599276 492.205997
55.942832251759484 -3.1888835972358436 W 55.942832251759484 -3.1891835972358438 864.599276 490.955997
55.942832251759484 -3.1891835972358438 WSW 55.94271744672977 -3.189460761095597 864.599276 489.705997
55.94271744672977 -3.189460761095597 W 55.94271744672977 -3.1897607610955974 864.599276 488.455997
55.94271744672977 -3.1897607610955974 NNE 55.94299461058953 -3.189645956065888 914.037708 557.038720
55.94299461058953 -3.189645956065888 NNE 55.943271774449286 -3.1895311510361783 914.037708 555.788720
55.943271774449286 -3.1895311510361783 N 55.94357177444929 -3.1895311510361783 914.037708 554.538720
55.94357177444929 -3.1895311510361783 NNE 55.943848938309046 -3.189416346006469 914.037708 553.288720
55.943848938309046 -3.189416346006469 N 55.94414893830905 -3.189416346006469 914.037708 552.038720
55.94414893830905 -3.189416346006469 NNE 55.944426102168805 -3.1893015409767593 914.037708 550.788720
55.944426102168805 -3.1893015409767593 N 55.94472610216881 -3.1893015409767593 914.037708 549.538720
55.94472610216881 -3.1893015409767593 NNE 55.945003266028564 -3.18918673594705 914.037708 548.288720
55.945003266028564 -3.18918673594705 N 55.94530326602857 -3.18918673594705 914.037708 547.038720
55.94530326602857 -3.18918673594705 NNE 55.945580429888324 -3.1890719309173403 914.037708 545.788720
55.945580429888324 -3.1890719309173403 SW 55.94536829785397 -3.189284062951696 994.668196 660.385198
55.94536829785397 -3.189284062951696 SW 55.94515616581961 -3.189496194986052 994.668196 659.135198
55.94515616581961 -3.189496194986052 SSW 55.944879001959855 -3.1896110000157614 994.668196 657.885198
55.944879001959855 -3.1896110000157614 SW 55.9446668699255 -3.189823132050117 994.668196 656.635198
55.9446668699255 -3.189823132050117 SSW 55.94438970606574 -3.1899379370798266 994.668196 655.385198
55.94438970606574 -3.1899379370798266 SW 55.944177574031386 -3.1901500691141824 994.668196 654.135198
55.944177574031386 -3.1901500691141824 SSW 55.94390041017163 -3.190264874143892 994.668196 652.885198
55.94390041017163 -3.190264874143892 SW 55.94368827813727 -3.1904770061782477 1016.962310 662.693762
55.94368827813727 -3.1904770061782477 SSW 55.94341111427752 -3.190591811207957 1016.962310 661.443762
55.94341111427752 -3.190591811207957 SW 55.94319898224316 -3.190803943242313 1016.962310 660.193762
55.94319898224316 -3.190803943242313 SSW 55.942921818383404 -3.1909187482720225 1016.962310 658.943762
55.942921818383404 -3.1909187482720225 N 55.94322181838341 -3.1909187482720225 1094.617728 741.185641
55.94322181838341 -3.1909187482720225 N 55.94352181838341 -3.1909187482720225 1094.617728 739.935641
55.94352181838341 -3.1909187482720225 N 55.94382181838341 -3.1909187482720225 1094.617728 738.685641
55.94382181838341 -3.1909187482720225 N 55.944121818383415 -3.1909187482720225 1094.617728 737.435641
55.944121818383415 -3.1909187482720225 NNW 55.94439898224317 -3.191033553301732 1094.617728 736.185641
55.94439898224317 -3.191033553301732 N 55.944698982243175 -3.191033553301732 1094.617728 734.935641
55.944698982243175 -3.191033553301732 NNW 55.94497614610293 -3.1911483583314415 1094.617728 733.685641
55.94497614610293 -3.1911483583314415 N 55.945276146102934 -3.1911483583314415 1094.617728 732.435641
55.945276146102934 -3.1911483583314415 ESE 55.945161341073224 -3.190871194471688 1158.547655 849.065251
55.945161341073224 -3.190871194471688 ESE 55.94504653604351 -3.1905940306119347 1158.547655 847.815251
55.94504653604351 -3.1905940306119347 ESE 55.9449317310138 -3.1903168667521813 1158.547655 846.565251
55.9449317310138 -3.1903168667521813 SE 55.94471959897945 -3.1901047347178255 1158.547655 845.315251
55.94471959897945 -3.1901047347178255 ESE 55.944604793949736 -3.189827570858072 1158.547655 844.065251
55.944604793949736 -3.189827570858072 SE 55.94439266191538 -3.1896154388237163 1158.547655 842.815251
55.94439266191538 -3.1896154388237163 ESE 55.94427785688567 -3.189338274963963 1158.547655 841.565251
55.94427785688567 -3.189338274963963 SE 55.94406572485131 -3.189126142929607 1158.547655 840.315251
55.94406572485131 -3.189126142929607 ESE 55.9439509198216 -3.1888489790698538 1158.547655 839.065251
55.9439509198216 -3.1888489790698538 SE 55.94373878778725 -3.188636847035498 1158.547655 837.815251
55.94373878778725 -3.188636847035498 ESE 55.943623982757536 -3.1883596831757446 1158.547655 836.565251
55.943623982757536 -3.1883596831757446 SE 55.94341185072318 -3.188147551141389 1158.547655 835.315251
55.94341185072318 -3.188147551141389 ESE 55.94329704569347 -3.1878703872816354 1158.547655 834.065251
55.94329704569347 -3.1878703872816354 SE 55.94308491365911 -3.1876582552472796 1158.547655 832.815251
55.94308491365911 -3.1876582552472796 ESE 55.9429701086294 -3.1873810913875262 1158.547655 831.565251
55.9429701086294 -3.1873810913875262 SE 55.94275797659505 -3.1871689593531705 1158.547655 830.315251
55.94275797659505 -3.1871689593531705 WNW 55.94287278162476 -3.187446123212924 1182.574310 946.161976
55.94287278162476 -3.187446123212924 WNW 55.94298758665447 -3.1877232870726773 1182.574310 944.911976
55.94298758665447 -3.1877232870726773 WNW 55.94310239168418 -3.1880004509324307 1182.574310 943.661976
55.94310239168418 -3.1880004509324307 WNW 55.94321719671389 -3.188277614792184 1182.574310 942.411976
55.94321719671389 -3.188277614792184 WNW 55.9433320017436 -3.1885547786519375 1182.574310 941.161976
55.9433320017436 -3.1885547786519375 WNW 55.94344680677331 -3.188831942511691 1182.574310 939.911976
55.94344680677331 -3.188831942511691 WNW 55.94356161180302 -3.1891091063714443 1239.212870 1022.324018
55.94356161180302 -3.1891091063714443 WNW 55.94367641683273 -3.1893862702311977 1239.212870 1021.074018
55.94367641683273 -3.1893862702311977 WNW 55.94379122186244 -3.189663434090951 1239.212870 1019.824018
55.94379122186244 -3.189663434090951 WNW 55.94390602689215 -3.1899405979507045 1239.212870 1018.574018
55.94390602689215 -3.1899405979507045 WNW 55.94402083192186 -3.190217761810458 1239.212870 1017.324018
55.94402083192186 -3.190217761810458 WNW 55.94413563695157 -3.1904949256702113 1239.212870 1016.074018
55.94413563695157 -3.1904949256702113 WNW 55.94425044198128 -3.1907720895299647 1239.212870 1014.824018
55.94425044198128 -3.1907720895299647 WNW 55.94436524701099 -3.191049253389718 1239.212870 1013.574018
55.94436524701099 -3.191049253389718 WNW 55.9444800520407 -3.1913264172494715 1239.212870 1012.324018
55.9444800520407 -3.1913264172494715 W 55.9444800520407 -3.1916264172494717 1239.212870 1011.074018
55.9444800520407 -3.1916264172494717 E 55.9444800520407 -3.1913264172494715 1328.371616 1112.614822
55.9444800520407 -3.1913264172494715 E 55.9444800520407 -3.1910264172494713 1328.371616 1111.364822
55.9444800520407 -3.1910264172494713 E 55.9444800520407 -3.190726417249471 1328.371616 1110.114822
55.9444800520407 -3.190726417249471 E 55.9444800520407 -3.190426417249471 1328.371616 1108.864822
55.9444800520407 -3.190426417249471 ESE 55.94436524701099 -3.1901492533897176 1328.371616 1107.614822
55.94436524701099 -3.1901492533897176 E 55.94436524701099 -3.1898492533897174 1328.371616 1106.364822
55.94436524701099 -3.1898492533897174 ESE 55.94425044198128 -3.189572089529964 1328.371616 1105.114822
55.94425044198128 -3.189572089529964 E 55.94425044198128 -3.1892720895299638 1328.371616 1103.864822
55.94425044198128 -3.1892720895299638 ESE 55.94413563695157 -3.1889949256702104 1328.371616 1102.614822
55.94413563695157 -3.1889949256702104 E 55.94413563695157 -3.18869492567021 1328.371616 1101.364822
55.94413563695157 -3.18869492567021 ESE 55.94402083192186 -3.1884177618104568 1328.371616 1100.114822
55.94402083192186 -3.1884177618104568 E 55.94402083192186 -3.1881177618104566 1328.371616 1098.864822
55.94402083192186 -3.1881177618104566 NNW 55.94429799578162 -3.188232566840166 1401.741003 1174.943659
55.94429799578162 -3.188232566840166 NNW 55.944575159641374 -3.1883473718698756 1401.741003 1173.693659
55.944575159641374 -3.1883473718698756 NNW 55.94485232350113 -3.188462176899585 1401.741003 1172.443659
55.94485232350113 -3.188462176899585 NNW 55.94512948736089 -3.1885769819292946 1401.741003 1171.193659
55.94512948736089 -3.1885769819292946 NNW 55.945406651220644 -3.188691786959004 1401.741003 1169.943659
55.945406651220644 -3.188691786959004 NW 55.945618783255 -3.18890391899336 1401.741003 1168.693659
55.945618783255 -3.18890391899336 E 55.945618783255 -3.1886039189933597 1423.634200 1268.432574
55.945618783255 -3.1886039189933597 SW 55.945406651220644 -3.1888160510277155 1423.634200 1267.182574
55.945406651220644 -3.1888160510277155 SW 55.94519451918629 -3.1890281830620713 1423.634200 1265.932574
55.94519451918629 -3.1890281830620713 WSW 55.94507971415658 -3.1893053469218247 1423.634200 1264.682574
55.94507971415658 -3.1893053469218247 SW 55.94486758212222 -3.1895174789561804 1423.634200 1263.432574
55.94486758212222 -3.1895174789561804 WSW 55.94475277709251 -3.189794642815934 1423.634200 1262.182574
55.94475277709251 -3.189794642815934 SW 55.944540645058154 -3.1900067748502896 1423.634200 1260.932574
55.944540645058154 -3.1900067748502896 WSW 55.944425840028444 -3.190283938710043 1423.634200 1259.682574
55.944425840028444 -3.190283938710043 SW 55.94421370799409 -3.190496070744399 1423.634200 1258.432574
55.94421370799409 -3.190496070744399 WSW 55.94409890296438 -3.190773234604152 1423.634200 1257.182574
55.94409890296438 -3.190773234604152 SW 55.94388677093002 -3.190985366638508 1423.634200 1255.932574
55.94388677093002 -3.190985366638508 WSW 55.94377196590031 -3.1912625304982614 1423.634200 1254.682574
55.94377196590031 -3.1912625304982614 ENE 55.94388677093002 -3.190985366638508 1485.331711 1274.797118
55.94388677093002 -3.190985366638508 ENE 55.94400157595973 -3.1907082027787546 1485.331711 1273.547118
55.94400157595973 -3.1907082027787546 ENE 55.94411638098944 -3.190431038919001 1485.331711 1272.297118
55.94411638098944 -3.190431038919001 ENE 55.94423118601915 -3.1901538750592477 1485.331711 1271.047118
55.94423118601915 -3.1901538750592477 ENE 55.94434599104886 -3.1898767111994943 1485.331711 1269.797118
55.94434599104886 -3.1898767111994943 ENE 55.94446079607857 -3.189599547339741 1485.331711 1268.547118
55.94446079607857 -3.189599547339741 ENE 55.94457560110828 -3.1893223834799875 1485.331711 1267.297118
55.94457560110828 -3.1893223834799875 ENE 55.944690406137994 -3.189045219620234 1485.331711 1266.047118
55.944690406137994 -3.189045219620234 ENE 55.944805211167704 -3.1887680557604807 1485.331711 1264.797118
55.944805211167704 -3.1887680557604807 ENE 55.944920016197415 -3.1884908919007273 1485.331711 1263.547118
55.944920016197415 -3.1884908919007273 ENE 55.945034821227125 -3.188213728040974 1485.331711 1262.297118
55.945034821227125 -3.188213728040974 ENE 55.945149626256836 -3.1879365641812205 1485.331711 1261.047118
55.945149626256836 -3.1879365641812205 E 55.945149626256836 -3.1876365641812203 1485.331711 1259.797118
55.945149626256836 -3.1876365641812203 ENE 55.945264431286546 -3.187359400321467 1485.331711 1258.547118
55.945264431286546 -3.187359400321467 E 55.945264431286546 -3.1870594003214667 1485.331711 1257.297118
55.945264431286546 -3.1870594003214667 ENE 55.945379236316256 -3.1867822364617133 1430.589353 1256.047118
55.945379236316256 -3.1867822364617133 E 55.945379236316256 -3.186482236461713 1430.589353 1254.797118
55.945379236316256 -3.186482236461713 ENE 55.94549404134597 -3.1862050726019597 1339.931593 1231.511420
55.94549404134597 -3.1862050726019597 E 55.94549404134597 -3.1859050726019595 1339.931593 1230.261420
55.94549404134597 -3.1859050726019595 ENE 55.94560884637568 -3.185627908742206 1339.931593 1229.011420
55.94560884637568 -3.185627908742206 E 55.94560884637568 -3.185327908742206 1339.931593 1227.761420
55.94560884637568 -3.185327908742206 ENE 55.94572365140539 -3.1850507448824525 1339.931593 1226.511420
55.94572365140539 -3.1850507448824525 E 55.94572365140539 -3.1847507448824524 1339.931593 1225.261420
55.94572365140539 -3.1847507448824524 ENE 55.9458384564351 -3.184473581022699 1339.931593 1224.011420
55.9458384564351 -3.184473581022699 W 55.9458384564351 -3.184773581022699 1409.390107 1338.845816
55.9458384564351 -3.184773581022699 W 55.9458384564351 -3.1850735810226993 1409.390107 1337.595816
55.9458384564351 -3.1850735810226993 W 55.9458384564351 -3.1853735810226995 1409.390107 1336.345816
55.9458384564351 -3.1853735810226995 W 55.9458384564351 -3.1856735810226997 1409.390107 1335.095816
55.9458384564351 -3.1856735810226997 W 55.9458384564351 -3.1859735810227 1409.390107 1333.845816
55.9458384564351 -3.1859735810227 W 55.9458384564351 -3.1862735810227 1329.082909 1246.865219
55.9458384564351 -3.1862735810227 W 55.9458384564351 -3.1865735810227003 1328.847180 1143.789685
55.9458384564351 -3.1865735810227003 W 55.9458384564351 -3.1868735810227005 1328.847180 1142.539685
55.9458384564351 -3.1868735810227005 W 55.9458384564351 -3.1871735810227007 1328.847180 1141.289685
55.9458384564351 -3.1871735810227007 W 55.9458384564351 -3.187473581022701 1328.847180 1140.039685
55.9458384564351 -3.187473581022701 W 55.9458384564351 -3.187773581022701 1339.681163 1221.358776
55.9458384564351 -3.187773581022701 W 55.9458384564351 -3.188073581022701 1339.681163 1220.108776
55.9458384564351 -3.188073581022701 W 55.9458384564351 -3.1883735810227014 1339.681163 1218.858776
55.9458384564351 -3.1883735810227014 W 55.9458384564351 -3.1886735810227016 1339.681163 1217.608776
55.9458384564351 -3.1886735810227016 W 55.9458384564351 -3.188973581022702 1339.681163 1216.358776
55.9458384564351 -3.188973581022702 W 55.9458384564351 -3.189273581022702 1339.681163 1215.108776
55.9458384564351 -3.189273581022702 W 55.9458384564351 -3.189573581022702 1339.681163 1213.858776
55.9458384564351 -3.189573581022702 W 55.9458384564351 -3.1898735810227024 1339.681163 1212.608776
55.9458384564351 -3.1898735810227024 WSW 55.94572365140539 -3.1901507448824558 1339.681163 1211.358776
55.94572365140539 -3.1901507448824558 W 55.94572365140539 -3.190450744882456 1215.912972 1135.480918
55.94572365140539 -3.190450744882456 WSW 55.94560884637568 -3.1907279087422094 1215.912972 1134.230918
55.94560884637568 -3.1907279087422094 W 55.94560884637568 -3.1910279087422095 1215.912972 1132.980918
55.94560884637568 -3.1910279087422095 WSW 55.94549404134597 -3.191305072601963 1215.912972 1131.730918
55.94549404134597 -3.191305072601963 W 55.94549404134597 -3.191605072601963 1215.912972 1130.480918
55.94549404134597 -3.191605072601963 WSW 55.945379236316256 -3.1918822364617165 1215.912972 1129.230918
55.945379236316256 -3.1918822364617165 W 55.945379236316256 -3.1921822364617167 1215.912972 1127.980918
55.945379236316256 -3.1921822364617167 WSW 55.945264431286546 -3.19245940032147 1215.912972 1126.730918
55.945264431286546 -3.19245940032147 SSE 55.94498726742679 -3.1923445952917606 1301.339149 1163.494715
55.94498726742679 -3.1923445952917606 SE 55.94477513539243 -3.192132463257405 1301.339149 1162.244715
55.94477513539243 -3.192132463257405 SSE 55.94449797153268 -3.1920176582276953 1301.339149 1160.994715
55.94449797153268 -3.1920176582276953 SE 55.94428583949832 -3.1918055261933396 1301.339149 1159.744715
55.94428583949832 -3.1918055261933396 SSE 55.944008675638564 -3.19169072116363 1301.339149 1158.494715
55.944008675638564 -3.19169072116363 NNW 55.94428583949832 -3.1918055261933396 1316.994356 1198.008142
55.94428583949832 -3.1918055261933396 SSE 55.944008675638564 -3.19169072116363 1316.994356 1196.758142
55.944008675638564 -3.19169072116363 ESE 55.94389387060885 -3.1914135573038767 1316.994356 1195.508142
55.94389387060885 -3.1914135573038767 WNW 55.944008675638564 -3.19169072116363 1361.308396 1199.871776
55.944008675638564 -3.19169072116363 ESE 55.94389387060885 -3.1914135573038767 1361.308396 1198.621776
55.94389387060885 -3.1914135573038767 N 55.944193870608856 -3.1914135573038767 1361.308396 1197.371776
55.944193870608856 -3.1914135573038767 SE 55.9439817385745 -3.191201425269521 1361.308396 1196.121776
55.9439817385745 -3.191201425269521 E 55.9439817385745 -3.1909014252695207 1361.308396 1194.871776
55.9439817385745 -3.1909014252695207 S 55.9436817385745 -3.1909014252695207 1361.308396 1193.621776
55.9436817385745 -3.1909014252695207 SE 55.94346960654014 -3.190689293235165 1361.308396 1192.371776
55.94346960654014 -3.190689293235165 ESE 55.94335480151043 -3.1904121293754115 1361.308396 1191.121776
55.94335480151043 -3.1904121293754115 N 55.943654801510434 -3.1904121293754115 1361.308396 1189.871776
55.943654801510434 -3.1904121293754115 SE 55.94344266947608 -3.1901999973410557 1361.308396 1188.621776
55.94344266947608 -3.1901999973410557 NE 55.943654801510434 -3.1899878653067 1361.308396 1187.371776
55.943654801510434 -3.1899878653067 S 55.94335480151043 -3.1899878653067 1361.308396 1186.121776
55.94335480151043 -3.1899878653067 SSW 55.943077637650674 -3.1901026703364095 1361.308396 1184.871776
55.943077637650674 -3.1901026703364095 S 55.94277763765067 -3.1901026703364095 1315.912935 1168.925155
55.94277763765067 -3.1901026703364095 WSW 55.94266283262096 -3.190379834196163 1315.912935 1167.675155
55.94266283262096 -3.190379834196163 NNW 55.94293999648072 -3.1904946392258724 1315.912935 1166.425155
55.94293999648072 -3.1904946392258724 ENE 55.94305480151043 -3.190217475366119 1315.912935 1165.175155
