55.944425 -3.188396 ENE 55.94453980502971 -3.1881188361402466 0.000000 248.750000
55.94453980502971 -3.1881188361402466 ENE 55.94465461005942 -3.187841672280493 0.000000 247.500000
55.94465461005942 -3.187841672280493 ENE 55.944769415089134 -3.18756450842074 0.000000 246.250000
55.944769415089134 -3.18756450842074 ENE 55.944884220118844 -3.1872873445609864 0.000000 245.000000
55.944884220118844 -3.1872873445609864 ENE 55.944999025148554 -3.187010180701233 49.270928 256.824749
55.944999025148554 -3.187010180701233 ENE 55.945113830178265 -3.1867330168414796 0.000000 131.704170
55.945113830178265 -3.1867330168414796 ENE 55.945228635207975 -3.186455852981726 0.000000 130.454170
55.945228635207975 -3.186455852981726 ENE 55.945343440237686 -3.1861786891219728 0.000000 129.204170
55.945343440237686 -3.1861786891219728 ENE 55.945458245267396 -3.1859015252622194 0.000000 127.954170
55.945458245267396 -3.1859015252622194 S 55.94515824526739 -3.1859015252622194 113.887452 161.557950
55.94515824526739 -3.1859015252622194 S 55.94485824526739 -3.1859015252622194 220.206845 177.434411
55.94485824526739 -3.1859015252622194 S 55.94455824526739 -3.1859015252622194 235.925669 269.476424
55.94455824526739 -3.1859015252622194 SSE 55.94428108140763 -3.18578672023251 235.925669 268.226424
55.94428108140763 -3.18578672023251 S 55.94398108140763 -3.18578672023251 235.925669 266.976424
55.94398108140763 -3.18578672023251 SSE 55.94370391754787 -3.1856719152028004 235.925669 265.726424
55.94370391754787 -3.1856719152028004 S 55.94340391754787 -3.1856719152028004 313.140754 273.632146
55.94340391754787 -3.1856719152028004 SSE 55.94312675368811 -3.185557110173091 313.140754 272.382146
55.94312675368811 -3.185557110173091 WNW 55.94324155871782 -3.1858342740328442 348.280399 331.473396
55.94324155871782 -3.1858342740328442 WNW 55.94335636374753 -3.1861114378925977 348.280399 330.223396
55.94335636374753 -3.1861114378925977 WNW 55.94347116877724 -3.186388601752351 348.280399 328.973396
55.94347116877724 -3.186388601752351 WNW 55.943585973806954 -3.1866657656121045 348.280399 327.723396
55.943585973806954 -3.1866657656121045 WNW 55.943700778836664 -3.186942929471858 348.280399 326.473396
55.943700778836664 -3.186942929471858 WNW 55.943815583866375 -3.1872200933316113 343.453795 266.180123
55.943815583866375 -3.1872200933316113 WNW 55.943930388896085 -3.1874972571913647 343.453795 264.930123
55.943930388896085 -3.1874972571913647 WNW 55.944045193925795 -3.187774421051118 343.453795 263.680123
55.944045193925795 -3.187774421051118 WNW 55.944159998955506 -3.1880515849108715 343.453795 262.430123
55.944159998955506 -3.1880515849108715 WNW 55.944274803985216 -3.188328748770625 317.511386 251.011641
55.944274803985216 -3.188328748770625 WNW 55.94438960901493 -3.1886059126303783 317.511386 249.761641
55.94438960901493 -3.1886059126303783 WNW 55.94450441404464 -3.1888830764901317 293.683664 224.615706
55.94450441404464 -3.1888830764901317 WNW 55.94461921907435 -3.189160240349885 293.683664 223.365706
55.94461921907435 -3.189160240349885 W 55.94461921907435 -3.1894602403498853 293.683664 222.115706
55.94461921907435 -3.1894602403498853 ESE 55.94450441404464 -3.189183076490132 389.765739 255.450792
55.94450441404464 -3.189183076490132 ESE 55.94438960901493 -3.1889059126303785 389.765739 254.200792
55.94438960901493 -3.1889059126303785 ESE 55.944274803985216 -3.188628748770625 389.765739 252.950792
55.944274803985216 -3.188628748770625 ESE 55.944159998955506 -3.1883515849108717 389.765739 251.700792
55.944159998955506 -3.1883515849108717 ESE 55.944045193925795 -3.1880744210511183 389.765739 250.450792
55.944045193925795 -3.1880744210511183 NNW 55.94432235778555 -3.1881892260808278 463.135126 326.529629
55.94432235778555 -3.1881892260808278 NNW 55.94459952164531 -3.1883040311105373 463.135126 325.279629
55.94459952164531 -3.1883040311105373 NNW 55.944876685505065 -3.188418836140247 463.135126 324.029629
55.944876685505065 -3.188418836140247 NNW 55.94515384936482 -3.1885336411699563 463.135126 322.779629
55.94515384936482 -3.1885336411699563 NNW 55.94543101322458 -3.188648446199666 463.135126 321.529629
55.94543101322458 -3.188648446199666 NW 55.945643145258934 -3.1888605782340216 463.135126 320.279629
55.945643145258934 -3.1888605782340216 SW 55.94543101322458 -3.1890727102683774 485.028322 420.018543
55.94543101322458 -3.1890727102683774 WSW 55.94531620819487 -3.1893498741281308 485.028322 418.768543
55.94531620819487 -3.1893498741281308 SW 55.94510407616051 -3.1895620061624865 485.028322 417.518543
55.94510407616051 -3.1895620061624865 WSW 55.9449892711308 -3.18983917002224 485.028322 416.268543
55.9449892711308 -3.18983917002224 SW 55.944777139096445 -3.1900513020565957 485.028322 415.018543
55.944777139096445 -3.1900513020565957 WSW 55.944662334066734 -3.190328465916349 495.805824 475.510765
55.944662334066734 -3.190328465916349 SW 55.94445020203238 -3.190540597950705 556.603549 510.778874
55.94445020203238 -3.190540597950705 WSW 55.94433539700267 -3.1908177618104583 556.603549 509.528874
55.94433539700267 -3.1908177618104583 SW 55.94412326496831 -3.191029893844814 556.603549 508.278874
55.94412326496831 -3.191029893844814 WSW 55.9440084599386 -3.1913070577045675 556.603549 507.028874
55.9440084599386 -3.1913070577045675 E 55.9440084599386 -3.1910070577045673 600.917590 511.392507
55.9440084599386 -3.1910070577045673 E 55.9440084599386 -3.190707057704567 600.917590 510.142507
55.9440084599386 -3.190707057704567 E 55.9440084599386 -3.190407057704567 623.211704 519.951071
55.9440084599386 -3.190407057704567 E 55.9440084599386 -3.1901070577045667 623.211704 518.701071
55.9440084599386 -3.1901070577045667 E 55.9440084599386 -3.1898070577045665 623.211704 517.451071
55.9440084599386 -3.1898070577045665 E 55.9440084599386 -3.1895070577045663 623.211704 516.201071
55.9440084599386 -3.1895070577045663 E 55.9440084599386 -3.189207057704566 623.211704 514.951071
55.9440084599386 -3.189207057704566 E 55.9440084599386 -3.188907057704566 623.211704 513.701071
55.9440084599386 -3.188907057704566 E 55.9440084599386 -3.1886070577045658 623.211704 512.451071
55.9440084599386 -3.1886070577045658 E 55.9440084599386 -3.1883070577045656 623.211704 511.201071
55.9440084599386 -3.1883070577045656 E 55.9440084599386 -3.1880070577045654 623.211704 509.951071
55.9440084599386 -3.1880070577045654 E 55.9440084599386 -3.187707057704565 623.211704 508.701071
55.9440084599386 -3.187707057704565 E 55.9440084599386 -3.187407057704565 623.211704 507.451071
55.9440084599386 -3.187407057704565 E 55.9440084599386 -3.187107057704565 623.211704 506.201071
55.9440084599386 -3.187107057704565 ESE 55.94389365490889 -3.1868298938448114 623.211704 504.951071
55.94389365490889 -3.1868298938448114 E 55.94389365490889 -3.1865298938448112 623.211704 503.701071
55.94389365490889 -3.1865298938448112 NW 55.94410578694325 -3.186742025879167 654.873407 582.022437
55.94410578694325 -3.186742025879167 NW 55.9443179189776 -3.1869541579135228 765.482376 652.183948
55.9443179189776 -3.1869541579135228 WNW 55.944432724007314 -3.187231321773276 765.482376 650.933948
55.944432724007314 -3.187231321773276 NW 55.94464485604167 -3.187443453807632 765.482376 649.683948
55.94464485604167 -3.187443453807632 WNW 55.94475966107138 -3.1877206176673853 765.482376 648.433948
55.94475966107138 -3.1877206176673853 NW 55.944971793105736 -3.187932749701741 765.482376 647.183948
55.944971793105736 -3.187932749701741 WNW 55.94508659813545 -3.1882099135614945 765.482376 645.933948
55.94508659813545 -3.1882099135614945 NW 55.9452987301698 -3.1884220455958503 765.482376 644.683948
55.9452987301698 -3.1884220455958503 WNW 55.94541353519951 -3.1886992094556037 765.482376 643.433948
55.94541353519951 -3.1886992094556037 NW 55.94562566723387 -3.1889113414899595 765.482376 642.183948
55.94562566723387 -3.1889113414899595 ESE 55.94551086220416 -3.188634177630206 765.482376 640.933948
55.94551086220416 -3.188634177630206 ESE 55.94539605717445 -3.1883570137704527 765.482376 639.683948
55.94539605717445 -3.1883570137704527 ESE 55.94528125214474 -3.1880798499106993 765.482376 638.433948
55.94528125214474 -3.1880798499106993 ESE 55.94516644711503 -3.187802686050946 765.482376 637.183948
55.94516644711503 -3.187802686050946 ESE 55.94505164208532 -3.1875255221911925 765.482376 635.933948
55.94505164208532 -3.1875255221911925 ESE 55.94493683705561 -3.187248358331439 765.482376 634.683948
55.94493683705561 -3.187248358331439 ESE 55.9448220320259 -3.1869711944716856 765.482376 633.433948
55.9448220320259 -3.1869711944716856 ESE 55.94470722699619 -3.1866940306119322 710.740018 632.183948
55.94470722699619 -3.1866940306119322 ESE 55.944592421966476 -3.186416866752179 710.740018 630.933948
55.944592421966476 -3.186416866752179 ESE 55.944477616936766 -3.1861397028924254 710.740018 629.683948
55.944477616936766 -3.1861397028924254 ESE 55.944362811907055 -3.185862539032672 710.740018 628.433948
55.944362811907055 -3.185862539032672 ESE 55.944248006877345 -3.1855853751729186 710.740018 627.183948
55.944248006877345 -3.1855853751729186 ESE 55.944133201847634 -3.185308211313165 710.740018 625.933948
55.944133201847634 -3.185308211313165 ESE 55.944018396817924 -3.185031047453412 710.740018 624.683948
55.944018396817924 -3.185031047453412 ESE 55.943903591788214 -3.1847538835936584 710.740018 623.433948
55.943903591788214 -3.1847538835936584 WNW 55.944018396817924 -3.185031047453412 796.615815 698.198665
55.944018396817924 -3.185031047453412 WNW 55.944133201847634 -3.185308211313165 796.615815 696.948665
55.944133201847634 -3.185308211313165 W 55.944133201847634 -3.1856082113131654 796.615815 695.698665
55.944133201847634 -3.1856082113131654 WNW 55.944248006877345 -3.185885375172919 796.615815 694.448665
55.944248006877345 -3.185885375172919 W 55.944248006877345 -3.186185375172919 796.615815 693.198665
55.944248006877345 -3.186185375172919 WNW 55.944362811907055 -3.1864625390326724 796.615815 691.948665
55.944362811907055 -3.1864625390326724 W 55.944362811907055 -3.1867625390326726 792.168966 586.449732
55.944362811907055 -3.1867625390326726 WNW 55.944477616936766 -3.187039702892426 792.168966 585.199732
55.944477616936766 -3.187039702892426 W 55.944477616936766 -3.187339702892426 792.168966 583.949732
55.944477616936766 -3.187339702892426 WNW 55.944592421966476 -3.1876168667521796 792.168966 582.699732
55.944592421966476 -3.1876168667521796 W 55.944592421966476 -3.18791686675218 792.168966 581.449732
55.944592421966476 -3.18791686675218 WNW 55.94470722699619 -3.188194030611933 792.168966 580.199732
55.94470722699619 -3.188194030611933 W 55.94470722699619 -3.1884940306119334 792.168966 578.949732
55.94470722699619 -3.1884940306119334 WNW 55.9448220320259 -3.1887711944716868 792.168966 577.699732
55.9448220320259 -3.1887711944716868 W 55.9448220320259 -3.189071194471687 759.033817 502.000314
55.9448220320259 -3.189071194471687 WNW 55.94493683705561 -3.1893483583314404 759.033817 500.750314
55.94493683705561 -3.1893483583314404 W 55.94493683705561 -3.1896483583314406 759.033817 499.500314
55.94493683705561 -3.1896483583314406 WNW 55.94505164208532 -3.189925522191194 759.033817 498.250314
55.94505164208532 -3.189925522191194 W 55.94505164208532 -3.190225522191194 759.033817 497.000314
55.94505164208532 -3.190225522191194 WNW 55.94516644711503 -3.1905026860509476 874.806198 581.807509
55.94516644711503 -3.1905026860509476 W 55.94516644711503 -3.1908026860509477 874.806198 580.557509
55.94516644711503 -3.1908026860509477 WNW 55.94528125214474 -3.191079849910701 874.806198 579.307509
55.94528125214474 -3.191079849910701 SW 55.94506912011038 -3.191291981945057 938.736125 695.937119
55.94506912011038 -3.191291981945057 SSW 55.944791956250626 -3.1914067869747664 938.736125 694.687119
55.944791956250626 -3.1914067869747664 SW 55.94457982421627 -3.191618919009122 938.736125 693.437119
55.94457982421627 -3.191618919009122 S 55.94427982421627 -3.191618919009122 1027.894871 794.977923
55.94427982421627 -3.191618919009122 SSW 55.94400266035651 -3.1917337240388317 1119.989724 798.823087
55.94400266035651 -3.1917337240388317 ENE 55.94411746538622 -3.1914565601790783 1135.644931 838.336514
55.94411746538622 -3.1914565601790783 NE 55.94432959742058 -3.1912444281447225 1135.644931 837.086514
55.94432959742058 -3.1912444281447225 ENE 55.94444440245029 -3.190967264284969 1135.644931 835.836514
55.94444440245029 -3.190967264284969 NE 55.94465653448464 -3.1907551322506134 1135.644931 834.586514
55.94465653448464 -3.1907551322506134 ENE 55.944771339514354 -3.19047796839086 1135.644931 833.336514
55.944771339514354 -3.19047796839086 NE 55.94498347154871 -3.190265836356504 1135.644931 832.086514
55.94498347154871 -3.190265836356504 ENE 55.94509827657842 -3.1899886724967508 1135.644931 830.836514
55.94509827657842 -3.1899886724967508 NE 55.94531040861278 -3.189776540462395 1135.644931 829.586514
55.94531040861278 -3.189776540462395 ENE 55.94542521364249 -3.1894993766026416 1135.644931 828.336514
55.94542521364249 -3.1894993766026416 NE 55.94563734567684 -3.189287244568286 1135.644931 827.086514
55.94563734567684 -3.189287244568286 ENE 55.945752150706554 -3.1890100807085324 1216.275419 941.682992
55.945752150706554 -3.1890100807085324 SSE 55.9454749868468 -3.188895275678823 1216.275419 940.432992
55.9454749868468 -3.188895275678823 SE 55.94526285481244 -3.188683143644467 1216.275419 939.182992
55.94526285481244 -3.188683143644467 SSE 55.944985690952684 -3.1885683386147576 1216.275419 937.932992
55.944985690952684 -3.1885683386147576 SE 55.94477355891833 -3.188356206580402 1216.275419 936.682992
55.94477355891833 -3.188356206580402 SSE 55.94449639505857 -3.1882414015506924 1216.275419 935.432992
55.94449639505857 -3.1882414015506924 SE 55.944284263024215 -3.1880292695163366 1216.275419 934.182992
55.944284263024215 -3.1880292695163366 SSE 55.94400709916446 -3.187914464486627 1216.275419 932.932992
55.94400709916446 -3.187914464486627 SE 55.9437949671301 -3.1877023324522713 1216.275419 931.682992
55.9437949671301 -3.1877023324522713 SSE 55.943517803270346 -3.187587527422562 1216.275419 930.432992
55.943517803270346 -3.187587527422562 SE 55.94330567123599 -3.187375395388206 1216.275419 929.182992
55.94330567123599 -3.187375395388206 SSE 55.94302850737623 -3.1872605903584965 1216.275419 927.932992
55.94302850737623 -3.1872605903584965 SE 55.94281637534188 -3.1870484583241407 1216.275419 926.682992
55.94281637534188 -3.1870484583241407 NE 55.94302850737623 -3.186836326289785 1240.302074 1042.529718
55.94302850737623 -3.186836326289785 NE 55.94324063941059 -3.186624194255429 1240.302074 1041.279718
55.94324063941059 -3.186624194255429 NE 55.943452771444946 -3.1864120622210734 1240.302074 1040.029718
55.943452771444946 -3.1864120622210734 NE 55.9436649034793 -3.1861999301867177 1240.302074 1038.779718
55.9436649034793 -3.1861999301867177 NE 55.94387703551366 -3.185987798152362 1240.302074 1037.529718
55.94387703551366 -3.185987798152362 NE 55.944089167548015 -3.185775666118006 1240.302074 1036.279718
55.944089167548015 -3.185775666118006 NE 55.94430129958237 -3.1855635340836503 1240.302074 1035.029718
55.94430129958237 -3.1855635340836503 NE 55.94451343161673 -3.1853514020492946 1240.302074 1033.779718
55.94451343161673 -3.1853514020492946 NE 55.94472556365108 -3.185139270014939 1240.302074 1032.529718
55.94472556365108 -3.185139270014939 NE 55.94493769568544 -3.184927137980583 1240.302074 1031.279718
55.94493769568544 -3.184927137980583 NNE 55.945214859545196 -3.1848123329508735 1273.094936 1117.139721
55.945214859545196 -3.1848123329508735 NE 55.94542699157955 -3.1846002009165177 1273.094936 1115.889721
55.94542699157955 -3.1846002009165177 NNE 55.94570415543931 -3.1844853958868082 1273.094936 1114.639721
55.94570415543931 -3.1844853958868082 W 55.94570415543931 -3.1847853958868084 1342.553450 1229.474117
55.94570415543931 -3.1847853958868084 W 55.94570415543931 -3.1850853958868086 1342.553450 1228.224117
55.94570415543931 -3.1850853958868086 W 55.94570415543931 -3.185385395886809 1342.553450 1226.974117
55.94570415543931 -3.185385395886809 W 55.94570415543931 -3.185685395886809 1342.553450 1225.724117
55.94570415543931 -3.185685395886809 W 55.94570415543931 -3.185985395886809 1342.553450 1224.474117
55.94570415543931 -3.185985395886809 W 55.94570415543931 -3.1862853958868094 1262.246252 1137.493520
55.94570415543931 -3.1862853958868094 W 55.94570415543931 -3.1865853958868096 1262.010523 1034.417986
55.94570415543931 -3.1865853958868096 W 55.94570415543931 -3.1868853958868097 1171.352763 1011.132288
55.94570415543931 -3.1868853958868097 W 55.94570415543931 -3.18718539588681 1171.352763 1009.882288
55.94570415543931 -3.18718539588681 W 55.94570415543931 -3.18748539588681 1171.352763 1008.632288
55.94570415543931 -3.18748539588681 SW 55.94549202340495 -3.187697527921166 1182.186746 1089.951378
55.94549202340495 -3.187697527921166 SW 55.945279891370596 -3.1879096599555217 1182.186746 1088.701378
55.945279891370596 -3.1879096599555217 SW 55.94506775933624 -3.1881217919898774 1182.186746 1087.451378
55.94506775933624 -3.1881217919898774 SW 55.944855627301884 -3.188333924024233 1182.186746 1086.201378
55.944855627301884 -3.188333924024233 SW 55.94464349526753 -3.188546056058589 1182.186746 1084.951378
55.94464349526753 -3.188546056058589 SW 55.94443136323317 -3.1887581880929448 1182.186746 1083.701378
55.94443136323317 -3.1887581880929448 SW 55.944219231198815 -3.1889703201273005 1182.186746 1082.451378
55.944219231198815 -3.1889703201273005 SW 55.94400709916446 -3.1891824521616563 1182.186746 1081.201378
55.94400709916446 -3.1891824521616563 SW 55.9437949671301 -3.189394584196012 1182.186746 1079.951378
55.9437949671301 -3.189394584196012 WSW 55.94368016210039 -3.1896717480557655 1182.186746 1078.701378
55.94368016210039 -3.1896717480557655 SW 55.943468030066036 -3.1898838800901212 1182.186746 1077.451378
55.943468030066036 -3.1898838800901212 WSW 55.943353225036326 -3.1901610439498747 1182.186746 1076.201378
55.943353225036326 -3.1901610439498747 SW 55.94314109300197 -3.1903731759842304 1182.186746 1074.951378
55.94314109300197 -3.1903731759842304 WSW 55.94302628797226 -3.190650339843984 1182.186746 1073.701378
55.94302628797226 -3.190650339843984 SW 55.9428141559379 -3.1908624718783396 1182.186746 1072.451378
55.9428141559379 -3.1908624718783396 E 55.9428141559379 -3.1905624718783394 1259.842164 1154.693257
55.9428141559379 -3.1905624718783394 ESE 55.94269935090819 -3.190285308018586 1259.842164 1153.443257
55.94269935090819 -3.190285308018586 E 55.94269935090819 -3.189985308018586 1259.842164 1152.193257
55.94269935090819 -3.189985308018586 NW 55.94291148294255 -3.1901974400529416 1309.280596 1220.775980
55.94291148294255 -3.1901974400529416 NW 55.943123614976905 -3.1904095720872974 1309.280596 1219.525980
55.943123614976905 -3.1904095720872974 NW 55.94333574701126 -3.190621704121653 1309.280596 1218.275980
55.94333574701126 -3.190621704121653 WNW 55.94345055204097 -3.1908988679814065 1309.280596 1217.025980
55.94345055204097 -3.1908988679814065 NW 55.94366268407533 -3.1911110000157623 1309.280596 1215.775980
55.94366268407533 -3.1911110000157623 NW 55.943874816109684 -3.191323132050118 1370.978108 1235.890525
55.943874816109684 -3.191323132050118 NW 55.94408694814404 -3.191535264084474 1370.978108 1234.640525
55.94408694814404 -3.191535264084474 NW 55.944299080178396 -3.1917473961188296 1370.978108 1233.390525
55.944299080178396 -3.1917473961188296 NW 55.94451121221275 -3.1919595281531854 1370.978108 1232.140525
55.94451121221275 -3.1919595281531854 NNW 55.94478837607251 -3.192074333182895 1370.978108 1230.890525
55.94478837607251 -3.192074333182895 NW 55.945000508106865 -3.1922864652172507 1370.978108 1229.640525
55.945000508106865 -3.1922864652172507 NNW 55.94527767196662 -3.19240127024696 1370.978108 1228.390525
55.94527767196662 -3.19240127024696 W 55.94527767196662 -3.1927012702469604 1456.404284 1265.154322
55.94527767196662 -3.1927012702469604 ESE 55.94516286693691 -3.192424106387207 1456.404284 1263.904322
55.94516286693691 -3.192424106387207 ESE 55.9450480619072 -3.1921469425274536 1456.404284 1262.654322
55.9450480619072 -3.1921469425274536 ESE 55.94493325687749 -3.1918697786677 1456.404284 1261.404322
55.94493325687749 -3.1918697786677 ESE 55.94481845184778 -3.1915926148079468 1456.404284 1260.154322
55.94481845184778 -3.1915926148079468 ESE 55.94470364681807 -3.1913154509481934 1456.404284 1258.904322
55.94470364681807 -3.1913154509481934 ESE 55.94458884178836 -3.19103828708844 1456.404284 1257.654322
55.94458884178836 -3.19103828708844 ESE 55.94447403675865 -3.1907611232286865 1456.404284 1256.404322
55.94447403675865 -3.1907611232286865 ESE 55.94435923172894 -3.190483959368933 1456.404284 1255.154322
55.94435923172894 -3.190483959368933 SE 55.94414709969458 -3.1902718273345774 1456.404284 1253.904322
55.94414709969458 -3.1902718273345774 ESE 55.94403229466487 -3.189994663474824 1456.404284 1252.654322
55.94403229466487 -3.189994663474824 SE 55.943820162630516 -3.189782531440468 1456.404284 1251.404322
55.943820162630516 -3.189782531440468 ESE 55.943705357600805 -3.189505367580715 1456.404284 1250.154322
55.943705357600805 -3.189505367580715 SE 55.94349322556645 -3.189293235546359 1456.404284 1248.904322
55.94349322556645 -3.189293235546359 ESE 55.94337842053674 -3.1890160716866056 1513.042844 1331.316364
55.94337842053674 -3.1890160716866056 WNW 55.94349322556645 -3.189293235546359 1513.042844 1330.066364
55.94349322556645 -3.189293235546359 E 55.94349322556645 -3.188993235546359 1513.042844 1328.816364
55.94349322556645 -3.188993235546359 E 55.94349322556645 -3.1886932355463586 1513.042844 1327.566364
55.94349322556645 -3.1886932355463586 NW 55.943705357600805 -3.1889053675807144 1513.042844 1326.316364
55.943705357600805 -3.1889053675807144 SE 55.94349322556645 -3.1886932355463586 1513.042844 1325.066364
55.94349322556645 -3.1886932355463586 NNW 55.943770389426206 -3.188808040576068 1513.042844 1323.816364
55.943770389426206 -3.188808040576068 SSE 55.94349322556645 -3.1886932355463586 1513.042844 1322.566364
55.94349322556645 -3.1886932355463586 NW 55.943705357600805 -3.1889053675807144 1513.042844 1321.316364
55.943705357600805 -3.1889053675807144 SSW 55.94342819374105 -3.189020172610424 1513.042844 1320.066364
55.94342819374105 -3.189020172610424 NNE 55.943705357600805 -3.1889053675807144 1513.042844 1318.816364
55.943705357600805 -3.1889053675807144 E 55.943705357600805 -3.1886053675807142 1513.042844 1317.566364
55.943705357600805 -3.1886053675807142 N 55.94400535760081 -3.1886053675807142 1513.042844 1316.316364
55.94400535760081 -3.1886053675807142 S 55.943705357600805 -3.1886053675807142 1513.042844 1315.066364
55.943705357600805 -3.1886053675807142 ESE 55.943590552571095 -3.188328203720961 1513.042844 1313.816364
55.943590552571095 -3.188328203720961 WNW 55.943705357600805 -3.1886053675807142 1513.042844 1312.566364
55.943705357600805 -3.1886053675807142 NE 55.94391748963516 -3.1883932355463585 1513.042844 1311.316364
55.94391748963516 -3.1883932355463585 NW 55.94412962166952 -3.1886053675807142 1513.042844 1310.066364
55.94412962166952 -3.1886053675807142 ENE 55.94424442669923 -3.188328203720961 1513.042844 1308.816364
55.94424442669923 -3.188328203720961 WNW 55.94435923172894 -3.1886053675807142 1513.042844 1307.566364
55.94435923172894 -3.1886053675807142 E 55.94435923172894 -3.188305367580714 1513.042844 1306.316364
55.94435923172894 -3.188305367580714 SE 55.94414709969458 -3.1880932355463583 1513.042844 1305.066364
55.94414709969458 -3.1880932355463583 SSE 55.943869935834826 -3.1879784305166488 1513.042844 1303.816364
55.943869935834826 -3.1879784305166488 ENE 55.943984740864536 -3.1877012666568953 1513.042844 1302.566364
55.943984740864536 -3.1877012666568953 S 55.94368474086453 -3.1877012666568953 1513.042844 1301.316364
55.94368474086453 -3.1877012666568953 WSW 55.94356993583482 -3.1879784305166488 1513.042844 1300.066364
55.94356993583482 -3.1879784305166488 WNW 55.94368474086453 -3.188255594376402 1513.042844 1298.816364
55.94368474086453 -3.188255594376402 N 55.943984740864536 -3.188255594376402 1513.042844 1297.566364
55.943984740864536 -3.188255594376402 SW 55.94377260883018 -3.188467726410758 1513.042844 1296.316364
55.94377260883018 -3.188467726410758 WSW 55.94365780380047 -3.1887448902705113 1513.042844 1295.066364
55.94365780380047 -3.1887448902705113 NW 55.943869935834826 -3.188957022304867 1513.042844 1293.816364
55.943869935834826 -3.188957022304867 NE 55.94408206786918 -3.1887448902705113 1513.042844 1292.566364
55.94408206786918 -3.1887448902705113 NE 55.94429419990354 -3.1885327582361556 1513.042844 1291.316364
55.94429419990354 -3.1885327582361556 ENE 55.94440900493325 -3.188255594376402 1513.042844 1290.066364
55.94440900493325 -3.188255594376402 SSW 55.94413184107349 -3.1883703994061117 1513.042844 1288.816364
55.94413184107349 -3.1883703994061117 SSW 55.943854677213736 -3.188485204435821 1513.042844 1287.566364
55.943854677213736 -3.188485204435821 SE 55.94364254517938 -3.1882730724014654 1513.042844 1286.316364
55.94364254517938 -3.1882730724014654 NNE 55.943919709039136 -3.188158267371756 1513.042844 1285.066364
55.943919709039136 -3.188158267371756 SE 55.94370757700478 -3.1879461353374 1513.042844 1283.816364
55.94370757700478 -3.1879461353374 NW 55.943919709039136 -3.188158267371756 1513.042844 1282.566364
