55.944425 -3.188396 ENE 55.94453980502971 -3.1881188361402466 0.000000 248.750000
55.94453980502971 -3.1881188361402466 ENE 55.94465461005942 -3.187841672280493 0.000000 247.500000
55.94465461005942 -3.187841672280493 ENE 55.944769415089134 -3.18756450842074 0.000000 246.250000
55.944769415089134 -3.18756450842074 ENE 55.944884220118844 -3.1872873445609864 0.000000 245.000000
55.944884220118844 -3.1872873445609864 ENE 55.944999025148554 -3.187010180701233 49.270928 256.824749
55.944999025148554 -3.187010180701233 ENE 55.945113830178265 -3.1867330168414796 0.000000 131.704170
55.945113830178265 -3.1867330168414796 ENE 55.945228635207975 -3.186455852981726 0.000000 130.454170
55.945228635207975 -3.186455852981726 ENE 55.945343440237686 -3.1861786891219728 0.000000 129.204170
55.945343440237686 -3.1861786891219728 ENE 55.945458245267396 -3.1859015252622194 0.000000 127.954170
55.945458245267396 -3.1859015252622194 S 55.94515824526739 -3.1859015252622194 113.887452 161.557950
55.94515824526739 -3.1859015252622194 S 55.94485824526739 -3.1859015252622194 220.206845 177.434411
55.94485824526739 -3.1859015252622194 S 55.94455824526739 -3.1859015252622194 235.925669 269.476424
55.94455824526739 -3.1859015252622194 SSE 55.94428108140763 -3.18578672023251 235.925669 268.226424
55.94428108140763 -3.18578672023251 S 55.94398108140763 -3.18578672023251 235.925669 266.976424
55.94398108140763 -3.18578672023251 SSE 55.94370391754787 -3.1856719152028004 235.925669 265.726424
55.94370391754787 -3.1856719152028004 S 55.94340391754787 -3.1856719152028004 313.140754 273.632146
55.94340391754787 -3.1856719152028004 SSE 55.94312675368811 -3.185557110173091 313.140754 272.382146
55.94312675368811 -3.185557110173091 WSW 55.9430119486584 -3.1858342740328442 348.280399 331.473396
55.9430119486584 -3.1858342740328442 WSW 55.94289714362869 -3.1861114378925977 348.280399 330.223396
55.94289714362869 -3.1861114378925977 WSW 55.94278233859898 -3.186388601752351 348.280399 328.973396
55.94278233859898 -3.186388601752351 WSW 55.94266753356927 -3.1866657656121045 316.813569 268.075726
55.94266753356927 -3.1866657656121045 W 55.94266753356927 -3.1869657656121047 316.813569 266.825726
55.94266753356927 -3.1869657656121047 W 55.94266753356927 -3.187265765612105 340.840224 382.672452
55.94266753356927 -3.187265765612105 W 55.94266753356927 -3.187565765612105 340.840224 381.422452
55.94266753356927 -3.187565765612105 W 55.94266753356927 -3.187865765612105 340.840224 380.172452
55.94266753356927 -3.187865765612105 W 55.94266753356927 -3.1881657656121054 340.840224 378.922452
55.94266753356927 -3.1881657656121054 W 55.94266753356927 -3.1884657656121056 340.840224 377.672452
55.94266753356927 -3.1884657656121056 W 55.94266753356927 -3.188765765612106 340.840224 376.422452
55.94266753356927 -3.188765765612106 W 55.94266753356927 -3.189065765612106 340.840224 375.172452
55.94266753356927 -3.189065765612106 W 55.94266753356927 -3.189365765612106 340.840224 373.922452
55.94266753356927 -3.189365765612106 W 55.94266753356927 -3.1896657656121064 340.840224 372.672452
55.94266753356927 -3.1896657656121064 W 55.94266753356927 -3.1899657656121065 390.278657 441.255175
55.94266753356927 -3.1899657656121065 W 55.94266753356927 -3.1902657656121067 390.278657 440.005175
55.94266753356927 -3.1902657656121067 W 55.94266753356927 -3.190565765612107 390.278657 438.755175
55.94266753356927 -3.190565765612107 W 55.94266753356927 -3.190865765612107 390.278657 437.505175
55.94266753356927 -3.190865765612107 NNW 55.94294469742903 -3.1909805706418166 467.934074 519.747054
55.94294469742903 -3.1909805706418166 NNW 55.943221861288784 -3.191095375671526 467.934074 518.497054
55.943221861288784 -3.191095375671526 NNW 55.94349902514854 -3.1912101807012356 399.481098 513.297398
55.94349902514854 -3.1912101807012356 NNW 55.9437761890083 -3.191324985730945 399.481098 512.047398
55.9437761890083 -3.191324985730945 NNW 55.94405335286805 -3.1914397907606546 461.178609 532.161943
55.94405335286805 -3.1914397907606546 NNW 55.94433051672781 -3.191554595790364 505.492650 536.525576
55.94433051672781 -3.191554595790364 E 55.94433051672781 -3.191254595790364 597.587503 540.370740
55.94433051672781 -3.191254595790364 E 55.94433051672781 -3.190954595790364 597.587503 539.120740
55.94433051672781 -3.190954595790364 E 55.94433051672781 -3.1906545957903636 597.587503 537.870740
55.94433051672781 -3.1906545957903636 E 55.94433051672781 -3.1903545957903634 597.587503 536.620740
55.94433051672781 -3.1903545957903634 E 55.94433051672781 -3.190054595790363 597.587503 535.370740
55.94433051672781 -3.190054595790363 E 55.94433051672781 -3.189754595790363 608.365005 595.862962
55.94433051672781 -3.189754595790363 E 55.94433051672781 -3.189454595790363 608.365005 594.612962
55.94433051672781 -3.189454595790363 ESE 55.9442157116981 -3.1891774319306094 608.365005 593.362962
55.9442157116981 -3.1891774319306094 E 55.9442157116981 -3.1888774319306092 608.365005 592.112962
55.9442157116981 -3.1888774319306092 ESE 55.94410090666839 -3.188600268070856 584.537283 566.967027
55.94410090666839 -3.188600268070856 E 55.94410090666839 -3.1883002680708556 584.537283 565.717027
55.94410090666839 -3.1883002680708556 NNW 55.944378070528145 -3.188415073100565 657.906670 641.795864
55.944378070528145 -3.188415073100565 NNW 55.9446552343879 -3.1885298781302747 657.906670 640.545864
55.9446552343879 -3.1885298781302747 NNW 55.94493239824766 -3.188644683159984 657.906670 639.295864
55.94493239824766 -3.188644683159984 NNW 55.945209562107415 -3.1887594881896937 624.771521 563.596446
55.945209562107415 -3.1887594881896937 N 55.94550956210742 -3.1887594881896937 624.771521 562.346446
55.94550956210742 -3.1887594881896937 W 55.94550956210742 -3.189059488189694 646.664717 662.085361
55.94550956210742 -3.189059488189694 WSW 55.94539475707771 -3.1893366520494473 727.295205 776.681838
55.94539475707771 -3.1893366520494473 W 55.94539475707771 -3.1896366520494475 727.295205 775.431838
55.94539475707771 -3.1896366520494475 WSW 55.945279952048 -3.189913815909201 727.295205 774.181838
55.945279952048 -3.189913815909201 W 55.945279952048 -3.190213815909201 727.295205 772.931838
55.945279952048 -3.190213815909201 WSW 55.94516514701829 -3.1904909797689545 843.067587 857.739033
55.94516514701829 -3.1904909797689545 WSW 55.945050341988576 -3.190768143628708 843.067587 856.489033
55.945050341988576 -3.190768143628708 WSW 55.944935536958866 -3.1910453074884613 843.067587 855.239033
55.944935536958866 -3.1910453074884613 SW 55.94472340492451 -3.191257439522817 843.067587 853.989033
55.94472340492451 -3.191257439522817 WSW 55.9446085998948 -3.1915346033825704 843.067587 852.739033
55.9446085998948 -3.1915346033825704 E 55.9446085998948 -3.1912346033825703 843.067587 851.489033
55.9446085998948 -3.1912346033825703 E 55.9446085998948 -3.19093460338257 843.067587 850.239033
55.9446085998948 -3.19093460338257 E 55.9446085998948 -3.19063460338257 843.067587 848.989033
55.9446085998948 -3.19063460338257 E 55.9446085998948 -3.1903346033825697 843.067587 847.739033
55.9446085998948 -3.1903346033825697 ENE 55.94472340492451 -3.1900574395228163 903.865312 883.007142
55.94472340492451 -3.1900574395228163 E 55.94472340492451 -3.189757439522816 903.865312 881.757142
55.94472340492451 -3.189757439522816 ENE 55.94483820995422 -3.1894802756630627 999.947386 915.092228
55.94483820995422 -3.1894802756630627 E 55.94483820995422 -3.1891802756630625 999.947386 913.842228
55.94483820995422 -3.1891802756630625 ENE 55.94495301498393 -3.188903111803309 999.947386 912.592228
55.94495301498393 -3.188903111803309 E 55.94495301498393 -3.188603111803309 999.947386 911.342228
55.94495301498393 -3.188603111803309 ENE 55.94506782001364 -3.1883259479435555 999.947386 910.092228
55.94506782001364 -3.1883259479435555 E 55.94506782001364 -3.1880259479435553 999.947386 908.842228
55.94506782001364 -3.1880259479435553 ENE 55.94518262504335 -3.187748784083802 999.947386 907.592228
55.94518262504335 -3.187748784083802 E 55.94518262504335 -3.1874487840838017 999.947386 906.342228
55.94518262504335 -3.1874487840838017 ENE 55.94529743007306 -3.1871716202240483 999.947386 905.092228
55.94529743007306 -3.1871716202240483 E 55.94529743007306 -3.186871620224048 999.947386 903.842228
55.94529743007306 -3.186871620224048 ENE 55.94541223510277 -3.1865944563642947 999.947386 902.592228
55.94541223510277 -3.1865944563642947 E 55.94541223510277 -3.1862944563642945 909.289626 879.306529
55.94541223510277 -3.1862944563642945 ENE 55.94552704013248 -3.186017292504541 909.289626 878.056529
55.94552704013248 -3.186017292504541 E 55.94552704013248 -3.185717292504541 909.289626 876.806529
55.94552704013248 -3.185717292504541 ENE 55.94564184516219 -3.1854401286447875 909.289626 875.556529
55.94564184516219 -3.1854401286447875 E 55.94564184516219 -3.1851401286447873 909.289626 874.306529
55.94564184516219 -3.1851401286447873 ENE 55.9457566501919 -3.184862964785034 909.289626 873.056529
55.9457566501919 -3.184862964785034 E 55.9457566501919 -3.1845629647850338 909.289626 871.806529
55.9457566501919 -3.1845629647850338 WSW 55.94564184516219 -3.184840128644787 978.748140 986.640925
55.94564184516219 -3.184840128644787 WSW 55.94552704013248 -3.1851172925045406 978.748140 985.390925
55.94552704013248 -3.1851172925045406 WSW 55.94541223510277 -3.185394456364294 978.748140 984.140925
55.94541223510277 -3.185394456364294 WSW 55.94529743007306 -3.1856716202240474 978.748140 982.890925
55.94529743007306 -3.1856716202240474 WSW 55.94518262504335 -3.1859487840838008 978.748140 981.640925
55.94518262504335 -3.1859487840838008 WSW 55.94506782001364 -3.186225947943554 978.748140 980.390925
55.94506782001364 -3.186225947943554 WSW 55.94495301498393 -3.1865031118033076 978.748140 979.140925
55.94495301498393 -3.1865031118033076 WSW 55.94483820995422 -3.186780275663061 978.748140 977.890925
55.94483820995422 -3.186780275663061 WSW 55.94472340492451 -3.1870574395228144 978.748140 976.640925
55.94472340492451 -3.1870574395228144 WSW 55.9446085998948 -3.187334603382568 978.748140 975.390925
55.9446085998948 -3.187334603382568 W 55.9446085998948 -3.187634603382568 978.748140 974.140925
55.9446085998948 -3.187634603382568 WSW 55.94449379486509 -3.1879117672423214 978.748140 972.890925
55.94449379486509 -3.1879117672423214 W 55.94449379486509 -3.1882117672423216 978.748140 971.640925
55.94449379486509 -3.1882117672423216 WSW 55.94437898983538 -3.188488931102075 978.748140 970.390925
55.94437898983538 -3.188488931102075 W 55.94437898983538 -3.188788931102075 978.748140 969.140925
55.94437898983538 -3.188788931102075 WSW 55.94426418480567 -3.1890660949618286 978.748140 967.890925
55.94426418480567 -3.1890660949618286 W 55.94426418480567 -3.1893660949618288 978.748140 966.640925
55.94426418480567 -3.1893660949618288 WSW 55.94414937977596 -3.189643258821582 978.748140 965.390925
55.94414937977596 -3.189643258821582 W 55.94414937977596 -3.1899432588215824 978.748140 964.140925
55.94414937977596 -3.1899432588215824 WSW 55.94403457474625 -3.1902204226813358 978.748140 962.890925
55.94403457474625 -3.1902204226813358 E 55.94403457474625 -3.1899204226813356 1001.042254 972.699489
55.94403457474625 -3.1899204226813356 E 55.94403457474625 -3.1896204226813354 1001.042254 971.449489
55.94403457474625 -3.1896204226813354 E 55.94403457474625 -3.189320422681335 1001.042254 970.199489
55.94403457474625 -3.189320422681335 E 55.94403457474625 -3.189020422681335 1001.042254 968.949489
55.94403457474625 -3.189020422681335 E 55.94403457474625 -3.188720422681335 1001.042254 967.699489
55.94403457474625 -3.188720422681335 E 55.94403457474625 -3.1884204226813346 1001.042254 966.449489
55.94403457474625 -3.1884204226813346 E 55.94403457474625 -3.1881204226813344 1001.042254 965.199489
55.94403457474625 -3.1881204226813344 E 55.94403457474625 -3.1878204226813343 1001.042254 963.949489
55.94403457474625 -3.1878204226813343 E 55.94403457474625 -3.187520422681334 975.099845 952.531007
55.94403457474625 -3.187520422681334 E 55.94403457474625 -3.187220422681334 975.099845 951.281007
55.94403457474625 -3.187220422681334 E 55.94403457474625 -3.1869204226813337 975.099845 950.031007
55.94403457474625 -3.1869204226813337 E 55.94403457474625 -3.1866204226813335 975.099845 948.781007
55.94403457474625 -3.1866204226813335 E 55.94403457474625 -3.1863204226813333 1085.708814 1018.942518
55.94403457474625 -3.1863204226813333 E 55.94403457474625 -3.186020422681333 1117.370518 1097.263884
55.94403457474625 -3.186020422681333 E 55.94403457474625 -3.185720422681333 1117.370518 1096.013884
55.94403457474625 -3.185720422681333 E 55.94403457474625 -3.1854204226813327 1117.370518 1094.763884
55.94403457474625 -3.1854204226813327 E 55.94403457474625 -3.1851204226813326 1117.370518 1093.513884
55.94403457474625 -3.1851204226813326 ESE 55.94391976971654 -3.184843258821579 1117.370518 1092.263884
55.94391976971654 -3.184843258821579 WNW 55.94403457474625 -3.1851204226813326 1203.246315 1167.028601
55.94403457474625 -3.1851204226813326 WNW 55.94414937977596 -3.185397586541086 1203.246315 1165.778601
55.94414937977596 -3.185397586541086 W 55.94414937977596 -3.185697586541086 1203.246315 1164.528601
55.94414937977596 -3.185697586541086 WNW 55.94426418480567 -3.1859747504008396 1203.246315 1163.278601
55.94426418480567 -3.1859747504008396 W 55.94426418480567 -3.1862747504008397 1203.246315 1162.028601
55.94426418480567 -3.1862747504008397 WNW 55.94437898983538 -3.186551914260593 1203.246315 1160.778601
55.94437898983538 -3.186551914260593 W 55.94437898983538 -3.1868519142605933 1198.799466 1055.279668
55.94437898983538 -3.1868519142605933 WNW 55.94449379486509 -3.1871290781203467 1198.799466 1054.029668
55.94449379486509 -3.1871290781203467 W 55.94449379486509 -3.187429078120347 1198.799466 1052.779668
55.94449379486509 -3.187429078120347 WNW 55.9446085998948 -3.1877062419801003 1198.799466 1051.529668
55.9446085998948 -3.1877062419801003 W 55.9446085998948 -3.1880062419801005 1198.799466 1050.279668
55.9446085998948 -3.1880062419801005 WNW 55.94472340492451 -3.188283405839854 1198.799466 1049.029668
55.94472340492451 -3.188283405839854 W 55.94472340492451 -3.188583405839854 1198.799466 1047.779668
55.94472340492451 -3.188583405839854 WNW 55.94483820995422 -3.1888605696996075 1198.799466 1046.529668
55.94483820995422 -3.1888605696996075 W 55.94483820995422 -3.1891605696996077 1198.799466 1045.279668
55.94483820995422 -3.1891605696996077 WNW 55.94495301498393 -3.189437733559361 1198.799466 1044.029668
55.94495301498393 -3.189437733559361 W 55.94495301498393 -3.1897377335593613 1198.799466 1042.779668
55.94495301498393 -3.1897377335593613 WNW 55.94506782001364 -3.1900148974191147 1198.799466 1041.529668
55.94506782001364 -3.1900148974191147 W 55.94506782001364 -3.190314897419115 1198.799466 1040.279668
55.94506782001364 -3.190314897419115 WNW 55.94518262504335 -3.1905920612788683 1198.799466 1039.029668
55.94518262504335 -3.1905920612788683 W 55.94518262504335 -3.1908920612788685 1198.799466 1037.779668
55.94518262504335 -3.1908920612788685 WNW 55.94529743007306 -3.191169225138622 1198.799466 1036.529668
55.94529743007306 -3.191169225138622 SSW 55.945020266213305 -3.1912840301683314 1262.729393 1153.159278
55.945020266213305 -3.1912840301683314 SW 55.94480813417895 -3.191496162202687 1262.729393 1151.909278
55.94480813417895 -3.191496162202687 SSW 55.94453097031919 -3.1916109672323967 1262.729393 1150.659278
55.94453097031919 -3.1916109672323967 NW 55.94474310235355 -3.1918230992667525 1351.888139 1252.200082
55.94474310235355 -3.1918230992667525 NW 55.944955234387905 -3.1920352313011082 1351.888139 1250.950082
55.944955234387905 -3.1920352313011082 NW 55.94516736642226 -3.192247363335464 1351.888139 1249.700082
55.94516736642226 -3.192247363335464 SSE 55.944890202562505 -3.1921325583057545 1437.314315 1286.463880
55.944890202562505 -3.1921325583057545 SSE 55.94461303870275 -3.192017753276045 1437.314315 1285.213880
55.94461303870275 -3.192017753276045 SSE 55.94433587484299 -3.1919029482463355 1437.314315 1283.963880
55.94433587484299 -3.1919029482463355 SSE 55.944058710983235 -3.191788143216626 1437.314315 1282.713880
55.944058710983235 -3.191788143216626 ENE 55.944173516012945 -3.1915109793568726 1452.969522 1322.227307
55.944173516012945 -3.1915109793568726 ENE 55.944288321042656 -3.191233815497119 1452.969522 1320.977307
55.944288321042656 -3.191233815497119 ENE 55.944403126072366 -3.1909566516373657 1452.969522 1319.727307
55.944403126072366 -3.1909566516373657 ENE 55.94451793110208 -3.1906794877776123 1452.969522 1318.477307
55.94451793110208 -3.1906794877776123 ENE 55.94463273613179 -3.190402323917859 1452.969522 1317.227307
55.94463273613179 -3.190402323917859 ENE 55.9447475411615 -3.1901251600581055 1452.969522 1315.977307
55.9447475411615 -3.1901251600581055 ENE 55.94486234619121 -3.189847996198352 1452.969522 1314.727307
55.94486234619121 -3.189847996198352 ENE 55.94497715122092 -3.1895708323385987 1452.969522 1313.477307
55.94497715122092 -3.1895708323385987 ENE 55.94509195625063 -3.1892936684788453 1452.969522 1312.227307
55.94509195625063 -3.1892936684788453 ENE 55.94520676128034 -3.189016504619092 1452.969522 1310.977307
55.94520676128034 -3.189016504619092 ENE 55.94532156631005 -3.1887393407593385 1452.969522 1309.727307
55.94532156631005 -3.1887393407593385 ENE 55.94543637133976 -3.188462176899585 1452.969522 1308.477307
55.94543637133976 -3.188462176899585 ENE 55.94555117636947 -3.1881850130398317 1452.969522 1307.227307
55.94555117636947 -3.1881850130398317 ENE 55.94566598139918 -3.1879078491800783 1452.969522 1305.977307
55.94566598139918 -3.1879078491800783 ENE 55.94578078642889 -3.187630685320325 1452.969522 1304.727307
55.94578078642889 -3.187630685320325 SSW 55.945503622569134 -3.1877454903500344 1463.803505 1386.046397
55.945503622569134 -3.1877454903500344 SSW 55.94522645870938 -3.187860295379744 1463.803505 1384.796397
55.94522645870938 -3.187860295379744 SSW 55.94494929484962 -3.1879751004094534 1463.803505 1383.546397
55.94494929484962 -3.1879751004094534 SW 55.944737162815265 -3.188187232443809 1463.803505 1382.296397
55.944737162815265 -3.188187232443809 SSW 55.94445999895551 -3.1883020374735187 1463.803505 1381.046397
55.94445999895551 -3.1883020374735187 SW 55.94424786692115 -3.1885141695078745 1463.803505 1379.796397
55.94424786692115 -3.1885141695078745 SSW 55.943970703061396 -3.188628974537584 1463.803505 1378.546397
55.943970703061396 -3.188628974537584 SW 55.94375857102704 -3.1888411065719398 1463.803505 1377.296397
55.94375857102704 -3.1888411065719398 SSW 55.94348140716728 -3.1889559116016493 1463.803505 1376.046397
55.94348140716728 -3.1889559116016493 ENE 55.943596212196994 -3.188678747741896 1520.442065 1458.458439
55.943596212196994 -3.188678747741896 ENE 55.943711017226704 -3.1884015838821425 1520.442065 1457.208439
55.943711017226704 -3.1884015838821425 ENE 55.943825822256414 -3.188124420022389 1520.442065 1455.958439
55.943825822256414 -3.188124420022389 ENE 55.943940627286125 -3.1878472561626356 1520.442065 1454.708439
55.943940627286125 -3.1878472561626356 ENE 55.944055432315835 -3.1875700923028822 1520.442065 1453.458439
55.944055432315835 -3.1875700923028822 ENE 55.944170237345546 -3.187292928443129 1520.442065 1452.208439
55.944170237345546 -3.187292928443129 ENE 55.944285042375256 -3.1870157645833754 1520.442065 1450.958439
55.944285042375256 -3.1870157645833754 ENE 55.944399847404966 -3.186738600723622 1520.442065 1449.708439
55.944399847404966 -3.186738600723622 ENE 55.94451465243468 -3.1864614368638686 1520.442065 1448.458439
55.94451465243468 -3.1864614368638686 ENE 55.94462945746439 -3.186184273004115 1520.442065 1447.208439
55.94462945746439 -3.186184273004115 ENE 55.9447442624941 -3.185907109144362 1520.442065 1445.958439
55.9447442624941 -3.185907109144362 ENE 55.94485906752381 -3.1856299452846084 1520.442065 1444.708439
55.94485906752381 -3.1856299452846084 ENE 55.94497387255352 -3.185352781424855 1520.442065 1443.458439
55.94497387255352 -3.185352781424855 E 55.94497387255352 -3.185052781424855 1520.442065 1442.208439
55.94497387255352 -3.185052781424855 ENE 55.94508867758323 -3.1847756175651014 1520.442065 1440.958439
55.94508867758323 -3.1847756175651014 SW 55.94487654554887 -3.184987749599457 1553.234927 1526.818442
55.94487654554887 -3.184987749599457 NE 55.94508867758323 -3.1847756175651014 1553.234927 1525.568442
55.94508867758323 -3.1847756175651014 SW 55.94487654554887 -3.184987749599457 1553.234927 1524.318442
55.94487654554887 -3.184987749599457 S 55.94457654554887 -3.184987749599457 1553.234927 1523.068442
55.94457654554887 -3.184987749599457 SW 55.94436441351451 -3.185199881633813 1553.234927 1521.818442
55.94436441351451 -3.185199881633813 NW 55.94457654554887 -3.1854120136681687 1553.234927 1520.568442
55.94457654554887 -3.1854120136681687 E 55.94457654554887 -3.1851120136681685 1553.234927 1519.318442
55.94457654554887 -3.1851120136681685 NNE 55.944853709408626 -3.184997208638459 1553.234927 1518.068442
55.944853709408626 -3.184997208638459 SE 55.94464157737427 -3.1847850766041033 1553.234927 1516.818442
55.94464157737427 -3.1847850766041033 NNE 55.94491874123403 -3.1846702715743938 1553.234927 1515.568442
55.94491874123403 -3.1846702715743938 NE 55.94513087326838 -3.184458139540038 1553.234927 1514.318442
55.94513087326838 -3.184458139540038 SSW 55.944853709408626 -3.1845729445697475 1553.234927 1513.068442
55.944853709408626 -3.1845729445697475 NNE 55.94513087326838 -3.184458139540038 1553.234927 1511.818442
55.94513087326838 -3.184458139540038 WNW 55.94524567829809 -3.1847353033997914 1553.234927 1510.568442
55.94524567829809 -3.1847353033997914 SW 55.94503354626374 -3.184947435434147 1553.234927 1509.318442
55.94503354626374 -3.184947435434147 N 55.94533354626374 -3.184947435434147 1553.234927 1508.068442
55.94533354626374 -3.184947435434147 ENE 55.94544835129345 -3.1846702715743938 1503.127325 1388.288789
55.94544835129345 -3.1846702715743938 SW 55.945236219259094 -3.1848824036087495 1503.127325 1387.038789
55.945236219259094 -3.1848824036087495 NNW 55.94551338311885 -3.184997208638459 1503.127325 1385.788789
55.94551338311885 -3.184997208638459 NNE 55.94579054697861 -3.1848824036087495 1503.127325 1384.538789
55.94579054697861 -3.1848824036087495 ESE 55.9456757419489 -3.184605239748996 1503.127325 1383.288789
55.9456757419489 -3.184605239748996 SE 55.94546360991454 -3.1843931077146403 1503.127325 1382.038789
55.94546360991454 -3.1843931077146403 W 55.94546360991454 -3.1846931077146405 1503.127325 1380.788789
55.94546360991454 -3.1846931077146405 WNW 55.94557841494425 -3.184970271574394 1503.127325 1379.538789
55.94557841494425 -3.184970271574394 NNE 55.94585557880401 -3.1848554665446844 1503.127325 1378.288789
55.94585557880401 -3.1848554665446844 ESE 55.9457407737743 -3.184578302684931 1503.127325 1377.038789
55.9457407737743 -3.184578302684931 SSW 55.94546360991454 -3.1846931077146405 1503.127325 1375.788789
55.94546360991454 -3.1846931077146405 ESE 55.94534880488483 -3.184415943854887 1503.127325 1374.538789
55.94534880488483 -3.184415943854887 SW 55.945136672850474 -3.184628075889243 1503.127325 1373.288789
55.945136672850474 -3.184628075889243 E 55.945136672850474 -3.1843280758892427 1503.127325 1372.038789
55.945136672850474 -3.1843280758892427 W 55.945136672850474 -3.184628075889243 1503.127325 1370.788789
55.945136672850474 -3.184628075889243 SSE 55.94485950899072 -3.1845132708595334 1503.127325 1369.538789
55.94485950899072 -3.1845132708595334 ENE 55.94497431402043 -3.18423610699978 1503.127325 1368.288789
55.94497431402043 -3.18423610699978 N 55.94527431402043 -3.18423610699978 1503.127325 1367.038789
55.94527431402043 -3.18423610699978 WSW 55.94515950899072 -3.1845132708595334 1503.127325 1365.788789
55.94515950899072 -3.1845132708595334 W 55.94515950899072 -3.1848132708595336 1503.127325 1364.538789
55.94515950899072 -3.1848132708595336 NNE 55.94543667285048 -3.184698465829824 1503.127325 1363.288789
55.94543667285048 -3.184698465829824 S 55.945136672850474 -3.184698465829824 1503.127325 1362.038789
55.945136672850474 -3.184698465829824 ESE 55.94502186782076 -3.1844213019700707 1503.127325 1360.788789
55.94502186782076 -3.1844213019700707 ENE 55.945136672850474 -3.1841441381103173 1503.127325 1359.538789
55.945136672850474 -3.1841441381103173 NNW 55.94541383671023 -3.1842589431400268 1503.127325 1358.288789
55.94541383671023 -3.1842589431400268 WNW 55.94552864173994 -3.18453610699978 1503.127325 1357.038789
55.94552864173994 -3.18453610699978 SSE 55.945251477880184 -3.1844213019700707 1503.127325 1355.788789
55.945251477880184 -3.1844213019700707 SSW 55.94497431402043 -3.18453610699978 1503.127325 1354.538789
55.94497431402043 -3.18453610699978 E 55.94497431402043 -3.18423610699978 1503.127325 1353.288789
55.94497431402043 -3.18423610699978 SSW 55.94469715016067 -3.1843509120294895 1503.127325 1352.038789
55.94469715016067 -3.1843509120294895 NW 55.94490928219503 -3.1845630440638453 1503.127325 1350.788789
55.94490928219503 -3.1845630440638453 N 55.94520928219503 -3.1845630440638453 1503.127325 1349.538789
55.94520928219503 -3.1845630440638453 W 55.94520928219503 -3.1848630440638455 1503.127325 1348.288789
55.94520928219503 -3.1848630440638455 W 55.94520928219503 -3.1851630440638456 1503.127325 1347.038789
