55.944425 -3.188396 W 55.944425 -3.188696 0.000000 248.750000
55.944425 -3.188696 W 55.944425 -3.1889960000000004 0.000000 223.604065
55.944425 -3.1889960000000004 W 55.944425 -3.1892960000000006 0.000000 222.354065
55.944425 -3.1892960000000006 W 55.944425 -3.1895960000000008 0.000000 221.104065
55.944425 -3.1895960000000008 W 55.944425 -3.189896000000001 0.000000 219.854065
55.944425 -3.189896000000001 W 55.944425 -3.190196000000001 10.777502 280.346287
55.944425 -3.190196000000001 W 55.944425 -3.1904960000000013 10.777502 279.096287
55.944425 -3.1904960000000013 W 55.944425 -3.1907960000000015 10.777502 277.846287
55.944425 -3.1907960000000015 W 55.944425 -3.1910960000000017 10.777502 276.596287
55.944425 -3.1910960000000017 W 55.944425 -3.191396000000002 10.777502 275.346287
55.944425 -3.191396000000002 NE 55.94463713203436 -3.191183867965646 102.872355 279.191451
55.94463713203436 -3.191183867965646 NE 55.944849264068715 -3.1909717359312904 102.872355 277.941451
55.944849264068715 -3.1909717359312904 ENE 55.944964069098425 -3.190694572071537 102.872355 276.691451
55.944964069098425 -3.190694572071537 NE 55.94517620113278 -3.190482440037181 102.872355 275.441451
55.94517620113278 -3.190482440037181 ENE 55.94529100616249 -3.1902052761774278 218.644737 360.248646
55.94529100616249 -3.1902052761774278 ENE 55.9454058111922 -3.1899281123176744 218.644737 358.998646
55.9454058111922 -3.1899281123176744 ENE 55.94552061622191 -3.189650948457921 218.644737 357.748646
55.94552061622191 -3.189650948457921 ENE 55.94563542125162 -3.1893737845981676 218.644737 356.498646
55.94563542125162 -3.1893737845981676 ENE 55.94575022628133 -3.189096620738414 218.644737 355.248646
55.94575022628133 -3.189096620738414 E 55.94575022628133 -3.188796620738414 299.275225 469.845123
55.94575022628133 -3.188796620738414 ESE 55.94563542125162 -3.1885194568786606 321.168421 569.584038
55.94563542125162 -3.1885194568786606 E 55.94563542125162 -3.1882194568786604 321.168421 568.334038
55.94563542125162 -3.1882194568786604 ESE 55.94552061622191 -3.187942293018907 321.168421 567.084038
55.94552061622191 -3.187942293018907 E 55.94552061622191 -3.187642293018907 321.168421 565.834038
55.94552061622191 -3.187642293018907 ESE 55.9454058111922 -3.1873651291591534 332.002404 647.153129
55.9454058111922 -3.1873651291591534 E 55.9454058111922 -3.187065129159153 332.002404 645.903129
55.9454058111922 -3.187065129159153 ESE 55.94529100616249 -3.1867879652994 332.002404 644.653129
55.94529100616249 -3.1867879652994 E 55.94529100616249 -3.1864879652993996 332.002404 643.403129
55.94529100616249 -3.1864879652993996 ESE 55.94517620113278 -3.186210801439646 332.002404 642.153129
55.94517620113278 -3.186210801439646 E 55.94517620113278 -3.185910801439646 332.002404 640.903129
55.94517620113278 -3.185910801439646 W 55.94517620113278 -3.186210801439646 438.321797 656.779589
55.94517620113278 -3.186210801439646 W 55.94517620113278 -3.1865108014396464 438.321797 655.529589
55.94517620113278 -3.1865108014396464 W 55.94517620113278 -3.1868108014396466 438.321797 654.279589
55.94517620113278 -3.1868108014396466 W 55.94517620113278 -3.1871108014396468 334.308510 529.159011
55.94517620113278 -3.1871108014396468 W 55.94517620113278 -3.187410801439647 383.579439 540.983760
55.94517620113278 -3.187410801439647 WSW 55.94506139610307 -3.1876879652994004 383.579439 539.733760
55.94506139610307 -3.1876879652994004 W 55.94506139610307 -3.1879879652994005 383.579439 538.483760
55.94506139610307 -3.1879879652994005 WSW 55.94494659107336 -3.188265129159154 383.579439 537.233760
55.94494659107336 -3.188265129159154 W 55.94494659107336 -3.188565129159154 383.579439 535.983760
55.94494659107336 -3.188565129159154 WSW 55.94483178604365 -3.1888422930189075 350.444289 460.284342
55.94483178604365 -3.1888422930189075 W 55.94483178604365 -3.1891422930189077 350.444289 459.034342
55.94483178604365 -3.1891422930189077 WSW 55.94471698101394 -3.189419456878661 350.444289 457.784342
55.94471698101394 -3.189419456878661 W 55.94471698101394 -3.1897194568786613 350.444289 456.534342
55.94471698101394 -3.1897194568786613 SW 55.944504848979584 -3.189931588913017 446.526364 489.869427
55.944504848979584 -3.189931588913017 SSW 55.94422768511983 -3.1900463939427266 446.526364 488.619427
55.94422768511983 -3.1900463939427266 SW 55.94401555308547 -3.1902585259770824 446.526364 487.369427
55.94401555308547 -3.1902585259770824 SSW 55.943738389225715 -3.190373331006792 468.820478 497.177991
55.943738389225715 -3.190373331006792 SW 55.94352625719136 -3.1905854630411477 468.820478 495.927991
55.94352625719136 -3.1905854630411477 SSW 55.9432490933316 -3.190700268070857 468.820478 494.677991
55.9432490933316 -3.190700268070857 SW 55.943036961297246 -3.190912400105213 468.820478 493.427991
55.943036961297246 -3.190912400105213 SSW 55.94275979743749 -3.1910272051349224 468.820478 492.177991
55.94275979743749 -3.1910272051349224 WSW 55.94264499240778 -3.191304368994676 546.475896 574.419870
55.94264499240778 -3.191304368994676 ENE 55.94275979743749 -3.1910272051349224 546.475896 573.169870
55.94275979743749 -3.1910272051349224 ENE 55.9428746024672 -3.190750041275169 546.475896 571.919870
55.9428746024672 -3.190750041275169 ENE 55.94298940749691 -3.1904728774154156 546.475896 570.669870
55.94298940749691 -3.1904728774154156 ENE 55.94310421252662 -3.1901957135556622 546.475896 569.419870
55.94310421252662 -3.1901957135556622 ENE 55.94321901755633 -3.189918549695909 546.475896 568.169870
55.94321901755633 -3.189918549695909 ENE 55.94333382258604 -3.1896413858361554 501.080435 552.223249
55.94333382258604 -3.1896413858361554 ENE 55.94344862761575 -3.189364221976402 501.080435 550.973249
55.94344862761575 -3.189364221976402 ENE 55.94356343264546 -3.1890870581166486 501.080435 549.723249
55.94356343264546 -3.1890870581166486 ENE 55.94367823767517 -3.188809894256895 557.718995 632.135291
55.94367823767517 -3.188809894256895 ENE 55.94379304270488 -3.188532730397142 557.718995 630.885291
55.94379304270488 -3.188532730397142 ENE 55.94390784773459 -3.1882555665373884 557.718995 629.635291
55.94390784773459 -3.1882555665373884 ENE 55.9440226527643 -3.187978402677635 631.088382 705.714127
55.9440226527643 -3.187978402677635 NE 55.94423478479866 -3.187766270643279 605.145974 694.295645
55.94423478479866 -3.187766270643279 ENE 55.94434958982837 -3.187489106783526 605.145974 693.045645
55.94434958982837 -3.187489106783526 NE 55.944561721862726 -3.18727697474917 605.145974 691.795645
55.944561721862726 -3.18727697474917 ENE 55.94467652689244 -3.1869998108894166 605.145974 690.545645
55.94467652689244 -3.1869998108894166 NE 55.94488865892679 -3.186787678855061 605.145974 689.295645
55.94488865892679 -3.186787678855061 ENE 55.9450034639565 -3.1865105149953075 605.145974 688.045645
55.9450034639565 -3.1865105149953075 NE 55.94521559599086 -3.1862983829609517 605.145974 686.795645
55.94521559599086 -3.1862983829609517 ENE 55.94533040102057 -3.1860212191011983 605.145974 685.545645
55.94533040102057 -3.1860212191011983 ENE 55.94544520605028 -3.185744055241445 605.145974 684.295645
55.94544520605028 -3.185744055241445 ENE 55.94556001107999 -3.1854668913816915 719.033426 717.899425
55.94556001107999 -3.1854668913816915 ENE 55.9456748161097 -3.185189727521938 719.033426 716.649425
55.9456748161097 -3.185189727521938 E 55.9456748161097 -3.184889727521938 719.033426 715.399425
55.9456748161097 -3.184889727521938 ENE 55.94578962113941 -3.1846125636621845 719.033426 714.149425
55.94578962113941 -3.1846125636621845 WSW 55.9456748161097 -3.184889727521938 788.491940 828.983821
55.9456748161097 -3.184889727521938 WSW 55.94556001107999 -3.1851668913816913 788.491940 827.733821
55.94556001107999 -3.1851668913816913 WSW 55.94544520605028 -3.1854440552414447 788.491940 826.483821
55.94544520605028 -3.1854440552414447 WSW 55.94533040102057 -3.185721219101198 788.491940 825.233821
55.94533040102057 -3.185721219101198 WSW 55.94521559599086 -3.1859983829609515 788.491940 823.983821
55.94521559599086 -3.1859983829609515 WSW 55.94510079096115 -3.186275546820705 788.491940 822.733821
55.94510079096115 -3.186275546820705 WSW 55.94498598593144 -3.1865527106804583 788.491940 821.483821
55.94498598593144 -3.1865527106804583 WSW 55.94487118090173 -3.1868298745402117 788.491940 820.233821
55.94487118090173 -3.1868298745402117 WSW 55.94475637587202 -3.187107038399965 788.491940 818.983821
55.94475637587202 -3.187107038399965 WSW 55.94464157084231 -3.1873842022597185 788.491940 817.733821
55.94464157084231 -3.1873842022597185 WSW 55.9445267658126 -3.187661366119472 788.491940 816.483821
55.9445267658126 -3.187661366119472 WSW 55.94441196078289 -3.1879385299792253 788.491940 815.233821
55.94441196078289 -3.1879385299792253 WSW 55.944297155753176 -3.1882156938389787 788.491940 813.983821
55.944297155753176 -3.1882156938389787 W 55.944297155753176 -3.188515693838979 788.491940 812.733821
55.944297155753176 -3.188515693838979 WSW 55.944182350723466 -3.1887928576987323 788.491940 811.483821
55.944182350723466 -3.1887928576987323 W 55.944182350723466 -3.1890928576987325 764.664218 810.233821
55.944182350723466 -3.1890928576987325 WSW 55.944067545693756 -3.189370021558486 764.664218 808.983821
55.944067545693756 -3.189370021558486 W 55.944067545693756 -3.189670021558486 764.664218 807.733821
55.944067545693756 -3.189670021558486 WSW 55.943952740664045 -3.1899471854182395 764.664218 806.483821
55.943952740664045 -3.1899471854182395 W 55.943952740664045 -3.1902471854182397 764.664218 805.233821
55.943952740664045 -3.1902471854182397 WSW 55.943837935634335 -3.190524349277993 764.664218 803.983821
55.943837935634335 -3.190524349277993 W 55.943837935634335 -3.1908243492779933 764.664218 802.733821
55.943837935634335 -3.1908243492779933 WSW 55.943723130604624 -3.1911015131377467 764.664218 801.483821
55.943723130604624 -3.1911015131377467 WNW 55.943837935634335 -3.1913786769975 826.361729 821.598366
55.943837935634335 -3.1913786769975 SE 55.94362580359998 -3.1911665449631443 870.675769 825.961999
55.94362580359998 -3.1911665449631443 SE 55.94341367156562 -3.1909544129287886 870.675769 824.711999
55.94341367156562 -3.1909544129287886 SE 55.943201539531266 -3.190742280894433 802.222793 819.512343
55.943201539531266 -3.190742280894433 ESE 55.943086734501556 -3.1904651170346794 802.222793 818.262343
55.943086734501556 -3.1904651170346794 SE 55.9428746024672 -3.1902529850003236 802.222793 817.012343
55.9428746024672 -3.1902529850003236 ESE 55.94275979743749 -3.18997582114057 802.222793 815.762343
55.94275979743749 -3.18997582114057 NW 55.942971929471845 -3.190187953174926 851.661226 884.345066
55.942971929471845 -3.190187953174926 NW 55.9431840615062 -3.1904000852092818 851.661226 883.095066
55.9431840615062 -3.1904000852092818 NW 55.94339619354056 -3.1906122172436375 851.661226 881.845066
55.94339619354056 -3.1906122172436375 NW 55.943608325574914 -3.1908243492779933 851.661226 880.595066
55.943608325574914 -3.1908243492779933 NW 55.94382045760927 -3.191036481312349 851.661226 879.345066
55.94382045760927 -3.191036481312349 NW 55.944032589643626 -3.191248613346705 851.661226 878.095066
55.944032589643626 -3.191248613346705 NW 55.94424472167798 -3.1914607453810606 851.661226 876.845066
55.94424472167798 -3.1914607453810606 NNW 55.94452188553774 -3.19157555041077 851.661226 875.595066
55.94452188553774 -3.19157555041077 E 55.94452188553774 -3.19127555041077 851.661226 874.345066
55.94452188553774 -3.19127555041077 E 55.94452188553774 -3.1909755504107697 851.661226 873.095066
55.94452188553774 -3.1909755504107697 E 55.94452188553774 -3.1906755504107696 851.661226 871.845066
55.94452188553774 -3.1906755504107696 E 55.94452188553774 -3.1903755504107694 851.661226 870.595066
55.94452188553774 -3.1903755504107694 E 55.94452188553774 -3.190075550410769 912.458951 905.863175
55.94452188553774 -3.190075550410769 E 55.94452188553774 -3.189775550410769 912.458951 904.613175
55.94452188553774 -3.189775550410769 E 55.94452188553774 -3.189475550410769 912.458951 903.363175
55.94452188553774 -3.189475550410769 E 55.94452188553774 -3.1891755504107686 912.458951 902.113175
55.94452188553774 -3.1891755504107686 E 55.94452188553774 -3.1888755504107684 912.458951 900.863175
55.94452188553774 -3.1888755504107684 E 55.94452188553774 -3.1885755504107682 912.458951 899.613175
55.94452188553774 -3.1885755504107682 E 55.94452188553774 -3.188275550410768 912.458951 898.363175
55.94452188553774 -3.188275550410768 E 55.94452188553774 -3.187975550410768 912.458951 897.113175
55.94452188553774 -3.187975550410768 E 55.94452188553774 -3.1876755504107677 912.458951 895.863175
55.94452188553774 -3.1876755504107677 E 55.94452188553774 -3.1873755504107675 912.458951 894.613175
55.94452188553774 -3.1873755504107675 ESE 55.94440708050803 -3.187098386551014 912.458951 893.363175
55.94440708050803 -3.187098386551014 E 55.94440708050803 -3.186798386551014 912.458951 892.113175
55.94440708050803 -3.186798386551014 ESE 55.94429227547832 -3.1865212226912605 1023.067920 962.274686
55.94429227547832 -3.1865212226912605 E 55.94429227547832 -3.1862212226912603 1018.621071 856.775754
55.94429227547832 -3.1862212226912603 ESE 55.94417747044861 -3.185944058831507 1018.621071 855.525754
55.94417747044861 -3.185944058831507 E 55.94417747044861 -3.1856440588315067 1018.621071 854.275754
55.94417747044861 -3.1856440588315067 ESE 55.9440626654189 -3.1853668949717533 1018.621071 853.025754
55.9440626654189 -3.1853668949717533 E 55.9440626654189 -3.185066894971753 1018.621071 851.775754
55.9440626654189 -3.185066894971753 ESE 55.94394786038919 -3.1847897311119997 1018.621071 850.525754
55.94394786038919 -3.1847897311119997 SW 55.94373572835483 -3.1850018631463555 1104.496868 925.290470
55.94373572835483 -3.1850018631463555 SW 55.943523596320475 -3.1852139951807112 1104.496868 924.040470
55.943523596320475 -3.1852139951807112 SSW 55.94324643246072 -3.1853288002104208 1104.496868 922.790470
55.94324643246072 -3.1853288002104208 SW 55.94303430042636 -3.1855409322447765 1104.496868 921.540470
55.94303430042636 -3.1855409322447765 N 55.943334300426365 -3.1855409322447765 1139.636512 980.631720
55.943334300426365 -3.1855409322447765 N 55.94363430042637 -3.1855409322447765 1139.636512 979.381720
55.94363430042637 -3.1855409322447765 W 55.94363430042637 -3.1858409322447767 1216.851597 987.287442
55.94363430042637 -3.1858409322447767 W 55.94363430042637 -3.186140932244777 1216.851597 986.037442
55.94363430042637 -3.186140932244777 W 55.94363430042637 -3.186440932244777 1216.851597 984.787442
55.94363430042637 -3.186440932244777 W 55.94363430042637 -3.1867409322447773 1248.513301 1063.108808
55.94363430042637 -3.1867409322447773 W 55.94363430042637 -3.1870409322447775 1248.513301 1061.858808
55.94363430042637 -3.1870409322447775 W 55.94363430042637 -3.1873409322447777 1243.686697 1001.565535
55.94363430042637 -3.1873409322447777 WNW 55.94374910545608 -3.187618096104531 1243.686697 1000.315535
55.94374910545608 -3.187618096104531 W 55.94374910545608 -3.1879180961045313 1243.686697 999.065535
55.94374910545608 -3.1879180961045313 WNW 55.94386391048579 -3.1881952599642847 1243.686697 997.815535
55.94386391048579 -3.1881952599642847 W 55.94386391048579 -3.188495259964285 1243.686697 996.565535
55.94386391048579 -3.188495259964285 WNW 55.9439787155155 -3.1887724238240382 1243.686697 995.315535
55.9439787155155 -3.1887724238240382 W 55.9439787155155 -3.1890724238240384 1243.686697 994.065535
55.9439787155155 -3.1890724238240384 WNW 55.94409352054521 -3.189349587683792 1243.686697 992.815535
55.94409352054521 -3.189349587683792 W 55.94409352054521 -3.189649587683792 1243.686697 991.565535
55.94409352054521 -3.189649587683792 WNW 55.94420832557492 -3.1899267515435454 1243.686697 990.315535
55.94420832557492 -3.1899267515435454 W 55.94420832557492 -3.1902267515435456 1243.686697 989.065535
55.94420832557492 -3.1902267515435456 WNW 55.94432313060463 -3.190503915403299 1243.686697 987.815535
55.94432313060463 -3.190503915403299 W 55.94432313060463 -3.190803915403299 1243.686697 986.565535
55.94432313060463 -3.190803915403299 WNW 55.94443793563434 -3.1910810792630526 1243.686697 985.315535
55.94443793563434 -3.1910810792630526 W 55.94443793563434 -3.191381079263053 1243.686697 984.065535
55.94443793563434 -3.191381079263053 WNW 55.94455274066405 -3.191658243122806 1243.686697 982.815535
55.94455274066405 -3.191658243122806 NW 55.94476487269841 -3.191870375157162 1332.845443 1084.356339
55.94476487269841 -3.191870375157162 NW 55.94497700473276 -3.1920825071915178 1332.845443 1083.106339
55.94497700473276 -3.1920825071915178 NW 55.94518913676712 -3.1922946392258735 1332.845443 1081.856339
55.94518913676712 -3.1922946392258735 ESE 55.94507433173741 -3.19201747536612 1418.271619 1118.620137
55.94507433173741 -3.19201747536612 ESE 55.9449595267077 -3.1917403115063667 1418.271619 1117.370137
55.9449595267077 -3.1917403115063667 ESE 55.94484472167799 -3.1914631476466133 1418.271619 1116.120137
55.94484472167799 -3.1914631476466133 ESE 55.94472991664828 -3.19118598378686 1418.271619 1114.870137
55.94472991664828 -3.19118598378686 ESE 55.94461511161857 -3.1909088199271065 1418.271619 1113.620137
55.94461511161857 -3.1909088199271065 ESE 55.94450030658886 -3.190631656067353 1418.271619 1112.370137
55.94450030658886 -3.190631656067353 ESE 55.94438550155915 -3.1903544922075997 1418.271619 1111.120137
55.94438550155915 -3.1903544922075997 ESE 55.944270696529436 -3.1900773283478463 1418.271619 1109.870137
55.944270696529436 -3.1900773283478463 ESE 55.944155891499726 -3.189800164488093 1418.271619 1108.620137
55.944155891499726 -3.189800164488093 ESE 55.944041086470016 -3.1895230006283395 1418.271619 1107.370137
55.944041086470016 -3.1895230006283395 ESE 55.943926281440305 -3.189245836768586 1418.271619 1106.120137
55.943926281440305 -3.189245836768586 ESE 55.943811476410595 -3.1889686729088327 1418.271619 1104.870137
55.943811476410595 -3.1889686729088327 ESE 55.943696671380884 -3.1886915090490793 1418.271619 1103.620137
55.943696671380884 -3.1886915090490793 ESE 55.943581866351174 -3.188414345189326 1418.271619 1102.370137
55.943581866351174 -3.188414345189326 ESE 55.94346706132146 -3.1881371813295725 1418.271619 1101.120137
55.94346706132146 -3.1881371813295725 SE 55.94325492928711 -3.1879250492952167 1418.271619 1099.870137
55.94325492928711 -3.1879250492952167 ESE 55.9431401242574 -3.1876478854354633 1418.271619 1098.620137
55.9431401242574 -3.1876478854354633 SE 55.94292799222304 -3.1874357534011075 1418.271619 1097.370137
55.94292799222304 -3.1874357534011075 ESE 55.94281318719333 -3.187158589541354 1418.271619 1096.120137
55.94281318719333 -3.187158589541354 WNW 55.94292799222304 -3.1874357534011075 1442.298274 1211.966862
55.94292799222304 -3.1874357534011075 WNW 55.94304279725275 -3.187712917260861 1442.298274 1210.716862
55.94304279725275 -3.187712917260861 WNW 55.94315760228246 -3.1879900811206143 1442.298274 1209.466862
55.94315760228246 -3.1879900811206143 NW 55.94336973431682 -3.18820221315497 1442.298274 1208.216862
55.94336973431682 -3.18820221315497 WNW 55.94348453934653 -3.1884793770147235 1442.298274 1206.966862
55.94348453934653 -3.1884793770147235 NW 55.943696671380884 -3.1886915090490793 1442.298274 1205.716862
55.943696671380884 -3.1886915090490793 WNW 55.943811476410595 -3.1889686729088327 1442.298274 1204.466862
55.943811476410595 -3.1889686729088327 NW 55.94402360844495 -3.1891808049431885 1442.298274 1203.216862
55.94402360844495 -3.1891808049431885 WNW 55.94413841347466 -3.189457968802942 1442.298274 1201.966862
55.94413841347466 -3.189457968802942 NW 55.94435054550902 -3.1896701008372976 1442.298274 1200.716862
55.94435054550902 -3.1896701008372976 WNW 55.94446535053873 -3.189947264697051 1442.298274 1199.466862
55.94446535053873 -3.189947264697051 NW 55.944677482573084 -3.190159396731407 1442.298274 1198.216862
55.944677482573084 -3.190159396731407 WNW 55.944792287602795 -3.19043656059116 1442.298274 1196.966862
55.944792287602795 -3.19043656059116 NW 55.94500441963715 -3.190648692625516 1442.298274 1195.716862
55.94500441963715 -3.190648692625516 WNW 55.94511922466686 -3.1909258564852694 1442.298274 1194.466862
55.94511922466686 -3.1909258564852694 NW 55.94533135670122 -3.191137988519625 1442.298274 1193.216862
55.94533135670122 -3.191137988519625 E 55.94533135670122 -3.190837988519625 1506.228201 1309.846472
55.94533135670122 -3.190837988519625 E 55.94533135670122 -3.190537988519625 1506.228201 1308.596472
55.94533135670122 -3.190537988519625 E 55.94533135670122 -3.1902379885196246 1506.228201 1307.346472
55.94533135670122 -3.1902379885196246 E 55.94533135670122 -3.1899379885196244 1506.228201 1306.096472
55.94533135670122 -3.1899379885196244 E 55.94533135670122 -3.189637988519624 1506.228201 1304.846472
55.94533135670122 -3.189637988519624 E 55.94533135670122 -3.189337988519624 1506.228201 1303.596472
55.94533135670122 -3.189337988519624 E 55.94533135670122 -3.189037988519624 1506.228201 1302.346472
55.94533135670122 -3.189037988519624 E 55.94533135670122 -3.1887379885196236 1506.228201 1301.096472
55.94533135670122 -3.1887379885196236 E 55.94533135670122 -3.1884379885196235 1506.228201 1299.846472
55.94533135670122 -3.1884379885196235 E 55.94533135670122 -3.1881379885196233 1506.228201 1298.596472
55.94533135670122 -3.1881379885196233 E 55.94533135670122 -3.187837988519623 1506.228201 1297.346472
55.94533135670122 -3.187837988519623 E 55.94533135670122 -3.187537988519623 1506.228201 1296.096472
55.94533135670122 -3.187537988519623 E 55.94533135670122 -3.1872379885196227 1506.228201 1294.846472
55.94533135670122 -3.1872379885196227 E 55.94533135670122 -3.1869379885196225 1506.228201 1293.596472
55.94533135670122 -3.1869379885196225 E 55.94533135670122 -3.1866379885196223 1506.228201 1292.346472
55.94533135670122 -3.1866379885196223 E 55.94533135670122 -3.186337988519622 1415.570441 1269.060773
55.94533135670122 -3.186337988519622 E 55.94533135670122 -3.186037988519622 1415.570441 1267.810773
55.94533135670122 -3.186037988519622 ESE 55.94521655167151 -3.1857608246598685 1415.570441 1266.560773
55.94521655167151 -3.1857608246598685 E 55.94521655167151 -3.1854608246598684 1415.570441 1265.310773
55.94521655167151 -3.1854608246598684 ESE 55.9451017466418 -3.185183660800115 1415.570441 1264.060773
55.9451017466418 -3.185183660800115 E 55.9451017466418 -3.1848836608001148 1365.462839 1144.281120
55.9451017466418 -3.1848836608001148 ESE 55.944986941612086 -3.1846064969403614 1398.255701 1230.141123
55.944986941612086 -3.1846064969403614 W 55.944986941612086 -3.1849064969403615 1398.255701 1228.891123
55.944986941612086 -3.1849064969403615 W 55.944986941612086 -3.1852064969403617 1398.255701 1227.641123
55.944986941612086 -3.1852064969403617 W 55.944986941612086 -3.185506496940362 1398.255701 1226.391123
55.944986941612086 -3.185506496940362 W 55.944986941612086 -3.185806496940362 1398.255701 1225.141123
55.944986941612086 -3.185806496940362 W 55.944986941612086 -3.1861064969403623 1413.974525 1317.183137
55.944986941612086 -3.1861064969403623 W 55.944986941612086 -3.1864064969403625 1413.974525 1315.933137
55.944986941612086 -3.1864064969403625 W 55.944986941612086 -3.1867064969403627 1413.974525 1314.683137
55.944986941612086 -3.1867064969403627 W 55.944986941612086 -3.187006496940363 1413.974525 1313.433137
55.944986941612086 -3.187006496940363 WSW 55.944872136582376 -3.1872836608001163 1413.974525 1312.183137
55.944872136582376 -3.1872836608001163 W 55.944872136582376 -3.1875836608001165 1413.974525 1310.933137
55.944872136582376 -3.1875836608001165 WSW 55.944757331552665 -3.18786082465987 1413.974525 1309.683137
55.944757331552665 -3.18786082465987 W 55.944757331552665 -3.18816082465987 1413.974525 1308.433137
55.944757331552665 -3.18816082465987 WSW 55.944642526522955 -3.1884379885196235 1413.974525 1307.183137
55.944642526522955 -3.1884379885196235 W 55.944642526522955 -3.1887379885196236 1413.974525 1305.933137
55.944642526522955 -3.1887379885196236 WSW 55.944527721493245 -3.189015152379377 1413.974525 1304.683137
55.944527721493245 -3.189015152379377 W 55.944527721493245 -3.1893151523793772 1413.974525 1303.433137
55.944527721493245 -3.1893151523793772 WSW 55.944412916463534 -3.1895923162391306 1413.974525 1302.183137
55.944412916463534 -3.1895923162391306 W 55.944412916463534 -3.189892316239131 1413.974525 1300.933137
55.944412916463534 -3.189892316239131 WSW 55.944298111433824 -3.1901694800988842 1413.974525 1299.683137
55.944298111433824 -3.1901694800988842 W 55.944298111433824 -3.1904694800988844 1413.974525 1298.433137
55.944298111433824 -3.1904694800988844 WSW 55.94418330640411 -3.190746643958638 1413.974525 1297.183137
55.94418330640411 -3.190746643958638 W 55.94418330640411 -3.191046643958638 1413.974525 1295.933137
55.94418330640411 -3.191046643958638 WSW 55.9440685013744 -3.1913238078183914 1413.974525 1294.683137
55.9440685013744 -3.1913238078183914 W 55.9440685013744 -3.1916238078183916 1413.974525 1293.433137
55.9440685013744 -3.1916238078183916 W 55.9440685013744 -3.191923807818392 1429.629732 1332.946564
