55.944425 -3.188396 ENE 55.94453980502971 -3.1881188361402466 0.000000 248.750000
55.94453980502971 -3.1881188361402466 ENE 55.94465461005942 -3.187841672280493 0.000000 247.500000
55.94465461005942 -3.187841672280493 ENE 55.944769415089134 -3.18756450842074 0.000000 246.250000
55.944769415089134 -3.18756450842074 ENE 55.944884220118844 -3.1872873445609864 0.000000 245.000000
55.944884220118844 -3.1872873445609864 ENE 55.944999025148554 -3.187010180701233 49.270928 256.824749
55.944999025148554 -3.187010180701233 ENE 55.945113830178265 -3.1867330168414796 0.000000 131.704170
55.945113830178265 -3.1867330168414796 ENE 55.945228635207975 -3.186455852981726 0.000000 130.454170
55.945228635207975 -3.186455852981726 ENE 55.945343440237686 -3.1861786891219728 0.000000 129.204170
55.945343440237686 -3.1861786891219728 ENE 55.945458245267396 -3.1859015252622194 0.000000 127.954170
55.945458245267396 -3.1859015252622194 S 55.94515824526739 -3.1859015252622194 113.887452 161.557950
55.94515824526739 -3.1859015252622194 S 55.94485824526739 -3.1859015252622194 220.206845 177.434411
55.94485824526739 -3.1859015252622194 S 55.94455824526739 -3.1859015252622194 235.925669 269.476424
55.94455824526739 -3.1859015252622194 SSE 55.94428108140763 -3.18578672023251 235.925669 268.226424
55.94428108140763 -3.18578672023251 S 55.94398108140763 -3.18578672023251 235.925669 266.976424
55.94398108140763 -3.18578672023251 SSE 55.94370391754787 -3.1856719152028004 235.925669 265.726424
55.94370391754787 -3.1856719152028004 S 55.94340391754787 -3.1856719152028004 313.140754 273.632146
55.94340391754787 -3.1856719152028004 SSE 55.94312675368811 -3.185557110173091 313.140754 272.382146
55.94312675368811 -3.185557110173091 W 55.94312675368811 -3.185857110173091 348.280399 331.473396
55.94312675368811 -3.185857110173091 W 55.94312675368811 -3.1861571101730912 348.280399 330.223396
55.94312675368811 -3.1861571101730912 W 55.94312675368811 -3.1864571101730914 348.280399 328.973396
55.94312675368811 -3.1864571101730914 W 55.94312675368811 -3.1867571101730916 348.280399 327.723396
55.94312675368811 -3.1867571101730916 W 55.94312675368811 -3.187057110173092 348.280399 326.473396
55.94312675368811 -3.187057110173092 W 55.94312675368811 -3.187357110173092 348.280399 325.223396
55.94312675368811 -3.187357110173092 W 55.94312675368811 -3.187657110173092 348.280399 323.973396
55.94312675368811 -3.187657110173092 WSW 55.9430119486584 -3.1879342740328456 348.280399 322.723396
55.9430119486584 -3.1879342740328456 W 55.9430119486584 -3.1882342740328458 348.280399 321.473396
55.9430119486584 -3.1882342740328458 WSW 55.94289714362869 -3.188511437892599 348.280399 320.223396
55.94289714362869 -3.188511437892599 W 55.94289714362869 -3.1888114378925994 348.280399 318.973396
55.94289714362869 -3.1888114378925994 WSW 55.94278233859898 -3.1890886017523528 348.280399 317.723396
55.94278233859898 -3.1890886017523528 W 55.94278233859898 -3.189388601752353 348.280399 316.473396
55.94278233859898 -3.189388601752353 WSW 55.94266753356927 -3.1896657656121064 348.280399 315.223396
55.94266753356927 -3.1896657656121064 NNW 55.94294469742903 -3.189780570641816 397.718831 383.806119
55.94294469742903 -3.189780570641816 NNW 55.943221861288784 -3.1898953756715254 352.323371 367.859498
55.943221861288784 -3.1898953756715254 NNW 55.94349902514854 -3.190010180701235 352.323371 366.609498
55.94349902514854 -3.190010180701235 N 55.94379902514854 -3.190010180701235 352.323371 365.359498
55.94379902514854 -3.190010180701235 NNW 55.9440761890083 -3.1901249857309444 352.323371 364.109498
55.9440761890083 -3.1901249857309444 N 55.9443761890083 -3.1901249857309444 352.323371 362.859498
55.9443761890083 -3.1901249857309444 NNW 55.94465335286806 -3.190239790760654 363.100873 423.351720
55.94465335286806 -3.190239790760654 N 55.94495335286806 -3.190239790760654 423.898598 458.619828
55.94495335286806 -3.190239790760654 NNW 55.94523051672782 -3.1903545957903634 423.898598 457.369828
55.94523051672782 -3.1903545957903634 ENE 55.94534532175753 -3.19007743193061 539.670979 542.177023
55.94534532175753 -3.19007743193061 ENE 55.94546012678724 -3.1898002680708566 539.670979 540.927023
55.94546012678724 -3.1898002680708566 E 55.94546012678724 -3.1895002680708564 539.670979 539.677023
55.94546012678724 -3.1895002680708564 ENE 55.94557493181695 -3.189223104211103 539.670979 538.427023
55.94557493181695 -3.189223104211103 E 55.94557493181695 -3.188923104211103 620.301467 653.023501
55.94557493181695 -3.188923104211103 W 55.94557493181695 -3.189223104211103 642.194664 752.762416
55.94557493181695 -3.189223104211103 W 55.94557493181695 -3.189523104211103 642.194664 751.512416
55.94557493181695 -3.189523104211103 W 55.94557493181695 -3.1898231042111034 642.194664 750.262416
55.94557493181695 -3.1898231042111034 W 55.94557493181695 -3.1901231042111036 642.194664 749.012416
55.94557493181695 -3.1901231042111036 W 55.94557493181695 -3.1904231042111038 642.194664 747.762416
55.94557493181695 -3.1904231042111038 W 55.94557493181695 -3.190723104211104 642.194664 746.512416
55.94557493181695 -3.190723104211104 W 55.94557493181695 -3.191023104211104 642.194664 745.262416
55.94557493181695 -3.191023104211104 WSW 55.94546012678724 -3.1913002680708575 642.194664 744.012416
55.94546012678724 -3.1913002680708575 W 55.94546012678724 -3.1916002680708577 706.124591 860.642025
55.94546012678724 -3.1916002680708577 WSW 55.94534532175753 -3.191877431930611 706.124591 859.392025
55.94534532175753 -3.191877431930611 W 55.94534532175753 -3.1921774319306113 706.124591 858.142025
55.94534532175753 -3.1921774319306113 WSW 55.94523051672782 -3.1924545957903647 706.124591 856.892025
55.94523051672782 -3.1924545957903647 SE 55.94501838469346 -3.192242463756009 791.550767 893.655823
55.94501838469346 -3.192242463756009 SE 55.944806252659106 -3.192030331721653 791.550767 892.405823
55.944806252659106 -3.192030331721653 SE 55.94459412062475 -3.1918181996872974 791.550767 891.155823
55.94459412062475 -3.1918181996872974 SE 55.94438198859039 -3.1916060676529416 880.709513 992.696627
55.94438198859039 -3.1916060676529416 SSE 55.94410482473064 -3.191491262623232 972.804367 996.541791
55.94410482473064 -3.191491262623232 SE 55.94389269269628 -3.1912791305888764 1017.118407 1000.905425
55.94389269269628 -3.1912791305888764 ENE 55.94400749772599 -3.191001966729123 1078.815918 1021.019969
55.94400749772599 -3.191001966729123 ENE 55.9441223027557 -3.1907248028693695 1078.815918 1019.769969
55.9441223027557 -3.1907248028693695 ENE 55.94423710778541 -3.190447639009616 1078.815918 1018.519969
55.94423710778541 -3.190447639009616 ENE 55.94435191281512 -3.1901704751498627 1101.110032 1028.328533
55.94435191281512 -3.1901704751498627 ENE 55.94446671784483 -3.1898933112901093 1101.110032 1027.078533
55.94446671784483 -3.1898933112901093 ENE 55.94458152287454 -3.189616147430356 1101.110032 1025.828533
55.94458152287454 -3.189616147430356 ENE 55.94469632790425 -3.1893389835706025 1197.192107 1059.163619
55.94469632790425 -3.1893389835706025 ENE 55.944811132933964 -3.189061819710849 1197.192107 1057.913619
55.944811132933964 -3.189061819710849 ENE 55.944925937963674 -3.1887846558510957 1197.192107 1056.663619
55.944925937963674 -3.1887846558510957 ENE 55.945040742993385 -3.1885074919913423 1164.056958 980.964201
55.945040742993385 -3.1885074919913423 E 55.945040742993385 -3.188207491991342 1164.056958 979.714201
55.945040742993385 -3.188207491991342 ENE 55.945155548023095 -3.1879303281315887 1164.056958 978.464201
55.945155548023095 -3.1879303281315887 E 55.945155548023095 -3.1876303281315885 1164.056958 977.214201
55.945155548023095 -3.1876303281315885 ENE 55.945270353052805 -3.187353164271835 1164.056958 975.964201
55.945270353052805 -3.187353164271835 E 55.945270353052805 -3.187053164271835 1164.056958 974.714201
55.945270353052805 -3.187053164271835 ENE 55.945385158082516 -3.1867760004120815 1109.314600 973.464201
55.945385158082516 -3.1867760004120815 E 55.945385158082516 -3.1864760004120813 1109.314600 972.214201
55.945385158082516 -3.1864760004120813 ENE 55.945499963112226 -3.186198836552328 1018.656839 948.928502
55.945499963112226 -3.186198836552328 E 55.945499963112226 -3.1858988365523278 1018.656839 947.678502
55.945499963112226 -3.1858988365523278 ENE 55.94561476814194 -3.1856216726925743 1018.656839 946.428502
55.94561476814194 -3.1856216726925743 E 55.94561476814194 -3.185321672692574 1018.656839 945.178502
55.94561476814194 -3.185321672692574 ENE 55.94572957317165 -3.1850445088328208 1018.656839 943.928502
55.94572957317165 -3.1850445088328208 E 55.94572957317165 -3.1847445088328206 1018.656839 942.678502
55.94572957317165 -3.1847445088328206 ENE 55.94584437820136 -3.184467344973067 1018.656839 941.428502
55.94584437820136 -3.184467344973067 SW 55.945632246167 -3.184679477007423 1088.115353 1056.262898
55.945632246167 -3.184679477007423 SW 55.945420114132645 -3.1848916090417787 1088.115353 1055.012898
55.945420114132645 -3.1848916090417787 SW 55.94520798209829 -3.1851037410761345 1038.007752 935.233245
55.94520798209829 -3.1851037410761345 SW 55.94499585006393 -3.1853158731104902 1038.007752 933.983245
55.94499585006393 -3.1853158731104902 SW 55.944783718029576 -3.185528005144846 1038.007752 932.733245
55.944783718029576 -3.185528005144846 SW 55.94457158599522 -3.185740137179202 1038.007752 931.483245
55.94457158599522 -3.185740137179202 SSW 55.944294422135464 -3.1858549422089113 1038.007752 930.233245
55.944294422135464 -3.1858549422089113 SW 55.94408229010111 -3.186067074243267 1038.007752 928.983245
55.94408229010111 -3.186067074243267 SSW 55.94380512624135 -3.1861818792729766 1038.007752 927.733245
55.94380512624135 -3.1861818792729766 SW 55.943592994206995 -3.1863940113073324 1069.669455 1006.054611
55.943592994206995 -3.1863940113073324 SSW 55.94331583034724 -3.186508816337042 1069.669455 1004.804611
55.94331583034724 -3.186508816337042 SW 55.94310369831288 -3.1867209483713976 1069.669455 1003.554611
55.94310369831288 -3.1867209483713976 SSW 55.942826534453125 -3.186835753401107 1069.669455 1002.304611
55.942826534453125 -3.186835753401107 W 55.942826534453125 -3.1871357534011073 1093.696110 1118.151336
55.942826534453125 -3.1871357534011073 W 55.942826534453125 -3.1874357534011075 1093.696110 1116.901336
55.942826534453125 -3.1874357534011075 W 55.942826534453125 -3.1877357534011077 1093.696110 1115.651336
55.942826534453125 -3.1877357534011077 W 55.942826534453125 -3.188035753401108 1093.696110 1114.401336
55.942826534453125 -3.188035753401108 W 55.942826534453125 -3.188335753401108 1093.696110 1113.151336
55.942826534453125 -3.188335753401108 W 55.942826534453125 -3.1886357534011083 1093.696110 1111.901336
55.942826534453125 -3.1886357534011083 W 55.942826534453125 -3.1889357534011085 1093.696110 1110.651336
55.942826534453125 -3.1889357534011085 W 55.942826534453125 -3.1892357534011087 1093.696110 1109.401336
55.942826534453125 -3.1892357534011087 W 55.942826534453125 -3.189535753401109 1093.696110 1108.151336
55.942826534453125 -3.189535753401109 W 55.942826534453125 -3.189835753401109 1093.696110 1106.901336
55.942826534453125 -3.189835753401109 W 55.942826534453125 -3.190135753401109 1093.696110 1105.651336
55.942826534453125 -3.190135753401109 W 55.942826534453125 -3.1904357534011094 1093.696110 1104.401336
55.942826534453125 -3.1904357534011094 W 55.942826534453125 -3.1907357534011096 1093.696110 1103.151336
55.942826534453125 -3.1907357534011096 WSW 55.942711729423415 -3.191012917260863 1093.696110 1101.901336
55.942711729423415 -3.191012917260863 NNW 55.94298889328317 -3.1911277222905725 1171.351528 1184.143215
55.94298889328317 -3.1911277222905725 NNW 55.94326605714293 -3.191242527320282 1171.351528 1182.893215
55.94326605714293 -3.191242527320282 NNW 55.943543221002685 -3.1913573323499915 1102.898551 1177.693560
55.943543221002685 -3.1913573323499915 NW 55.94375535303704 -3.1915694643843473 1102.898551 1176.443560
55.94375535303704 -3.1915694643843473 NNW 55.9440325168968 -3.191684269414057 1102.898551 1175.193560
55.9440325168968 -3.191684269414057 E 55.9440325168968 -3.1913842694140566 1118.553758 1214.706987
55.9440325168968 -3.1913842694140566 E 55.9440325168968 -3.1910842694140564 1118.553758 1213.456987
55.9440325168968 -3.1910842694140564 E 55.9440325168968 -3.1907842694140562 1118.553758 1212.206987
55.9440325168968 -3.1907842694140562 E 55.9440325168968 -3.190484269414056 1118.553758 1210.956987
55.9440325168968 -3.190484269414056 E 55.9440325168968 -3.190184269414056 1118.553758 1209.706987
55.9440325168968 -3.190184269414056 E 55.9440325168968 -3.1898842694140557 1118.553758 1208.456987
55.9440325168968 -3.1898842694140557 E 55.9440325168968 -3.1895842694140555 1118.553758 1207.206987
55.9440325168968 -3.1895842694140555 E 55.9440325168968 -3.1892842694140553 1118.553758 1205.956987
55.9440325168968 -3.1892842694140553 E 55.9440325168968 -3.188984269414055 1118.553758 1204.706987
55.9440325168968 -3.188984269414055 E 55.9440325168968 -3.188684269414055 1118.553758 1203.456987
55.9440325168968 -3.188684269414055 E 55.9440325168968 -3.1883842694140547 1118.553758 1202.206987
55.9440325168968 -3.1883842694140547 E 55.9440325168968 -3.1880842694140545 1118.553758 1200.956987
55.9440325168968 -3.1880842694140545 E 55.9440325168968 -3.1877842694140544 1191.923146 1277.035824
55.9440325168968 -3.1877842694140544 E 55.9440325168968 -3.187484269414054 1191.923146 1275.785824
55.9440325168968 -3.187484269414054 ENE 55.94414732192651 -3.1872071055543008 1191.923146 1274.535824
55.94414732192651 -3.1872071055543008 E 55.94414732192651 -3.1869071055543006 1191.923146 1273.285824
55.94414732192651 -3.1869071055543006 ENE 55.94426212695622 -3.186629941694547 1302.532115 1343.447335
55.94426212695622 -3.186629941694547 E 55.94426212695622 -3.186329941694547 1302.532115 1342.197335
55.94426212695622 -3.186329941694547 E 55.94426212695622 -3.186029941694547 1302.532115 1340.947335
55.94426212695622 -3.186029941694547 ESE 55.94414732192651 -3.1857527778347934 1302.532115 1339.697335
55.94414732192651 -3.1857527778347934 E 55.94414732192651 -3.185452777834793 1302.532115 1338.447335
55.94414732192651 -3.185452777834793 ESE 55.9440325168968 -3.18517561397504 1302.532115 1337.197335
55.9440325168968 -3.18517561397504 E 55.9440325168968 -3.1848756139750396 1302.532115 1335.947335
55.9440325168968 -3.1848756139750396 ESE 55.94391771186709 -3.184598450115286 1302.532115 1334.697335
55.94391771186709 -3.184598450115286 N 55.94421771186709 -3.184598450115286 1388.407912 1409.462051
55.94421771186709 -3.184598450115286 NNW 55.944494875726846 -3.1847132551449957 1388.407912 1408.212051
55.944494875726846 -3.1847132551449957 N 55.94479487572685 -3.1847132551449957 1388.407912 1406.962051
55.94479487572685 -3.1847132551449957 NNW 55.945072039586606 -3.184828060174705 1388.407912 1405.712051
55.945072039586606 -3.184828060174705 WNW 55.945186844616316 -3.1851052240344586 1421.200773 1491.572055
55.945186844616316 -3.1851052240344586 WNW 55.94530164964603 -3.185382387894212 1421.200773 1490.322055
55.94530164964603 -3.185382387894212 WNW 55.94541645467574 -3.1856595517539654 1421.200773 1489.072055
55.94541645467574 -3.1856595517539654 W 55.94541645467574 -3.1859595517539656 1421.200773 1487.822055
55.94541645467574 -3.1859595517539656 WNW 55.94553125970545 -3.186236715613719 1421.200773 1486.572055
55.94553125970545 -3.186236715613719 W 55.94553125970545 -3.186536715613719 1421.200773 1485.322055
55.94553125970545 -3.186536715613719 WNW 55.94564606473516 -3.1868138794734726 1421.200773 1484.072055
55.94564606473516 -3.1868138794734726 W 55.94564606473516 -3.187113879473473 1421.200773 1482.822055
55.94564606473516 -3.187113879473473 WNW 55.94576086976487 -3.187391043333226 1421.200773 1481.572055
55.94576086976487 -3.187391043333226 W 55.94576086976487 -3.1876910433332264 1432.034756 1562.891145
55.94576086976487 -3.1876910433332264 SSW 55.94548370590511 -3.187805848362936 1432.034756 1561.641145
55.94548370590511 -3.187805848362936 SSW 55.945206542045355 -3.1879206533926454 1432.034756 1560.391145
55.945206542045355 -3.1879206533926454 SSW 55.9449293781856 -3.188035458422355 1432.034756 1559.141145
55.9449293781856 -3.188035458422355 SW 55.94471724615124 -3.1882475904567107 1432.034756 1557.891145
55.94471724615124 -3.1882475904567107 SSW 55.944440082291486 -3.18836239548642 1432.034756 1556.641145
55.944440082291486 -3.18836239548642 SW 55.94422795025713 -3.188574527520776 1432.034756 1555.391145
55.94422795025713 -3.188574527520776 SSW 55.94395078639737 -3.1886893325504855 1432.034756 1554.141145
55.94395078639737 -3.1886893325504855 SW 55.94373865436302 -3.1889014645848412 1432.034756 1552.891145
55.94373865436302 -3.1889014645848412 SSW 55.94346149050326 -3.1890162696145508 1432.034756 1551.641145
55.94346149050326 -3.1890162696145508 SW 55.943249358468904 -3.1892284016489065 1488.673316 1634.053186
55.943249358468904 -3.1892284016489065 WNW 55.943364163498615 -3.18950556550866 1488.673316 1632.803186
55.943364163498615 -3.18950556550866 WNW 55.943478968528325 -3.1897827293684133 1488.673316 1631.553186
55.943478968528325 -3.1897827293684133 S 55.94317896852832 -3.1897827293684133 1488.673316 1630.303186
55.94317896852832 -3.1897827293684133 SSW 55.942901804668566 -3.189897534398123 1488.673316 1629.053186
55.942901804668566 -3.189897534398123 E 55.942901804668566 -3.1895975343981227 1488.673316 1627.803186
55.942901804668566 -3.1895975343981227 WNW 55.943016609698276 -3.189874698257876 1488.673316 1626.553186
55.943016609698276 -3.189874698257876 ENE 55.943131414727986 -3.1895975343981227 1488.673316 1625.303186
55.943131414727986 -3.1895975343981227 SE 55.94291928269363 -3.189385402363767 1488.673316 1624.053186
55.94291928269363 -3.189385402363767 WSW 55.94280447766392 -3.1896625662235203 1488.673316 1622.803186
55.94280447766392 -3.1896625662235203 ESE 55.94268967263421 -3.189385402363767 1488.673316 1621.553186
55.94268967263421 -3.189385402363767 SSW 55.94241250877445 -3.1895002073934764 1488.673316 1620.303186
55.94241250877445 -3.1895002073934764 SSW 55.942135344914696 -3.189615012423186 1488.673316 1619.053186
55.942135344914696 -3.189615012423186 SW 55.94192321288034 -3.1898271444575417 1488.673316 1617.803186
55.94192321288034 -3.1898271444575417 NE 55.942135344914696 -3.189615012423186 1488.673316 1616.553186
55.942135344914696 -3.189615012423186 SW 55.94192321288034 -3.1898271444575417 1488.673316 1615.303186
55.94192321288034 -3.1898271444575417 S 55.94162321288034 -3.1898271444575417 1488.673316 1614.053186
55.94162321288034 -3.1898271444575417 NW 55.94183534491469 -3.1900392764918974 1488.673316 1612.803186
55.94183534491469 -3.1900392764918974 SW 55.94162321288034 -3.190251408526253 1488.673316 1611.553186
55.94162321288034 -3.190251408526253 NNE 55.941900376740094 -3.1901366034965437 1488.673316 1610.303186
55.941900376740094 -3.1901366034965437 S 55.94160037674009 -3.1901366034965437 1488.673316 1609.053186
55.94160037674009 -3.1901366034965437 WSW 55.94148557171038 -3.190413767356297 1488.673316 1607.803186
55.94148557171038 -3.190413767356297 ESE 55.94137076668067 -3.1901366034965437 1488.673316 1606.553186
55.94137076668067 -3.1901366034965437 N 55.94167076668067 -3.1901366034965437 1488.673316 1605.303186
55.94167076668067 -3.1901366034965437 W 55.94167076668067 -3.190436603496544 1488.673316 1604.053186
55.94167076668067 -3.190436603496544 NNW 55.94194793054043 -3.1905514085262534 1488.673316 1602.803186
55.94194793054043 -3.1905514085262534 SSE 55.94167076668067 -3.190436603496544 1488.673316 1601.553186
55.94167076668067 -3.190436603496544 SW 55.94145863464632 -3.1906487355308997 1488.673316 1600.303186
55.94145863464632 -3.1906487355308997 ESE 55.941343829616606 -3.1903715716711463 1488.673316 1599.053186
55.941343829616606 -3.1903715716711463 SW 55.94113169758225 -3.190583703705502 1488.673316 1597.803186
55.94113169758225 -3.190583703705502 SE 55.940919565547894 -3.1903715716711463 1488.673316 1596.553186
55.940919565547894 -3.1903715716711463 SSW 55.94064240168814 -3.1904863767008558 1488.673316 1595.303186
55.94064240168814 -3.1904863767008558 SW 55.94043026965378 -3.1906985087352115 1488.673316 1594.053186
55.94043026965378 -3.1906985087352115 SSE 55.940153105794025 -3.190583703705502 1488.673316 1592.803186
55.940153105794025 -3.190583703705502 ENE 55.940267910823735 -3.1903065398457486 1488.673316 1591.553186
55.940267910823735 -3.1903065398457486 NNE 55.94054507468349 -3.190191734816039 1488.673316 1590.303186
55.94054507468349 -3.190191734816039 ESE 55.94043026965378 -3.1899145709562857 1488.673316 1589.053186
55.94043026965378 -3.1899145709562857 S 55.94013026965378 -3.1899145709562857 1488.673316 1587.803186
55.94013026965378 -3.1899145709562857 WNW 55.94024507468349 -3.190191734816039 1488.673316 1586.553186
55.94024507468349 -3.190191734816039 SE 55.94003294264913 -3.1899796027816834 1488.673316 1585.303186
55.94003294264913 -3.1899796027816834 N 55.940332942649135 -3.1899796027816834 1488.673316 1584.053186
55.940332942649135 -3.1899796027816834 NNW 55.94061010650889 -3.190094407811393 1488.673316 1582.803186
55.94061010650889 -3.190094407811393 N 55.940910106508895 -3.190094407811393 1488.673316 1581.553186
55.940910106508895 -3.190094407811393 S 55.94061010650889 -3.190094407811393 1488.673316 1580.303186
55.94061010650889 -3.190094407811393 SSE 55.940332942649135 -3.1899796027816834 1488.673316 1579.053186
55.940332942649135 -3.1899796027816834 SSW 55.94005577878938 -3.190094407811393 1488.673316 1577.803186
55.94005577878938 -3.190094407811393 NNW 55.940332942649135 -3.1902092128411024 1488.673316 1576.553186
55.940332942649135 -3.1902092128411024 N 55.94063294264914 -3.1902092128411024 1488.673316 1575.303186
55.94063294264914 -3.1902092128411024 NNW 55.940910106508895 -3.190324017870812 1488.673316 1574.053186
55.940910106508895 -3.190324017870812 NNE 55.94118727036865 -3.1902092128411024 1488.673316 1572.803186
55.94118727036865 -3.1902092128411024 SSE 55.940910106508895 -3.190094407811393 1488.673316 1571.553186
55.940910106508895 -3.190094407811393 ESE 55.940795301479184 -3.1898172439516395 1488.673316 1570.303186
55.940795301479184 -3.1898172439516395 SE 55.94058316944483 -3.1896051119172837 1488.673316 1569.053186
55.94058316944483 -3.1896051119172837 WNW 55.94069797447454 -3.189882275777037 1488.673316 1567.803186
55.94069797447454 -3.189882275777037 W 55.94069797447454 -3.1901822757770373 1488.673316 1566.553186
55.94069797447454 -3.1901822757770373 NNW 55.940975138334295 -3.190297080806747 1488.673316 1565.303186
55.940975138334295 -3.190297080806747 SE 55.94076300629994 -3.190084948772391 1488.673316 1564.053186
55.94076300629994 -3.190084948772391 NE 55.940975138334295 -3.1898728167380352 1488.673316 1562.803186
55.940975138334295 -3.1898728167380352 W 55.940975138334295 -3.1901728167380354 1488.673316 1561.553186
55.940975138334295 -3.1901728167380354 ESE 55.940860333304585 -3.189895652878282 1488.673316 1560.303186
55.940860333304585 -3.189895652878282 ESE 55.940745528274874 -3.1896184890185286 1488.673316 1559.053186
55.940745528274874 -3.1896184890185286 NNW 55.94102269213463 -3.189733294048238 1488.673316 1557.803186
55.94102269213463 -3.189733294048238 SW 55.940810560100275 -3.189945426082594 1488.673316 1556.553186
55.940810560100275 -3.189945426082594 WSW 55.940695755070564 -3.1902225899423473 1488.673316 1555.303186
55.940695755070564 -3.1902225899423473 WSW 55.940580950040854 -3.1904997538021007 1488.673316 1554.053186
55.940580950040854 -3.1904997538021007 WNW 55.940695755070564 -3.190776917661854 1488.673316 1552.803186
55.940695755070564 -3.190776917661854 SSE 55.94041859121081 -3.1906621126321446 1488.673316 1551.553186
55.94041859121081 -3.1906621126321446 SW 55.94020645917645 -3.1908742446665004 1488.673316 1550.303186
55.94020645917645 -3.1908742446665004 NNW 55.94048362303621 -3.19098904969621 1488.673316 1549.053186
55.94048362303621 -3.19098904969621 S 55.940183623036205 -3.19098904969621 1488.673316 1547.803186
55.940183623036205 -3.19098904969621 E 55.940183623036205 -3.1906890496962097 1488.673316 1546.553186
55.940183623036205 -3.1906890496962097 ESE 55.940068818006495 -3.1904118858364563 1488.673316 1545.303186
55.940068818006495 -3.1904118858364563 ENE 55.940183623036205 -3.190134721976703 1488.673316 1544.053186
55.940183623036205 -3.190134721976703 W 55.940183623036205 -3.190434721976703 1488.673316 1542.803186
55.940183623036205 -3.190434721976703 NE 55.94039575507056 -3.1902225899423473 1488.673316 1541.553186
55.94039575507056 -3.1902225899423473 S 55.94009575507056 -3.1902225899423473 1488.673316 1540.303186
55.94009575507056 -3.1902225899423473 NNW 55.940372918930315 -3.190337394972057 1488.673316 1539.053186
55.940372918930315 -3.190337394972057 E 55.940372918930315 -3.1900373949720566 1488.673316 1537.803186
55.940372918930315 -3.1900373949720566 SW 55.94016078689596 -3.1902495270064124 1488.673316 1536.553186
55.94016078689596 -3.1902495270064124 WNW 55.94027559192567 -3.190526690866166 1488.673316 1535.303186
55.94027559192567 -3.190526690866166 WSW 55.94016078689596 -3.190803854725919 1488.673316 1534.053186
55.94016078689596 -3.190803854725919 NE 55.940372918930315 -3.1905917226915634 1488.673316 1532.803186
55.940372918930315 -3.1905917226915634 ESE 55.940258113900605 -3.19031455883181 1488.673316 1531.553186
55.940258113900605 -3.19031455883181 WSW 55.940143308870894 -3.1905917226915634 1488.673316 1530.303186
