55.944425 -3.188396 ENE 55.94453980502971 -3.1881188361402466 0.000000 248.750000
55.94453980502971 -3.1881188361402466 ENE 55.94465461005942 -3.187841672280493 0.000000 247.500000
55.94465461005942 -3.187841672280493 ENE 55.944769415089134 -3.18756450842074 0.000000 246.250000
55.944769415089134 -3.18756450842074 ENE 55.944884220118844 -3.1872873445609864 0.000000 245.000000
55.944884220118844 -3.1872873445609864 ENE 55.944999025148554 -3.187010180701233 49.270928 256.824749
55.944999025148554 -3.187010180701233 ENE 55.945113830178265 -3.1867330168414796 0.000000 131.704170
55.945113830178265 -3.1867330168414796 ENE 55.945228635207975 -3.186455852981726 0.000000 130.454170
55.945228635207975 -3.186455852981726 ENE 55.945343440237686 -3.1861786891219728 0.000000 129.204170
55.945343440237686 -3.1861786891219728 ENE 55.945458245267396 -3.1859015252622194 0.000000 127.954170
55.945458245267396 -3.1859015252622194 S 55.94515824526739 -3.1859015252622194 113.887452 161.557950
55.94515824526739 -3.1859015252622194 S 55.94485824526739 -3.1859015252622194 220.206845 177.434411
55.94485824526739 -3.1859015252622194 S 55.94455824526739 -3.1859015252622194 235.925669 269.476424
55.94455824526739 -3.1859015252622194 SSE 55.94428108140763 -3.18578672023251 235.925669 268.226424
55.94428108140763 -3.18578672023251 S 55.94398108140763 -3.18578672023251 235.925669 266.976424
55.94398108140763 -3.18578672023251 SSE 55.94370391754787 -3.1856719152028004 235.925669 265.726424
55.94370391754787 -3.1856719152028004 S 55.94340391754787 -3.1856719152028004 313.140754 273.632146
55.94340391754787 -3.1856719152028004 SSE 55.94312675368811 -3.185557110173091 313.140754 272.382146
55.94312675368811 -3.185557110173091 W 55.94312675368811 -3.185857110173091 348.280399 331.473396
55.94312675368811 -3.185857110173091 W 55.94312675368811 -3.1861571101730912 348.280399 330.223396
55.94312675368811 -3.1861571101730912 W 55.94312675368811 -3.1864571101730914 348.280399 328.973396
55.94312675368811 -3.1864571101730914 W 55.94312675368811 -3.1867571101730916 348.280399 327.723396
55.94312675368811 -3.1867571101730916 W 55.94312675368811 -3.187057110173092 348.280399 326.473396
55.94312675368811 -3.187057110173092 W 55.94312675368811 -3.187357110173092 348.280399 325.223396
55.94312675368811 -3.187357110173092 W 55.94312675368811 -3.187657110173092 348.280399 323.973396
55.94312675368811 -3.187657110173092 WNW 55.94324155871782 -3.1879342740328456 348.280399 322.723396
55.94324155871782 -3.1879342740328456 W 55.94324155871782 -3.1882342740328458 348.280399 321.473396
55.94324155871782 -3.1882342740328458 WNW 55.94335636374753 -3.188511437892599 348.280399 320.223396
55.94335636374753 -3.188511437892599 W 55.94335636374753 -3.1888114378925994 348.280399 318.973396
55.94335636374753 -3.1888114378925994 WNW 55.94347116877724 -3.1890886017523528 348.280399 317.723396
55.94347116877724 -3.1890886017523528 ESE 55.94335636374753 -3.1888114378925994 404.918959 400.135438
55.94335636374753 -3.1888114378925994 ESE 55.94324155871782 -3.188534274032846 404.918959 398.885438
55.94324155871782 -3.188534274032846 ESE 55.94312675368811 -3.1882571101730925 404.918959 397.635438
55.94312675368811 -3.1882571101730925 ESE 55.9430119486584 -3.187979946313339 404.918959 396.385438
55.9430119486584 -3.187979946313339 ESE 55.94289714362869 -3.1877027824535857 404.918959 395.135438
55.94289714362869 -3.1877027824535857 ESE 55.94278233859898 -3.1874256185938323 404.918959 393.885438
55.94278233859898 -3.1874256185938323 ESE 55.94266753356927 -3.187148454734079 404.918959 392.635438
55.94266753356927 -3.187148454734079 NNW 55.94294469742903 -3.1872632597637884 428.945614 508.482163
55.94294469742903 -3.1872632597637884 NNW 55.943221861288784 -3.187378064793498 428.945614 507.232163
55.943221861288784 -3.187378064793498 NW 55.94343399332314 -3.1875901968278537 428.945614 505.982163
55.94343399332314 -3.1875901968278537 NNW 55.943711157182896 -3.1877050018575632 428.945614 504.732163
55.943711157182896 -3.1877050018575632 NW 55.94392328921725 -3.187917133891919 428.945614 503.482163
55.94392328921725 -3.187917133891919 NNW 55.94420045307701 -3.1880319389216285 502.315001 579.561000
55.94420045307701 -3.1880319389216285 NW 55.944412585111365 -3.1882440709559843 476.372593 568.142518
55.944412585111365 -3.1882440709559843 NNW 55.94468974897112 -3.188358875985694 476.372593 566.892518
55.94468974897112 -3.188358875985694 NW 55.94490188100548 -3.1885710080200496 476.372593 565.642518
55.94490188100548 -3.1885710080200496 NNW 55.945179044865235 -3.188685813049759 443.237443 489.943100
55.945179044865235 -3.188685813049759 NW 55.94539117689959 -3.188897945084115 443.237443 488.693100
55.94539117689959 -3.188897945084115 NNW 55.94566834075935 -3.1890127501138243 465.130640 588.432015
55.94566834075935 -3.1890127501138243 SW 55.94545620872499 -3.18922488214818 545.761128 703.028493
55.94545620872499 -3.18922488214818 SW 55.945244076690635 -3.189437014182536 545.761128 701.778493
55.945244076690635 -3.189437014182536 SSW 55.94496691283088 -3.1895518192122454 545.761128 700.528493
55.94496691283088 -3.1895518192122454 SW 55.94475478079652 -3.189763951246601 545.761128 699.278493
55.94475478079652 -3.189763951246601 SSW 55.944477616936766 -3.1898787562763107 641.843203 732.613578
55.944477616936766 -3.1898787562763107 SW 55.94426548490241 -3.1900908883106665 652.620705 793.105800
55.94426548490241 -3.1900908883106665 SSW 55.94398832104265 -3.190205693340376 652.620705 791.855800
55.94398832104265 -3.190205693340376 SW 55.9437761890083 -3.1904178253747317 652.620705 790.605800
55.9437761890083 -3.1904178253747317 SSW 55.94349902514854 -3.1905326304044412 674.914819 800.414364
55.94349902514854 -3.1905326304044412 SW 55.943286893114184 -3.190744762438797 674.914819 799.164364
55.943286893114184 -3.190744762438797 SSW 55.94300972925443 -3.1908595674685065 674.914819 797.914364
55.94300972925443 -3.1908595674685065 SW 55.94279759722007 -3.1910716995028623 674.914819 796.664364
55.94279759722007 -3.1910716995028623 E 55.94279759722007 -3.190771699502862 752.570236 878.906243
55.94279759722007 -3.190771699502862 E 55.94279759722007 -3.190471699502862 752.570236 877.656243
55.94279759722007 -3.190471699502862 E 55.94279759722007 -3.1901716995028617 752.570236 876.406243
55.94279759722007 -3.1901716995028617 ENE 55.94291240224978 -3.1898945356431083 752.570236 875.156243
55.94291240224978 -3.1898945356431083 E 55.94291240224978 -3.189594535643108 707.174776 859.209622
55.94291240224978 -3.189594535643108 ENE 55.94302720727949 -3.1893173717833547 707.174776 857.959622
55.94302720727949 -3.1893173717833547 E 55.94302720727949 -3.1890173717833545 707.174776 856.709622
55.94302720727949 -3.1890173717833545 ENE 55.9431420123092 -3.188740207923601 707.174776 855.459622
55.9431420123092 -3.188740207923601 E 55.9431420123092 -3.188440207923601 707.174776 854.209622
55.9431420123092 -3.188440207923601 ENE 55.94325681733891 -3.1881630440638475 707.174776 852.959622
55.94325681733891 -3.1881630440638475 E 55.94325681733891 -3.1878630440638474 707.174776 851.709622
55.94325681733891 -3.1878630440638474 ENE 55.94337162236862 -3.187585880204094 707.174776 850.459622
55.94337162236862 -3.187585880204094 E 55.94337162236862 -3.1872858802040938 707.174776 849.209622
55.94337162236862 -3.1872858802040938 ENE 55.943486427398334 -3.1870087163443404 707.174776 847.959622
55.943486427398334 -3.1870087163443404 E 55.943486427398334 -3.18670871634434 702.348172 787.666348
55.943486427398334 -3.18670871634434 ENE 55.943601232428044 -3.1864315524845868 702.348172 786.416348
55.943601232428044 -3.1864315524845868 E 55.943601232428044 -3.1861315524845866 702.348172 785.166348
55.943601232428044 -3.1861315524845866 ENE 55.943716037457754 -3.185854388624833 702.348172 783.916348
55.943716037457754 -3.185854388624833 E 55.943716037457754 -3.185554388624833 702.348172 782.666348
55.943716037457754 -3.185554388624833 ENE 55.943830842487465 -3.1852772247650796 702.348172 781.416348
55.943830842487465 -3.1852772247650796 E 55.943830842487465 -3.1849772247650794 702.348172 780.166348
55.943830842487465 -3.1849772247650794 ENE 55.943945647517175 -3.184700060905326 702.348172 778.916348
55.943945647517175 -3.184700060905326 W 55.943945647517175 -3.185000060905326 788.223969 853.681065
55.943945647517175 -3.185000060905326 W 55.943945647517175 -3.1853000609053264 788.223969 852.431065
55.943945647517175 -3.1853000609053264 W 55.943945647517175 -3.1856000609053265 788.223969 851.181065
55.943945647517175 -3.1856000609053265 W 55.943945647517175 -3.1859000609053267 788.223969 849.931065
55.943945647517175 -3.1859000609053267 W 55.943945647517175 -3.186200060905327 788.223969 848.681065
55.943945647517175 -3.186200060905327 W 55.943945647517175 -3.186500060905327 819.885672 927.002430
55.943945647517175 -3.186500060905327 W 55.943945647517175 -3.1868000609053273 819.885672 925.752430
55.943945647517175 -3.1868000609053273 W 55.943945647517175 -3.1871000609053275 819.885672 924.502430
55.943945647517175 -3.1871000609053275 W 55.943945647517175 -3.1874000609053277 819.885672 923.252430
55.943945647517175 -3.1874000609053277 W 55.943945647517175 -3.187700060905328 819.885672 922.002430
55.943945647517175 -3.187700060905328 W 55.943945647517175 -3.188000060905328 819.885672 920.752430
55.943945647517175 -3.188000060905328 W 55.943945647517175 -3.1883000609053282 819.885672 919.502430
55.943945647517175 -3.1883000609053282 W 55.943945647517175 -3.1886000609053284 819.885672 918.252430
55.943945647517175 -3.1886000609053284 W 55.943945647517175 -3.1889000609053286 819.885672 917.002430
55.943945647517175 -3.1889000609053286 W 55.943945647517175 -3.189200060905329 819.885672 915.752430
55.943945647517175 -3.189200060905329 W 55.943945647517175 -3.189500060905329 819.885672 914.502430
55.943945647517175 -3.189500060905329 W 55.943945647517175 -3.189800060905329 819.885672 913.252430
55.943945647517175 -3.189800060905329 W 55.943945647517175 -3.1901000609053294 819.885672 912.002430
55.943945647517175 -3.1901000609053294 W 55.943945647517175 -3.1904000609053296 819.885672 910.752430
55.943945647517175 -3.1904000609053296 W 55.943945647517175 -3.1907000609053298 819.885672 909.502430
55.943945647517175 -3.1907000609053298 W 55.943945647517175 -3.19100006090533 819.885672 908.252430
55.943945647517175 -3.19100006090533 W 55.943945647517175 -3.19130006090533 819.885672 907.002430
55.943945647517175 -3.19130006090533 NE 55.94415777955153 -3.1910879288709744 864.199712 911.366064
55.94415777955153 -3.1910879288709744 NE 55.94436991158589 -3.1908757968366186 864.199712 910.116064
55.94436991158589 -3.1908757968366186 NNE 55.944647075445644 -3.190760991806909 864.199712 908.866064
55.944647075445644 -3.190760991806909 NE 55.94485920748 -3.1905488597725533 864.199712 907.616064
55.94485920748 -3.1905488597725533 NNE 55.94513637133976 -3.190434054742844 864.199712 906.366064
55.94513637133976 -3.190434054742844 SSW 55.94485920748 -3.1905488597725533 979.972094 991.173259
55.94485920748 -3.1905488597725533 SSW 55.944582043620244 -3.190663664802263 979.972094 989.923259
55.944582043620244 -3.190663664802263 SW 55.94436991158589 -3.1908757968366186 979.972094 988.673259
55.94436991158589 -3.1908757968366186 SSW 55.94409274772613 -3.190990601866328 979.972094 987.423259
55.94409274772613 -3.190990601866328 SW 55.943880615691775 -3.191202733900684 979.972094 986.173259
55.943880615691775 -3.191202733900684 NNW 55.94415777955153 -3.1913175389303934 1041.669605 1006.287803
55.94415777955153 -3.1913175389303934 NW 55.94436991158589 -3.191529670964749 1041.669605 1005.037803
55.94436991158589 -3.191529670964749 NW 55.944582043620244 -3.191741802999105 1133.764459 1008.882967
55.944582043620244 -3.191741802999105 NW 55.9447941756546 -3.1919539350334607 1222.923205 1110.423772
55.9447941756546 -3.1919539350334607 NW 55.945006307688956 -3.1921660670678165 1222.923205 1109.173772
55.945006307688956 -3.1921660670678165 NW 55.94521843972331 -3.1923781991021722 1222.923205 1107.923772
55.94521843972331 -3.1923781991021722 SSE 55.944941275863556 -3.1922633940724627 1308.349381 1144.687569
55.944941275863556 -3.1922633940724627 SSE 55.9446641120038 -3.1921485890427532 1308.349381 1143.437569
55.9446641120038 -3.1921485890427532 SE 55.94445197996944 -3.1919364570083975 1308.349381 1142.187569
55.94445197996944 -3.1919364570083975 SSE 55.94417481610969 -3.191821651978688 1308.349381 1140.937569
55.94417481610969 -3.191821651978688 ENE 55.9442896211394 -3.1915444881189345 1324.004588 1180.450996
55.9442896211394 -3.1915444881189345 ENE 55.94440442616911 -3.191267324259181 1324.004588 1179.200996
55.94440442616911 -3.191267324259181 ENE 55.94451923119882 -3.1909901603994277 1324.004588 1177.950996
55.94451923119882 -3.1909901603994277 E 55.94451923119882 -3.1906901603994275 1324.004588 1176.700996
55.94451923119882 -3.1906901603994275 ENE 55.94463403622853 -3.190412996539674 1324.004588 1175.450996
55.94463403622853 -3.190412996539674 E 55.94463403622853 -3.190112996539674 1384.802313 1210.719105
55.94463403622853 -3.190112996539674 ENE 55.94474884125824 -3.1898358326799205 1384.802313 1209.469105
55.94474884125824 -3.1898358326799205 E 55.94474884125824 -3.1895358326799204 1384.802313 1208.219105
55.94474884125824 -3.1895358326799204 ENE 55.94486364628795 -3.189258668820167 1384.802313 1206.969105
55.94486364628795 -3.189258668820167 E 55.94486364628795 -3.1889586688201668 1384.802313 1205.719105
55.94486364628795 -3.1889586688201668 ENE 55.94497845131766 -3.1886815049604134 1384.802313 1204.469105
55.94497845131766 -3.1886815049604134 E 55.94497845131766 -3.188381504960413 1384.802313 1203.219105
55.94497845131766 -3.188381504960413 ENE 55.94509325634737 -3.1881043411006598 1384.802313 1201.969105
55.94509325634737 -3.1881043411006598 E 55.94509325634737 -3.1878043411006596 1384.802313 1200.719105
55.94509325634737 -3.1878043411006596 ENE 55.94520806137708 -3.187527177240906 1384.802313 1199.469105
55.94520806137708 -3.187527177240906 E 55.94520806137708 -3.187227177240906 1384.802313 1198.219105
55.94520806137708 -3.187227177240906 ENE 55.94532286640679 -3.1869500133811526 1384.802313 1196.969105
55.94532286640679 -3.1869500133811526 E 55.94532286640679 -3.1866500133811524 1384.802313 1195.719105
55.94532286640679 -3.1866500133811524 ENE 55.9454376714365 -3.186372849521399 1384.802313 1194.469105
55.9454376714365 -3.186372849521399 E 55.9454376714365 -3.186072849521399 1294.144553 1171.183406
55.9454376714365 -3.186072849521399 ENE 55.94555247646621 -3.1857956856616454 1294.144553 1169.933406
55.94555247646621 -3.1857956856616454 E 55.94555247646621 -3.185495685661645 1294.144553 1168.683406
55.94555247646621 -3.185495685661645 ENE 55.94566728149592 -3.185218521801892 1294.144553 1167.433406
55.94566728149592 -3.185218521801892 E 55.94566728149592 -3.1849185218018916 1294.144553 1166.183406
55.94566728149592 -3.1849185218018916 ENE 55.94578208652563 -3.184641357942138 1294.144553 1164.933406
55.94578208652563 -3.184641357942138 E 55.94578208652563 -3.184341357942138 1294.144553 1163.683406
55.94578208652563 -3.184341357942138 WSW 55.94566728149592 -3.1846185218018914 1363.603067 1278.517802
55.94566728149592 -3.1846185218018914 WSW 55.94555247646621 -3.184895685661645 1363.603067 1277.267802
55.94555247646621 -3.184895685661645 WSW 55.9454376714365 -3.1851728495213982 1363.603067 1276.017802
55.9454376714365 -3.1851728495213982 WSW 55.94532286640679 -3.1854500133811516 1363.603067 1274.767802
55.94532286640679 -3.1854500133811516 WSW 55.94520806137708 -3.185727177240905 1363.603067 1273.517802
55.94520806137708 -3.185727177240905 WSW 55.94509325634737 -3.1860043411006584 1363.603067 1272.267802
55.94509325634737 -3.1860043411006584 WSW 55.94497845131766 -3.186281504960412 1363.603067 1271.017802
55.94497845131766 -3.186281504960412 WSW 55.94486364628795 -3.1865586688201653 1363.603067 1269.767802
55.94486364628795 -3.1865586688201653 WSW 55.94474884125824 -3.1868358326799187 1363.603067 1268.517802
55.94474884125824 -3.1868358326799187 SW 55.94453670922388 -3.1870479647142744 1363.603067 1267.267802
55.94453670922388 -3.1870479647142744 WSW 55.94442190419417 -3.187325128574028 1363.603067 1266.017802
55.94442190419417 -3.187325128574028 SW 55.944209772159816 -3.1875372606083836 1363.603067 1264.767802
55.944209772159816 -3.1875372606083836 WSW 55.944094967130106 -3.187814424468137 1363.603067 1263.517802
55.944094967130106 -3.187814424468137 SW 55.94388283509575 -3.188026556502493 1363.603067 1262.267802
55.94388283509575 -3.188026556502493 WSW 55.94376803006604 -3.188303720362246 1363.603067 1261.017802
55.94376803006604 -3.188303720362246 SW 55.94355589803168 -3.188515852396602 1363.603067 1259.767802
55.94355589803168 -3.188515852396602 WSW 55.94344109300197 -3.1887930162563554 1363.603067 1258.517802
55.94344109300197 -3.1887930162563554 SW 55.943228960967616 -3.189005148290711 1363.603067 1257.267802
55.943228960967616 -3.189005148290711 WSW 55.943114155937906 -3.1892823121504645 1363.603067 1256.017802
55.943114155937906 -3.1892823121504645 SW 55.94290202390355 -3.1894944441848203 1363.603067 1254.767802
55.94290202390355 -3.1894944441848203 WSW 55.94278721887384 -3.1897716080445737 1363.603067 1253.517802
55.94278721887384 -3.1897716080445737 NE 55.942999350908195 -3.189559476010218 1413.041499 1322.100525
55.942999350908195 -3.189559476010218 NE 55.94321148294255 -3.189347343975862 1413.041499 1320.850525
55.94321148294255 -3.189347343975862 NE 55.94342361497691 -3.1891352119415064 1413.041499 1319.600525
55.94342361497691 -3.1891352119415064 NNE 55.943700778836664 -3.189020406911797 1413.041499 1318.350525
55.943700778836664 -3.189020406911797 NE 55.94391291087102 -3.188808274877441 1413.041499 1317.100525
55.94391291087102 -3.188808274877441 NNE 55.94419007473078 -3.1886934698477316 1413.041499 1315.850525
55.94419007473078 -3.1886934698477316 NE 55.94440220676513 -3.188481337813376 1389.213777 1290.704591
55.94440220676513 -3.188481337813376 NNE 55.94467937062489 -3.1883665327836663 1389.213777 1289.454591
55.94467937062489 -3.1883665327836663 NE 55.944891502659246 -3.1881544007493106 1389.213777 1288.204591
55.944891502659246 -3.1881544007493106 NNE 55.945168666519 -3.188039595719601 1389.213777 1286.954591
55.945168666519 -3.188039595719601 NE 55.94538079855336 -3.1878274636852453 1389.213777 1285.704591
55.94538079855336 -3.1878274636852453 NNE 55.945657962413115 -3.1877126586555358 1389.213777 1284.454591
55.945657962413115 -3.1877126586555358 W 55.945657962413115 -3.188012658655536 1400.047760 1365.773681
55.945657962413115 -3.188012658655536 W 55.945657962413115 -3.188312658655536 1400.047760 1364.523681
55.945657962413115 -3.188312658655536 W 55.945657962413115 -3.1886126586555363 1400.047760 1363.273681
55.945657962413115 -3.1886126586555363 W 55.945657962413115 -3.1889126586555365 1400.047760 1362.023681
55.945657962413115 -3.1889126586555365 W 55.945657962413115 -3.1892126586555367 1400.047760 1360.773681
55.945657962413115 -3.1892126586555367 W 55.945657962413115 -3.189512658655537 1400.047760 1359.523681
55.945657962413115 -3.189512658655537 WSW 55.945543157383405 -3.1897898225152903 1400.047760 1358.273681
55.945543157383405 -3.1897898225152903 W 55.945543157383405 -3.1900898225152905 1400.047760 1357.023681
55.945543157383405 -3.1900898225152905 WSW 55.945428352353694 -3.190366986375044 1400.047760 1355.773681
55.945428352353694 -3.190366986375044 W 55.945428352353694 -3.190666986375044 1400.047760 1354.523681
55.945428352353694 -3.190666986375044 WSW 55.945313547323984 -3.1909441502347975 1400.047760 1353.273681
55.945313547323984 -3.1909441502347975 E 55.945313547323984 -3.1906441502347973 1463.977687 1469.903291
55.945313547323984 -3.1906441502347973 E 55.945313547323984 -3.190344150234797 1463.977687 1468.653291
55.945313547323984 -3.190344150234797 E 55.945313547323984 -3.190044150234797 1463.977687 1467.403291
55.945313547323984 -3.190044150234797 E 55.945313547323984 -3.1897441502347967 1463.977687 1466.153291
55.945313547323984 -3.1897441502347967 E 55.945313547323984 -3.1894441502347965 1463.977687 1464.903291
55.945313547323984 -3.1894441502347965 E 55.945313547323984 -3.1891441502347964 1463.977687 1463.653291
55.945313547323984 -3.1891441502347964 E 55.945313547323984 -3.188844150234796 1463.977687 1462.403291
55.945313547323984 -3.188844150234796 E 55.945313547323984 -3.188544150234796 1463.977687 1461.153291
55.945313547323984 -3.188544150234796 E 55.945313547323984 -3.188244150234796 1463.977687 1459.903291
55.945313547323984 -3.188244150234796 E 55.945313547323984 -3.1879441502347956 1463.977687 1458.653291
55.945313547323984 -3.1879441502347956 E 55.945313547323984 -3.1876441502347954 1463.977687 1457.403291
55.945313547323984 -3.1876441502347954 E 55.945313547323984 -3.1873441502347952 1463.977687 1456.153291
55.945313547323984 -3.1873441502347952 E 55.945313547323984 -3.187044150234795 1463.977687 1454.903291
55.945313547323984 -3.187044150234795 E 55.945313547323984 -3.186744150234795 1463.977687 1453.653291
55.945313547323984 -3.186744150234795 E 55.945313547323984 -3.1864441502347947 1463.977687 1452.403291
55.945313547323984 -3.1864441502347947 E 55.945313547323984 -3.1861441502347945 1463.977687 1451.153291
55.945313547323984 -3.1861441502347945 E 55.945313547323984 -3.1858441502347943 1463.977687 1449.903291
55.945313547323984 -3.1858441502347943 ESE 55.945198742294274 -3.185566986375041 1463.977687 1448.653291
55.945198742294274 -3.185566986375041 E 55.945198742294274 -3.1852669863750407 1463.977687 1447.403291
55.945198742294274 -3.1852669863750407 ESE 55.94508393726456 -3.1849898225152873 1463.977687 1446.153291
55.94508393726456 -3.1849898225152873 E 55.94508393726456 -3.184689822515287 1413.870086 1326.373638
55.94508393726456 -3.184689822515287 W 55.94508393726456 -3.1849898225152873 1446.662947 1412.233641
55.94508393726456 -3.1849898225152873 WSW 55.94496913223485 -3.1852669863750407 1446.662947 1410.983641
55.94496913223485 -3.1852669863750407 WSW 55.94485432720514 -3.185544150234794 1446.662947 1409.733641
55.94485432720514 -3.185544150234794 WSW 55.94473952217543 -3.1858213140945475 1446.662947 1408.483641
55.94473952217543 -3.1858213140945475 WSW 55.94462471714572 -3.186098477954301 1446.662947 1407.233641
55.94462471714572 -3.186098477954301 SW 55.944412585111365 -3.1863106099886567 1446.662947 1405.983641
55.944412585111365 -3.1863106099886567 WSW 55.944297780081655 -3.18658777384841 1446.662947 1404.733641
55.944297780081655 -3.18658777384841 SW 55.9440856480473 -3.186799905882766 1442.216098 1299.234708
55.9440856480473 -3.186799905882766 NE 55.944297780081655 -3.18658777384841 1552.825067 1369.396220
55.944297780081655 -3.18658777384841 E 55.944297780081655 -3.18628777384841 1552.825067 1368.146220
55.944297780081655 -3.18628777384841 W 55.944297780081655 -3.18658777384841 1552.825067 1366.896220
55.944297780081655 -3.18658777384841 SW 55.9440856480473 -3.186799905882766 1552.825067 1365.646220
55.9440856480473 -3.186799905882766 S 55.943785648047296 -3.186799905882766 1552.825067 1364.396220
55.943785648047296 -3.186799905882766 NNW 55.94406281190705 -3.1869147109124754 1552.825067 1363.146220
55.94406281190705 -3.1869147109124754 SSE 55.943785648047296 -3.186799905882766 1552.825067 1361.896220
55.943785648047296 -3.186799905882766 NW 55.94399778008165 -3.1870120379171216 1552.825067 1360.646220
55.94399778008165 -3.1870120379171216 SW 55.943785648047296 -3.1872241699514774 1552.825067 1359.396220
55.943785648047296 -3.1872241699514774 WSW 55.943670843017586 -3.187501333811231 1552.825067 1358.146220
55.943670843017586 -3.187501333811231 SSE 55.94339367915783 -3.1873865287815213 1552.825067 1356.896220
55.94339367915783 -3.1873865287815213 S 55.943093679157826 -3.1873865287815213 1552.825067 1355.646220
55.943093679157826 -3.1873865287815213 NNW 55.94337084301758 -3.187501333811231 1552.825067 1354.396220
55.94337084301758 -3.187501333811231 SSE 55.943093679157826 -3.1873865287815213 1552.825067 1353.146220
55.943093679157826 -3.1873865287815213 S 55.94279367915782 -3.1873865287815213 1552.825067 1351.896220
55.94279367915782 -3.1873865287815213 NNE 55.94307084301758 -3.187271723751812 1552.825067 1350.646220
55.94307084301758 -3.187271723751812 SW 55.942858710983224 -3.1874838557861676 1552.825067 1349.396220
55.942858710983224 -3.1874838557861676 ESE 55.94274390595351 -3.187206691926414 1552.825067 1348.146220
55.94274390595351 -3.187206691926414 NE 55.94295603798787 -3.1869945598920584 1552.825067 1346.896220
55.94295603798787 -3.1869945598920584 E 55.94295603798787 -3.186694559892058 1552.825067 1345.646220
55.94295603798787 -3.186694559892058 NE 55.943168170022226 -3.1864824278577024 1552.825067 1344.396220
55.943168170022226 -3.1864824278577024 S 55.94286817002222 -3.1864824278577024 1552.825067 1343.146220
55.94286817002222 -3.1864824278577024 NNW 55.94314533388198 -3.186597232887412 1521.358237 1282.248550
55.94314533388198 -3.186597232887412 N 55.94344533388198 -3.186597232887412 1521.358237 1280.998550
55.94344533388198 -3.186597232887412 NNW 55.94372249774174 -3.1867120379171214 1521.358237 1279.748550
55.94372249774174 -3.1867120379171214 WNW 55.94383730277145 -3.186989201776875 1521.358237 1278.498550
55.94383730277145 -3.186989201776875 NW 55.944049434805805 -3.1872013338112306 1521.358237 1277.248550
