55.944425 -3.188396 ENE 55.94453980502971 -3.1881188361402466 0.000000 248.750000
55.94453980502971 -3.1881188361402466 ENE 55.94465461005942 -3.187841672280493 0.000000 247.500000
55.94465461005942 -3.187841672280493 ENE 55.944769415089134 -3.18756450842074 0.000000 246.250000
55.944769415089134 -3.18756450842074 ENE 55.944884220118844 -3.1872873445609864 0.000000 245.000000
55.944884220118844 -3.1872873445609864 ENE 55.944999025148554 -3.187010180701233 49.270928 256.824749
55.944999025148554 -3.187010180701233 ENE 55.945113830178265 -3.1867330168414796 0.000000 131.704170
55.945113830178265 -3.1867330168414796 ENE 55.945228635207975 -3.186455852981726 0.000000 130.454170
55.945228635207975 -3.186455852981726 ENE 55.945343440237686 -3.1861786891219728 0.000000 129.204170
55.945343440237686 -3.1861786891219728 ENE 55.945458245267396 -3.1859015252622194 0.000000 127.954170
55.945458245267396 -3.1859015252622194 S 55.94515824526739 -3.1859015252622194 113.887452 161.557950
55.94515824526739 -3.1859015252622194 S 55.94485824526739 -3.1859015252622194 220.206845 177.434411
55.94485824526739 -3.1859015252622194 S 55.94455824526739 -3.1859015252622194 235.925669 269.476424
55.94455824526739 -3.1859015252622194 SSE 55.94428108140763 -3.18578672023251 235.925669 268.226424
55.94428108140763 -3.18578672023251 S 55.94398108140763 -3.18578672023251 235.925669 266.976424
55.94398108140763 -3.18578672023251 SSE 55.94370391754787 -3.1856719152028004 235.925669 265.726424
55.94370391754787 -3.1856719152028004 S 55.94340391754787 -3.1856719152028004 313.140754 273.632146
55.94340391754787 -3.1856719152028004 SSE 55.94312675368811 -3.185557110173091 313.140754 272.382146
55.94312675368811 -3.185557110173091 S 55.94282675368811 -3.185557110173091 348.280399 331.473396
55.94282675368811 -3.185557110173091 NNE 55.943103917547866 -3.1854423051433813 348.280399 330.223396
55.943103917547866 -3.1854423051433813 NNE 55.94338108140762 -3.185327500113672 348.280399 328.973396
55.94338108140762 -3.185327500113672 NNE 55.94365824526738 -3.1852126950839623 348.280399 327.723396
55.94365824526738 -3.1852126950839623 NNE 55.943935409127135 -3.185097890054253 348.280399 326.473396
55.943935409127135 -3.185097890054253 NNE 55.94421257298689 -3.1849830850245433 348.280399 325.223396
55.94421257298689 -3.1849830850245433 NNE 55.94448973684665 -3.184868279994834 348.280399 323.973396
55.94448973684665 -3.184868279994834 NNE 55.944766900706405 -3.1847534749651243 348.280399 322.723396
55.944766900706405 -3.1847534749651243 NNE 55.94504406456616 -3.184638669935415 348.280399 321.473396
55.94504406456616 -3.184638669935415 NNE 55.94532122842592 -3.1845238649057053 381.073260 407.333400
55.94532122842592 -3.1845238649057053 NNE 55.945598392285675 -3.1844090598759958 381.073260 406.083400
55.945598392285675 -3.1844090598759958 N 55.94589839228568 -3.1844090598759958 450.531774 520.917796
55.94589839228568 -3.1844090598759958 WSW 55.94578358725597 -3.184686223735749 450.531774 519.667796
55.94578358725597 -3.184686223735749 WSW 55.94566878222626 -3.1849633875955026 450.531774 518.417796
55.94566878222626 -3.1849633875955026 WSW 55.945553977196546 -3.185240551455256 450.531774 517.167796
55.945553977196546 -3.185240551455256 WSW 55.945439172166836 -3.1855177153150094 450.531774 515.917796
55.945439172166836 -3.1855177153150094 WSW 55.945324367137125 -3.185794879174763 450.531774 514.667796
55.945324367137125 -3.185794879174763 WSW 55.945209562107415 -3.186072043034516 450.531774 513.417796
55.945209562107415 -3.186072043034516 WSW 55.945094757077705 -3.1863492068942696 450.531774 512.167796
55.945094757077705 -3.1863492068942696 WSW 55.944979952047994 -3.186626370754023 450.531774 510.917796
55.944979952047994 -3.186626370754023 WSW 55.944865147018284 -3.1869035346137764 450.531774 509.667796
55.944865147018284 -3.1869035346137764 WSW 55.94475034198857 -3.18718069847353 395.789416 508.417796
55.94475034198857 -3.18718069847353 WSW 55.94463553695886 -3.187457862333283 395.789416 507.167796
55.94463553695886 -3.187457862333283 WSW 55.94452073192915 -3.1877350261930366 395.789416 505.917796
55.94452073192915 -3.1877350261930366 WSW 55.94440592689944 -3.18801219005279 395.789416 504.667796
55.94440592689944 -3.18801219005279 WSW 55.94429112186973 -3.1882893539125434 395.789416 503.417796
55.94429112186973 -3.1882893539125434 W 55.94429112186973 -3.1885893539125436 395.789416 502.167796
55.94429112186973 -3.1885893539125436 WSW 55.94417631684002 -3.188866517772297 371.961694 477.021861
55.94417631684002 -3.188866517772297 W 55.94417631684002 -3.189166517772297 371.961694 475.771861
55.94417631684002 -3.189166517772297 WSW 55.94406151181031 -3.1894436816320506 371.961694 474.521861
55.94406151181031 -3.1894436816320506 W 55.94406151181031 -3.189743681632051 371.961694 473.271861
55.94406151181031 -3.189743681632051 WSW 55.9439467067806 -3.190020845491804 371.961694 472.021861
55.9439467067806 -3.190020845491804 W 55.9439467067806 -3.1903208454918044 371.961694 470.771861
55.9439467067806 -3.1903208454918044 WSW 55.94383190175089 -3.190598009351558 394.255808 480.580425
55.94383190175089 -3.190598009351558 W 55.94383190175089 -3.190898009351558 394.255808 479.330425
55.94383190175089 -3.190898009351558 WSW 55.94371709672118 -3.1911751732113114 394.255808 478.080425
55.94371709672118 -3.1911751732113114 S 55.94341709672118 -3.1911751732113114 455.953319 498.194969
55.94341709672118 -3.1911751732113114 S 55.943117096721174 -3.1911751732113114 387.500343 492.995314
55.943117096721174 -3.1911751732113114 SSE 55.94283993286142 -3.191060368181602 387.500343 491.745314
55.94283993286142 -3.191060368181602 ENE 55.94295473789113 -3.1907832043218485 465.155760 573.987193
55.94295473789113 -3.1907832043218485 ENE 55.94306954292084 -3.190506040462095 465.155760 572.737193
55.94306954292084 -3.190506040462095 ENE 55.94318434795055 -3.1902288766023417 465.155760 571.487193
55.94318434795055 -3.1902288766023417 ENE 55.94329915298026 -3.1899517127425883 465.155760 570.237193
55.94329915298026 -3.1899517127425883 ENE 55.94341395800997 -3.189674548882835 419.760300 554.290571
55.94341395800997 -3.189674548882835 ENE 55.94352876303968 -3.1893973850230815 419.760300 553.040571
55.94352876303968 -3.1893973850230815 ENE 55.94364356806939 -3.189120221163328 419.760300 551.790571
55.94364356806939 -3.189120221163328 ENE 55.9437583730991 -3.1888430573035746 476.398860 634.202613
55.9437583730991 -3.1888430573035746 ENE 55.94387317812881 -3.1885658934438212 476.398860 632.952613
55.94387317812881 -3.1885658934438212 E 55.94387317812881 -3.188265893443821 476.398860 631.702613
55.94387317812881 -3.188265893443821 ENE 55.94398798315852 -3.1879887295840676 549.768247 707.781449
55.94398798315852 -3.1879887295840676 E 55.94398798315852 -3.1876887295840675 549.768247 706.531449
55.94398798315852 -3.1876887295840675 ENE 55.94410278818823 -3.187411565724314 549.768247 705.281449
55.94410278818823 -3.187411565724314 E 55.94410278818823 -3.187111565724314 549.768247 704.031449
55.94410278818823 -3.187111565724314 ENE 55.94421759321794 -3.1868344018645605 549.768247 702.781449
55.94421759321794 -3.1868344018645605 W 55.94421759321794 -3.1871344018645607 660.377216 772.942961
55.94421759321794 -3.1871344018645607 W 55.94421759321794 -3.187434401864561 660.377216 771.692961
55.94421759321794 -3.187434401864561 W 55.94421759321794 -3.187734401864561 660.377216 770.442961
55.94421759321794 -3.187734401864561 W 55.94421759321794 -3.188034401864561 660.377216 769.192961
55.94421759321794 -3.188034401864561 W 55.94421759321794 -3.1883344018645614 634.434808 757.774479
55.94421759321794 -3.1883344018645614 WNW 55.94433239824765 -3.188611565724315 634.434808 756.524479
55.94433239824765 -3.188611565724315 W 55.94433239824765 -3.188911565724315 634.434808 755.274479
55.94433239824765 -3.188911565724315 WNW 55.94444720327736 -3.1891887295840684 634.434808 754.024479
55.94444720327736 -3.1891887295840684 W 55.94444720327736 -3.1894887295840686 634.434808 752.774479
55.94444720327736 -3.1894887295840686 WNW 55.944562008307074 -3.189765893443822 634.434808 751.524479
55.944562008307074 -3.189765893443822 W 55.944562008307074 -3.190065893443822 730.516882 784.859565
55.944562008307074 -3.190065893443822 WNW 55.944676813336784 -3.1903430573035756 741.294384 845.351787
55.944676813336784 -3.1903430573035756 ESE 55.944562008307074 -3.190065893443822 802.092110 880.619895
55.944562008307074 -3.190065893443822 ESE 55.94444720327736 -3.189788729584069 802.092110 879.369895
55.94444720327736 -3.189788729584069 ESE 55.94433239824765 -3.1895115657243154 802.092110 878.119895
55.94433239824765 -3.1895115657243154 SE 55.9441202662133 -3.1892994336899596 802.092110 876.869895
55.9441202662133 -3.1892994336899596 ESE 55.944005461183586 -3.189022269830206 802.092110 875.619895
55.944005461183586 -3.189022269830206 SE 55.94379332914923 -3.1888101377958504 802.092110 874.369895
55.94379332914923 -3.1888101377958504 ESE 55.94367852411952 -3.188532973936097 802.092110 873.119895
55.94367852411952 -3.188532973936097 SE 55.94346639208516 -3.1883208419017413 802.092110 871.869895
55.94346639208516 -3.1883208419017413 ESE 55.94335158705545 -3.188043678041988 802.092110 870.619895
55.94335158705545 -3.188043678041988 SE 55.9431394550211 -3.187831546007632 802.092110 869.369895
55.9431394550211 -3.187831546007632 ESE 55.943024649991386 -3.1875543821478787 802.092110 868.119895
55.943024649991386 -3.1875543821478787 SE 55.94281251795703 -3.187342250113523 802.092110 866.869895
55.94281251795703 -3.187342250113523 ESE 55.94269771292732 -3.1870650862537695 802.092110 865.619895
55.94269771292732 -3.1870650862537695 ENE 55.94281251795703 -3.186787922394016 826.118765 981.466621
55.94281251795703 -3.186787922394016 ENE 55.94292732298674 -3.1865107585342627 794.651935 920.568951
55.94292732298674 -3.1865107585342627 ENE 55.94304212801645 -3.1862335946745093 794.651935 919.318951
55.94304212801645 -3.1862335946745093 ENE 55.94315693304616 -3.185956430814756 794.651935 918.068951
55.94315693304616 -3.185956430814756 ENE 55.94327173807587 -3.1856792669550025 794.651935 916.818951
55.94327173807587 -3.1856792669550025 ENE 55.94338654310558 -3.185402103095249 794.651935 915.568951
55.94338654310558 -3.185402103095249 NE 55.94359867513994 -3.1851899710608933 794.651935 914.318951
55.94359867513994 -3.1851899710608933 ENE 55.94371348016965 -3.18491280720114 794.651935 913.068951
55.94371348016965 -3.18491280720114 NE 55.943925612204005 -3.184700675166784 794.651935 911.818951
55.943925612204005 -3.184700675166784 W 55.943925612204005 -3.1850006751667843 880.527732 986.583667
55.943925612204005 -3.1850006751667843 W 55.943925612204005 -3.1853006751667845 880.527732 985.333667
55.943925612204005 -3.1853006751667845 W 55.943925612204005 -3.1856006751667847 880.527732 984.083667
55.943925612204005 -3.1856006751667847 W 55.943925612204005 -3.185900675166785 880.527732 982.833667
55.943925612204005 -3.185900675166785 W 55.943925612204005 -3.186200675166785 880.527732 981.583667
55.943925612204005 -3.186200675166785 W 55.943925612204005 -3.1865006751667853 912.189435 1059.905033
55.943925612204005 -3.1865006751667853 W 55.943925612204005 -3.1868006751667854 912.189435 1058.655033
55.943925612204005 -3.1868006751667854 W 55.943925612204005 -3.1871006751667856 912.189435 1057.405033
55.943925612204005 -3.1871006751667856 W 55.943925612204005 -3.187400675166786 912.189435 1056.155033
55.943925612204005 -3.187400675166786 W 55.943925612204005 -3.187700675166786 912.189435 1054.905033
55.943925612204005 -3.187700675166786 W 55.943925612204005 -3.188000675166786 912.189435 1053.655033
55.943925612204005 -3.188000675166786 W 55.943925612204005 -3.1883006751667864 912.189435 1052.405033
55.943925612204005 -3.1883006751667864 W 55.943925612204005 -3.1886006751667866 912.189435 1051.155033
55.943925612204005 -3.1886006751667866 W 55.943925612204005 -3.1889006751667868 912.189435 1049.905033
55.943925612204005 -3.1889006751667868 W 55.943925612204005 -3.189200675166787 912.189435 1048.655033
55.943925612204005 -3.189200675166787 W 55.943925612204005 -3.189500675166787 912.189435 1047.405033
55.943925612204005 -3.189500675166787 W 55.943925612204005 -3.1898006751667873 912.189435 1046.155033
55.943925612204005 -3.1898006751667873 W 55.943925612204005 -3.1901006751667875 912.189435 1044.905033
55.943925612204005 -3.1901006751667875 W 55.943925612204005 -3.1904006751667877 912.189435 1043.655033
55.943925612204005 -3.1904006751667877 W 55.943925612204005 -3.190700675166788 912.189435 1042.405033
55.943925612204005 -3.190700675166788 W 55.943925612204005 -3.191000675166788 912.189435 1041.155033
55.943925612204005 -3.191000675166788 W 55.943925612204005 -3.1913006751667883 912.189435 1039.905033
55.943925612204005 -3.1913006751667883 WNW 55.944040417233715 -3.1915778390265417 956.503475 1044.268666
55.944040417233715 -3.1915778390265417 N 55.94434041723372 -3.1915778390265417 972.158682 1083.782094
55.94434041723372 -3.1915778390265417 NNE 55.944617581093475 -3.191463033996832 1064.253536 1087.627257
55.944617581093475 -3.191463033996832 ENE 55.944732386123185 -3.1911858701370788 1064.253536 1086.377257
55.944732386123185 -3.1911858701370788 ENE 55.944847191152896 -3.1909087062773254 1064.253536 1085.127257
55.944847191152896 -3.1909087062773254 ENE 55.944961996182606 -3.190631542417572 1064.253536 1083.877257
55.944961996182606 -3.190631542417572 ENE 55.945076801212316 -3.1903543785578186 1064.253536 1082.627257
55.945076801212316 -3.1903543785578186 ENE 55.94519160624203 -3.190077214698065 1180.025917 1167.434452
55.94519160624203 -3.190077214698065 ENE 55.94530641127174 -3.1898000508383118 1180.025917 1166.184452
55.94530641127174 -3.1898000508383118 ENE 55.94542121630145 -3.1895228869785583 1180.025917 1164.934452
55.94542121630145 -3.1895228869785583 E 55.94542121630145 -3.189222886978558 1180.025917 1163.684452
55.94542121630145 -3.189222886978558 ENE 55.94553602133116 -3.1889457231188048 1180.025917 1162.434452
55.94553602133116 -3.1889457231188048 E 55.94553602133116 -3.1886457231188046 1201.919114 1262.173367
55.94553602133116 -3.1886457231188046 ENE 55.94565082636087 -3.188368559259051 1201.919114 1260.923367
55.94565082636087 -3.188368559259051 E 55.94565082636087 -3.188068559259051 1201.919114 1259.673367
55.94565082636087 -3.188068559259051 ENE 55.94576563139058 -3.1877913953992976 1201.919114 1258.423367
55.94576563139058 -3.1877913953992976 W 55.94576563139058 -3.1880913953992978 1212.753097 1339.742458
55.94576563139058 -3.1880913953992978 W 55.94576563139058 -3.188391395399298 1212.753097 1338.492458
55.94576563139058 -3.188391395399298 W 55.94576563139058 -3.188691395399298 1212.753097 1337.242458
55.94576563139058 -3.188691395399298 W 55.94576563139058 -3.1889913953992983 1212.753097 1335.992458
55.94576563139058 -3.1889913953992983 WSW 55.94565082636087 -3.1892685592590517 1293.383585 1450.588935
55.94565082636087 -3.1892685592590517 W 55.94565082636087 -3.189568559259052 1293.383585 1449.338935
55.94565082636087 -3.189568559259052 WSW 55.94553602133116 -3.1898457231188053 1293.383585 1448.088935
55.94553602133116 -3.1898457231188053 W 55.94553602133116 -3.1901457231188055 1293.383585 1446.838935
55.94553602133116 -3.1901457231188055 WSW 55.94542121630145 -3.190422886978559 1293.383585 1445.588935
55.94542121630145 -3.190422886978559 W 55.94542121630145 -3.190722886978559 1293.383585 1444.338935
55.94542121630145 -3.190722886978559 WSW 55.94530641127174 -3.1910000508383125 1293.383585 1443.088935
55.94530641127174 -3.1910000508383125 W 55.94530641127174 -3.1913000508383127 1357.313512 1559.718545
55.94530641127174 -3.1913000508383127 W 55.94530641127174 -3.191600050838313 1357.313512 1558.468545
55.94530641127174 -3.191600050838313 W 55.94530641127174 -3.191900050838313 1357.313512 1557.218545
55.94530641127174 -3.191900050838313 W 55.94530641127174 -3.1922000508383133 1357.313512 1555.968545
55.94530641127174 -3.1922000508383133 W 55.94530641127174 -3.1925000508383135 1357.313512 1554.718545
55.94530641127174 -3.1925000508383135 SE 55.94509427923738 -3.1922879188039577 1442.739688 1591.482342
55.94509427923738 -3.1922879188039577 SE 55.944882147203025 -3.192075786769602 1442.739688 1590.232342
55.944882147203025 -3.192075786769602 SE 55.94467001516867 -3.191863654735246 1442.739688 1588.982342
55.94467001516867 -3.191863654735246 ESE 55.94455521013896 -3.1915864908754927 1442.739688 1587.732342
55.94455521013896 -3.1915864908754927 SE 55.9443430781046 -3.191374358841137 1531.898434 1689.273147
55.9443430781046 -3.191374358841137 SE 55.944130946070246 -3.191162226806781 1531.898434 1688.023147
55.944130946070246 -3.191162226806781 SE 55.94391881403589 -3.1909500947724254 1531.898434 1686.773147
55.94391881403589 -3.1909500947724254 SE 55.94370668200153 -3.1907379627380696 1531.898434 1685.523147
55.94370668200153 -3.1907379627380696 SE 55.94349454996718 -3.190525830703714 1531.898434 1684.273147
55.94349454996718 -3.190525830703714 SE 55.94328241793282 -3.190313698669358 1531.898434 1683.023147
55.94328241793282 -3.190313698669358 SE 55.943070285898465 -3.1901015666350023 1531.898434 1681.773147
55.943070285898465 -3.1901015666350023 SSE 55.94279312203871 -3.189986761605293 1531.898434 1680.523147
55.94279312203871 -3.189986761605293 SE 55.94258099000435 -3.189774629570937 1581.336867 1749.105870
55.94258099000435 -3.189774629570937 ESE 55.94246618497464 -3.1894974657111836 1581.336867 1747.855870
55.94246618497464 -3.1894974657111836 NNE 55.9427433488344 -3.189382660681474 1581.336867 1746.605870
55.9427433488344 -3.189382660681474 S 55.942443348834395 -3.189382660681474 1581.336867 1745.355870
55.942443348834395 -3.189382660681474 NNE 55.94272051269415 -3.1892678556517646 1581.336867 1744.105870
55.94272051269415 -3.1892678556517646 NW 55.94293264472851 -3.1894799876861204 1581.336867 1742.855870
55.94293264472851 -3.1894799876861204 WNW 55.94304744975822 -3.189757151545874 1581.336867 1741.605870
55.94304744975822 -3.189757151545874 ENE 55.94316225478793 -3.1894799876861204 1581.336867 1740.355870
55.94316225478793 -3.1894799876861204 ENE 55.94327705981764 -3.189202823826367 1581.336867 1739.105870
55.94327705981764 -3.189202823826367 ESE 55.94316225478793 -3.1889256599666136 1581.336867 1737.855870
55.94316225478793 -3.1889256599666136 NE 55.943374386822285 -3.188713527932258 1581.336867 1736.605870
55.943374386822285 -3.188713527932258 NNW 55.94365155068204 -3.1888283329619673 1581.336867 1735.355870
55.94365155068204 -3.1888283329619673 S 55.94335155068204 -3.1888283329619673 1581.336867 1734.105870
55.94335155068204 -3.1888283329619673 SE 55.94313941864768 -3.1886162009276116 1581.336867 1732.855870
55.94313941864768 -3.1886162009276116 NNE 55.94341658250744 -3.188501395897902 1581.336867 1731.605870
55.94341658250744 -3.188501395897902 NW 55.943628714541795 -3.188713527932258 1581.336867 1730.355870
55.943628714541795 -3.188713527932258 NNE 55.94390587840155 -3.1885987229025483 1581.336867 1729.105870
55.94390587840155 -3.1885987229025483 SE 55.943693746367195 -3.1883865908681925 1581.336867 1727.855870
55.943693746367195 -3.1883865908681925 SSW 55.94341658250744 -3.188501395897902 1581.336867 1726.605870
55.94341658250744 -3.188501395897902 E 55.94341658250744 -3.188201395897902 1581.336867 1725.355870
55.94341658250744 -3.188201395897902 ESE 55.94330177747773 -3.1879242320381485 1581.336867 1724.105870
55.94330177747773 -3.1879242320381485 ESE 55.94318697244802 -3.187647068178395 1581.336867 1722.855870
55.94318697244802 -3.187647068178395 SSW 55.94290980858826 -3.1877618732081046 1581.336867 1721.605870
55.94290980858826 -3.1877618732081046 WNW 55.94302461361797 -3.188039037067858 1581.336867 1720.355870
55.94302461361797 -3.188039037067858 SE 55.942812481583616 -3.187826905033502 1581.336867 1719.105870
55.942812481583616 -3.187826905033502 E 55.942812481583616 -3.187526905033502 1581.336867 1717.855870
55.942812481583616 -3.187526905033502 E 55.942812481583616 -3.187226905033502 1581.336867 1716.605870
55.942812481583616 -3.187226905033502 NE 55.94302461361797 -3.187014772999146 1581.336867 1715.355870
55.94302461361797 -3.187014772999146 W 55.94302461361797 -3.1873147729991462 1581.336867 1714.105870
55.94302461361797 -3.1873147729991462 NNE 55.94330177747773 -3.1871999679694367 1581.336867 1712.855870
55.94330177747773 -3.1871999679694367 NNW 55.943578941337485 -3.1873147729991462 1581.336867 1711.605870
55.943578941337485 -3.1873147729991462 ESE 55.943464136307774 -3.187037609139393 1576.510263 1651.312597
55.943464136307774 -3.187037609139393 SW 55.94325200427342 -3.1872497411737486 1576.510263 1650.062597
55.94325200427342 -3.1872497411737486 WSW 55.94313719924371 -3.187526905033502 1576.510263 1648.812597
55.94313719924371 -3.187526905033502 NNW 55.943414363103464 -3.1876417100632115 1576.510263 1647.562597
55.943414363103464 -3.1876417100632115 ESE 55.943299558073754 -3.187364546203458 1576.510263 1646.312597
55.943299558073754 -3.187364546203458 WNW 55.943414363103464 -3.1876417100632115 1576.510263 1645.062597
55.943414363103464 -3.1876417100632115 SW 55.94320223106911 -3.1878538420975673 1576.510263 1643.812597
55.94320223106911 -3.1878538420975673 E 55.94320223106911 -3.187553842097567 1576.510263 1642.562597
55.94320223106911 -3.187553842097567 SSW 55.94292506720935 -3.1876686471272766 1576.510263 1641.312597
55.94292506720935 -3.1876686471272766 N 55.943225067209355 -3.1876686471272766 1576.510263 1640.062597
55.943225067209355 -3.1876686471272766 NNW 55.94350223106911 -3.187783452156986 1576.510263 1638.812597
55.94350223106911 -3.187783452156986 WNW 55.94361703609882 -3.1880606160167395 1576.510263 1637.562597
55.94361703609882 -3.1880606160167395 NNW 55.94389419995858 -3.188175421046449 1576.510263 1636.312597
55.94389419995858 -3.188175421046449 SW 55.94368206792422 -3.188387553080805 1576.510263 1635.062597
55.94368206792422 -3.188387553080805 S 55.94338206792422 -3.188387553080805 1576.510263 1633.812597
55.94338206792422 -3.188387553080805 SW 55.94316993588986 -3.1885996851151606 1576.510263 1632.562597
55.94316993588986 -3.1885996851151606 N 55.943469935889865 -3.1885996851151606 1576.510263 1631.312597
55.943469935889865 -3.1885996851151606 NNW 55.94374709974962 -3.18871449014487 1576.510263 1630.062597
55.94374709974962 -3.18871449014487 WNW 55.94386190477933 -3.1889916540046235 1576.510263 1628.812597
55.94386190477933 -3.1889916540046235 WNW 55.94397670980904 -3.189268817864377 1576.510263 1627.562597
55.94397670980904 -3.189268817864377 SE 55.94376457777469 -3.189056685830021 1576.510263 1626.312597
55.94376457777469 -3.189056685830021 S 55.943464577774684 -3.189056685830021 1576.510263 1625.062597
55.943464577774684 -3.189056685830021 E 55.943464577774684 -3.188756685830021 1576.510263 1623.812597
55.943464577774684 -3.188756685830021 SE 55.94325244574033 -3.188544553795665 1576.510263 1622.562597
55.94325244574033 -3.188544553795665 W 55.94325244574033 -3.1888445537956653 1576.510263 1621.312597
55.94325244574033 -3.1888445537956653 ENE 55.94336725077004 -3.188567389935912 1576.510263 1620.062597
55.94336725077004 -3.188567389935912 NE 55.943579382804394 -3.188355257901556 1576.510263 1618.812597
55.943579382804394 -3.188355257901556 N 55.9438793828044 -3.188355257901556 1576.510263 1617.562597
55.9438793828044 -3.188355257901556 ESE 55.94376457777469 -3.1880780940418028 1576.510263 1616.312597
55.94376457777469 -3.1880780940418028 N 55.94406457777469 -3.1880780940418028 1576.510263 1615.062597
55.94406457777469 -3.1880780940418028 N 55.94436457777469 -3.1880780940418028 1576.510263 1613.812597
55.94436457777469 -3.1880780940418028 SE 55.944152445740336 -3.187865962007447 1576.510263 1612.562597
55.944152445740336 -3.187865962007447 NE 55.94436457777469 -3.187653829973091 1576.510263 1611.312597
55.94436457777469 -3.187653829973091 SSE 55.944087413914936 -3.1875390249433817 1576.510263 1610.062597
55.944087413914936 -3.1875390249433817 SSE 55.94381025005518 -3.187424219913672 1576.510263 1608.812597
55.94381025005518 -3.187424219913672 WNW 55.94392505508489 -3.1877013837734256 1576.510263 1607.562597
55.94392505508489 -3.1877013837734256 WNW 55.9440398601146 -3.187978547633179 1576.510263 1606.312597
55.9440398601146 -3.187978547633179 SE 55.943827728080244 -3.1877664155988232 1576.510263 1605.062597
55.943827728080244 -3.1877664155988232 SW 55.94361559604589 -3.187978547633179 1576.510263 1603.812597
55.94361559604589 -3.187978547633179 WNW 55.9437304010756 -3.1882557114929324 1576.510263 1602.562597
55.9437304010756 -3.1882557114929324 NE 55.943942533109954 -3.1880435794585766 1576.510263 1601.312597
55.943942533109954 -3.1880435794585766 NNE 55.94421969696971 -3.187928774428867 1576.510263 1600.062597
55.94421969696971 -3.187928774428867 NNE 55.94449686082947 -3.1878139693991576 1576.510263 1598.812597
55.94449686082947 -3.1878139693991576 SSW 55.94421969696971 -3.187928774428867 1576.510263 1597.562597
55.94421969696971 -3.187928774428867 W 55.94421969696971 -3.1882287744288673 1576.510263 1596.312597
55.94421969696971 -3.1882287744288673 NNE 55.94449686082947 -3.188113969399158 1576.510263 1595.062597
55.94449686082947 -3.188113969399158 SSW 55.94421969696971 -3.1882287744288673 1576.510263 1593.812597
55.94421969696971 -3.1882287744288673 ESE 55.94410489194 -3.187951610569114 1576.510263 1592.562597
