55.944425 -3.188396 NNE 55.94470216385976 -3.1882811949702905 0.000000 248.750000
55.94470216385976 -3.1882811949702905 NNE 55.944979327719516 -3.188166389940581 0.000000 247.500000
55.944979327719516 -3.188166389940581 NE 55.94519145975387 -3.187954257906225 0.000000 246.250000
55.94519145975387 -3.187954257906225 NNE 55.94546862361363 -3.1878394528765157 0.000000 245.000000
55.94546862361363 -3.1878394528765157 NE 55.945680755647984 -3.18762732084216 0.000000 243.750000
55.945680755647984 -3.18762732084216 SW 55.94546862361363 -3.1878394528765157 10.833983 325.069091
55.94546862361363 -3.1878394528765157 SW 55.94525649157927 -3.1880515849108715 10.833983 323.819091
55.94525649157927 -3.1880515849108715 SW 55.945044359544916 -3.1882637169452273 10.833983 322.569091
55.945044359544916 -3.1882637169452273 SW 55.94483222751056 -3.188475848979583 10.833983 321.319091
55.94483222751056 -3.188475848979583 SW 55.9446200954762 -3.188687981013939 0.000000 245.619672
55.9446200954762 -3.188687981013939 SW 55.94440796344185 -3.1889001130482946 0.000000 244.369672
55.94440796344185 -3.1889001130482946 SW 55.94419583140749 -3.1891122450826503 0.000000 219.223738
55.94419583140749 -3.1891122450826503 SW 55.943983699373135 -3.189324377117006 0.000000 217.973738
55.943983699373135 -3.189324377117006 SW 55.94377156733878 -3.189536509151362 0.000000 216.723738
55.94377156733878 -3.189536509151362 SW 55.94355943530442 -3.1897486411857177 0.000000 215.473738
55.94355943530442 -3.1897486411857177 WSW 55.94344463027471 -3.190025805045471 0.000000 214.223738
55.94344463027471 -3.190025805045471 SW 55.943232498240356 -3.190237937079827 0.000000 212.973738
55.943232498240356 -3.190237937079827 WSW 55.943117693210645 -3.1905151009395802 0.000000 211.723738
55.943117693210645 -3.1905151009395802 SW 55.94290556117629 -3.190727232973936 0.000000 210.473738
55.94290556117629 -3.190727232973936 WSW 55.94279075614658 -3.1910043968336894 0.000000 209.223738
55.94279075614658 -3.1910043968336894 NNE 55.943067920006335 -3.19088959180398 77.655418 291.465617
55.943067920006335 -3.19088959180398 NNE 55.94334508386609 -3.1907747867742704 77.655418 290.215617
55.94334508386609 -3.1907747867742704 NNE 55.94362224772585 -3.190659981744561 77.655418 288.965617
55.94362224772585 -3.190659981744561 N 55.94392224772585 -3.190659981744561 77.655418 287.715617
55.94392224772585 -3.190659981744561 NNE 55.94419941158561 -3.1905451767148514 99.949532 297.524181
55.94419941158561 -3.1905451767148514 N 55.94449941158561 -3.1905451767148514 99.949532 296.274181
55.94449941158561 -3.1905451767148514 NNE 55.94477657544537 -3.190430371685142 99.949532 295.024181
55.94477657544537 -3.190430371685142 N 55.94507657544537 -3.190430371685142 160.747257 330.292289
55.94507657544537 -3.190430371685142 ESE 55.94496177041566 -3.1901532078253885 276.519638 415.099484
55.94496177041566 -3.1901532078253885 ESE 55.94484696538595 -3.189876043965635 276.519638 413.849484
55.94484696538595 -3.189876043965635 E 55.94484696538595 -3.189576043965635 372.601713 447.184570
55.94484696538595 -3.189576043965635 ESE 55.94473216035624 -3.1892988801058815 372.601713 445.934570
55.94473216035624 -3.1892988801058815 E 55.94473216035624 -3.1889988801058813 372.601713 444.684570
55.94473216035624 -3.1889988801058813 ESE 55.94461735532653 -3.188721716246128 372.601713 443.434570
55.94461735532653 -3.188721716246128 E 55.94461735532653 -3.1884217162461277 372.601713 442.184570
55.94461735532653 -3.1884217162461277 ESE 55.94450255029682 -3.1881445523863743 372.601713 440.934570
55.94450255029682 -3.1881445523863743 E 55.94450255029682 -3.187844552386374 372.601713 439.684570
55.94450255029682 -3.187844552386374 ESE 55.94438774526711 -3.1875673885266207 372.601713 438.434570
55.94438774526711 -3.1875673885266207 E 55.94438774526711 -3.1872673885266205 372.601713 437.184570
55.94438774526711 -3.1872673885266205 ESE 55.9442729402374 -3.186990224666867 372.601713 435.934570
55.9442729402374 -3.186990224666867 E 55.9442729402374 -3.186690224666867 372.601713 434.684570
55.9442729402374 -3.186690224666867 W 55.9442729402374 -3.186990224666867 483.210682 504.846081
55.9442729402374 -3.186990224666867 W 55.9442729402374 -3.1872902246668673 483.210682 503.596081
55.9442729402374 -3.1872902246668673 W 55.9442729402374 -3.1875902246668675 483.210682 502.346081
55.9442729402374 -3.1875902246668675 W 55.9442729402374 -3.1878902246668677 483.210682 501.096081
55.9442729402374 -3.1878902246668677 W 55.9442729402374 -3.188190224666868 457.268273 489.677600
55.9442729402374 -3.188190224666868 W 55.9442729402374 -3.188490224666868 457.268273 488.427600
55.9442729402374 -3.188490224666868 W 55.9442729402374 -3.1887902246668682 457.268273 487.177600
55.9442729402374 -3.1887902246668682 W 55.9442729402374 -3.1890902246668684 433.440551 485.927600
55.9442729402374 -3.1890902246668684 W 55.9442729402374 -3.1893902246668686 433.440551 484.677600
55.9442729402374 -3.1893902246668686 W 55.9442729402374 -3.189690224666869 433.440551 483.427600
55.9442729402374 -3.189690224666869 W 55.9442729402374 -3.189990224666869 433.440551 482.177600
55.9442729402374 -3.189990224666869 W 55.9442729402374 -3.190290224666869 433.440551 480.927600
55.9442729402374 -3.190290224666869 W 55.9442729402374 -3.1905902246668694 433.440551 479.677600
55.9442729402374 -3.1905902246668694 WNW 55.94438774526711 -3.1908673885266228 433.440551 478.427600
55.94438774526711 -3.1908673885266228 W 55.94438774526711 -3.191167388526623 433.440551 477.177600
55.94438774526711 -3.191167388526623 WNW 55.94450255029682 -3.1914445523863764 433.440551 475.927600
55.94450255029682 -3.1914445523863764 SSW 55.94422538643706 -3.191559357416086 525.535404 479.772763
55.94422538643706 -3.191559357416086 NW 55.94443751847142 -3.1917714894504416 541.190611 519.286191
55.94443751847142 -3.1917714894504416 NW 55.944649650505774 -3.1919836214847974 630.349357 620.826995
55.944649650505774 -3.1919836214847974 NW 55.94486178254013 -3.192195753519153 630.349357 619.576995
55.94486178254013 -3.192195753519153 NNW 55.94513894639989 -3.1923105585488627 630.349357 618.326995
55.94513894639989 -3.1923105585488627 E 55.94513894639989 -3.1920105585488625 715.775534 655.090793
55.94513894639989 -3.1920105585488625 ESE 55.945024141370176 -3.191733394689109 715.775534 653.840793
55.945024141370176 -3.191733394689109 E 55.945024141370176 -3.191433394689109 715.775534 652.590793
55.945024141370176 -3.191433394689109 ESE 55.944909336340466 -3.1911562308293555 715.775534 651.340793
55.944909336340466 -3.1911562308293555 E 55.944909336340466 -3.1908562308293553 715.775534 650.090793
55.944909336340466 -3.1908562308293553 ESE 55.944794531310755 -3.190579066969602 715.775534 648.840793
55.944794531310755 -3.190579066969602 E 55.944794531310755 -3.1902790669696017 715.775534 647.590793
55.944794531310755 -3.1902790669696017 ESE 55.944679726281045 -3.1900019031098483 715.775534 646.340793
55.944679726281045 -3.1900019031098483 E 55.944679726281045 -3.189701903109848 726.553036 706.833014
55.944679726281045 -3.189701903109848 ESE 55.944564921251335 -3.1894247392500947 726.553036 705.583014
55.944564921251335 -3.1894247392500947 E 55.944564921251335 -3.1891247392500945 726.553036 704.333014
55.944564921251335 -3.1891247392500945 ESE 55.944450116221624 -3.188847575390341 726.553036 703.083014
55.944450116221624 -3.188847575390341 E 55.944450116221624 -3.188547575390341 726.553036 701.833014
55.944450116221624 -3.188547575390341 ESE 55.944335311191914 -3.1882704115305875 726.553036 700.583014
55.944335311191914 -3.1882704115305875 E 55.944335311191914 -3.1879704115305874 726.553036 699.333014
55.944335311191914 -3.1879704115305874 ESE 55.9442205061622 -3.187693247670834 726.553036 698.083014
55.9442205061622 -3.187693247670834 E 55.9442205061622 -3.1873932476708338 726.553036 696.833014
55.9442205061622 -3.1873932476708338 ESE 55.94410570113249 -3.1871160838110804 726.553036 695.583014
55.94410570113249 -3.1871160838110804 E 55.94410570113249 -3.18681608381108 726.553036 694.333014
55.94410570113249 -3.18681608381108 ESE 55.94399089610278 -3.1865389199513268 726.553036 693.083014
55.94399089610278 -3.1865389199513268 E 55.94399089610278 -3.1862389199513266 758.214739 771.404380
55.94399089610278 -3.1862389199513266 ESE 55.94387609107307 -3.185961756091573 758.214739 770.154380
55.94387609107307 -3.185961756091573 E 55.94387609107307 -3.185661756091573 758.214739 768.904380
55.94387609107307 -3.185661756091573 SE 55.943663959038716 -3.185449624057217 835.429824 776.810102
55.943663959038716 -3.185449624057217 NNE 55.94394112289847 -3.1853348190275077 835.429824 775.560102
55.94394112289847 -3.1853348190275077 NNE 55.94421828675823 -3.185220013997798 835.429824 774.310102
55.94421828675823 -3.185220013997798 NNE 55.944495450617985 -3.1851052089680887 835.429824 773.060102
55.944495450617985 -3.1851052089680887 NNE 55.94477261447774 -3.184990403938379 835.429824 771.810102
55.94477261447774 -3.184990403938379 NNE 55.9450497783375 -3.1848755989086697 835.429824 770.560102
55.9450497783375 -3.1848755989086697 NNE 55.945326942197255 -3.18476079387896 868.222686 856.420105
55.945326942197255 -3.18476079387896 NE 55.94553907423161 -3.1845486618446044 818.115084 736.640452
55.94553907423161 -3.1845486618446044 NNE 55.94581623809137 -3.184433856814895 818.115084 735.390452
55.94581623809137 -3.184433856814895 WSW 55.94570143306166 -3.1847110206746483 887.573598 850.224848
55.94570143306166 -3.1847110206746483 WSW 55.94558662803195 -3.1849881845344017 887.573598 848.974848
55.94558662803195 -3.1849881845344017 WSW 55.94547182300224 -3.185265348394155 887.573598 847.724848
55.94547182300224 -3.185265348394155 WSW 55.945357017972526 -3.1855425122539085 887.573598 846.474848
55.945357017972526 -3.1855425122539085 WSW 55.945242212942816 -3.185819676113662 887.573598 845.224848
55.945242212942816 -3.185819676113662 WSW 55.945127407913105 -3.1860968399734153 993.892991 861.101309
55.945127407913105 -3.1860968399734153 WSW 55.945012602883395 -3.1863740038331687 993.892991 859.851309
55.945012602883395 -3.1863740038331687 WSW 55.944897797853685 -3.186651167692922 993.892991 858.601309
55.944897797853685 -3.186651167692922 WSW 55.944782992823974 -3.1869283315526755 993.892991 857.351309
55.944782992823974 -3.1869283315526755 WSW 55.944668187794264 -3.187205495412429 993.892991 856.101309
55.944668187794264 -3.187205495412429 SW 55.94445605575991 -3.1874176274467847 993.892991 854.851309
55.94445605575991 -3.1874176274467847 WSW 55.9443412507302 -3.187694791306538 993.892991 853.601309
55.9443412507302 -3.187694791306538 SW 55.94412911869584 -3.187906923340894 993.892991 852.351309
55.94412911869584 -3.187906923340894 WSW 55.94401431366613 -3.1881840872006473 993.892991 851.101309
55.94401431366613 -3.1881840872006473 SW 55.943802181631774 -3.188396219235003 1067.262378 927.180146
55.943802181631774 -3.188396219235003 WSW 55.943687376602064 -3.1886733830947565 1067.262378 925.930146
55.943687376602064 -3.1886733830947565 SW 55.94347524456771 -3.1888855151291122 1067.262378 924.680146
55.94347524456771 -3.1888855151291122 SW 55.94326311253335 -3.189097647163468 1123.900938 1007.092187
55.94326311253335 -3.189097647163468 SW 55.943050980498995 -3.1893097791978238 1123.900938 1005.842187
55.943050980498995 -3.1893097791978238 SW 55.94283884846464 -3.1895219112321795 1123.900938 1004.592187
55.94283884846464 -3.1895219112321795 WSW 55.94272404343493 -3.189799075091933 1123.900938 1003.342187
55.94272404343493 -3.189799075091933 NE 55.942936175469285 -3.189586943057577 1173.339371 1071.924910
55.942936175469285 -3.189586943057577 NE 55.94314830750364 -3.1893748110232214 1173.339371 1070.674910
55.94314830750364 -3.1893748110232214 ENE 55.94326311253335 -3.189097647163468 1173.339371 1069.424910
55.94326311253335 -3.189097647163468 NE 55.94347524456771 -3.1888855151291122 1173.339371 1068.174910
55.94347524456771 -3.1888855151291122 ENE 55.94359004959742 -3.188608351269359 1173.339371 1066.924910
55.94359004959742 -3.188608351269359 NE 55.943802181631774 -3.188396219235003 1173.339371 1065.674910
55.943802181631774 -3.188396219235003 ENE 55.943916986661485 -3.1881190553752496 1173.339371 1064.424910
55.943916986661485 -3.1881190553752496 NE 55.94412911869584 -3.187906923340894 1173.339371 1063.174910
55.94412911869584 -3.187906923340894 ENE 55.94424392372555 -3.1876297594811405 1173.339371 1061.924910
55.94424392372555 -3.1876297594811405 NE 55.94445605575991 -3.1874176274467847 1173.339371 1060.674910
55.94445605575991 -3.1874176274467847 ENE 55.94457086078962 -3.1871404635870313 1173.339371 1059.424910
55.94457086078962 -3.1871404635870313 NE 55.944782992823974 -3.1869283315526755 1173.339371 1058.174910
55.944782992823974 -3.1869283315526755 ENE 55.944897797853685 -3.186651167692922 1173.339371 1056.924910
55.944897797853685 -3.186651167692922 NE 55.94510992988804 -3.1864390356585663 1173.339371 1055.674910
55.94510992988804 -3.1864390356585663 ENE 55.94522473491775 -3.186161871798813 1173.339371 1054.424910
55.94522473491775 -3.186161871798813 NE 55.94543686695211 -3.185949739764457 1173.339371 1053.174910
55.94543686695211 -3.185949739764457 W 55.94543686695211 -3.1862497397644574 1287.226823 1086.778690
55.94543686695211 -3.1862497397644574 W 55.94543686695211 -3.1865497397644575 1287.226823 1085.528690
55.94543686695211 -3.1865497397644575 W 55.94543686695211 -3.1868497397644577 1196.569062 1062.242991
55.94543686695211 -3.1868497397644577 W 55.94543686695211 -3.187149739764458 1196.569062 1060.992991
55.94543686695211 -3.187149739764458 W 55.94543686695211 -3.187449739764458 1196.569062 1059.742991
55.94543686695211 -3.187449739764458 W 55.94543686695211 -3.1877497397644583 1196.569062 1058.492991
55.94543686695211 -3.1877497397644583 W 55.94543686695211 -3.1880497397644585 1196.569062 1057.242991
55.94543686695211 -3.1880497397644585 WNW 55.94555167198182 -3.188326903624212 1196.569062 1055.992991
55.94555167198182 -3.188326903624212 W 55.94555167198182 -3.188626903624212 1196.569062 1054.742991
55.94555167198182 -3.188626903624212 SW 55.94533953994746 -3.188839035658568 1218.462259 1154.481906
55.94533953994746 -3.188839035658568 WSW 55.94522473491775 -3.1891161995183213 1218.462259 1153.231906
55.94522473491775 -3.1891161995183213 SW 55.945012602883395 -3.189328331552677 1218.462259 1151.981906
55.945012602883395 -3.189328331552677 WSW 55.944897797853685 -3.1896054954124304 1218.462259 1150.731906
55.944897797853685 -3.1896054954124304 SW 55.94468566581933 -3.189817627446786 1218.462259 1149.481906
55.94468566581933 -3.189817627446786 WSW 55.94457086078962 -3.1900947913065396 1218.462259 1148.231906
55.94457086078962 -3.1900947913065396 SW 55.94435872875526 -3.1903069233408954 1218.462259 1146.981906
55.94435872875526 -3.1903069233408954 WSW 55.94424392372555 -3.190584087200649 1218.462259 1145.731906
55.94424392372555 -3.190584087200649 SW 55.944031791691195 -3.1907962192350046 1218.462259 1144.481906
55.944031791691195 -3.1907962192350046 WSW 55.943916986661485 -3.191073383094758 1218.462259 1143.231906
55.943916986661485 -3.191073383094758 SW 55.94370485462713 -3.1912855151291137 1280.159770 1163.346450
55.94370485462713 -3.1912855151291137 NW 55.943916986661485 -3.1914976471634695 1280.159770 1162.096450
55.943916986661485 -3.1914976471634695 NNE 55.94419415052124 -3.19138284213376 1324.473811 1166.460084
55.94419415052124 -3.19138284213376 N 55.944494150521244 -3.19138284213376 1324.473811 1165.210084
55.944494150521244 -3.19138284213376 NNE 55.944771314381 -3.1912680371040505 1324.473811 1163.960084
55.944771314381 -3.1912680371040505 N 55.945071314381 -3.1912680371040505 1324.473811 1162.710084
55.945071314381 -3.1912680371040505 E 55.945071314381 -3.1909680371040503 1388.403737 1279.339693
55.945071314381 -3.1909680371040503 E 55.945071314381 -3.19066803710405 1388.403737 1278.089693
55.945071314381 -3.19066803710405 E 55.945071314381 -3.19036803710405 1388.403737 1276.839693
55.945071314381 -3.19036803710405 E 55.945071314381 -3.1900680371040497 1388.403737 1275.589693
55.945071314381 -3.1900680371040497 E 55.945071314381 -3.1897680371040495 1388.403737 1274.339693
55.945071314381 -3.1897680371040495 E 55.945071314381 -3.1894680371040494 1388.403737 1273.089693
55.945071314381 -3.1894680371040494 E 55.945071314381 -3.189168037104049 1388.403737 1271.839693
55.945071314381 -3.189168037104049 E 55.945071314381 -3.188868037104049 1388.403737 1270.589693
55.945071314381 -3.188868037104049 E 55.945071314381 -3.188568037104049 1366.102571 1269.339693
55.945071314381 -3.188568037104049 E 55.945071314381 -3.1882680371040486 1366.102571 1268.089693
55.945071314381 -3.1882680371040486 E 55.945071314381 -3.1879680371040484 1366.102571 1266.839693
55.945071314381 -3.1879680371040484 E 55.945071314381 -3.1876680371040482 1366.102571 1265.589693
55.945071314381 -3.1876680371040482 E 55.945071314381 -3.187368037104048 1366.102571 1264.339693
55.945071314381 -3.187368037104048 E 55.945071314381 -3.187068037104048 1415.373500 1276.164442
55.945071314381 -3.187068037104048 ESE 55.94495650935129 -3.1867908732442944 1311.360213 1151.043864
55.94495650935129 -3.1867908732442944 ESE 55.94484170432158 -3.186513709384541 1311.360213 1149.793864
55.94484170432158 -3.186513709384541 ESE 55.94472689929187 -3.1862365455247876 1311.360213 1148.543864
55.94472689929187 -3.1862365455247876 ESE 55.94461209426216 -3.1859593816650342 1311.360213 1147.293864
55.94461209426216 -3.1859593816650342 ESE 55.94449728923245 -3.185682217805281 1311.360213 1146.043864
55.94449728923245 -3.185682217805281 ESE 55.94438248420274 -3.1854050539455274 1311.360213 1144.793864
55.94438248420274 -3.1854050539455274 ESE 55.94426767917303 -3.185127890085774 1311.360213 1143.543864
55.94426767917303 -3.185127890085774 ESE 55.94415287414332 -3.1848507262260206 1311.360213 1142.293864
55.94415287414332 -3.1848507262260206 SE 55.943940742108964 -3.184638594191665 1311.360213 1141.043864
55.943940742108964 -3.184638594191665 SW 55.94372861007461 -3.1848507262260206 1397.236010 1215.808580
55.94372861007461 -3.1848507262260206 SW 55.94351647804025 -3.1850628582603764 1397.236010 1214.558580
55.94351647804025 -3.1850628582603764 SW 55.943304346005895 -3.185274990294732 1397.236010 1213.308580
55.943304346005895 -3.185274990294732 SW 55.94309221397154 -3.185487122329088 1397.236010 1212.058580
55.94309221397154 -3.185487122329088 NW 55.943304346005895 -3.1856992543634437 1432.375655 1271.149830
55.943304346005895 -3.1856992543634437 NW 55.94351647804025 -3.1859113863977995 1432.375655 1269.899830
55.94351647804025 -3.1859113863977995 NW 55.94372861007461 -3.1861235184321552 1432.375655 1268.649830
55.94372861007461 -3.1861235184321552 WNW 55.94384341510432 -3.1864006822919086 1432.375655 1267.399830
55.94384341510432 -3.1864006822919086 NW 55.944055547138674 -3.1866128143262644 1432.375655 1266.149830
55.944055547138674 -3.1866128143262644 WNW 55.944170352168385 -3.186889978186018 1432.375655 1264.899830
55.944170352168385 -3.186889978186018 NW 55.94438248420274 -3.1871021102203736 1432.375655 1263.649830
55.94438248420274 -3.1871021102203736 WNW 55.94449728923245 -3.187379274080127 1432.375655 1262.399830
55.94449728923245 -3.187379274080127 NW 55.94470942126681 -3.1875914061144828 1432.375655 1261.149830
55.94470942126681 -3.1875914061144828 WNW 55.94482422629652 -3.187868569974236 1432.375655 1259.899830
55.94482422629652 -3.187868569974236 NW 55.945036358330874 -3.188080702008592 1432.375655 1258.649830
55.945036358330874 -3.188080702008592 WNW 55.945151163360585 -3.1883578658683454 1432.375655 1257.399830
55.945151163360585 -3.1883578658683454 NW 55.94536329539494 -3.188569997902701 1432.375655 1256.149830
55.94536329539494 -3.188569997902701 WNW 55.94547810042465 -3.1888471617624545 1432.375655 1254.899830
55.94547810042465 -3.1888471617624545 NW 55.94569023245901 -3.1890592937968103 1432.375655 1253.649830
55.94569023245901 -3.1890592937968103 W 55.94569023245901 -3.1893592937968105 1513.006143 1368.246308
55.94569023245901 -3.1893592937968105 E 55.94569023245901 -3.1890592937968103 1513.006143 1366.996308
55.94569023245901 -3.1890592937968103 ESE 55.9455754274293 -3.188782129937057 1513.006143 1365.746308
55.9455754274293 -3.188782129937057 ESE 55.94546062239959 -3.1885049660773035 1513.006143 1364.496308
55.94546062239959 -3.1885049660773035 E 55.94546062239959 -3.1882049660773033 1513.006143 1363.246308
55.94546062239959 -3.1882049660773033 ESE 55.945345817369876 -3.18792780221755 1513.006143 1361.996308
55.945345817369876 -3.18792780221755 E 55.945345817369876 -3.1876278022175497 1513.006143 1360.746308
55.945345817369876 -3.1876278022175497 ESE 55.945231012340166 -3.1873506383577963 1513.006143 1359.496308
55.945231012340166 -3.1873506383577963 E 55.945231012340166 -3.187050638357796 1513.006143 1358.246308
55.945231012340166 -3.187050638357796 ESE 55.945116207310456 -3.1867734744980427 1513.006143 1356.996308
55.945116207310456 -3.1867734744980427 E 55.945116207310456 -3.1864734744980425 1513.006143 1355.746308
55.945116207310456 -3.1864734744980425 ESE 55.945001402280745 -3.186196310638289 1513.006143 1354.496308
55.945001402280745 -3.186196310638289 E 55.945001402280745 -3.185896310638289 1528.724967 1446.538321
55.945001402280745 -3.185896310638289 SSW 55.94472423842099 -3.1860111156679984 1528.724967 1445.288321
55.94472423842099 -3.1860111156679984 SSW 55.94444707456123 -3.186125920697708 1528.724967 1444.038321
55.94444707456123 -3.186125920697708 SSW 55.944169910701476 -3.1862407257274175 1528.724967 1442.788321
55.944169910701476 -3.1862407257274175 SSW 55.94389274684172 -3.186355530757127 1528.724967 1441.538321
55.94389274684172 -3.186355530757127 SSW 55.94361558298196 -3.1864703357868365 1528.724967 1440.288321
55.94361558298196 -3.1864703357868365 SSW 55.943338419122206 -3.186585140816546 1528.724967 1439.038321
55.943338419122206 -3.186585140816546 SSW 55.94306125526245 -3.1866999458462555 1528.724967 1437.788321
55.94306125526245 -3.1866999458462555 SW 55.94284912322809 -3.1869120778806113 1528.724967 1436.538321
55.94284912322809 -3.1869120778806113 SSW 55.94257195936834 -3.1870268829103208 1552.751622 1552.385047
55.94257195936834 -3.1870268829103208 SSE 55.94229479550858 -3.1869120778806113 1552.751622 1551.135047
55.94229479550858 -3.1869120778806113 SSE 55.942017631648824 -3.1867972728509018 1552.751622 1549.885047
55.942017631648824 -3.1867972728509018 ESE 55.94190282661911 -3.1865201089911483 1552.751622 1548.635047
55.94190282661911 -3.1865201089911483 ESE 55.9417880215894 -3.186242945131395 1552.751622 1547.385047
55.9417880215894 -3.186242945131395 NNE 55.94206518544916 -3.1861281401016854 1552.751622 1546.135047
55.94206518544916 -3.1861281401016854 NE 55.942277317483516 -3.1859160080673297 1552.751622 1544.885047
55.942277317483516 -3.1859160080673297 ENE 55.942392122513226 -3.1856388442075763 1552.751622 1543.635047
55.942392122513226 -3.1856388442075763 S 55.94209212251322 -3.1856388442075763 1552.751622 1542.385047
55.94209212251322 -3.1856388442075763 ESE 55.94197731748351 -3.185361680347823 1552.751622 1541.135047
55.94197731748351 -3.185361680347823 WSW 55.9418625124538 -3.1856388442075763 1552.751622 1539.885047
55.9418625124538 -3.1856388442075763 NW 55.94207464448816 -3.185850976241932 1552.751622 1538.635047
55.94207464448816 -3.185850976241932 WNW 55.94218944951787 -3.1861281401016854 1552.751622 1537.385047
55.94218944951787 -3.1861281401016854 NW 55.942401581552225 -3.186340272136041 1552.751622 1536.135047
55.942401581552225 -3.186340272136041 SW 55.94218944951787 -3.186552404170397 1552.751622 1534.885047
55.94218944951787 -3.186552404170397 NE 55.942401581552225 -3.186340272136041 1552.751622 1533.635047
55.942401581552225 -3.186340272136041 SW 55.94218944951787 -3.186552404170397 1552.751622 1532.385047
55.94218944951787 -3.186552404170397 SE 55.94197731748351 -3.186340272136041 1552.751622 1531.135047
55.94197731748351 -3.186340272136041 WNW 55.94209212251322 -3.1866174359957946 1552.751622 1529.885047
55.94209212251322 -3.1866174359957946 ESE 55.94197731748351 -3.186340272136041 1552.751622 1528.635047
55.94197731748351 -3.186340272136041 NNE 55.94225448134327 -3.1862254671063317 1552.751622 1527.385047
55.94225448134327 -3.1862254671063317 SW 55.94204234930891 -3.1864375991406875 1552.751622 1526.135047
55.94204234930891 -3.1864375991406875 SSW 55.94176518544916 -3.186552404170397 1552.751622 1524.885047
55.94176518544916 -3.186552404170397 NW 55.94197731748351 -3.1867645362047528 1552.751622 1523.635047
55.94197731748351 -3.1867645362047528 SW 55.94176518544916 -3.1869766682391085 1552.751622 1522.385047
55.94176518544916 -3.1869766682391085 E 55.94176518544916 -3.1866766682391083 1552.751622 1521.135047
55.94176518544916 -3.1866766682391083 WNW 55.94187999047887 -3.1869538320988617 1552.751622 1519.885047
55.94187999047887 -3.1869538320988617 NW 55.94209212251322 -3.1871659641332175 1552.751622 1518.635047
55.94209212251322 -3.1871659641332175 NE 55.94230425454758 -3.1869538320988617 1552.751622 1517.385047
55.94230425454758 -3.1869538320988617 SSW 55.94202709068782 -3.1870686371285712 1552.751622 1516.135047
55.94202709068782 -3.1870686371285712 SW 55.94181495865347 -3.187280769162927 1552.751622 1514.885047
