55.944425 -3.188396 ENE 55.94453980502971 -3.1881188361402466 0.000000 248.750000
55.94453980502971 -3.1881188361402466 ENE 55.94465461005942 -3.187841672280493 0.000000 247.500000
55.94465461005942 -3.187841672280493 ENE 55.944769415089134 -3.18756450842074 0.000000 246.250000
55.944769415089134 -3.18756450842074 ENE 55.944884220118844 -3.1872873445609864 0.000000 245.000000
55.944884220118844 -3.1872873445609864 ENE 55.944999025148554 -3.187010180701233 49.270928 256.824749
55.944999025148554 -3.187010180701233 ENE 55.945113830178265 -3.1867330168414796 0.000000 131.704170
55.945113830178265 -3.1867330168414796 ENE 55.945228635207975 -3.186455852981726 0.000000 130.454170
55.945228635207975 -3.186455852981726 ENE 55.945343440237686 -3.1861786891219728 0.000000 129.204170
55.945343440237686 -3.1861786891219728 ENE 55.945458245267396 -3.1859015252622194 0.000000 127.954170
55.945458245267396 -3.1859015252622194 S 55.94515824526739 -3.1859015252622194 113.887452 161.557950
55.94515824526739 -3.1859015252622194 S 55.94485824526739 -3.1859015252622194 220.206845 177.434411
55.94485824526739 -3.1859015252622194 S 55.94455824526739 -3.1859015252622194 235.925669 269.476424
55.94455824526739 -3.1859015252622194 SSE 55.94428108140763 -3.18578672023251 235.925669 268.226424
55.94428108140763 -3.18578672023251 S 55.94398108140763 -3.18578672023251 235.925669 266.976424
55.94398108140763 -3.18578672023251 SSE 55.94370391754787 -3.1856719152028004 235.925669 265.726424
55.94370391754787 -3.1856719152028004 S 55.94340391754787 -3.1856719152028004 313.140754 273.632146
55.94340391754787 -3.1856719152028004 SSE 55.94312675368811 -3.185557110173091 313.140754 272.382146
55.94312675368811 -3.185557110173091 NNE 55.94340391754787 -3.1854423051433813 348.280399 331.473396
55.94340391754787 -3.1854423051433813 NNE 55.943681081407625 -3.185327500113672 348.280399 330.223396
55.943681081407625 -3.185327500113672 NNE 55.94395824526738 -3.1852126950839623 348.280399 328.973396
55.94395824526738 -3.1852126950839623 NNE 55.94423540912714 -3.185097890054253 348.280399 327.723396
55.94423540912714 -3.185097890054253 NNE 55.944512572986895 -3.1849830850245433 348.280399 326.473396
55.944512572986895 -3.1849830850245433 NNE 55.94478973684665 -3.184868279994834 348.280399 325.223396
55.94478973684665 -3.184868279994834 NNE 55.94506690070641 -3.1847534749651243 348.280399 323.973396
55.94506690070641 -3.1847534749651243 S 55.944766900706405 -3.1847534749651243 381.073260 409.833400
55.944766900706405 -3.1847534749651243 S 55.9444669007064 -3.1847534749651243 381.073260 408.583400
55.9444669007064 -3.1847534749651243 SSE 55.944189736846646 -3.184638669935415 381.073260 407.333400
55.944189736846646 -3.184638669935415 S 55.94388973684664 -3.184638669935415 381.073260 406.083400
55.94388973684664 -3.184638669935415 W 55.94388973684664 -3.184938669935415 466.949057 480.848116
55.94388973684664 -3.184938669935415 W 55.94388973684664 -3.185238669935415 466.949057 479.598116
55.94388973684664 -3.185238669935415 W 55.94388973684664 -3.1855386699354153 466.949057 478.348116
55.94388973684664 -3.1855386699354153 W 55.94388973684664 -3.1858386699354155 466.949057 477.098116
55.94388973684664 -3.1858386699354155 W 55.94388973684664 -3.1861386699354157 466.949057 475.848116
55.94388973684664 -3.1861386699354157 W 55.94388973684664 -3.186438669935416 466.949057 474.598116
55.94388973684664 -3.186438669935416 W 55.94388973684664 -3.186738669935416 498.610761 552.919482
55.94388973684664 -3.186738669935416 W 55.94388973684664 -3.1870386699354163 498.610761 551.669482
55.94388973684664 -3.1870386699354163 W 55.94388973684664 -3.1873386699354165 498.610761 550.419482
55.94388973684664 -3.1873386699354165 W 55.94388973684664 -3.1876386699354167 498.610761 549.169482
55.94388973684664 -3.1876386699354167 WNW 55.94400454187635 -3.18791583379517 498.610761 547.919482
55.94400454187635 -3.18791583379517 WNW 55.944119346906064 -3.1881929976549235 472.668352 536.501000
55.944119346906064 -3.1881929976549235 WNW 55.944234151935774 -3.188470161514677 546.037739 612.579836
55.944234151935774 -3.188470161514677 WNW 55.944348956965484 -3.1887473253744303 546.037739 611.329836
55.944348956965484 -3.1887473253744303 W 55.944348956965484 -3.1890473253744305 522.210017 586.183902
55.944348956965484 -3.1890473253744305 WNW 55.944463761995195 -3.189324489234184 522.210017 584.933902
55.944463761995195 -3.189324489234184 W 55.944463761995195 -3.189624489234184 522.210017 583.683902
55.944463761995195 -3.189624489234184 WNW 55.944578567024905 -3.1899016530939375 618.292092 617.018988
55.944578567024905 -3.1899016530939375 W 55.944578567024905 -3.1902016530939377 629.069594 677.511209
55.944578567024905 -3.1902016530939377 NW 55.94479069905926 -3.1904137851282934 689.867319 712.779318
55.94479069905926 -3.1904137851282934 WNW 55.94490550408897 -3.190690948988047 689.867319 711.529318
55.94490550408897 -3.190690948988047 NW 55.94511763612333 -3.1909030810224026 689.867319 710.279318
55.94511763612333 -3.1909030810224026 WNW 55.94523244115304 -3.191180244882156 689.867319 709.029318
55.94523244115304 -3.191180244882156 E 55.94523244115304 -3.190880244882156 753.797246 825.658927
55.94523244115304 -3.190880244882156 E 55.94523244115304 -3.1905802448821556 753.797246 824.408927
55.94523244115304 -3.1905802448821556 E 55.94523244115304 -3.1902802448821554 869.569627 909.216122
55.94523244115304 -3.1902802448821554 E 55.94523244115304 -3.1899802448821553 869.569627 907.966122
55.94523244115304 -3.1899802448821553 ENE 55.94534724618275 -3.189703081022402 869.569627 906.716122
55.94534724618275 -3.189703081022402 E 55.94534724618275 -3.1894030810224017 869.569627 905.466122
55.94534724618275 -3.1894030810224017 ENE 55.94546205121246 -3.1891259171626483 869.569627 904.216122
55.94546205121246 -3.1891259171626483 E 55.94546205121246 -3.188825917162648 950.200115 1018.812600
55.94546205121246 -3.188825917162648 ENE 55.94557685624217 -3.1885487533028947 972.093312 1118.551515
55.94557685624217 -3.1885487533028947 E 55.94557685624217 -3.1882487533028945 972.093312 1117.301515
55.94557685624217 -3.1882487533028945 ENE 55.94569166127188 -3.187971589443141 972.093312 1116.051515
55.94569166127188 -3.187971589443141 E 55.94569166127188 -3.187671589443141 972.093312 1114.801515
55.94569166127188 -3.187671589443141 WSW 55.94557685624217 -3.1879487533028943 982.927295 1196.120605
55.94557685624217 -3.1879487533028943 WSW 55.94546205121246 -3.1882259171626477 982.927295 1194.870605
55.94546205121246 -3.1882259171626477 WSW 55.94534724618275 -3.188503081022401 982.927295 1193.620605
55.94534724618275 -3.188503081022401 WSW 55.94523244115304 -3.1887802448821545 982.927295 1192.370605
55.94523244115304 -3.1887802448821545 WSW 55.94511763612333 -3.189057408741908 982.927295 1191.120605
55.94511763612333 -3.189057408741908 WSW 55.94500283109362 -3.1893345726016613 982.927295 1189.870605
55.94500283109362 -3.1893345726016613 WSW 55.94488802606391 -3.1896117364614147 982.927295 1188.620605
55.94488802606391 -3.1896117364614147 W 55.94488802606391 -3.189911736461415 982.927295 1187.370605
55.94488802606391 -3.189911736461415 WSW 55.9447732210342 -3.1901889003211683 982.927295 1186.120605
55.9447732210342 -3.1901889003211683 W 55.9447732210342 -3.1904889003211685 982.927295 1184.870605
55.9447732210342 -3.1904889003211685 WSW 55.944658416004486 -3.190766064180922 982.927295 1183.620605
55.944658416004486 -3.190766064180922 W 55.944658416004486 -3.191066064180922 982.927295 1182.370605
55.944658416004486 -3.191066064180922 WSW 55.944543610974776 -3.1913432280406755 982.927295 1181.120605
55.944543610974776 -3.1913432280406755 W 55.944543610974776 -3.1916432280406757 1075.022148 1184.965769
55.944543610974776 -3.1916432280406757 SSE 55.94426644711502 -3.191528423010966 1164.180894 1286.506574
55.94426644711502 -3.191528423010966 SSE 55.94398928325526 -3.1914136179812567 1164.180894 1285.256574
55.94398928325526 -3.1914136179812567 SSE 55.94371211939551 -3.191298812951547 1208.494934 1289.620207
55.94371211939551 -3.191298812951547 SSE 55.94343495553575 -3.1911840079218377 1270.192446 1309.734752
55.94343495553575 -3.1911840079218377 S 55.94313495553575 -3.1911840079218377 1201.739469 1304.535096
55.94313495553575 -3.1911840079218377 SSE 55.94285779167599 -3.191069202892128 1201.739469 1303.285096
55.94285779167599 -3.191069202892128 ENE 55.9429725967057 -3.1907920390323747 1279.394887 1385.526975
55.9429725967057 -3.1907920390323747 ENE 55.94308740173541 -3.1905148751726213 1279.394887 1384.276975
55.94308740173541 -3.1905148751726213 ENE 55.94320220676512 -3.190237711312868 1279.394887 1383.026975
55.94320220676512 -3.190237711312868 E 55.94320220676512 -3.1899377113128677 1279.394887 1381.776975
55.94320220676512 -3.1899377113128677 ENE 55.94331701179483 -3.1896605474531143 1233.999426 1365.830354
55.94331701179483 -3.1896605474531143 E 55.94331701179483 -3.189360547453114 1233.999426 1364.580354
55.94331701179483 -3.189360547453114 ENE 55.94343181682454 -3.1890833835933607 1233.999426 1363.330354
55.94343181682454 -3.1890833835933607 ENE 55.94354662185425 -3.1888062197336073 1290.637987 1445.742395
55.94354662185425 -3.1888062197336073 ENE 55.94366142688396 -3.188529055873854 1290.637987 1444.492395
55.94366142688396 -3.188529055873854 ENE 55.943776231913674 -3.1882518920141005 1290.637987 1443.242395
55.943776231913674 -3.1882518920141005 ENE 55.943891036943384 -3.187974728154347 1290.637987 1441.992395
55.943891036943384 -3.187974728154347 ENE 55.944005841973095 -3.1876975642945937 1290.637987 1440.742395
55.944005841973095 -3.1876975642945937 ENE 55.944120647002805 -3.1874204004348403 1290.637987 1439.492395
55.944120647002805 -3.1874204004348403 E 55.944120647002805 -3.18712040043484 1290.637987 1438.242395
55.944120647002805 -3.18712040043484 ENE 55.944235452032515 -3.1868432365750867 1290.637987 1436.992395
55.944235452032515 -3.1868432365750867 W 55.944235452032515 -3.187143236575087 1401.246956 1507.153907
55.944235452032515 -3.187143236575087 W 55.944235452032515 -3.187443236575087 1401.246956 1505.903907
55.944235452032515 -3.187443236575087 WNW 55.944350257062226 -3.1877204004348405 1401.246956 1504.653907
55.944350257062226 -3.1877204004348405 W 55.944350257062226 -3.1880204004348407 1401.246956 1503.403907
55.944350257062226 -3.1880204004348407 WNW 55.944465062091936 -3.188297564294594 1401.246956 1502.153907
55.944465062091936 -3.188297564294594 W 55.944465062091936 -3.1885975642945943 1401.246956 1500.903907
55.944465062091936 -3.1885975642945943 WNW 55.94457986712165 -3.1888747281543477 1401.246956 1499.653907
55.94457986712165 -3.1888747281543477 W 55.94457986712165 -3.189174728154348 1401.246956 1498.403907
55.94457986712165 -3.189174728154348 WNW 55.94469467215136 -3.1894518920141013 1401.246956 1497.153907
55.94469467215136 -3.1894518920141013 W 55.94469467215136 -3.1897518920141015 1401.246956 1495.903907
55.94469467215136 -3.1897518920141015 WNW 55.94480947718107 -3.190029055873855 1401.246956 1494.653907
55.94480947718107 -3.190029055873855 W 55.94480947718107 -3.190329055873855 1401.246956 1493.403907
55.94480947718107 -3.190329055873855 WNW 55.94492428221078 -3.1906062197336085 1401.246956 1492.153907
55.94492428221078 -3.1906062197336085 W 55.94492428221078 -3.1909062197336087 1401.246956 1490.903907
55.94492428221078 -3.1909062197336087 WNW 55.94503908724049 -3.191183383593362 1401.246956 1489.653907
55.94503908724049 -3.191183383593362 W 55.94503908724049 -3.1914833835933623 1401.246956 1488.403907
55.94503908724049 -3.1914833835933623 WNW 55.9451538922702 -3.1917605474531157 1401.246956 1487.153907
55.9451538922702 -3.1917605474531157 W 55.9451538922702 -3.192060547453116 1401.246956 1485.903907
55.9451538922702 -3.192060547453116 WNW 55.94526869729991 -3.1923377113128693 1401.246956 1484.653907
55.94526869729991 -3.1923377113128693 ESE 55.9451538922702 -3.192060547453116 1486.673132 1521.417704
55.9451538922702 -3.192060547453116 ESE 55.94503908724049 -3.1917833835933624 1486.673132 1520.167704
55.94503908724049 -3.1917833835933624 ESE 55.94492428221078 -3.191506219733609 1486.673132 1518.917704
55.94492428221078 -3.191506219733609 ESE 55.94480947718107 -3.1912290558738556 1486.673132 1517.667704
55.94480947718107 -3.1912290558738556 ESE 55.94469467215136 -3.1909518920141022 1486.673132 1516.417704
55.94469467215136 -3.1909518920141022 ESE 55.94457986712165 -3.190674728154349 1486.673132 1515.167704
55.94457986712165 -3.190674728154349 ESE 55.944465062091936 -3.1903975642945954 1486.673132 1513.917704
55.944465062091936 -3.1903975642945954 ESE 55.944350257062226 -3.190120400434842 1486.673132 1512.667704
55.944350257062226 -3.190120400434842 ESE 55.944235452032515 -3.1898432365750886 1486.673132 1511.417704
55.944235452032515 -3.1898432365750886 ESE 55.944120647002805 -3.189566072715335 1486.673132 1510.167704
55.944120647002805 -3.189566072715335 ESE 55.944005841973095 -3.189288908855582 1486.673132 1508.917704
55.944005841973095 -3.189288908855582 ESE 55.943891036943384 -3.1890117449958284 1486.673132 1507.667704
55.943891036943384 -3.1890117449958284 ESE 55.943776231913674 -3.188734581136075 1486.673132 1506.417704
55.943776231913674 -3.188734581136075 ESE 55.94366142688396 -3.1884574172763216 1486.673132 1505.167704
55.94366142688396 -3.1884574172763216 SE 55.94344929484961 -3.188245285241966 1486.673132 1503.917704
55.94344929484961 -3.188245285241966 ESE 55.9433344898199 -3.1879681213822124 1486.673132 1502.667704
55.9433344898199 -3.1879681213822124 SE 55.94312235778554 -3.1877559893478566 1486.673132 1501.417704
55.94312235778554 -3.1877559893478566 ESE 55.94300755275583 -3.1874788254881032 1486.673132 1500.167704
55.94300755275583 -3.1874788254881032 SE 55.942795420721474 -3.1872666934537475 1486.673132 1498.917704
55.942795420721474 -3.1872666934537475 ESE 55.94268061569176 -3.186989529593994 1486.673132 1497.667704
55.94268061569176 -3.186989529593994 NE 55.94289274772612 -3.1867773975596383 1510.699787 1613.514430
55.94289274772612 -3.1867773975596383 NE 55.943104879760476 -3.1865652655252825 1479.232958 1552.616760
55.943104879760476 -3.1865652655252825 NE 55.94331701179483 -3.1863531334909267 1479.232958 1551.366760
55.94331701179483 -3.1863531334909267 NE 55.94352914382919 -3.186141001456571 1479.232958 1550.116760
55.94352914382919 -3.186141001456571 NE 55.943741275863545 -3.185928869422215 1479.232958 1548.866760
55.943741275863545 -3.185928869422215 NE 55.9439534078979 -3.1857167373878594 1479.232958 1547.616760
55.9439534078979 -3.1857167373878594 NE 55.94416553993226 -3.1855046053535037 1479.232958 1546.366760
55.94416553993226 -3.1855046053535037 NE 55.94437767196661 -3.185292473319148 1479.232958 1545.116760
55.94437767196661 -3.185292473319148 NNE 55.94465483582637 -3.1851776682894384 1479.232958 1543.866760
55.94465483582637 -3.1851776682894384 NE 55.944866967860726 -3.1849655362550826 1479.232958 1542.616760
55.944866967860726 -3.1849655362550826 NNE 55.94514413172048 -3.184850731225373 1479.232958 1541.366760
55.94514413172048 -3.184850731225373 NE 55.94535626375484 -3.1846385991910173 1479.232958 1540.116760
55.94535626375484 -3.1846385991910173 NNE 55.945633427614595 -3.184523794161308 1479.232958 1538.866760
55.945633427614595 -3.184523794161308 NE 55.94584555964895 -3.184311662126952 1548.691472 1653.701156
55.94584555964895 -3.184311662126952 WSW 55.94573075461924 -3.1845888259867055 1548.691472 1652.451156
55.94573075461924 -3.1845888259867055 WSW 55.94561594958953 -3.184865989846459 1548.691472 1651.201156
55.94561594958953 -3.184865989846459 WSW 55.94550114455982 -3.1851431537062123 1548.691472 1649.951156
55.94550114455982 -3.1851431537062123 WSW 55.94538633953011 -3.1854203175659657 1548.691472 1648.701156
55.94538633953011 -3.1854203175659657 WSW 55.9452715345004 -3.185697481425719 1548.691472 1647.451156
55.9452715345004 -3.185697481425719 WSW 55.94515672947069 -3.1859746452854725 1548.691472 1646.201156
55.94515672947069 -3.1859746452854725 W 55.94515672947069 -3.1862746452854727 1548.691472 1644.951156
55.94515672947069 -3.1862746452854727 WSW 55.94504192444098 -3.186551809145226 1548.691472 1643.701156
55.94504192444098 -3.186551809145226 W 55.94504192444098 -3.1868518091452263 1548.691472 1642.451156
55.94504192444098 -3.1868518091452263 WSW 55.94492711941127 -3.1871289730049797 1493.949113 1641.201156
55.94492711941127 -3.1871289730049797 W 55.94492711941127 -3.18742897300498 1493.949113 1639.951156
55.94492711941127 -3.18742897300498 WSW 55.94481231438156 -3.1877061368647333 1493.949113 1638.701156
55.94481231438156 -3.1877061368647333 W 55.94481231438156 -3.1880061368647334 1493.949113 1637.451156
55.94481231438156 -3.1880061368647334 WSW 55.94469750935185 -3.188283300724487 1493.949113 1636.201156
55.94469750935185 -3.188283300724487 W 55.94469750935185 -3.188583300724487 1493.949113 1634.951156
55.94469750935185 -3.188583300724487 WSW 55.94458270432214 -3.1888604645842404 1460.813964 1559.251738
55.94458270432214 -3.1888604645842404 W 55.94458270432214 -3.1891604645842406 1460.813964 1558.001738
55.94458270432214 -3.1891604645842406 WSW 55.94446789929243 -3.189437628443994 1460.813964 1556.751738
55.94446789929243 -3.189437628443994 W 55.94446789929243 -3.189737628443994 1460.813964 1555.501738
55.94446789929243 -3.189737628443994 WSW 55.944353094262716 -3.1900147923037476 1460.813964 1554.251738
55.944353094262716 -3.1900147923037476 W 55.944353094262716 -3.190314792303748 1460.813964 1553.001738
55.944353094262716 -3.190314792303748 WSW 55.944238289233006 -3.190591956163501 1460.813964 1551.751738
55.944238289233006 -3.190591956163501 W 55.944238289233006 -3.1908919561635014 1460.813964 1550.501738
55.944238289233006 -3.1908919561635014 WSW 55.944123484203296 -3.191169120023255 1460.813964 1549.251738
55.944123484203296 -3.191169120023255 W 55.944123484203296 -3.191469120023255 1460.813964 1548.001738
55.944123484203296 -3.191469120023255 WSW 55.944008679173585 -3.1917462838830084 1460.813964 1546.751738
55.944008679173585 -3.1917462838830084 SE 55.94379654713923 -3.1915341518486526 1476.469171 1586.265165
55.94379654713923 -3.1915341518486526 SE 55.94358441510487 -3.191322019814297 1476.469171 1585.015165
55.94358441510487 -3.191322019814297 ESE 55.94346961007516 -3.1910448559545435 1476.469171 1583.765165
55.94346961007516 -3.1910448559545435 SE 55.943257478040806 -3.1908327239201877 1476.469171 1582.515165
55.943257478040806 -3.1908327239201877 ESE 55.943142673011096 -3.1905555600604343 1476.469171 1581.265165
55.943142673011096 -3.1905555600604343 SE 55.94293054097674 -3.1903434280260785 1476.469171 1580.015165
55.94293054097674 -3.1903434280260785 ESE 55.94281573594703 -3.190066264166325 1476.469171 1578.765165
55.94281573594703 -3.190066264166325 SE 55.94260360391267 -3.1898541321319693 1476.469171 1577.515165
55.94260360391267 -3.1898541321319693 N 55.942903603912676 -3.1898541321319693 1525.907604 1646.097888
55.942903603912676 -3.1898541321319693 NNW 55.94318076777243 -3.189968937161679 1525.907604 1644.847888
55.94318076777243 -3.189968937161679 NNW 55.94345793163219 -3.1900837421913883 1525.907604 1643.597888
55.94345793163219 -3.1900837421913883 NNW 55.943735095491945 -3.190198547221098 1525.907604 1642.347888
55.943735095491945 -3.190198547221098 NW 55.9439472275263 -3.1904106792554536 1525.907604 1641.097888
55.9439472275263 -3.1904106792554536 NNW 55.94422439138606 -3.190525484285163 1548.201718 1650.906452
55.94422439138606 -3.190525484285163 WSW 55.94410958635635 -3.1908026481449165 1548.201718 1649.656452
55.94410958635635 -3.1908026481449165 WSW 55.94399478132664 -3.19107981200467 1548.201718 1648.406452
55.94399478132664 -3.19107981200467 SE 55.94378264929228 -3.190867679970314 1548.201718 1647.156452
55.94378264929228 -3.190867679970314 NE 55.94399478132664 -3.1906555479359584 1548.201718 1645.906452
55.94399478132664 -3.1906555479359584 ESE 55.94387997629693 -3.190378384076205 1548.201718 1644.656452
55.94387997629693 -3.190378384076205 SW 55.94366784426257 -3.1905905161105608 1548.201718 1643.406452
55.94366784426257 -3.1905905161105608 S 55.94336784426257 -3.1905905161105608 1548.201718 1642.156452
55.94336784426257 -3.1905905161105608 NW 55.943579976296924 -3.1908026481449165 1548.201718 1640.906452
55.943579976296924 -3.1908026481449165 ENE 55.943694781326634 -3.190525484285163 1548.201718 1639.656452
55.943694781326634 -3.190525484285163 S 55.94339478132663 -3.190525484285163 1548.201718 1638.406452
55.94339478132663 -3.190525484285163 NNW 55.94367194518639 -3.1906402893148726 1548.201718 1637.156452
55.94367194518639 -3.1906402893148726 WNW 55.9437867502161 -3.190917453174626 1548.201718 1635.906452
55.9437867502161 -3.190917453174626 SSE 55.94350958635634 -3.1908026481449165 1548.201718 1634.656452
55.94350958635634 -3.1908026481449165 SE 55.943297454321986 -3.1905905161105608 1548.201718 1633.406452
55.943297454321986 -3.1905905161105608 NW 55.94350958635634 -3.1908026481449165 1548.201718 1632.156452
55.94350958635634 -3.1908026481449165 WSW 55.94339478132663 -3.19107981200467 1548.201718 1630.906452
55.94339478132663 -3.19107981200467 NW 55.94360691336099 -3.1912919440390257 1548.201718 1629.656452
55.94360691336099 -3.1912919440390257 W 55.94360691336099 -3.191591944039026 1548.201718 1628.406452
55.94360691336099 -3.191591944039026 NW 55.943819045395344 -3.1918040760733817 1548.201718 1627.156452
55.943819045395344 -3.1918040760733817 NNW 55.9440962092551 -3.191918881103091 1548.201718 1625.906452
55.9440962092551 -3.191918881103091 ENE 55.94421101428481 -3.191641717243338 1548.201718 1624.656452
55.94421101428481 -3.191641717243338 SSW 55.943933850425054 -3.1917565222730473 1548.201718 1623.406452
55.943933850425054 -3.1917565222730473 SW 55.9437217183907 -3.191968654307403 1548.201718 1622.156452
55.9437217183907 -3.191968654307403 ESE 55.94360691336099 -3.1916914904476497 1548.201718 1620.906452
55.94360691336099 -3.1916914904476497 W 55.94360691336099 -3.19199149044765 1548.201718 1619.656452
55.94360691336099 -3.19199149044765 NNE 55.943884077220744 -3.1918766854179403 1548.201718 1618.406452
55.943884077220744 -3.1918766854179403 WNW 55.943998882250455 -3.1921538492776937 1548.201718 1617.156452
55.943998882250455 -3.1921538492776937 N 55.94429888225046 -3.1921538492776937 1548.201718 1615.906452
55.94429888225046 -3.1921538492776937 ESE 55.94418407722075 -3.1918766854179403 1548.201718 1614.656452
55.94418407722075 -3.1918766854179403 S 55.943884077220744 -3.1918766854179403 1548.201718 1613.406452
55.943884077220744 -3.1918766854179403 SSW 55.94360691336099 -3.19199149044765 1548.201718 1612.156452
55.94360691336099 -3.19199149044765 SSW 55.94332974950123 -3.1921062954773594 1548.201718 1610.906452
55.94332974950123 -3.1921062954773594 NE 55.94354188153559 -3.1918941634430036 1548.201718 1609.656452
55.94354188153559 -3.1918941634430036 ENE 55.9436566865653 -3.19161699958325 1548.201718 1608.406452
55.9436566865653 -3.19161699958325 NNW 55.943933850425054 -3.1917318046129597 1548.201718 1607.156452
55.943933850425054 -3.1917318046129597 WNW 55.944048655454765 -3.192008968472713 1548.201718 1605.906452
55.944048655454765 -3.192008968472713 SSW 55.94377149159501 -3.1921237735024226 1548.201718 1604.656452
55.94377149159501 -3.1921237735024226 WSW 55.9436566865653 -3.192400937362176 1548.201718 1603.406452
55.9436566865653 -3.192400937362176 SSW 55.94337952270554 -3.1925157423918855 1467.580918 1510.785244
55.94337952270554 -3.1925157423918855 N 55.943679522705544 -3.1925157423918855 1467.580918 1509.535244
55.943679522705544 -3.1925157423918855 NNW 55.9439566865653 -3.192630547421595 1467.580918 1508.285244
55.9439566865653 -3.192630547421595 NW 55.94416881859966 -3.192842679455951 1467.580918 1507.035244
55.94416881859966 -3.192842679455951 ENE 55.94428362362937 -3.1925655155961974 1467.580918 1505.785244
55.94428362362937 -3.1925655155961974 NE 55.94449575566372 -3.1923533835618416 1467.580918 1504.535244
55.94449575566372 -3.1923533835618416 NNE 55.94477291952348 -3.192238578532132 1467.580918 1503.285244
55.94477291952348 -3.192238578532132 NE 55.944985051557836 -3.1920264464977763 1467.580918 1502.035244
55.944985051557836 -3.1920264464977763 SE 55.94477291952348 -3.1918143144634206 1467.580918 1500.785244
55.94477291952348 -3.1918143144634206 SW 55.944560787489124 -3.1920264464977763 1467.580918 1499.535244
55.944560787489124 -3.1920264464977763 ENE 55.944675592518834 -3.191749282638023 1467.580918 1498.285244
55.944675592518834 -3.191749282638023 SE 55.94446346048448 -3.191537150603667 1467.580918 1497.035244
55.94446346048448 -3.191537150603667 E 55.94446346048448 -3.191237150603667 1467.580918 1495.785244
55.94446346048448 -3.191237150603667 S 55.944163460484475 -3.191237150603667 1467.580918 1494.535244
55.944163460484475 -3.191237150603667 N 55.94446346048448 -3.191237150603667 1467.580918 1493.285244
55.94446346048448 -3.191237150603667 NE 55.944675592518834 -3.191025018569311 1467.580918 1492.035244
55.944675592518834 -3.191025018569311 N 55.94497559251884 -3.191025018569311 1467.580918 1490.785244
55.94497559251884 -3.191025018569311 E 55.94497559251884 -3.190725018569311 1467.580918 1489.535244
55.94497559251884 -3.190725018569311 ENE 55.94509039754855 -3.1904478547095576 1467.580918 1488.285244
55.94509039754855 -3.1904478547095576 N 55.94539039754855 -3.1904478547095576 1467.580918 1487.035244
55.94539039754855 -3.1904478547095576 SW 55.945178265514194 -3.1906599867439134 1467.580918 1485.785244
