55.944425 -3.188396 ENE 55.94453980502971 -3.1881188361402466 0.000000 248.750000
55.94453980502971 -3.1881188361402466 ENE 55.94465461005942 -3.187841672280493 0.000000 247.500000
55.94465461005942 -3.187841672280493 ENE 55.944769415089134 -3.18756450842074 0.000000 246.250000
55.944769415089134 -3.18756450842074 ENE 55.944884220118844 -3.1872873445609864 0.000000 245.000000
55.944884220118844 -3.1872873445609864 ENE 55.944999025148554 -3.187010180701233 49.270928 256.824749
55.944999025148554 -3.187010180701233 ENE 55.945113830178265 -3.1867330168414796 0.000000 131.704170
55.945113830178265 -3.1867330168414796 ENE 55.945228635207975 -3.186455852981726 0.000000 130.454170
55.945228635207975 -3.186455852981726 ENE 55.945343440237686 -3.1861786891219728 0.000000 129.204170
55.945343440237686 -3.1861786891219728 ENE 55.945458245267396 -3.1859015252622194 0.000000 127.954170
55.945458245267396 -3.1859015252622194 S 55.94515824526739 -3.1859015252622194 113.887452 161.557950
55.94515824526739 -3.1859015252622194 S 55.94485824526739 -3.1859015252622194 220.206845 177.434411
55.94485824526739 -3.1859015252622194 S 55.94455824526739 -3.1859015252622194 235.925669 269.476424
55.94455824526739 -3.1859015252622194 SSE 55.94428108140763 -3.18578672023251 235.925669 268.226424
55.94428108140763 -3.18578672023251 S 55.94398108140763 -3.18578672023251 235.925669 266.976424
55.94398108140763 -3.18578672023251 SSE 55.94370391754787 -3.1856719152028004 235.925669 265.726424
55.94370391754787 -3.1856719152028004 S 55.94340391754787 -3.1856719152028004 313.140754 273.632146
55.94340391754787 -3.1856719152028004 SSE 55.94312675368811 -3.185557110173091 313.140754 272.382146
55.94312675368811 -3.185557110173091 WNW 55.94324155871782 -3.1858342740328442 348.280399 331.473396
55.94324155871782 -3.1858342740328442 WNW 55.94335636374753 -3.1861114378925977 348.280399 330.223396
55.94335636374753 -3.1861114378925977 WNW 55.94347116877724 -3.186388601752351 348.280399 328.973396
55.94347116877724 -3.186388601752351 WNW 55.943585973806954 -3.1866657656121045 348.280399 327.723396
55.943585973806954 -3.1866657656121045 WNW 55.943700778836664 -3.186942929471858 348.280399 326.473396
55.943700778836664 -3.186942929471858 WNW 55.943815583866375 -3.1872200933316113 343.453795 266.180123
55.943815583866375 -3.1872200933316113 WNW 55.943930388896085 -3.1874972571913647 343.453795 264.930123
55.943930388896085 -3.1874972571913647 W 55.943930388896085 -3.187797257191365 343.453795 263.680123
55.943930388896085 -3.187797257191365 WNW 55.944045193925795 -3.1880744210511183 343.453795 262.430123
55.944045193925795 -3.1880744210511183 SE 55.94383306189144 -3.1878622890167625 416.823182 338.508960
55.94383306189144 -3.1878622890167625 SE 55.94362092985708 -3.1876501569824067 416.823182 337.258960
55.94362092985708 -3.1876501569824067 SE 55.94340879782273 -3.187438024948051 416.823182 336.008960
55.94340879782273 -3.187438024948051 SSE 55.94313163396297 -3.1873232199183414 416.823182 334.758960
55.94313163396297 -3.1873232199183414 SE 55.942919501928614 -3.1871110878839857 416.823182 333.508960
55.942919501928614 -3.1871110878839857 SSE 55.94264233806886 -3.186996282854276 416.823182 332.258960
55.94264233806886 -3.186996282854276 W 55.94264233806886 -3.1872962828542764 440.849837 448.105685
55.94264233806886 -3.1872962828542764 W 55.94264233806886 -3.1875962828542765 440.849837 446.855685
55.94264233806886 -3.1875962828542765 W 55.94264233806886 -3.1878962828542767 440.849837 445.605685
55.94264233806886 -3.1878962828542767 W 55.94264233806886 -3.188196282854277 440.849837 444.355685
55.94264233806886 -3.188196282854277 W 55.94264233806886 -3.188496282854277 440.849837 443.105685
55.94264233806886 -3.188496282854277 W 55.94264233806886 -3.1887962828542773 440.849837 441.855685
55.94264233806886 -3.1887962828542773 W 55.94264233806886 -3.1890962828542775 440.849837 440.605685
55.94264233806886 -3.1890962828542775 W 55.94264233806886 -3.1893962828542777 440.849837 439.355685
55.94264233806886 -3.1893962828542777 W 55.94264233806886 -3.189696282854278 440.849837 438.105685
55.94264233806886 -3.189696282854278 NE 55.942854470103214 -3.189484150819922 490.288270 506.688408
55.942854470103214 -3.189484150819922 NE 55.94306660213757 -3.1892720187855663 490.288270 505.438408
55.94306660213757 -3.1892720187855663 NNE 55.94334376599733 -3.189157213755857 490.288270 504.188408
55.94334376599733 -3.189157213755857 NW 55.94355589803168 -3.1893693457902126 546.926830 586.600450
55.94355589803168 -3.1893693457902126 NW 55.94376803006604 -3.1895814778245684 546.926830 585.350450
55.94376803006604 -3.1895814778245684 NNW 55.944045193925795 -3.189696282854278 546.926830 584.100450
55.944045193925795 -3.189696282854278 NW 55.94425732596015 -3.1899084148886336 546.926830 582.850450
55.94425732596015 -3.1899084148886336 NNW 55.94453448981991 -3.190023219918343 546.926830 581.600450
55.94453448981991 -3.190023219918343 E 55.94453448981991 -3.189723219918343 557.704332 642.092671
55.94453448981991 -3.189723219918343 E 55.94453448981991 -3.1894232199183428 653.786406 675.427757
55.94453448981991 -3.1894232199183428 E 55.94453448981991 -3.1891232199183426 653.786406 674.177757
55.94453448981991 -3.1891232199183426 E 55.94453448981991 -3.1888232199183424 653.786406 672.927757
55.94453448981991 -3.1888232199183424 E 55.94453448981991 -3.188523219918342 629.958684 647.781822
55.94453448981991 -3.188523219918342 E 55.94453448981991 -3.188223219918342 629.958684 646.531822
55.94453448981991 -3.188223219918342 E 55.94453448981991 -3.187923219918342 629.958684 645.281822
55.94453448981991 -3.187923219918342 E 55.94453448981991 -3.1876232199183416 629.958684 644.031822
55.94453448981991 -3.1876232199183416 ESE 55.9444196847902 -3.1873460560585882 629.958684 642.781822
55.9444196847902 -3.1873460560585882 E 55.9444196847902 -3.187046056058588 629.958684 641.531822
55.9444196847902 -3.187046056058588 ESE 55.94430487976049 -3.1867688921988346 629.958684 640.281822
55.94430487976049 -3.1867688921988346 E 55.94430487976049 -3.1864688921988344 740.567653 710.443334
55.94430487976049 -3.1864688921988344 ESE 55.94419007473078 -3.186191728339081 736.120804 604.944401
55.94419007473078 -3.186191728339081 E 55.94419007473078 -3.185891728339081 736.120804 603.694401
55.94419007473078 -3.185891728339081 ESE 55.94407526970107 -3.1856145644793274 736.120804 602.444401
55.94407526970107 -3.1856145644793274 E 55.94407526970107 -3.1853145644793273 736.120804 601.194401
55.94407526970107 -3.1853145644793273 ESE 55.943960464671356 -3.185037400619574 736.120804 599.944401
55.943960464671356 -3.185037400619574 E 55.943960464671356 -3.1847374006195737 736.120804 598.694401
55.943960464671356 -3.1847374006195737 WNW 55.94407526970107 -3.185014564479327 821.996601 673.459118
55.94407526970107 -3.185014564479327 WNW 55.94419007473078 -3.1852917283390805 821.996601 672.209118
55.94419007473078 -3.1852917283390805 WNW 55.94430487976049 -3.185568892198834 821.996601 670.959118
55.94430487976049 -3.185568892198834 W 55.94430487976049 -3.185868892198834 821.996601 669.709118
55.94430487976049 -3.185868892198834 WNW 55.9444196847902 -3.1861460560585875 821.996601 668.459118
55.9444196847902 -3.1861460560585875 W 55.9444196847902 -3.1864460560585877 821.996601 667.209118
55.9444196847902 -3.1864460560585877 WNW 55.94453448981991 -3.186723219918341 821.996601 665.959118
55.94453448981991 -3.186723219918341 W 55.94453448981991 -3.1870232199183413 821.996601 664.709118
55.94453448981991 -3.1870232199183413 WNW 55.94464929484962 -3.1873003837780947 821.996601 663.459118
55.94464929484962 -3.1873003837780947 W 55.94464929484962 -3.187600383778095 821.996601 662.209118
55.94464929484962 -3.187600383778095 WNW 55.94476409987933 -3.1878775476378483 821.996601 660.959118
55.94476409987933 -3.1878775476378483 W 55.94476409987933 -3.1881775476378484 821.996601 659.709118
55.94476409987933 -3.1881775476378484 WNW 55.94487890490904 -3.188454711497602 821.996601 658.459118
55.94487890490904 -3.188454711497602 W 55.94487890490904 -3.188754711497602 821.996601 657.209118
55.94487890490904 -3.188754711497602 WNW 55.94499370993875 -3.1890318753573554 788.861452 581.509700
55.94499370993875 -3.1890318753573554 W 55.94499370993875 -3.1893318753573556 788.861452 580.259700
55.94499370993875 -3.1893318753573556 WNW 55.94510851496846 -3.189609039217109 788.861452 579.009700
55.94510851496846 -3.189609039217109 W 55.94510851496846 -3.189909039217109 788.861452 577.759700
55.94510851496846 -3.189909039217109 WNW 55.94522331999817 -3.1901862030768626 788.861452 576.509700
55.94522331999817 -3.1901862030768626 W 55.94522331999817 -3.190486203076863 904.633833 661.316895
55.94522331999817 -3.190486203076863 W 55.94522331999817 -3.190786203076863 904.633833 660.066895
55.94522331999817 -3.190786203076863 W 55.94522331999817 -3.191086203076863 904.633833 658.816895
55.94522331999817 -3.191086203076863 W 55.94522331999817 -3.1913862030768634 968.563760 775.446504
55.94522331999817 -3.1913862030768634 W 55.94522331999817 -3.1916862030768636 968.563760 774.196504
55.94522331999817 -3.1916862030768636 W 55.94522331999817 -3.1919862030768638 968.563760 772.946504
55.94522331999817 -3.1919862030768638 W 55.94522331999817 -3.192286203076864 968.563760 771.696504
55.94522331999817 -3.192286203076864 E 55.94522331999817 -3.1919862030768638 1053.989937 808.460302
55.94522331999817 -3.1919862030768638 E 55.94522331999817 -3.1916862030768636 1053.989937 807.210302
55.94522331999817 -3.1916862030768636 E 55.94522331999817 -3.1913862030768634 1053.989937 805.960302
55.94522331999817 -3.1913862030768634 E 55.94522331999817 -3.191086203076863 1053.989937 804.710302
55.94522331999817 -3.191086203076863 E 55.94522331999817 -3.190786203076863 1053.989937 803.460302
55.94522331999817 -3.190786203076863 E 55.94522331999817 -3.190486203076863 1053.989937 802.210302
55.94522331999817 -3.190486203076863 E 55.94522331999817 -3.1901862030768626 1053.989937 800.960302
55.94522331999817 -3.1901862030768626 ENE 55.94533812502788 -3.189909039217109 1053.989937 799.710302
55.94533812502788 -3.189909039217109 E 55.94533812502788 -3.189609039217109 1053.989937 798.460302
55.94533812502788 -3.189609039217109 ENE 55.94545293005759 -3.1893318753573556 1053.989937 797.210302
55.94545293005759 -3.1893318753573556 E 55.94545293005759 -3.1890318753573554 1053.989937 795.960302
55.94545293005759 -3.1890318753573554 ENE 55.9455677350873 -3.188754711497602 1053.989937 794.710302
55.9455677350873 -3.188754711497602 E 55.9455677350873 -3.188454711497602 1075.883133 894.449216
55.9455677350873 -3.188454711497602 ENE 55.94568254011701 -3.1881775476378484 1075.883133 893.199216
55.94568254011701 -3.1881775476378484 E 55.94568254011701 -3.1878775476378483 1075.883133 891.949216
55.94568254011701 -3.1878775476378483 ENE 55.94579734514672 -3.187600383778095 1075.883133 890.699216
55.94579734514672 -3.187600383778095 E 55.94579734514672 -3.1873003837780947 1086.717116 972.018307
55.94579734514672 -3.1873003837780947 E 55.94579734514672 -3.1870003837780945 1086.717116 970.768307
55.94579734514672 -3.1870003837780945 E 55.94579734514672 -3.1867003837780943 1086.717116 969.518307
55.94579734514672 -3.1867003837780943 E 55.94579734514672 -3.186400383778094 1086.717116 968.268307
55.94579734514672 -3.186400383778094 E 55.94579734514672 -3.186100383778094 1086.481388 865.192774
55.94579734514672 -3.186100383778094 E 55.94579734514672 -3.1858003837780937 1006.174190 778.212176
55.94579734514672 -3.1858003837780937 E 55.94579734514672 -3.1855003837780935 1006.174190 776.962176
55.94579734514672 -3.1855003837780935 E 55.94579734514672 -3.1852003837780933 1006.174190 775.712176
55.94579734514672 -3.1852003837780933 E 55.94579734514672 -3.184900383778093 1006.174190 774.462176
55.94579734514672 -3.184900383778093 E 55.94579734514672 -3.184600383778093 1006.174190 773.212176
55.94579734514672 -3.184600383778093 WSW 55.94568254011701 -3.1848775476378464 1075.632704 888.046572
55.94568254011701 -3.1848775476378464 WSW 55.9455677350873 -3.1851547114975998 1075.632704 886.796572
55.9455677350873 -3.1851547114975998 WSW 55.94545293005759 -3.185431875357353 1075.632704 885.546572
55.94545293005759 -3.185431875357353 WSW 55.94533812502788 -3.1857090392171066 1075.632704 884.296572
55.94533812502788 -3.1857090392171066 WSW 55.94522331999817 -3.18598620307686 1075.632704 883.046572
55.94522331999817 -3.18598620307686 WSW 55.94510851496846 -3.1862633669366134 1075.632704 881.796572
55.94510851496846 -3.1862633669366134 W 55.94510851496846 -3.1865633669366136 1075.632704 880.546572
55.94510851496846 -3.1865633669366136 WSW 55.94499370993875 -3.186840530796367 1075.632704 879.296572
55.94499370993875 -3.186840530796367 W 55.94499370993875 -3.187140530796367 1020.890346 878.046572
55.94499370993875 -3.187140530796367 WSW 55.94487890490904 -3.1874176946561206 1020.890346 876.796572
55.94487890490904 -3.1874176946561206 W 55.94487890490904 -3.1877176946561208 1020.890346 875.546572
55.94487890490904 -3.1877176946561208 WSW 55.94476409987933 -3.187994858515874 1020.890346 874.296572
55.94476409987933 -3.187994858515874 W 55.94476409987933 -3.1882948585158744 1020.890346 873.046572
55.94476409987933 -3.1882948585158744 WSW 55.94464929484962 -3.1885720223756278 1020.890346 871.796572
55.94464929484962 -3.1885720223756278 W 55.94464929484962 -3.188872022375628 1020.890346 870.546572
55.94464929484962 -3.188872022375628 WSW 55.94453448981991 -3.1891491862353814 1020.890346 869.296572
55.94453448981991 -3.1891491862353814 W 55.94453448981991 -3.1894491862353815 1020.890346 868.046572
55.94453448981991 -3.1894491862353815 WSW 55.9444196847902 -3.189726350095135 1020.890346 866.796572
55.9444196847902 -3.189726350095135 W 55.9444196847902 -3.190026350095135 1020.890346 865.546572
55.9444196847902 -3.190026350095135 WSW 55.94430487976049 -3.1903035139548885 1020.890346 864.296572
55.94430487976049 -3.1903035139548885 W 55.94430487976049 -3.1906035139548887 1020.890346 863.046572
55.94430487976049 -3.1906035139548887 WSW 55.94419007473078 -3.190880677814642 1020.890346 861.796572
55.94419007473078 -3.190880677814642 W 55.94419007473078 -3.1911806778146423 1020.890346 860.546572
55.94419007473078 -3.1911806778146423 WSW 55.94407526970107 -3.1914578416743957 1020.890346 859.296572
55.94407526970107 -3.1914578416743957 W 55.94407526970107 -3.191757841674396 1065.204386 863.660206
55.94407526970107 -3.191757841674396 SSE 55.94379810584131 -3.1916430366446864 1080.859593 903.173633
55.94379810584131 -3.1916430366446864 SSE 55.943520941981554 -3.191528231614977 1080.859593 901.923633
55.943520941981554 -3.191528231614977 SSE 55.9432437781218 -3.1914134265852674 1080.859593 900.673633
55.9432437781218 -3.1914134265852674 SSE 55.94296661426204 -3.191298621555558 1012.406616 895.473977
55.94296661426204 -3.191298621555558 SE 55.942754482227684 -3.191086489521202 1012.406616 894.223977
55.942754482227684 -3.191086489521202 N 55.94305448222769 -3.191086489521202 1090.062034 976.465856
55.94305448222769 -3.191086489521202 NNW 55.943331646087444 -3.1912012945509116 1090.062034 975.215856
55.943331646087444 -3.1912012945509116 N 55.94363164608745 -3.1912012945509116 1090.062034 973.965856
55.94363164608745 -3.1912012945509116 E 55.94363164608745 -3.1909012945509114 1151.759546 994.080401
55.94363164608745 -3.1909012945509114 E 55.94363164608745 -3.1906012945509112 1151.759546 992.830401
55.94363164608745 -3.1906012945509112 E 55.94363164608745 -3.190301294550911 1151.759546 991.580401
55.94363164608745 -3.190301294550911 E 55.94363164608745 -3.190001294550911 1151.759546 990.330401
55.94363164608745 -3.190001294550911 E 55.94363164608745 -3.1897012945509107 1151.759546 989.080401
55.94363164608745 -3.1897012945509107 E 55.94363164608745 -3.1894012945509105 1151.759546 987.830401
55.94363164608745 -3.1894012945509105 E 55.94363164608745 -3.1891012945509103 1151.759546 986.580401
55.94363164608745 -3.1891012945509103 E 55.94363164608745 -3.18880129455091 1151.759546 985.330401
55.94363164608745 -3.18880129455091 E 55.94363164608745 -3.18850129455091 1151.759546 984.080401
55.94363164608745 -3.18850129455091 E 55.94363164608745 -3.1882012945509097 1151.759546 982.830401
55.94363164608745 -3.1882012945509097 E 55.94363164608745 -3.1879012945509095 1151.759546 981.580401
55.94363164608745 -3.1879012945509095 E 55.94363164608745 -3.1876012945509093 1151.759546 980.330401
55.94363164608745 -3.1876012945509093 E 55.94363164608745 -3.187301294550909 1151.759546 979.080401
55.94363164608745 -3.187301294550909 ENE 55.94374645111716 -3.1870241306911558 1151.759546 977.830401
55.94374645111716 -3.1870241306911558 E 55.94374645111716 -3.1867241306911556 1151.759546 976.580401
55.94374645111716 -3.1867241306911556 ENE 55.94386125614687 -3.186446966831402 1151.759546 975.330401
55.94386125614687 -3.186446966831402 NE 55.94407338818122 -3.1862348347970464 1183.421249 1053.651766
55.94407338818122 -3.1862348347970464 NE 55.94428552021558 -3.1860227027626906 1183.421249 1052.401766
55.94428552021558 -3.1860227027626906 ENE 55.94440032524529 -3.185745538902937 1183.421249 1051.151766
55.94440032524529 -3.185745538902937 NE 55.944612457279646 -3.1855334068685814 1183.421249 1049.901766
55.944612457279646 -3.1855334068685814 ENE 55.94472726230936 -3.185256243008828 1183.421249 1048.651766
55.94472726230936 -3.185256243008828 NE 55.94493939434371 -3.1850441109744723 1183.421249 1047.401766
55.94493939434371 -3.1850441109744723 ENE 55.94505419937342 -3.184766947114719 1183.421249 1046.151766
55.94505419937342 -3.184766947114719 WNW 55.945169004403134 -3.1850441109744723 1216.214110 1132.011770
55.945169004403134 -3.1850441109744723 ESE 55.94505419937342 -3.184766947114719 1166.106509 1012.232116
55.94505419937342 -3.184766947114719 W 55.94505419937342 -3.185066947114719 1166.106509 1010.982116
55.94505419937342 -3.185066947114719 W 55.94505419937342 -3.1853669471147192 1166.106509 1009.732116
55.94505419937342 -3.1853669471147192 W 55.94505419937342 -3.1856669471147194 1166.106509 1008.482116
55.94505419937342 -3.1856669471147194 W 55.94505419937342 -3.1859669471147196 1166.106509 1007.232116
55.94505419937342 -3.1859669471147196 WNW 55.945169004403134 -3.186244110974473 1166.106509 1005.982116
55.945169004403134 -3.186244110974473 W 55.945169004403134 -3.186544110974473 1166.106509 1004.732116
55.945169004403134 -3.186544110974473 WNW 55.945283809432844 -3.1868212748342266 1166.106509 1003.482116
55.945283809432844 -3.1868212748342266 W 55.945283809432844 -3.187121274834227 1166.106509 1002.232116
55.945283809432844 -3.187121274834227 WNW 55.945398614462555 -3.18739843869398 1166.106509 1000.982116
55.945398614462555 -3.18739843869398 W 55.945398614462555 -3.1876984386939804 1166.106509 999.732116
55.945398614462555 -3.1876984386939804 WNW 55.945513419492265 -3.187975602553734 1166.106509 998.482116
55.945513419492265 -3.187975602553734 W 55.945513419492265 -3.188275602553734 1166.106509 997.232116
55.945513419492265 -3.188275602553734 WNW 55.945628224521975 -3.1885527664134874 1166.106509 995.982116
55.945628224521975 -3.1885527664134874 W 55.945628224521975 -3.1888527664134876 1166.106509 994.732116
55.945628224521975 -3.1888527664134876 WNW 55.945743029551686 -3.189129930273241 1166.106509 993.482116
55.945743029551686 -3.189129930273241 WSW 55.945628224521975 -3.1894070941329944 1246.736997 1108.078594
55.945628224521975 -3.1894070941329944 WSW 55.945513419492265 -3.189684257992748 1246.736997 1106.828594
55.945513419492265 -3.189684257992748 WSW 55.945398614462555 -3.189961421852501 1246.736997 1105.578594
55.945398614462555 -3.189961421852501 WSW 55.945283809432844 -3.1902385857122546 1246.736997 1104.328594
55.945283809432844 -3.1902385857122546 WSW 55.945169004403134 -3.190515749572008 1246.736997 1103.078594
55.945169004403134 -3.190515749572008 WSW 55.94505419937342 -3.1907929134317614 1246.736997 1101.828594
55.94505419937342 -3.1907929134317614 WSW 55.94493939434371 -3.191070077291515 1246.736997 1100.578594
55.94493939434371 -3.191070077291515 SW 55.94472726230936 -3.1912822093258706 1246.736997 1099.328594
55.94472726230936 -3.1912822093258706 WSW 55.944612457279646 -3.191559373185624 1246.736997 1098.078594
55.944612457279646 -3.191559373185624 S 55.94431245727964 -3.191559373185624 1335.895743 1199.619399
55.94431245727964 -3.191559373185624 N 55.944612457279646 -3.191559373185624 1427.990596 1203.464562
55.944612457279646 -3.191559373185624 ESE 55.944497652249936 -3.1912822093258706 1427.990596 1202.214562
55.944497652249936 -3.1912822093258706 ESE 55.944382847220226 -3.191005045466117 1427.990596 1200.964562
55.944382847220226 -3.191005045466117 ESE 55.944268042190515 -3.190727881606364 1427.990596 1199.714562
55.944268042190515 -3.190727881606364 SE 55.94405591015616 -3.190515749572008 1427.990596 1198.464562
55.94405591015616 -3.190515749572008 ESE 55.94394110512645 -3.1902385857122546 1450.284710 1208.273126
55.94394110512645 -3.1902385857122546 N 55.94424110512645 -3.1902385857122546 1450.284710 1207.023126
55.94424110512645 -3.1902385857122546 N 55.944541105126454 -3.1902385857122546 1450.284710 1205.773126
55.944541105126454 -3.1902385857122546 NNW 55.94481826898621 -3.190353390741964 1511.082435 1241.041235
55.94481826898621 -3.190353390741964 NNW 55.94509543284597 -3.1904681957716736 1511.082435 1239.791235
55.94509543284597 -3.1904681957716736 SE 55.94488330081161 -3.190256063737318 1511.082435 1238.541235
55.94488330081161 -3.190256063737318 WSW 55.9447684957819 -3.1905332275970713 1511.082435 1237.291235
55.9447684957819 -3.1905332275970713 NNW 55.94504565964166 -3.1906480326267808 1511.082435 1236.041235
55.94504565964166 -3.1906480326267808 ENE 55.94516046467137 -3.1903708687670274 1511.082435 1234.791235
55.94516046467137 -3.1903708687670274 NW 55.945372596705724 -3.190583000801383 1511.082435 1233.541235
55.945372596705724 -3.190583000801383 ENE 55.945487401735434 -3.1903058369416297 1511.082435 1232.291235
55.945487401735434 -3.1903058369416297 WSW 55.945372596705724 -3.190583000801383 1511.082435 1231.041235
55.945372596705724 -3.190583000801383 WSW 55.94525779167601 -3.1908601646611365 1511.082435 1229.791235
55.94525779167601 -3.1908601646611365 NW 55.94546992371037 -3.1910722966954923 1511.082435 1228.541235
55.94546992371037 -3.1910722966954923 NNE 55.945747087570126 -3.190957491665783 1511.082435 1227.291235
55.945747087570126 -3.190957491665783 WNW 55.94586189259984 -3.191234655525536 1511.082435 1226.041235
55.94586189259984 -3.191234655525536 WSW 55.945747087570126 -3.1915118193852896 1511.082435 1224.791235
55.945747087570126 -3.1915118193852896 SW 55.94553495553577 -3.1917239514196454 1511.082435 1223.541235
55.94553495553577 -3.1917239514196454 ESE 55.94542015050606 -3.191446787559892 1400.130731 1191.265844
55.94542015050606 -3.191446787559892 NE 55.945632282540416 -3.191234655525536 1400.130731 1190.015844
55.945632282540416 -3.191234655525536 SE 55.94542015050606 -3.1910225234911804 1400.130731 1188.765844
55.94542015050606 -3.1910225234911804 SSE 55.9451429866463 -3.190907718461471 1400.130731 1187.515844
55.9451429866463 -3.190907718461471 NE 55.94535511868066 -3.190695586427115 1400.130731 1186.265844
55.94535511868066 -3.190695586427115 N 55.94565511868066 -3.190695586427115 1400.130731 1185.015844
55.94565511868066 -3.190695586427115 NE 55.94586725071502 -3.1904834543927594 1400.130731 1183.765844
55.94586725071502 -3.1904834543927594 WSW 55.94575244568531 -3.190760618252513 1276.362540 1107.887986
55.94575244568531 -3.190760618252513 ESE 55.9456376406556 -3.1904834543927594 1276.362540 1106.637986
55.9456376406556 -3.1904834543927594 WNW 55.94575244568531 -3.190760618252513 1276.362540 1105.387986
55.94575244568531 -3.190760618252513 SE 55.94554031365095 -3.190548486218157 1276.362540 1104.137986
55.94554031365095 -3.190548486218157 SSW 55.945263149791195 -3.1906632912478665 1276.362540 1102.887986
55.945263149791195 -3.1906632912478665 S 55.94496314979119 -3.1906632912478665 1276.362540 1101.637986
55.94496314979119 -3.1906632912478665 E 55.94496314979119 -3.1903632912478663 1276.362540 1100.387986
55.94496314979119 -3.1903632912478663 NW 55.94517528182555 -3.190575423282222 1276.362540 1099.137986
55.94517528182555 -3.190575423282222 NE 55.945387413859905 -3.1903632912478663 1276.362540 1097.887986
55.945387413859905 -3.1903632912478663 NE 55.94559954589426 -3.1901511592135106 1276.362540 1096.637986
55.94559954589426 -3.1901511592135106 W 55.94559954589426 -3.1904511592135107 1276.362540 1095.387986
55.94559954589426 -3.1904511592135107 S 55.94529954589426 -3.1904511592135107 1276.362540 1094.137986
55.94529954589426 -3.1904511592135107 SW 55.9450874138599 -3.1906632912478665 1276.362540 1092.887986
55.9450874138599 -3.1906632912478665 SSE 55.944810250000145 -3.190548486218157 1276.362540 1091.637986
55.944810250000145 -3.190548486218157 SW 55.94459811796579 -3.190760618252513 1276.362540 1090.387986
55.94459811796579 -3.190760618252513 ESE 55.94448331293608 -3.1904834543927594 1276.362540 1089.137986
55.94448331293608 -3.1904834543927594 E 55.94448331293608 -3.190183454392759 1276.362540 1087.887986
55.94448331293608 -3.190183454392759 NW 55.944695444970435 -3.190395586427115 1276.362540 1086.637986
