55.944425 -3.188396 ENE 55.94453980502971 -3.1881188361402466 0.000000 248.750000
55.94453980502971 -3.1881188361402466 ENE 55.94465461005942 -3.187841672280493 0.000000 247.500000
55.94465461005942 -3.187841672280493 ENE 55.944769415089134 -3.18756450842074 0.000000 246.250000
55.944769415089134 -3.18756450842074 ENE 55.944884220118844 -3.1872873445609864 0.000000 245.000000
55.944884220118844 -3.1872873445609864 ENE 55.944999025148554 -3.187010180701233 49.270928 256.824749
55.944999025148554 -3.187010180701233 E 55.944999025148554 -3.186710180701233 0.000000 131.704170
55.944999025148554 -3.186710180701233 ENE 55.945113830178265 -3.1864330168414794 0.000000 130.454170
55.945113830178265 -3.1864330168414794 E 55.945113830178265 -3.186133016841479 0.000000 129.204170
55.945113830178265 -3.186133016841479 W 55.945113830178265 -3.1864330168414794 106.319393 145.080631
55.945113830178265 -3.1864330168414794 W 55.945113830178265 -3.1867330168414796 106.319393 143.830631
55.945113830178265 -3.1867330168414796 W 55.945113830178265 -3.1870330168414798 106.319393 142.580631
55.945113830178265 -3.1870330168414798 W 55.945113830178265 -3.18733301684148 51.577034 141.330631
55.945113830178265 -3.18733301684148 W 55.945113830178265 -3.18763301684148 51.577034 140.080631
55.945113830178265 -3.18763301684148 W 55.945113830178265 -3.1879330168414803 51.577034 138.830631
55.945113830178265 -3.1879330168414803 W 55.945113830178265 -3.1882330168414805 51.577034 137.580631
55.945113830178265 -3.1882330168414805 WSW 55.944999025148554 -3.188510180701234 51.577034 136.330631
55.944999025148554 -3.188510180701234 W 55.944999025148554 -3.188810180701234 18.441885 60.631213
55.944999025148554 -3.188810180701234 WSW 55.944884220118844 -3.1890873445609875 18.441885 59.381213
55.944884220118844 -3.1890873445609875 W 55.944884220118844 -3.1893873445609877 18.441885 58.131213
55.944884220118844 -3.1893873445609877 WSW 55.944769415089134 -3.189664508420741 18.441885 56.881213
55.944769415089134 -3.189664508420741 W 55.944769415089134 -3.1899645084207413 114.523960 90.216299
55.944769415089134 -3.1899645084207413 WSW 55.94465461005942 -3.1902416722804947 125.301462 150.708520
55.94465461005942 -3.1902416722804947 SE 55.94444247802507 -3.190029540246139 186.099187 185.976629
55.94444247802507 -3.190029540246139 SE 55.94423034599071 -3.189817408211783 186.099187 184.726629
55.94423034599071 -3.189817408211783 SE 55.944018213956355 -3.1896052761774274 186.099187 183.476629
55.944018213956355 -3.1896052761774274 SE 55.943806081922 -3.1893931441430716 186.099187 182.226629
55.943806081922 -3.1893931441430716 SE 55.94359394988764 -3.189181012108716 186.099187 180.976629
55.94359394988764 -3.189181012108716 E 55.94359394988764 -3.1888810121087157 242.737747 263.388670
55.94359394988764 -3.1888810121087157 E 55.94359394988764 -3.1885810121087155 242.737747 262.138670
55.94359394988764 -3.1885810121087155 E 55.94359394988764 -3.1882810121087153 242.737747 260.888670
55.94359394988764 -3.1882810121087153 E 55.94359394988764 -3.187981012108715 242.737747 259.638670
55.94359394988764 -3.187981012108715 E 55.94359394988764 -3.187681012108715 242.737747 258.388670
55.94359394988764 -3.187681012108715 E 55.94359394988764 -3.1873810121087147 242.737747 257.138670
55.94359394988764 -3.1873810121087147 E 55.94359394988764 -3.1870810121087145 237.911143 196.845397
55.94359394988764 -3.1870810121087145 E 55.94359394988764 -3.1867810121087143 237.911143 195.595397
55.94359394988764 -3.1867810121087143 E 55.94359394988764 -3.186481012108714 237.911143 194.345397
55.94359394988764 -3.186481012108714 ENE 55.94370875491735 -3.1862038482489607 237.911143 193.095397
55.94370875491735 -3.1862038482489607 E 55.94370875491735 -3.1859038482489606 237.911143 191.845397
55.94370875491735 -3.1859038482489606 ENE 55.94382355994706 -3.185626684389207 237.911143 190.595397
55.94382355994706 -3.185626684389207 NE 55.94403569198142 -3.1854145523548514 315.126228 198.501119
55.94403569198142 -3.1854145523548514 NNE 55.944312855841176 -3.185299747325142 315.126228 197.251119
55.944312855841176 -3.185299747325142 NE 55.94452498787553 -3.185087615290786 315.126228 196.001119
55.94452498787553 -3.185087615290786 NNE 55.94480215173529 -3.1849728102610766 315.126228 194.751119
55.94480215173529 -3.1849728102610766 NE 55.945014283769645 -3.184760678226721 315.126228 193.501119
55.945014283769645 -3.184760678226721 NNW 55.9452914476294 -3.1848754832564303 347.919090 279.361122
55.9452914476294 -3.1848754832564303 WSW 55.94517664259969 -3.1851526471161837 297.811488 159.581469
55.94517664259969 -3.1851526471161837 WSW 55.94506183756998 -3.185429810975937 297.811488 158.331469
55.94506183756998 -3.185429810975937 W 55.94506183756998 -3.1857298109759373 297.811488 157.081469
55.94506183756998 -3.1857298109759373 W 55.94506183756998 -3.1860298109759375 313.530313 249.123482
55.94506183756998 -3.1860298109759375 W 55.94506183756998 -3.1863298109759377 313.530313 247.873482
55.94506183756998 -3.1863298109759377 W 55.94506183756998 -3.186629810975938 313.530313 246.623482
55.94506183756998 -3.186629810975938 W 55.94506183756998 -3.186929810975938 313.530313 245.373482
55.94506183756998 -3.186929810975938 W 55.94506183756998 -3.1872298109759383 313.530313 244.123482
55.94506183756998 -3.1872298109759383 W 55.94506183756998 -3.1875298109759385 313.530313 242.873482
55.94506183756998 -3.1875298109759385 W 55.94506183756998 -3.1878298109759386 313.530313 241.623482
55.94506183756998 -3.1878298109759386 W 55.94506183756998 -3.188129810975939 313.530313 240.373482
55.94506183756998 -3.188129810975939 W 55.94506183756998 -3.188429810975939 313.530313 239.123482
55.94506183756998 -3.188429810975939 W 55.94506183756998 -3.188729810975939 313.530313 237.873482
55.94506183756998 -3.188729810975939 WSW 55.94494703254027 -3.1890069748356926 313.530313 236.623482
55.94494703254027 -3.1890069748356926 W 55.94494703254027 -3.189306974835693 313.530313 235.373482
55.94494703254027 -3.189306974835693 WSW 55.94483222751056 -3.189584138695446 313.530313 234.123482
55.94483222751056 -3.189584138695446 W 55.94483222751056 -3.1898841386954464 313.530313 232.873482
55.94483222751056 -3.1898841386954464 WSW 55.94471742248085 -3.1901613025552 313.530313 231.623482
55.94471742248085 -3.1901613025552 W 55.94471742248085 -3.1904613025552 313.530313 230.373482
55.94471742248085 -3.1904613025552 WSW 55.94460261745114 -3.1907384664149534 313.530313 229.123482
55.94460261745114 -3.1907384664149534 W 55.94460261745114 -3.1910384664149536 313.530313 227.873482
55.94460261745114 -3.1910384664149536 WSW 55.94448781242143 -3.191315630274707 313.530313 226.623482
55.94448781242143 -3.191315630274707 W 55.94448781242143 -3.191615630274707 405.625166 230.468646
55.94448781242143 -3.191615630274707 NNW 55.944764976281185 -3.1917304353044167 494.783912 332.009451
55.944764976281185 -3.1917304353044167 SSE 55.94448781242143 -3.191615630274707 494.783912 330.759451
55.94448781242143 -3.191615630274707 SSE 55.94421064856167 -3.1915008252449977 494.783912 329.509451
55.94421064856167 -3.1915008252449977 SSE 55.943933484701915 -3.191386020215288 494.783912 328.259451
55.943933484701915 -3.191386020215288 E 55.943933484701915 -3.191086020215288 539.097952 332.623084
55.943933484701915 -3.191086020215288 E 55.943933484701915 -3.190786020215288 600.795464 352.737629
55.943933484701915 -3.190786020215288 E 55.943933484701915 -3.1904860202152876 600.795464 351.487629
55.943933484701915 -3.1904860202152876 E 55.943933484701915 -3.1901860202152874 623.089578 361.296193
55.943933484701915 -3.1901860202152874 E 55.943933484701915 -3.189886020215287 623.089578 360.046193
55.943933484701915 -3.189886020215287 E 55.943933484701915 -3.189586020215287 623.089578 358.796193
55.943933484701915 -3.189586020215287 E 55.943933484701915 -3.189286020215287 623.089578 357.546193
55.943933484701915 -3.189286020215287 E 55.943933484701915 -3.1889860202152867 623.089578 356.296193
55.943933484701915 -3.1889860202152867 E 55.943933484701915 -3.1886860202152865 623.089578 355.046193
55.943933484701915 -3.1886860202152865 E 55.943933484701915 -3.1883860202152863 623.089578 353.796193
55.943933484701915 -3.1883860202152863 E 55.943933484701915 -3.188086020215286 623.089578 352.546193
55.943933484701915 -3.188086020215286 ENE 55.944048289731626 -3.1878088563555327 696.458965 428.625029
55.944048289731626 -3.1878088563555327 E 55.944048289731626 -3.1875088563555325 670.516556 417.206547
55.944048289731626 -3.1875088563555325 ENE 55.944163094761336 -3.187231692495779 670.516556 415.956547
55.944163094761336 -3.187231692495779 E 55.944163094761336 -3.186931692495779 670.516556 414.706547
55.944163094761336 -3.186931692495779 ENE 55.94427789979105 -3.1866545286360255 670.516556 413.456547
55.94427789979105 -3.1866545286360255 WNW 55.94439270482076 -3.186931692495779 781.125525 483.618059
55.94439270482076 -3.186931692495779 WNW 55.94450750985047 -3.1872088563555323 781.125525 482.368059
55.94450750985047 -3.1872088563555323 NW 55.944719641884824 -3.187420988389888 781.125525 481.118059
55.944719641884824 -3.187420988389888 WNW 55.944834446914534 -3.1876981522496415 781.125525 479.868059
55.944834446914534 -3.1876981522496415 NW 55.94504657894889 -3.1879102842839973 781.125525 478.618059
55.94504657894889 -3.1879102842839973 WNW 55.9451613839786 -3.1881874481437507 781.125525 477.368059
55.9451613839786 -3.1881874481437507 NW 55.94537351601296 -3.1883995801781064 781.125525 476.118059
55.94537351601296 -3.1883995801781064 WNW 55.94548832104267 -3.18867674403786 781.125525 474.868059
55.94548832104267 -3.18867674403786 WNW 55.94560312607238 -3.1889539078976132 803.018722 574.606974
55.94560312607238 -3.1889539078976132 ESE 55.94548832104267 -3.18867674403786 803.018722 573.356974
55.94548832104267 -3.18867674403786 ESE 55.94537351601296 -3.1883995801781064 803.018722 572.106974
55.94537351601296 -3.1883995801781064 ESE 55.945258710983246 -3.188122416318353 803.018722 570.856974
55.945258710983246 -3.188122416318353 ESE 55.945143905953536 -3.1878452524585996 803.018722 569.606974
55.945143905953536 -3.1878452524585996 ESE 55.945029100923826 -3.187568088598846 803.018722 568.356974
55.945029100923826 -3.187568088598846 ESE 55.944914295894115 -3.187290924739093 803.018722 567.106974
55.944914295894115 -3.187290924739093 ESE 55.944799490864405 -3.1870137608793394 803.018722 565.856974
55.944799490864405 -3.1870137608793394 ESE 55.944684685834694 -3.186736597019586 803.018722 564.606974
55.944684685834694 -3.186736597019586 ESE 55.944569880804984 -3.1864594331598326 803.018722 563.356974
55.944569880804984 -3.1864594331598326 ESE 55.944455075775274 -3.186182269300079 803.018722 562.106974
55.944455075775274 -3.186182269300079 ESE 55.94434027074556 -3.185905105440326 803.018722 560.856974
55.94434027074556 -3.185905105440326 ESE 55.94422546571585 -3.1856279415805724 803.018722 559.606974
55.94422546571585 -3.1856279415805724 ESE 55.94411066068614 -3.185350777720819 803.018722 558.356974
55.94411066068614 -3.185350777720819 ESE 55.94399585565643 -3.1850736138610656 803.018722 557.106974
55.94399585565643 -3.1850736138610656 E 55.94399585565643 -3.1847736138610654 803.018722 555.856974
55.94399585565643 -3.1847736138610654 W 55.94399585565643 -3.1850736138610656 888.894519 630.621690
55.94399585565643 -3.1850736138610656 W 55.94399585565643 -3.1853736138610658 888.894519 629.371690
55.94399585565643 -3.1853736138610658 W 55.94399585565643 -3.185673613861066 888.894519 628.121690
55.94399585565643 -3.185673613861066 W 55.94399585565643 -3.185973613861066 888.894519 626.871690
55.94399585565643 -3.185973613861066 W 55.94399585565643 -3.1862736138610663 888.894519 625.621690
55.94399585565643 -3.1862736138610663 WNW 55.94411066068614 -3.1865507777208197 920.556222 703.943056
55.94411066068614 -3.1865507777208197 W 55.94411066068614 -3.18685077772082 920.556222 702.693056
55.94411066068614 -3.18685077772082 WNW 55.94422546571585 -3.1871279415805733 920.556222 701.443056
55.94422546571585 -3.1871279415805733 W 55.94422546571585 -3.1874279415805735 920.556222 700.193056
55.94422546571585 -3.1874279415805735 WNW 55.94434027074556 -3.187705105440327 920.556222 698.943056
55.94434027074556 -3.187705105440327 W 55.94434027074556 -3.188005105440327 920.556222 697.693056
55.94434027074556 -3.188005105440327 WNW 55.944455075775274 -3.1882822693000805 920.556222 696.443056
55.944455075775274 -3.1882822693000805 W 55.944455075775274 -3.1885822693000807 920.556222 695.193056
55.944455075775274 -3.1885822693000807 WNW 55.944569880804984 -3.188859433159834 920.556222 693.943056
55.944569880804984 -3.188859433159834 W 55.944569880804984 -3.1891594331598343 920.556222 692.693056
55.944569880804984 -3.1891594331598343 WNW 55.944684685834694 -3.1894365970195877 920.556222 691.443056
55.944684685834694 -3.1894365970195877 W 55.944684685834694 -3.189736597019588 920.556222 690.193056
55.944684685834694 -3.189736597019588 WNW 55.944799490864405 -3.1900137608793413 920.556222 688.943056
55.944799490864405 -3.1900137608793413 W 55.944799490864405 -3.1903137608793415 920.556222 687.693056
55.944799490864405 -3.1903137608793415 WNW 55.944914295894115 -3.190590924739095 920.556222 686.443056
55.944914295894115 -3.190590924739095 W 55.944914295894115 -3.190890924739095 920.556222 685.193056
55.944914295894115 -3.190890924739095 WNW 55.945029100923826 -3.1911680885988485 920.556222 683.943056
55.945029100923826 -3.1911680885988485 W 55.945029100923826 -3.1914680885988487 920.556222 682.693056
55.945029100923826 -3.1914680885988487 WNW 55.945143905953536 -3.191745252458602 920.556222 681.443056
55.945143905953536 -3.191745252458602 W 55.945143905953536 -3.1920452524586023 920.556222 680.193056
55.945143905953536 -3.1920452524586023 WNW 55.945258710983246 -3.1923224163183557 920.556222 678.943056
55.945258710983246 -3.1923224163183557 E 55.945258710983246 -3.1920224163183555 1005.982399 715.706853
55.945258710983246 -3.1920224163183555 E 55.945258710983246 -3.1917224163183553 1005.982399 714.456853
55.945258710983246 -3.1917224163183553 E 55.945258710983246 -3.191422416318355 1005.982399 713.206853
55.945258710983246 -3.191422416318355 E 55.945258710983246 -3.191122416318355 1069.912326 829.836463
55.945258710983246 -3.191122416318355 ENE 55.94537351601296 -3.1908452524586015 1069.912326 828.586463
55.94537351601296 -3.1908452524586015 E 55.94537351601296 -3.1905452524586013 1069.912326 827.336463
55.94537351601296 -3.1905452524586013 ENE 55.94548832104267 -3.190268088598848 1185.684707 912.143658
55.94548832104267 -3.190268088598848 E 55.94548832104267 -3.1899680885988477 1185.684707 910.893658
55.94548832104267 -3.1899680885988477 ENE 55.94560312607238 -3.1896909247390943 1185.684707 909.643658
55.94560312607238 -3.1896909247390943 E 55.94560312607238 -3.189390924739094 1185.684707 908.393658
55.94560312607238 -3.189390924739094 ENE 55.94571793110209 -3.1891137608793407 1185.684707 907.143658
55.94571793110209 -3.1891137608793407 WSW 55.94560312607238 -3.189390924739094 1266.315195 1021.740135
55.94560312607238 -3.189390924739094 SW 55.94539099403802 -3.18960305677345 1266.315195 1020.490135
55.94539099403802 -3.18960305677345 WSW 55.94527618900831 -3.1898802206332033 1266.315195 1019.240135
55.94527618900831 -3.1898802206332033 SW 55.945064056973955 -3.190092352667559 1266.315195 1017.990135
55.945064056973955 -3.190092352667559 WSW 55.944949251944244 -3.1903695165273125 1266.315195 1016.740135
55.944949251944244 -3.1903695165273125 SW 55.94473711990989 -3.1905816485616683 1266.315195 1015.490135
55.94473711990989 -3.1905816485616683 WSW 55.94462231488018 -3.1908588124214217 1266.315195 1014.240135
55.94462231488018 -3.1908588124214217 SW 55.94441018284582 -3.1910709444557774 1266.315195 1012.990135
55.94441018284582 -3.1910709444557774 WSW 55.94429537781611 -3.191348108315531 1266.315195 1011.740135
55.94429537781611 -3.191348108315531 SW 55.944083245781755 -3.1915602403498866 1266.315195 1010.490135
55.944083245781755 -3.1915602403498866 ENE 55.944198050811465 -3.191283076490133 1281.970402 1050.003563
55.944198050811465 -3.191283076490133 ENE 55.944312855841176 -3.19100591263038 1281.970402 1048.753563
55.944312855841176 -3.19100591263038 ENE 55.944427660870886 -3.1907287487706264 1281.970402 1047.503563
55.944427660870886 -3.1907287487706264 ENE 55.9445424659006 -3.190451584910873 1281.970402 1046.253563
55.9445424659006 -3.190451584910873 ENE 55.94465727093031 -3.1901744210511196 1281.970402 1045.003563
55.94465727093031 -3.1901744210511196 E 55.94465727093031 -3.1898744210511194 1281.970402 1043.753563
55.94465727093031 -3.1898744210511194 ENE 55.94477207596002 -3.189597257191366 1281.970402 1042.503563
55.94477207596002 -3.189597257191366 E 55.94477207596002 -3.189297257191366 1281.970402 1041.253563
55.94477207596002 -3.189297257191366 ENE 55.94488688098973 -3.1890200933316124 1281.970402 1040.003563
55.94488688098973 -3.1890200933316124 E 55.94488688098973 -3.188720093331612 1281.970402 1038.753563
55.94488688098973 -3.188720093331612 ENE 55.94500168601944 -3.188442929471859 1281.970402 1037.503563
55.94500168601944 -3.188442929471859 E 55.94500168601944 -3.1881429294718586 1281.970402 1036.253563
55.94500168601944 -3.1881429294718586 ENE 55.94511649104915 -3.187865765612105 1281.970402 1035.003563
55.94511649104915 -3.187865765612105 E 55.94511649104915 -3.187565765612105 1281.970402 1033.753563
55.94511649104915 -3.187565765612105 ENE 55.94523129607886 -3.1872886017523516 1281.970402 1032.503563
55.94523129607886 -3.1872886017523516 E 55.94523129607886 -3.1869886017523514 1281.970402 1031.253563
55.94523129607886 -3.1869886017523514 ENE 55.94534610110857 -3.186711437892598 1281.970402 1030.003563
55.94534610110857 -3.186711437892598 E 55.94534610110857 -3.186411437892598 1281.970402 1028.753563
55.94534610110857 -3.186411437892598 ENE 55.94546090613828 -3.1861342740328444 1281.970402 1027.503563
55.94546090613828 -3.1861342740328444 E 55.94546090613828 -3.1858342740328442 1281.970402 1026.253563
55.94546090613828 -3.1858342740328442 SW 55.94524877410392 -3.1860464060672 1395.857854 1059.857342
55.94524877410392 -3.1860464060672 SW 55.94503664206957 -3.186258538101556 1395.857854 1058.607342
55.94503664206957 -3.186258538101556 WSW 55.94492183703986 -3.186535701961309 1395.857854 1057.357342
55.94492183703986 -3.186535701961309 SW 55.9447097050055 -3.186747833995665 1395.857854 1056.107342
55.9447097050055 -3.186747833995665 WSW 55.94459489997579 -3.1870249978554184 1395.857854 1054.857342
55.94459489997579 -3.1870249978554184 SW 55.944382767941434 -3.187237129889774 1395.857854 1053.607342
55.944382767941434 -3.187237129889774 WSW 55.944267962911724 -3.1875142937495275 1395.857854 1052.357342
55.944267962911724 -3.1875142937495275 SW 55.94405583087737 -3.1877264257838833 1395.857854 1051.107342
55.94405583087737 -3.1877264257838833 WSW 55.94394102584766 -3.1880035896436367 1395.857854 1049.857342
55.94394102584766 -3.1880035896436367 SW 55.9437288938133 -3.1882157216779925 1395.857854 1048.607342
55.9437288938133 -3.1882157216779925 WSW 55.94361408878359 -3.188492885537746 1395.857854 1047.357342
55.94361408878359 -3.188492885537746 SW 55.943401956749234 -3.1887050175721017 1395.857854 1046.107342
55.943401956749234 -3.1887050175721017 WSW 55.943287151719524 -3.188982181431855 1395.857854 1044.857342
55.943287151719524 -3.188982181431855 SW 55.94307501968517 -3.189194313466211 1395.857854 1043.607342
55.94307501968517 -3.189194313466211 WSW 55.94296021465546 -3.1894714773259643 1395.857854 1042.357342
55.94296021465546 -3.1894714773259643 SW 55.9427480826211 -3.18968360936032 1395.857854 1041.107342
55.9427480826211 -3.18968360936032 W 55.9427480826211 -3.18998360936032 1445.296287 1109.690065
55.9427480826211 -3.18998360936032 W 55.9427480826211 -3.1902836093603204 1445.296287 1108.440065
55.9427480826211 -3.1902836093603204 W 55.9427480826211 -3.1905836093603206 1445.296287 1107.190065
55.9427480826211 -3.1905836093603206 W 55.9427480826211 -3.190883609360321 1445.296287 1105.940065
55.9427480826211 -3.190883609360321 E 55.9427480826211 -3.1905836093603206 1522.951704 1188.181944
55.9427480826211 -3.1905836093603206 E 55.9427480826211 -3.1902836093603204 1522.951704 1186.931944
55.9427480826211 -3.1902836093603204 E 55.9427480826211 -3.18998360936032 1522.951704 1185.681944
55.9427480826211 -3.18998360936032 E 55.9427480826211 -3.18968360936032 1522.951704 1184.431944
55.9427480826211 -3.18968360936032 E 55.9427480826211 -3.18938360936032 1522.951704 1183.181944
55.9427480826211 -3.18938360936032 E 55.9427480826211 -3.1890836093603196 1522.951704 1181.931944
55.9427480826211 -3.1890836093603196 E 55.9427480826211 -3.1887836093603195 1522.951704 1180.681944
55.9427480826211 -3.1887836093603195 E 55.9427480826211 -3.1884836093603193 1522.951704 1179.431944
55.9427480826211 -3.1884836093603193 E 55.9427480826211 -3.188183609360319 1522.951704 1178.181944
55.9427480826211 -3.188183609360319 E 55.9427480826211 -3.187883609360319 1522.951704 1176.931944
55.9427480826211 -3.187883609360319 E 55.9427480826211 -3.1875836093603187 1522.951704 1175.681944
55.9427480826211 -3.1875836093603187 E 55.9427480826211 -3.1872836093603185 1522.951704 1174.431944
55.9427480826211 -3.1872836093603185 ESE 55.94263327759139 -3.187006445500565 1522.951704 1173.181944
55.94263327759139 -3.187006445500565 NE 55.94284540962575 -3.1867943134662093 1546.978359 1289.028670
55.94284540962575 -3.1867943134662093 NE 55.9430575416601 -3.1865821814318536 1515.511530 1228.131000
55.9430575416601 -3.1865821814318536 NE 55.94326967369446 -3.186370049397498 1515.511530 1226.881000
55.94326967369446 -3.186370049397498 NE 55.943481805728815 -3.186157917363142 1515.511530 1225.631000
55.943481805728815 -3.186157917363142 NE 55.94369393776317 -3.1859457853287863 1515.511530 1224.381000
55.94369393776317 -3.1859457853287863 NE 55.94390606979753 -3.1857336532944305 1515.511530 1223.131000
55.94390606979753 -3.1857336532944305 NE 55.944118201831884 -3.1855215212600747 1515.511530 1221.881000
55.944118201831884 -3.1855215212600747 NE 55.94433033386624 -3.185309389225719 1515.511530 1220.631000
55.94433033386624 -3.185309389225719 NNE 55.944607497726 -3.1851945841960094 1515.511530 1219.381000
55.944607497726 -3.1851945841960094 NE 55.94481962976035 -3.1849824521616537 1515.511530 1218.131000
55.94481962976035 -3.1849824521616537 NNE 55.94509679362011 -3.184867647131944 1515.511530 1216.881000
55.94509679362011 -3.184867647131944 NE 55.945308925654466 -3.1846555150975884 1515.511530 1215.631000
55.945308925654466 -3.1846555150975884 NNE 55.94558608951422 -3.184540710067879 1515.511530 1214.381000
55.94558608951422 -3.184540710067879 NE 55.94579822154858 -3.184328578033523 1515.511530 1213.131000
55.94579822154858 -3.184328578033523 WNW 55.94591302657829 -3.1846057418932765 1584.970044 1327.965396
55.94591302657829 -3.1846057418932765 W 55.94591302657829 -3.1849057418932767 1584.970044 1326.715396
55.94591302657829 -3.1849057418932767 W 55.94591302657829 -3.185205741893277 1584.970044 1325.465396
55.94591302657829 -3.185205741893277 W 55.94591302657829 -3.185505741893277 1584.970044 1324.215396
55.94591302657829 -3.185505741893277 W 55.94591302657829 -3.1858057418932773 1561.273498 1238.185637
55.94591302657829 -3.1858057418932773 W 55.94591302657829 -3.1861057418932774 1561.273498 1236.935637
55.94591302657829 -3.1861057418932774 W 55.94591302657829 -3.1864057418932776 1480.966300 1149.955039
55.94591302657829 -3.1864057418932776 W 55.94591302657829 -3.186705741893278 1480.730571 1046.879506
55.94591302657829 -3.186705741893278 W 55.94591302657829 -3.187005741893278 1480.730571 1045.629506
55.94591302657829 -3.187005741893278 WSW 55.94579822154858 -3.1872829057530314 1480.730571 1044.379506
55.94579822154858 -3.1872829057530314 W 55.94579822154858 -3.1875829057530316 1480.730571 1043.129506
55.94579822154858 -3.1875829057530316 SSW 55.94552105768882 -3.187697710782741 1491.564554 1124.448597
55.94552105768882 -3.187697710782741 SE 55.945308925654466 -3.1874855787483853 1491.564554 1123.198597
55.945308925654466 -3.1874855787483853 SE 55.94509679362011 -3.1872734467140296 1491.564554 1121.948597
55.94509679362011 -3.1872734467140296 SE 55.94488466158575 -3.187061314679674 1491.564554 1120.698597
55.94488466158575 -3.187061314679674 SE 55.9446725295514 -3.186849182645318 1491.564554 1119.448597
55.9446725295514 -3.186849182645318 SE 55.94446039751704 -3.1866370506109623 1491.564554 1118.198597
55.94446039751704 -3.1866370506109623 SE 55.944248265482685 -3.1864249185766065 1487.117705 1012.699664
55.944248265482685 -3.1864249185766065 SSE 55.94397110162293 -3.186310113546897 1487.117705 1011.449664
55.94397110162293 -3.186310113546897 SE 55.94375896958857 -3.186097981512541 1487.117705 1010.199664
55.94375896958857 -3.186097981512541 SSE 55.943481805728815 -3.1859831764828317 1487.117705 1008.949664
55.943481805728815 -3.1859831764828317 SE 55.94326967369446 -3.185771044448476 1487.117705 1007.699664
55.94326967369446 -3.185771044448476 SSE 55.9429925098347 -3.1856562394187664 1487.117705 1006.449664
55.9429925098347 -3.1856562394187664 WNW 55.94310731486441 -3.18593340327852 1522.257350 1065.540914
