55.944425 -3.188396 ENE 55.94453980502971 -3.1881188361402466 0.000000 248.750000
55.94453980502971 -3.1881188361402466 ENE 55.94465461005942 -3.187841672280493 0.000000 247.500000
55.94465461005942 -3.187841672280493 ENE 55.944769415089134 -3.18756450842074 0.000000 246.250000
55.944769415089134 -3.18756450842074 ENE 55.944884220118844 -3.1872873445609864 0.000000 245.000000
55.944884220118844 -3.1872873445609864 ENE 55.944999025148554 -3.187010180701233 49.270928 256.824749
55.944999025148554 -3.187010180701233 ENE 55.945113830178265 -3.1867330168414796 0.000000 131.704170
55.945113830178265 -3.1867330168414796 ENE 55.945228635207975 -3.186455852981726 0.000000 130.454170
55.945228635207975 -3.186455852981726 ENE 55.945343440237686 -3.1861786891219728 0.000000 129.204170
55.945343440237686 -3.1861786891219728 ENE 55.945458245267396 -3.1859015252622194 0.000000 127.954170
55.945458245267396 -3.1859015252622194 S 55.94515824526739 -3.1859015252622194 113.887452 161.557950
55.94515824526739 -3.1859015252622194 S 55.94485824526739 -3.1859015252622194 220.206845 177.434411
55.94485824526739 -3.1859015252622194 S 55.94455824526739 -3.1859015252622194 235.925669 269.476424
55.94455824526739 -3.1859015252622194 SSE 55.94428108140763 -3.18578672023251 235.925669 268.226424
55.94428108140763 -3.18578672023251 S 55.94398108140763 -3.18578672023251 235.925669 266.976424
55.94398108140763 -3.18578672023251 SSE 55.94370391754787 -3.1856719152028004 235.925669 265.726424
55.94370391754787 -3.1856719152028004 S 55.94340391754787 -3.1856719152028004 313.140754 273.632146
55.94340391754787 -3.1856719152028004 SSE 55.94312675368811 -3.185557110173091 313.140754 272.382146
55.94312675368811 -3.185557110173091 WNW 55.94324155871782 -3.1858342740328442 348.280399 331.473396
55.94324155871782 -3.1858342740328442 WNW 55.94335636374753 -3.1861114378925977 348.280399 330.223396
55.94335636374753 -3.1861114378925977 WNW 55.94347116877724 -3.186388601752351 348.280399 328.973396
55.94347116877724 -3.186388601752351 WNW 55.943585973806954 -3.1866657656121045 348.280399 327.723396
55.943585973806954 -3.1866657656121045 WNW 55.943700778836664 -3.186942929471858 348.280399 326.473396
55.943700778836664 -3.186942929471858 WNW 55.943815583866375 -3.1872200933316113 343.453795 266.180123
55.943815583866375 -3.1872200933316113 WNW 55.943930388896085 -3.1874972571913647 343.453795 264.930123
55.943930388896085 -3.1874972571913647 W 55.943930388896085 -3.187797257191365 343.453795 263.680123
55.943930388896085 -3.187797257191365 WNW 55.944045193925795 -3.1880744210511183 343.453795 262.430123
55.944045193925795 -3.1880744210511183 WNW 55.944159998955506 -3.1883515849108717 416.823182 338.508960
55.944159998955506 -3.1883515849108717 WNW 55.944274803985216 -3.188628748770625 416.823182 337.258960
55.944274803985216 -3.188628748770625 WNW 55.94438960901493 -3.1889059126303785 392.995460 312.113025
55.94438960901493 -3.1889059126303785 WNW 55.94450441404464 -3.189183076490132 392.995460 310.863025
55.94450441404464 -3.189183076490132 WNW 55.94461921907435 -3.1894602403498853 392.995460 309.613025
55.94461921907435 -3.1894602403498853 WNW 55.94473402410406 -3.1897374042096387 489.077534 342.948111
55.94473402410406 -3.1897374042096387 WNW 55.94484882913377 -3.190014568069392 489.077534 341.698111
55.94484882913377 -3.190014568069392 W 55.94484882913377 -3.1903145680693923 489.077534 340.448111
55.94484882913377 -3.1903145680693923 WNW 55.94496363416348 -3.1905917319291457 549.875260 375.716219
55.94496363416348 -3.1905917319291457 W 55.94496363416348 -3.190891731929146 549.875260 374.466219
55.94496363416348 -3.190891731929146 WNW 55.94507843919319 -3.1911688957888993 549.875260 373.216219
55.94507843919319 -3.1911688957888993 W 55.94507843919319 -3.1914688957888995 613.805186 489.845829
55.94507843919319 -3.1914688957888995 WNW 55.9451932442229 -3.191746059648653 613.805186 488.595829
55.9451932442229 -3.191746059648653 W 55.9451932442229 -3.192046059648653 613.805186 487.345829
55.9451932442229 -3.192046059648653 WNW 55.94530804925261 -3.1923232235084065 613.805186 486.095829
55.94530804925261 -3.1923232235084065 E 55.94530804925261 -3.1920232235084063 699.231363 522.859626
55.94530804925261 -3.1920232235084063 E 55.94530804925261 -3.191723223508406 699.231363 521.609626
55.94530804925261 -3.191723223508406 E 55.94530804925261 -3.191423223508406 699.231363 520.359626
55.94530804925261 -3.191423223508406 E 55.94530804925261 -3.1911232235084057 699.231363 519.109626
55.94530804925261 -3.1911232235084057 E 55.94530804925261 -3.1908232235084055 699.231363 517.859626
55.94530804925261 -3.1908232235084055 ENE 55.94542285428232 -3.190546059648652 699.231363 516.609626
55.94542285428232 -3.190546059648652 E 55.94542285428232 -3.190246059648652 699.231363 515.359626
55.94542285428232 -3.190246059648652 ENE 55.94553765931203 -3.1899688957888985 815.003744 600.166821
55.94553765931203 -3.1899688957888985 E 55.94553765931203 -3.1896688957888983 815.003744 598.916821
55.94553765931203 -3.1896688957888983 ENE 55.94565246434174 -3.189391731929145 815.003744 597.666821
55.94565246434174 -3.189391731929145 E 55.94565246434174 -3.1890917319291447 815.003744 596.416821
55.94565246434174 -3.1890917319291447 E 55.94565246434174 -3.1887917319291446 895.634232 711.013299
55.94565246434174 -3.1887917319291446 E 55.94565246434174 -3.1884917319291444 917.527429 810.752213
55.94565246434174 -3.1884917319291444 E 55.94565246434174 -3.188191731929144 917.527429 809.502213
55.94565246434174 -3.188191731929144 E 55.94565246434174 -3.187891731929144 917.527429 808.252213
55.94565246434174 -3.187891731929144 ENE 55.94576726937145 -3.1876145680693906 917.527429 807.002213
55.94576726937145 -3.1876145680693906 S 55.94546726937145 -3.1876145680693906 928.361412 888.321304
55.94546726937145 -3.1876145680693906 SSE 55.94519010551169 -3.187499763039681 928.361412 887.071304
55.94519010551169 -3.187499763039681 S 55.94489010551169 -3.187499763039681 928.361412 885.821304
55.94489010551169 -3.187499763039681 SSE 55.94461294165193 -3.1873849580099716 928.361412 884.571304
55.94461294165193 -3.1873849580099716 S 55.94431294165193 -3.1873849580099716 928.361412 883.321304
55.94431294165193 -3.1873849580099716 SSE 55.94403577779217 -3.187270152980262 928.361412 882.071304
55.94403577779217 -3.187270152980262 S 55.94373577779217 -3.187270152980262 928.361412 880.821304
55.94373577779217 -3.187270152980262 SSE 55.943458613932414 -3.1871553479505526 928.361412 879.571304
55.943458613932414 -3.1871553479505526 S 55.94315861393241 -3.1871553479505526 928.361412 878.321304
55.94315861393241 -3.1871553479505526 SSE 55.942881450072655 -3.187040542920843 928.361412 877.071304
55.942881450072655 -3.187040542920843 S 55.94258145007265 -3.187040542920843 952.388067 992.918030
55.94258145007265 -3.187040542920843 WNW 55.94269625510236 -3.1873177067805964 952.388067 991.668030
55.94269625510236 -3.1873177067805964 WNW 55.94281106013207 -3.18759487064035 952.388067 990.418030
55.94281106013207 -3.18759487064035 WNW 55.94292586516178 -3.1878720345001033 952.388067 989.168030
55.94292586516178 -3.1878720345001033 WNW 55.94304067019149 -3.1881491983598567 952.388067 987.918030
55.94304067019149 -3.1881491983598567 WNW 55.943155475221204 -3.18842636221961 952.388067 986.668030
55.943155475221204 -3.18842636221961 WNW 55.943270280250914 -3.1887035260793635 952.388067 985.418030
55.943270280250914 -3.1887035260793635 WNW 55.943385085280624 -3.188980689939117 952.388067 984.168030
55.943385085280624 -3.188980689939117 WNW 55.943499890310335 -3.1892578537988703 1009.026627 1066.580071
55.943499890310335 -3.1892578537988703 WNW 55.943614695340045 -3.1895350176586237 1009.026627 1065.330071
55.943614695340045 -3.1895350176586237 WNW 55.943729500369756 -3.189812181518377 1009.026627 1064.080071
55.943729500369756 -3.189812181518377 WNW 55.943844305399466 -3.1900893453781305 1009.026627 1062.830071
55.943844305399466 -3.1900893453781305 WNW 55.94395911042918 -3.190366509237884 1009.026627 1061.580071
55.94395911042918 -3.190366509237884 WNW 55.94407391545889 -3.1906436730976373 1031.320741 1071.388635
55.94407391545889 -3.1906436730976373 WNW 55.9441887204886 -3.1909208369573907 1031.320741 1070.138635
55.9441887204886 -3.1909208369573907 WNW 55.94430352551831 -3.191198000817144 1031.320741 1068.888635
55.94430352551831 -3.191198000817144 WNW 55.94441833054802 -3.1914751646768975 1031.320741 1067.638635
55.94441833054802 -3.1914751646768975 E 55.94441833054802 -3.1911751646768973 1123.415594 1071.483799
55.94441833054802 -3.1911751646768973 ENE 55.94453313557773 -3.190898000817144 1123.415594 1070.233799
55.94453313557773 -3.190898000817144 E 55.94453313557773 -3.1905980008171437 1123.415594 1068.983799
55.94453313557773 -3.1905980008171437 ENE 55.94464794060744 -3.1903208369573903 1123.415594 1067.733799
55.94464794060744 -3.1903208369573903 E 55.94464794060744 -3.19002083695739 1123.415594 1066.483799
55.94464794060744 -3.19002083695739 ENE 55.94476274563715 -3.1897436730976367 1134.193096 1126.976020
55.94476274563715 -3.1897436730976367 E 55.94476274563715 -3.1894436730976365 1134.193096 1125.726020
55.94476274563715 -3.1894436730976365 ENE 55.94487755066686 -3.189166509237883 1134.193096 1124.476020
55.94487755066686 -3.189166509237883 E 55.94487755066686 -3.188866509237883 1134.193096 1123.226020
55.94487755066686 -3.188866509237883 ENE 55.94499235569657 -3.1885893453781295 1101.057947 1047.526602
55.94499235569657 -3.1885893453781295 E 55.94499235569657 -3.1882893453781294 1101.057947 1046.276602
55.94499235569657 -3.1882893453781294 ENE 55.94510716072628 -3.188012181518376 1101.057947 1045.026602
55.94510716072628 -3.188012181518376 E 55.94510716072628 -3.1877121815183758 1101.057947 1043.776602
55.94510716072628 -3.1877121815183758 ENE 55.94522196575599 -3.1874350176586224 1101.057947 1042.526602
55.94522196575599 -3.1874350176586224 E 55.94522196575599 -3.187135017658622 1101.057947 1041.276602
55.94522196575599 -3.187135017658622 ENE 55.9453367707857 -3.1868578537988688 1101.057947 1040.026602
55.9453367707857 -3.1868578537988688 E 55.9453367707857 -3.1865578537988686 1101.057947 1038.776602
55.9453367707857 -3.1865578537988686 ENE 55.94545157581541 -3.186280689939115 1010.400187 1015.490904
55.94545157581541 -3.186280689939115 E 55.94545157581541 -3.185980689939115 1010.400187 1014.240904
55.94545157581541 -3.185980689939115 ENE 55.94556638084512 -3.1857035260793616 1010.400187 1012.990904
55.94556638084512 -3.1857035260793616 E 55.94556638084512 -3.1854035260793614 1010.400187 1011.740904
55.94556638084512 -3.1854035260793614 ENE 55.94568118587483 -3.185126362219608 1010.400187 1010.490904
55.94568118587483 -3.185126362219608 E 55.94568118587483 -3.184826362219608 1010.400187 1009.240904
55.94568118587483 -3.184826362219608 ENE 55.94579599090454 -3.1845491983598544 1010.400187 1007.990904
55.94579599090454 -3.1845491983598544 E 55.94579599090454 -3.184249198359854 1079.858701 1122.825300
55.94579599090454 -3.184249198359854 WSW 55.94568118587483 -3.1845263622196076 1079.858701 1121.575300
55.94568118587483 -3.1845263622196076 SW 55.945469053840476 -3.1847384942539634 1079.858701 1120.325300
55.945469053840476 -3.1847384942539634 WSW 55.945354248810766 -3.185015658113717 1079.858701 1119.075300
55.945354248810766 -3.185015658113717 SW 55.94514211677641 -3.1852277901480726 1029.751099 999.295646
55.94514211677641 -3.1852277901480726 WSW 55.9450273117467 -3.185504954007826 1029.751099 998.045646
55.9450273117467 -3.185504954007826 SW 55.94481517971234 -3.1857170860421817 1029.751099 996.795646
55.94481517971234 -3.1857170860421817 WSW 55.94470037468263 -3.185994249901935 1029.751099 995.545646
55.94470037468263 -3.185994249901935 SW 55.944488242648276 -3.186206381936291 1029.751099 994.295646
55.944488242648276 -3.186206381936291 WSW 55.944373437618566 -3.1864835457960443 1029.751099 993.045646
55.944373437618566 -3.1864835457960443 W 55.944373437618566 -3.1867835457960445 1025.304250 887.546714
55.944373437618566 -3.1867835457960445 W 55.944373437618566 -3.1870835457960447 1135.913219 957.708225
55.944373437618566 -3.1870835457960447 W 55.944373437618566 -3.187383545796045 1135.913219 956.458225
55.944373437618566 -3.187383545796045 W 55.944373437618566 -3.187683545796045 1135.913219 955.208225
55.944373437618566 -3.187683545796045 W 55.944373437618566 -3.1879835457960453 1135.913219 953.958225
55.944373437618566 -3.1879835457960453 W 55.944373437618566 -3.1882835457960454 1135.913219 952.708225
55.944373437618566 -3.1882835457960454 W 55.944373437618566 -3.1885835457960456 1135.913219 951.458225
55.944373437618566 -3.1885835457960456 W 55.944373437618566 -3.188883545796046 1135.913219 950.208225
55.944373437618566 -3.188883545796046 W 55.944373437618566 -3.189183545796046 1135.913219 948.958225
55.944373437618566 -3.189183545796046 W 55.944373437618566 -3.189483545796046 1135.913219 947.708225
55.944373437618566 -3.189483545796046 W 55.944373437618566 -3.1897835457960464 1135.913219 946.458225
55.944373437618566 -3.1897835457960464 W 55.944373437618566 -3.1900835457960466 1135.913219 945.208225
55.944373437618566 -3.1900835457960466 W 55.944373437618566 -3.1903835457960468 1135.913219 943.958225
55.944373437618566 -3.1903835457960468 W 55.944373437618566 -3.190683545796047 1135.913219 942.708225
55.944373437618566 -3.190683545796047 W 55.944373437618566 -3.190983545796047 1135.913219 941.458225
55.944373437618566 -3.190983545796047 WNW 55.944488242648276 -3.1912607096558006 1135.913219 940.208225
55.944488242648276 -3.1912607096558006 W 55.944488242648276 -3.1915607096558007 1135.913219 938.958225
55.944488242648276 -3.1915607096558007 SSE 55.94421107878852 -3.1914459046260912 1135.913219 937.708225
55.94421107878852 -3.1914459046260912 SSE 55.94393391492876 -3.1913310995963817 1135.913219 936.458225
55.94393391492876 -3.1913310995963817 SSE 55.94365675106901 -3.191216294566672 1180.227259 940.821859
55.94365675106901 -3.191216294566672 NNW 55.94393391492876 -3.1913310995963817 1241.924771 960.936403
55.94393391492876 -3.1913310995963817 NNW 55.94421107878852 -3.1914459046260912 1241.924771 959.686403
55.94421107878852 -3.1914459046260912 NNW 55.944488242648276 -3.1915607096558007 1241.924771 958.436403
55.944488242648276 -3.1915607096558007 SSE 55.94421107878852 -3.1914459046260912 1241.924771 957.186403
55.94421107878852 -3.1914459046260912 SSE 55.94393391492876 -3.1913310995963817 1241.924771 955.936403
55.94393391492876 -3.1913310995963817 SSE 55.94365675106901 -3.191216294566672 1241.924771 954.686403
55.94365675106901 -3.191216294566672 S 55.943356751069004 -3.191216294566672 1241.924771 953.436403
55.943356751069004 -3.191216294566672 SSE 55.94307958720925 -3.1911014895369627 1173.471794 948.236747
55.94307958720925 -3.1911014895369627 S 55.942779587209245 -3.1911014895369627 1173.471794 946.986747
55.942779587209245 -3.1911014895369627 SSE 55.94250242334949 -3.190986684507253 1251.127212 1029.228627
55.94250242334949 -3.190986684507253 E 55.94250242334949 -3.190686684507253 1251.127212 1027.978627
55.94250242334949 -3.190686684507253 E 55.94250242334949 -3.190386684507253 1251.127212 1026.728627
55.94250242334949 -3.190386684507253 ENE 55.9426172283792 -3.1901095206474994 1251.127212 1025.478627
55.9426172283792 -3.1901095206474994 E 55.9426172283792 -3.1898095206474992 1251.127212 1024.228627
55.9426172283792 -3.1898095206474992 ENE 55.94273203340891 -3.189532356787746 1300.565645 1092.811350
55.94273203340891 -3.189532356787746 ENE 55.94284683843862 -3.1892551929279924 1300.565645 1091.561350
55.94284683843862 -3.1892551929279924 ENE 55.94296164346833 -3.188978029068239 1300.565645 1090.311350
55.94296164346833 -3.188978029068239 ENE 55.94307644849804 -3.1887008652084856 1300.565645 1089.061350
55.94307644849804 -3.1887008652084856 ENE 55.94319125352775 -3.188423701348732 1300.565645 1087.811350
55.94319125352775 -3.188423701348732 ENE 55.94330605855746 -3.188146537488979 1300.565645 1086.561350
55.94330605855746 -3.188146537488979 ENE 55.94342086358717 -3.1878693736292254 1300.565645 1085.311350
55.94342086358717 -3.1878693736292254 ENE 55.94353566861688 -3.187592209769472 1300.565645 1084.061350
55.94353566861688 -3.187592209769472 ENE 55.94365047364659 -3.1873150459097186 1300.565645 1082.811350
55.94365047364659 -3.1873150459097186 ENE 55.9437652786763 -3.187037882049965 1300.565645 1081.561350
55.9437652786763 -3.187037882049965 E 55.9437652786763 -3.186737882049965 1300.565645 1080.311350
55.9437652786763 -3.186737882049965 ENE 55.94388008370601 -3.1864607181902116 1300.565645 1079.061350
55.94388008370601 -3.1864607181902116 NE 55.94409221574037 -3.186248586155856 1332.227348 1157.382715
55.94409221574037 -3.186248586155856 NE 55.944304347774725 -3.1860364541215 1332.227348 1156.132715
55.944304347774725 -3.1860364541215 ENE 55.944419152804436 -3.1857592902617466 1332.227348 1154.882715
55.944419152804436 -3.1857592902617466 NE 55.94463128483879 -3.185547158227391 1332.227348 1153.632715
55.94463128483879 -3.185547158227391 ENE 55.9447460898685 -3.1852699943676375 1332.227348 1152.382715
55.9447460898685 -3.1852699943676375 NE 55.94495822190286 -3.1850578623332817 1332.227348 1151.132715
55.94495822190286 -3.1850578623332817 ENE 55.94507302693257 -3.1847806984735283 1332.227348 1149.882715
55.94507302693257 -3.1847806984735283 W 55.94507302693257 -3.1850806984735285 1365.020210 1235.742719
55.94507302693257 -3.1850806984735285 W 55.94507302693257 -3.1853806984735287 1365.020210 1234.492719
55.94507302693257 -3.1853806984735287 W 55.94507302693257 -3.185680698473529 1365.020210 1233.242719
55.94507302693257 -3.185680698473529 W 55.94507302693257 -3.185980698473529 1365.020210 1231.992719
55.94507302693257 -3.185980698473529 W 55.94507302693257 -3.1862806984735292 1365.020210 1230.742719
55.94507302693257 -3.1862806984735292 W 55.94507302693257 -3.1865806984735294 1365.020210 1229.492719
55.94507302693257 -3.1865806984735294 W 55.94507302693257 -3.1868806984735296 1365.020210 1228.242719
55.94507302693257 -3.1868806984735296 W 55.94507302693257 -3.18718069847353 1310.277851 1226.992719
55.94507302693257 -3.18718069847353 W 55.94507302693257 -3.18748069847353 1310.277851 1225.742719
55.94507302693257 -3.18748069847353 W 55.94507302693257 -3.18778069847353 1310.277851 1224.492719
55.94507302693257 -3.18778069847353 W 55.94507302693257 -3.1880806984735304 1310.277851 1223.242719
55.94507302693257 -3.1880806984735304 W 55.94507302693257 -3.1883806984735306 1310.277851 1221.992719
55.94507302693257 -3.1883806984735306 W 55.94507302693257 -3.1886806984735308 1310.277851 1220.742719
55.94507302693257 -3.1886806984735308 W 55.94507302693257 -3.188980698473531 1310.277851 1219.492719
55.94507302693257 -3.188980698473531 WSW 55.94495822190286 -3.1892578623332843 1310.277851 1218.242719
55.94495822190286 -3.1892578623332843 W 55.94495822190286 -3.1895578623332845 1310.277851 1216.992719
55.94495822190286 -3.1895578623332845 WSW 55.94484341687315 -3.189835026193038 1310.277851 1215.742719
55.94484341687315 -3.189835026193038 W 55.94484341687315 -3.190135026193038 1310.277851 1214.492719
55.94484341687315 -3.190135026193038 WSW 55.94472861184344 -3.1904121900527915 1310.277851 1213.242719
55.94472861184344 -3.1904121900527915 W 55.94472861184344 -3.1907121900527917 1310.277851 1211.992719
55.94472861184344 -3.1907121900527917 WSW 55.94461380681373 -3.190989353912545 1310.277851 1210.742719
55.94461380681373 -3.190989353912545 W 55.94461380681373 -3.1912893539125453 1310.277851 1209.492719
55.94461380681373 -3.1912893539125453 WSW 55.94449900178402 -3.1915665177722987 1310.277851 1208.242719
55.94449900178402 -3.1915665177722987 WNW 55.94461380681373 -3.191843681632052 1310.277851 1206.992719
55.94461380681373 -3.191843681632052 E 55.94461380681373 -3.191543681632052 1399.436597 1308.533523
55.94461380681373 -3.191543681632052 E 55.94461380681373 -3.1912436816320517 1399.436597 1307.283523
55.94461380681373 -3.1912436816320517 E 55.94461380681373 -3.1909436816320516 1399.436597 1306.033523
55.94461380681373 -3.1909436816320516 E 55.94461380681373 -3.1906436816320514 1399.436597 1304.783523
55.94461380681373 -3.1906436816320514 E 55.94461380681373 -3.190343681632051 1399.436597 1303.533523
55.94461380681373 -3.190343681632051 E 55.94461380681373 -3.190043681632051 1399.436597 1302.283523
55.94461380681373 -3.190043681632051 E 55.94461380681373 -3.189743681632051 1399.436597 1301.033523
55.94461380681373 -3.189743681632051 E 55.94461380681373 -3.1894436816320506 1399.436597 1299.783523
55.94461380681373 -3.1894436816320506 E 55.94461380681373 -3.1891436816320504 1399.436597 1298.533523
55.94461380681373 -3.1891436816320504 E 55.94461380681373 -3.1888436816320502 1399.436597 1297.283523
55.94461380681373 -3.1888436816320502 E 55.94461380681373 -3.18854368163205 1399.436597 1296.033523
55.94461380681373 -3.18854368163205 E 55.94461380681373 -3.18824368163205 1399.436597 1294.783523
55.94461380681373 -3.18824368163205 E 55.94461380681373 -3.1879436816320497 1399.436597 1293.533523
55.94461380681373 -3.1879436816320497 ESE 55.94449900178402 -3.1876665177722963 1399.436597 1292.283523
55.94449900178402 -3.1876665177722963 E 55.94449900178402 -3.187366517772296 1399.436597 1291.033523
55.94449900178402 -3.187366517772296 ESE 55.94438419675431 -3.1870893539125427 1399.436597 1289.783523
55.94438419675431 -3.1870893539125427 E 55.94438419675431 -3.1867893539125425 1399.436597 1288.533523
55.94438419675431 -3.1867893539125425 ESE 55.944269391724596 -3.186512190052789 1399.436597 1287.283523
55.944269391724596 -3.186512190052789 E 55.944269391724596 -3.186212190052789 1399.436597 1286.033523
55.944269391724596 -3.186212190052789 ESE 55.944154586694886 -3.1859350261930355 1399.436597 1284.783523
55.944154586694886 -3.1859350261930355 E 55.944154586694886 -3.1856350261930353 1399.436597 1283.533523
55.944154586694886 -3.1856350261930353 ESE 55.944039781665175 -3.185357862333282 1399.436597 1282.283523
55.944039781665175 -3.185357862333282 E 55.944039781665175 -3.1850578623332817 1399.436597 1281.033523
55.944039781665175 -3.1850578623332817 ESE 55.943924976635465 -3.1847806984735283 1399.436597 1279.783523
55.943924976635465 -3.1847806984735283 W 55.943924976635465 -3.1850806984735285 1485.312394 1354.548240
55.943924976635465 -3.1850806984735285 W 55.943924976635465 -3.1853806984735287 1485.312394 1353.298240
55.943924976635465 -3.1853806984735287 W 55.943924976635465 -3.185680698473529 1485.312394 1352.048240
55.943924976635465 -3.185680698473529 W 55.943924976635465 -3.185980698473529 1485.312394 1350.798240
55.943924976635465 -3.185980698473529 W 55.943924976635465 -3.1862806984735292 1485.312394 1349.548240
55.943924976635465 -3.1862806984735292 W 55.943924976635465 -3.1865806984735294 1485.312394 1348.298240
55.943924976635465 -3.1865806984735294 W 55.943924976635465 -3.1868806984735296 1485.312394 1347.048240
55.943924976635465 -3.1868806984735296 W 55.943924976635465 -3.18718069847353 1485.312394 1345.798240
55.943924976635465 -3.18718069847353 W 55.943924976635465 -3.18748069847353 1485.312394 1344.548240
55.943924976635465 -3.18748069847353 W 55.943924976635465 -3.18778069847353 1485.312394 1343.298240
55.943924976635465 -3.18778069847353 W 55.943924976635465 -3.1880806984735304 1485.312394 1342.048240
55.943924976635465 -3.1880806984735304 W 55.943924976635465 -3.1883806984735306 1485.312394 1340.798240
55.943924976635465 -3.1883806984735306 W 55.943924976635465 -3.1886806984735308 1485.312394 1339.548240
55.943924976635465 -3.1886806984735308 W 55.943924976635465 -3.188980698473531 1485.312394 1338.298240
55.943924976635465 -3.188980698473531 W 55.943924976635465 -3.189280698473531 1485.312394 1337.048240
55.943924976635465 -3.189280698473531 W 55.943924976635465 -3.1895806984735313 1485.312394 1335.798240
55.943924976635465 -3.1895806984735313 W 55.943924976635465 -3.1898806984735315 1485.312394 1334.548240
55.943924976635465 -3.1898806984735315 W 55.943924976635465 -3.1901806984735317 1485.312394 1333.298240
55.943924976635465 -3.1901806984735317 W 55.943924976635465 -3.190480698473532 1485.312394 1332.048240
55.943924976635465 -3.190480698473532 W 55.943924976635465 -3.190780698473532 1485.312394 1330.798240
55.943924976635465 -3.190780698473532 W 55.943924976635465 -3.1910806984735323 1485.312394 1329.548240
55.943924976635465 -3.1910806984735323 W 55.943924976635465 -3.1913806984735325 1485.312394 1328.298240
55.943924976635465 -3.1913806984735325 WNW 55.944039781665175 -3.191657862333286 1485.312394 1327.048240
55.944039781665175 -3.191657862333286 W 55.944039781665175 -3.191957862333286 1500.967601 1366.561667
55.944039781665175 -3.191957862333286 NNE 55.94431694552493 -3.1918430573035765 1500.967601 1365.311667
55.94431694552493 -3.1918430573035765 N 55.944616945524935 -3.1918430573035765 1500.967601 1364.061667
55.944616945524935 -3.1918430573035765 NW 55.94482907755929 -3.1920551893379323 1500.967601 1362.811667
55.94482907755929 -3.1920551893379323 SW 55.944616945524935 -3.192267321372288 1500.967601 1361.561667
55.944616945524935 -3.192267321372288 NE 55.94482907755929 -3.1920551893379323 1500.967601 1360.311667
55.94482907755929 -3.1920551893379323 ESE 55.94471427252958 -3.191778025478179 1500.967601 1359.061667
55.94471427252958 -3.191778025478179 SSW 55.944437108669824 -3.1918928305078884 1500.967601 1357.811667
