55.944425 -3.188396 ENE 55.94453980502971 -3.1881188361402466 0.000000 248.750000
55.94453980502971 -3.1881188361402466 ENE 55.94465461005942 -3.187841672280493 0.000000 247.500000
55.94465461005942 -3.187841672280493 ENE 55.944769415089134 -3.18756450842074 0.000000 246.250000
55.944769415089134 -3.18756450842074 ENE 55.944884220118844 -3.1872873445609864 0.000000 245.000000
55.944884220118844 -3.1872873445609864 ENE 55.944999025148554 -3.187010180701233 49.270928 256.824749
55.944999025148554 -3.187010180701233 ENE 55.945113830178265 -3.1867330168414796 0.000000 131.704170
55.945113830178265 -3.1867330168414796 ENE 55.945228635207975 -3.186455852981726 0.000000 130.454170
55.945228635207975 -3.186455852981726 ENE 55.945343440237686 -3.1861786891219728 0.000000 129.204170
55.945343440237686 -3.1861786891219728 ENE 55.945458245267396 -3.1859015252622194 0.000000 127.954170
55.945458245267396 -3.1859015252622194 S 55.94515824526739 -3.1859015252622194 113.887452 161.557950
55.94515824526739 -3.1859015252622194 S 55.94485824526739 -3.1859015252622194 220.206845 177.434411
55.94485824526739 -3.1859015252622194 S 55.94455824526739 -3.1859015252622194 235.925669 269.476424
55.94455824526739 -3.1859015252622194 SSE 55.94428108140763 -3.18578672023251 235.925669 268.226424
55.94428108140763 -3.18578672023251 S 55.94398108140763 -3.18578672023251 235.925669 266.976424
55.94398108140763 -3.18578672023251 SSE 55.94370391754787 -3.1856719152028004 235.925669 265.726424
55.94370391754787 -3.1856719152028004 S 55.94340391754787 -3.1856719152028004 313.140754 273.632146
55.94340391754787 -3.1856719152028004 SSE 55.94312675368811 -3.185557110173091 313.140754 272.382146
55.94312675368811 -3.185557110173091 NNE 55.94340391754787 -3.1854423051433813 348.280399 331.473396
55.94340391754787 -3.1854423051433813 NNE 55.943681081407625 -3.185327500113672 348.280399 330.223396
55.943681081407625 -3.185327500113672 NNE 55.94395824526738 -3.1852126950839623 348.280399 328.973396
55.94395824526738 -3.1852126950839623 NNE 55.94423540912714 -3.185097890054253 348.280399 327.723396
55.94423540912714 -3.185097890054253 NNE 55.944512572986895 -3.1849830850245433 348.280399 326.473396
55.944512572986895 -3.1849830850245433 NNE 55.94478973684665 -3.184868279994834 348.280399 325.223396
55.94478973684665 -3.184868279994834 NNE 55.94506690070641 -3.1847534749651243 348.280399 323.973396
55.94506690070641 -3.1847534749651243 W 55.94506690070641 -3.1850534749651245 381.073260 409.833400
55.94506690070641 -3.1850534749651245 W 55.94506690070641 -3.1853534749651247 330.965659 290.053746
55.94506690070641 -3.1853534749651247 W 55.94506690070641 -3.185653474965125 330.965659 288.803746
55.94506690070641 -3.185653474965125 W 55.94506690070641 -3.185953474965125 330.965659 287.553746
55.94506690070641 -3.185953474965125 WNW 55.94518170573612 -3.1862306388248784 330.965659 286.303746
55.94518170573612 -3.1862306388248784 W 55.94518170573612 -3.1865306388248786 330.965659 285.053746
55.94518170573612 -3.1865306388248786 WNW 55.94529651076583 -3.186807802684632 330.965659 283.803746
55.94529651076583 -3.186807802684632 W 55.94529651076583 -3.1871078026846322 330.965659 282.553746
55.94529651076583 -3.1871078026846322 WNW 55.94541131579554 -3.1873849665443856 330.965659 281.303746
55.94541131579554 -3.1873849665443856 W 55.94541131579554 -3.187684966544386 330.965659 280.053746
55.94541131579554 -3.187684966544386 WNW 55.94552612082525 -3.1879621304041392 330.965659 278.803746
55.94552612082525 -3.1879621304041392 W 55.94552612082525 -3.1882621304041394 330.965659 277.553746
55.94552612082525 -3.1882621304041394 WNW 55.94564092585496 -3.188539294263893 330.965659 276.303746
55.94564092585496 -3.188539294263893 W 55.94564092585496 -3.188839294263893 330.965659 275.053746
55.94564092585496 -3.188839294263893 WNW 55.94575573088467 -3.1891164581236464 352.858855 374.792661
55.94575573088467 -3.1891164581236464 SSE 55.945478567024914 -3.189001653093937 433.489343 489.389139
55.945478567024914 -3.189001653093937 SSE 55.94520140316516 -3.1888868480642274 433.489343 488.139139
55.94520140316516 -3.1888868480642274 SSE 55.9449242393054 -3.188772043034518 433.489343 486.889139
55.9449242393054 -3.188772043034518 SE 55.944712107271044 -3.188559911000162 400.354194 411.189721
55.944712107271044 -3.188559911000162 SSE 55.94443494341129 -3.1884451059704526 400.354194 409.939721
55.94443494341129 -3.1884451059704526 SE 55.94422281137693 -3.188232973936097 400.354194 408.689721
55.94422281137693 -3.188232973936097 WNW 55.94433761640664 -3.1885101377958502 374.411786 397.271239
55.94433761640664 -3.1885101377958502 WNW 55.94445242143635 -3.1887873016556036 374.411786 396.021239
55.94445242143635 -3.1887873016556036 WNW 55.94456722646606 -3.189064465515357 350.584063 370.875304
55.94456722646606 -3.189064465515357 WNW 55.94468203149577 -3.1893416293751105 350.584063 369.625304
55.94468203149577 -3.1893416293751105 WNW 55.944796836525484 -3.189618793234864 350.584063 368.375304
55.944796836525484 -3.189618793234864 WNW 55.944911641555194 -3.1898959570946173 446.666138 401.710390
55.944911641555194 -3.1898959570946173 NW 55.94512377358955 -3.190108089128973 446.666138 400.460390
55.94512377358955 -3.190108089128973 WNW 55.94523857861926 -3.1903852529887264 446.666138 399.210390
55.94523857861926 -3.1903852529887264 SSE 55.944961414759504 -3.190270447959017 562.438519 484.017585
55.944961414759504 -3.190270447959017 SSE 55.94468425089975 -3.1901556429293074 562.438519 482.767585
55.94468425089975 -3.1901556429293074 E 55.94468425089975 -3.1898556429293072 623.236245 518.035693
55.94468425089975 -3.1898556429293072 ENE 55.94479905592946 -3.189578479069554 623.236245 516.785693
55.94479905592946 -3.189578479069554 E 55.94479905592946 -3.1892784790695536 623.236245 515.535693
55.94479905592946 -3.1892784790695536 ENE 55.94491386095917 -3.1890013152098002 623.236245 514.285693
55.94491386095917 -3.1890013152098002 E 55.94491386095917 -3.1887013152098 623.236245 513.035693
55.94491386095917 -3.1887013152098 ENE 55.94502866598888 -3.1884241513500466 623.236245 511.785693
55.94502866598888 -3.1884241513500466 E 55.94502866598888 -3.1881241513500465 623.236245 510.535693
55.94502866598888 -3.1881241513500465 ENE 55.94514347101859 -3.187846987490293 623.236245 509.285693
55.94514347101859 -3.187846987490293 E 55.94514347101859 -3.187546987490293 623.236245 508.035693
55.94514347101859 -3.187546987490293 ENE 55.9452582760483 -3.1872698236305395 623.236245 506.785693
55.9452582760483 -3.1872698236305395 E 55.9452582760483 -3.1869698236305393 623.236245 505.535693
55.9452582760483 -3.1869698236305393 ENE 55.94537308107801 -3.186692659770786 568.493886 504.285693
55.94537308107801 -3.186692659770786 E 55.94537308107801 -3.1863926597707857 477.836126 480.999994
55.94537308107801 -3.1863926597707857 ENE 55.94548788610772 -3.1861154959110323 477.836126 479.749994
55.94548788610772 -3.1861154959110323 E 55.94548788610772 -3.185815495911032 477.836126 478.499994
55.94548788610772 -3.185815495911032 ENE 55.94560269113743 -3.1855383320512787 477.836126 477.249994
55.94560269113743 -3.1855383320512787 E 55.94560269113743 -3.1852383320512785 477.836126 475.999994
55.94560269113743 -3.1852383320512785 ENE 55.94571749616714 -3.184961168191525 477.836126 474.749994
55.94571749616714 -3.184961168191525 E 55.94571749616714 -3.184661168191525 477.836126 473.499994
55.94571749616714 -3.184661168191525 ENE 55.94583230119685 -3.1843840043317715 477.836126 472.249994
55.94583230119685 -3.1843840043317715 S 55.94553230119685 -3.1843840043317715 547.294640 587.084391
55.94553230119685 -3.1843840043317715 N 55.94583230119685 -3.1843840043317715 547.294640 585.834391
55.94583230119685 -3.1843840043317715 W 55.94583230119685 -3.1846840043317717 547.294640 584.584391
55.94583230119685 -3.1846840043317717 W 55.94583230119685 -3.184984004331772 547.294640 583.334391
55.94583230119685 -3.184984004331772 W 55.94583230119685 -3.185284004331772 547.294640 582.084391
55.94583230119685 -3.185284004331772 WSW 55.94571749616714 -3.1855611681915255 547.294640 580.834391
55.94571749616714 -3.1855611681915255 W 55.94571749616714 -3.1858611681915256 547.294640 579.584391
55.94571749616714 -3.1858611681915256 WSW 55.94560269113743 -3.186138332051279 547.294640 578.334391
55.94560269113743 -3.186138332051279 W 55.94560269113743 -3.1864383320512792 547.058912 475.258857
55.94560269113743 -3.1864383320512792 WSW 55.94548788610772 -3.1867154959110326 547.058912 474.008857
55.94548788610772 -3.1867154959110326 W 55.94548788610772 -3.187015495911033 547.058912 472.758857
55.94548788610772 -3.187015495911033 WSW 55.94537308107801 -3.1872926597707862 547.058912 471.508857
55.94537308107801 -3.1872926597707862 W 55.94537308107801 -3.1875926597707864 547.058912 470.258857
55.94537308107801 -3.1875926597707864 WSW 55.9452582760483 -3.18786982363054 547.058912 469.008857
55.9452582760483 -3.18786982363054 W 55.9452582760483 -3.18816982363054 547.058912 467.758857
55.9452582760483 -3.18816982363054 WSW 55.94514347101859 -3.1884469874902934 547.058912 466.508857
55.94514347101859 -3.1884469874902934 W 55.94514347101859 -3.1887469874902936 547.058912 465.258857
55.94514347101859 -3.1887469874902936 WSW 55.94502866598888 -3.189024151350047 547.058912 464.008857
55.94502866598888 -3.189024151350047 W 55.94502866598888 -3.189324151350047 547.058912 462.758857
55.94502866598888 -3.189324151350047 WSW 55.94491386095917 -3.1896013152098006 547.058912 461.508857
55.94491386095917 -3.1896013152098006 W 55.94491386095917 -3.189901315209801 547.058912 460.258857
55.94491386095917 -3.189901315209801 WSW 55.94479905592946 -3.190178479069554 547.058912 459.008857
55.94479905592946 -3.190178479069554 W 55.94479905592946 -3.1904784790695544 547.058912 457.758857
55.94479905592946 -3.1904784790695544 WSW 55.94468425089975 -3.190755642929308 547.058912 456.508857
55.94468425089975 -3.190755642929308 W 55.94468425089975 -3.191055642929308 547.058912 455.258857
55.94468425089975 -3.191055642929308 WSW 55.94456944587004 -3.1913328067890614 547.058912 454.008857
55.94456944587004 -3.1913328067890614 W 55.94456944587004 -3.1916328067890616 639.153765 457.854021
55.94456944587004 -3.1916328067890616 ESE 55.94445464084033 -3.191355642929308 728.312511 559.394826
55.94445464084033 -3.191355642929308 ESE 55.94433983581062 -3.1910784790695548 728.312511 558.144826
55.94433983581062 -3.1910784790695548 ESE 55.944225030780906 -3.1908013152098014 728.312511 556.894826
55.944225030780906 -3.1908013152098014 ESE 55.944110225751196 -3.190524151350048 728.312511 555.644826
55.944110225751196 -3.190524151350048 ESE 55.943995420721485 -3.1902469874902946 750.606625 565.453390
55.943995420721485 -3.1902469874902946 ESE 55.943880615691775 -3.189969823630541 750.606625 564.203390
55.943880615691775 -3.189969823630541 ESE 55.943765810662065 -3.1896926597707878 750.606625 562.953390
55.943765810662065 -3.1896926597707878 ESE 55.943651005632354 -3.1894154959110343 750.606625 561.703390
55.943651005632354 -3.1894154959110343 SE 55.943438873598 -3.1892033638766786 750.606625 560.453390
55.943438873598 -3.1892033638766786 WNW 55.94355367862771 -3.189480527736432 807.245185 642.865431
55.94355367862771 -3.189480527736432 WNW 55.94366848365742 -3.1897576915961854 807.245185 641.615431
55.94366848365742 -3.1897576915961854 WNW 55.94378328868713 -3.190034855455939 807.245185 640.365431
55.94378328868713 -3.190034855455939 WNW 55.94389809371684 -3.190312019315692 807.245185 639.115431
55.94389809371684 -3.190312019315692 WNW 55.94401289874655 -3.1905891831754456 807.245185 637.865431
55.94401289874655 -3.1905891831754456 NW 55.944225030780906 -3.1908013152098014 807.245185 636.615431
55.944225030780906 -3.1908013152098014 WNW 55.94433983581062 -3.1910784790695548 807.245185 635.365431
55.94433983581062 -3.1910784790695548 NW 55.94455196784497 -3.1912906111039105 807.245185 634.115431
55.94455196784497 -3.1912906111039105 WNW 55.94466677287468 -3.191567774963664 807.245185 632.865431
55.94466677287468 -3.191567774963664 NW 55.94487890490904 -3.1917799069980197 807.245185 631.615431
55.94487890490904 -3.1917799069980197 WNW 55.94499370993875 -3.192057070857773 807.245185 630.365431
55.94499370993875 -3.192057070857773 NW 55.945205841973106 -3.192269202892129 807.245185 629.115431
55.945205841973106 -3.192269202892129 E 55.945205841973106 -3.1919692028921287 892.671362 665.879228
55.945205841973106 -3.1919692028921287 E 55.945205841973106 -3.1916692028921285 892.671362 664.629228
55.945205841973106 -3.1916692028921285 E 55.945205841973106 -3.1913692028921283 892.671362 663.379228
55.945205841973106 -3.1913692028921283 E 55.945205841973106 -3.191069202892128 956.601288 780.008838
55.945205841973106 -3.191069202892128 E 55.945205841973106 -3.190769202892128 956.601288 778.758838
55.945205841973106 -3.190769202892128 E 55.945205841973106 -3.1904692028921278 956.601288 777.508838
55.945205841973106 -3.1904692028921278 E 55.945205841973106 -3.1901692028921276 956.601288 776.258838
55.945205841973106 -3.1901692028921276 ENE 55.945320647002816 -3.189892039032374 956.601288 775.008838
55.945320647002816 -3.189892039032374 E 55.945320647002816 -3.189592039032374 956.601288 773.758838
55.945320647002816 -3.189592039032374 ENE 55.94543545203253 -3.1893148751726206 956.601288 772.508838
55.94543545203253 -3.1893148751726206 E 55.94543545203253 -3.1890148751726204 956.601288 771.258838
55.94543545203253 -3.1890148751726204 ENE 55.94555025706224 -3.188737711312867 956.601288 770.008838
55.94555025706224 -3.188737711312867 E 55.94555025706224 -3.188437711312867 956.601288 768.758838
55.94555025706224 -3.188437711312867 ENE 55.94566506209195 -3.1881605474531134 956.601288 767.508838
55.94566506209195 -3.1881605474531134 E 55.94566506209195 -3.187860547453113 956.601288 766.258838
55.94566506209195 -3.187860547453113 ENE 55.94577986712166 -3.18758338359336 956.601288 765.008838
55.94577986712166 -3.18758338359336 WSW 55.94566506209195 -3.187860547453113 967.435271 846.327929
55.94566506209195 -3.187860547453113 WSW 55.94555025706224 -3.1881377113128666 967.435271 845.077929
55.94555025706224 -3.1881377113128666 WSW 55.94543545203253 -3.18841487517262 967.435271 843.827929
55.94543545203253 -3.18841487517262 WSW 55.945320647002816 -3.1886920390323734 967.435271 842.577929
55.945320647002816 -3.1886920390323734 WSW 55.945205841973106 -3.188969202892127 967.435271 841.327929
55.945205841973106 -3.188969202892127 WSW 55.945091036943396 -3.1892463667518802 967.435271 840.077929
55.945091036943396 -3.1892463667518802 WSW 55.944976231913685 -3.1895235306116336 967.435271 838.827929
55.944976231913685 -3.1895235306116336 WSW 55.944861426883975 -3.189800694471387 967.435271 837.577929
55.944861426883975 -3.189800694471387 WSW 55.944746621854264 -3.1900778583311404 967.435271 836.327929
55.944746621854264 -3.1900778583311404 WSW 55.944631816824554 -3.190355022190894 978.212773 896.820150
55.944631816824554 -3.190355022190894 WSW 55.944517011794844 -3.1906321860506472 978.212773 895.570150
55.944517011794844 -3.1906321860506472 WSW 55.94440220676513 -3.1909093499104006 978.212773 894.320150
55.94440220676513 -3.1909093499104006 WSW 55.94428740173542 -3.191186513770154 978.212773 893.070150
55.94428740173542 -3.191186513770154 WSW 55.94417259670571 -3.1914636776299075 978.212773 891.820150
55.94417259670571 -3.1914636776299075 WSW 55.944057791676 -3.191740841489661 978.212773 890.570150
55.944057791676 -3.191740841489661 E 55.944057791676 -3.1914408414896607 993.867980 930.083578
55.944057791676 -3.1914408414896607 E 55.944057791676 -3.1911408414896605 1038.182020 934.447211
55.944057791676 -3.1911408414896605 E 55.944057791676 -3.1908408414896603 1038.182020 933.197211
55.944057791676 -3.1908408414896603 E 55.944057791676 -3.19054084148966 1038.182020 931.947211
55.944057791676 -3.19054084148966 E 55.944057791676 -3.19024084148966 1038.182020 930.697211
55.944057791676 -3.19024084148966 E 55.944057791676 -3.1899408414896597 1038.182020 929.447211
55.944057791676 -3.1899408414896597 E 55.944057791676 -3.1896408414896595 1038.182020 928.197211
55.944057791676 -3.1896408414896595 E 55.944057791676 -3.1893408414896594 1038.182020 926.947211
55.944057791676 -3.1893408414896594 E 55.944057791676 -3.189040841489659 1038.182020 925.697211
55.944057791676 -3.189040841489659 E 55.944057791676 -3.188740841489659 1038.182020 924.447211
55.944057791676 -3.188740841489659 E 55.944057791676 -3.188440841489659 1038.182020 923.197211
55.944057791676 -3.188440841489659 E 55.944057791676 -3.1881408414896586 1038.182020 921.947211
55.944057791676 -3.1881408414896586 SE 55.943845659641646 -3.187928709455303 1111.551408 998.026048
55.943845659641646 -3.187928709455303 SE 55.94363352760729 -3.187716577420947 1111.551408 996.776048
55.94363352760729 -3.187716577420947 SE 55.94342139557293 -3.1875044453865913 1111.551408 995.526048
55.94342139557293 -3.1875044453865913 SSE 55.94314423171318 -3.1873896403568818 1111.551408 994.276048
55.94314423171318 -3.1873896403568818 SE 55.94293209967882 -3.187177508322526 1111.551408 993.026048
55.94293209967882 -3.187177508322526 SSE 55.942654935819064 -3.1870627032928165 1111.551408 991.776048
55.942654935819064 -3.1870627032928165 W 55.942654935819064 -3.1873627032928167 1135.578063 1107.622773
55.942654935819064 -3.1873627032928167 W 55.942654935819064 -3.187662703292817 1135.578063 1106.372773
55.942654935819064 -3.187662703292817 W 55.942654935819064 -3.187962703292817 1135.578063 1105.122773
55.942654935819064 -3.187962703292817 W 55.942654935819064 -3.1882627032928172 1135.578063 1103.872773
55.942654935819064 -3.1882627032928172 W 55.942654935819064 -3.1885627032928174 1135.578063 1102.622773
55.942654935819064 -3.1885627032928174 W 55.942654935819064 -3.1888627032928176 1135.578063 1101.372773
55.942654935819064 -3.1888627032928176 W 55.942654935819064 -3.189162703292818 1135.578063 1100.122773
55.942654935819064 -3.189162703292818 W 55.942654935819064 -3.189462703292818 1135.578063 1098.872773
55.942654935819064 -3.189462703292818 W 55.942654935819064 -3.189762703292818 1135.578063 1097.622773
55.942654935819064 -3.189762703292818 W 55.942654935819064 -3.1900627032928184 1185.016495 1166.205497
55.942654935819064 -3.1900627032928184 W 55.942654935819064 -3.1903627032928186 1185.016495 1164.955497
55.942654935819064 -3.1903627032928186 W 55.942654935819064 -3.1906627032928188 1185.016495 1163.705497
55.942654935819064 -3.1906627032928188 W 55.942654935819064 -3.190962703292819 1185.016495 1162.455497
55.942654935819064 -3.190962703292819 ENE 55.942769740848775 -3.1906855394330655 1262.671913 1244.697376
55.942769740848775 -3.1906855394330655 ENE 55.942884545878485 -3.190408375573312 1262.671913 1243.447376
55.942884545878485 -3.190408375573312 ENE 55.942999350908195 -3.1901312117135587 1262.671913 1242.197376
55.942999350908195 -3.1901312117135587 ENE 55.943114155937906 -3.1898540478538053 1217.276452 1226.250754
55.943114155937906 -3.1898540478538053 ENE 55.943228960967616 -3.189576883994052 1217.276452 1225.000754
55.943228960967616 -3.189576883994052 ENE 55.94334376599733 -3.1892997201342985 1217.276452 1223.750754
55.94334376599733 -3.1892997201342985 E 55.94334376599733 -3.1889997201342983 1217.276452 1222.500754
55.94334376599733 -3.1889997201342983 ENE 55.94345857102704 -3.188722556274545 1217.276452 1221.250754
55.94345857102704 -3.188722556274545 E 55.94345857102704 -3.1884225562745447 1217.276452 1220.000754
55.94345857102704 -3.1884225562745447 ENE 55.94357337605675 -3.1881453924147913 1217.276452 1218.750754
55.94357337605675 -3.1881453924147913 E 55.94357337605675 -3.187845392414791 1217.276452 1217.500754
55.94357337605675 -3.187845392414791 ENE 55.94368818108646 -3.1875682285550377 1217.276452 1216.250754
55.94368818108646 -3.1875682285550377 E 55.94368818108646 -3.1872682285550376 1217.276452 1215.000754
55.94368818108646 -3.1872682285550376 ENE 55.94380298611617 -3.186991064695284 1212.449848 1154.707481
55.94380298611617 -3.186991064695284 E 55.94380298611617 -3.186691064695284 1212.449848 1153.457481
55.94380298611617 -3.186691064695284 ENE 55.94391779114588 -3.1864139008355306 1212.449848 1152.207481
55.94391779114588 -3.1864139008355306 E 55.94391779114588 -3.1861139008355304 1244.111552 1230.528847
55.94391779114588 -3.1861139008355304 E 55.94391779114588 -3.18581390083553 1244.111552 1229.278847
55.94391779114588 -3.18581390083553 E 55.94391779114588 -3.18551390083553 1244.111552 1228.028847
55.94391779114588 -3.18551390083553 E 55.94391779114588 -3.18521390083553 1244.111552 1226.778847
55.94391779114588 -3.18521390083553 E 55.94391779114588 -3.1849139008355296 1244.111552 1225.528847
55.94391779114588 -3.1849139008355296 E 55.94391779114588 -3.1846139008355294 1244.111552 1224.278847
55.94391779114588 -3.1846139008355294 W 55.94391779114588 -3.1849139008355296 1329.987349 1299.043563
55.94391779114588 -3.1849139008355296 W 55.94391779114588 -3.18521390083553 1329.987349 1297.793563
55.94391779114588 -3.18521390083553 W 55.94391779114588 -3.18551390083553 1329.987349 1296.543563
55.94391779114588 -3.18551390083553 W 55.94391779114588 -3.18581390083553 1329.987349 1295.293563
55.94391779114588 -3.18581390083553 W 55.94391779114588 -3.1861139008355304 1329.987349 1294.043563
55.94391779114588 -3.1861139008355304 W 55.94391779114588 -3.1864139008355306 1329.987349 1292.793563
55.94391779114588 -3.1864139008355306 W 55.94391779114588 -3.1867139008355307 1329.987349 1291.543563
55.94391779114588 -3.1867139008355307 W 55.94391779114588 -3.187013900835531 1329.987349 1290.293563
55.94391779114588 -3.187013900835531 W 55.94391779114588 -3.187313900835531 1329.987349 1289.043563
55.94391779114588 -3.187313900835531 W 55.94391779114588 -3.1876139008355313 1329.987349 1287.793563
55.94391779114588 -3.1876139008355313 W 55.94391779114588 -3.1879139008355315 1329.987349 1286.543563
55.94391779114588 -3.1879139008355315 W 55.94391779114588 -3.1882139008355317 1329.987349 1285.293563
55.94391779114588 -3.1882139008355317 W 55.94391779114588 -3.188513900835532 1329.987349 1284.043563
55.94391779114588 -3.188513900835532 W 55.94391779114588 -3.188813900835532 1329.987349 1282.793563
55.94391779114588 -3.188813900835532 W 55.94391779114588 -3.1891139008355323 1329.987349 1281.543563
55.94391779114588 -3.1891139008355323 W 55.94391779114588 -3.1894139008355324 1329.987349 1280.293563
55.94391779114588 -3.1894139008355324 W 55.94391779114588 -3.1897139008355326 1329.987349 1279.043563
55.94391779114588 -3.1897139008355326 W 55.94391779114588 -3.190013900835533 1329.987349 1277.793563
55.94391779114588 -3.190013900835533 W 55.94391779114588 -3.190313900835533 1329.987349 1276.543563
55.94391779114588 -3.190313900835533 W 55.94391779114588 -3.190613900835533 1329.987349 1275.293563
55.94391779114588 -3.190613900835533 WSW 55.94380298611617 -3.1908910646952866 1329.987349 1274.043563
55.94380298611617 -3.1908910646952866 W 55.94380298611617 -3.191191064695287 1329.987349 1272.793563
55.94380298611617 -3.191191064695287 E 55.94380298611617 -3.1908910646952866 1391.684860 1292.908107
55.94380298611617 -3.1908910646952866 E 55.94380298611617 -3.1905910646952864 1391.684860 1291.658107
55.94380298611617 -3.1905910646952864 E 55.94380298611617 -3.1902910646952862 1391.684860 1290.408107
55.94380298611617 -3.1902910646952862 E 55.94380298611617 -3.189991064695286 1391.684860 1289.158107
55.94380298611617 -3.189991064695286 E 55.94380298611617 -3.189691064695286 1391.684860 1287.908107
55.94380298611617 -3.189691064695286 E 55.94380298611617 -3.1893910646952857 1391.684860 1286.658107
55.94380298611617 -3.1893910646952857 E 55.94380298611617 -3.1890910646952855 1391.684860 1285.408107
55.94380298611617 -3.1890910646952855 E 55.94380298611617 -3.1887910646952853 1391.684860 1284.158107
55.94380298611617 -3.1887910646952853 E 55.94380298611617 -3.188491064695285 1391.684860 1282.908107
55.94380298611617 -3.188491064695285 ENE 55.94391779114588 -3.1882139008355317 1391.684860 1281.658107
55.94391779114588 -3.1882139008355317 E 55.94391779114588 -3.1879139008355315 1391.684860 1280.408107
55.94391779114588 -3.1879139008355315 ENE 55.94403259617559 -3.187636736975778 1391.684860 1279.158107
55.94403259617559 -3.187636736975778 E 55.94403259617559 -3.187336736975778 1391.684860 1277.908107
55.94403259617559 -3.187336736975778 ENE 55.9441474012053 -3.1870595731160245 1391.684860 1276.658107
55.9441474012053 -3.1870595731160245 E 55.9441474012053 -3.1867595731160243 1391.684860 1275.408107
55.9441474012053 -3.1867595731160243 NE 55.944359533239655 -3.1865474410816685 1502.293829 1345.569619
55.944359533239655 -3.1865474410816685 NNW 55.94463669709941 -3.186662246111378 1497.846980 1240.070686
55.94463669709941 -3.186662246111378 ESE 55.9445218920697 -3.1863850822516246 1497.846980 1238.820686
55.9445218920697 -3.1863850822516246 SE 55.944309760035345 -3.186172950217269 1497.846980 1237.570686
55.944309760035345 -3.186172950217269 S 55.94400976003534 -3.186172950217269 1497.846980 1236.320686
55.94400976003534 -3.186172950217269 SSW 55.943732596175586 -3.1862877552469784 1497.846980 1235.070686
