55.944425 -3.188396 ENE 55.94453980502971 -3.1881188361402466 0.000000 248.750000
55.94453980502971 -3.1881188361402466 ENE 55.94465461005942 -3.187841672280493 0.000000 247.500000
55.94465461005942 -3.187841672280493 ENE 55.944769415089134 -3.18756450842074 0.000000 246.250000
55.944769415089134 -3.18756450842074 ENE 55.944884220118844 -3.1872873445609864 0.000000 245.000000
55.944884220118844 -3.1872873445609864 ENE 55.944999025148554 -3.187010180701233 49.270928 256.824749
55.944999025148554 -3.187010180701233 ENE 55.945113830178265 -3.1867330168414796 0.000000 131.704170
55.945113830178265 -3.1867330168414796 ENE 55.945228635207975 -3.186455852981726 0.000000 130.454170
55.945228635207975 -3.186455852981726 ENE 55.945343440237686 -3.1861786891219728 0.000000 129.204170
55.945343440237686 -3.1861786891219728 ENE 55.945458245267396 -3.1859015252622194 0.000000 127.954170
55.945458245267396 -3.1859015252622194 S 55.94515824526739 -3.1859015252622194 113.887452 161.557950
55.94515824526739 -3.1859015252622194 S 55.94485824526739 -3.1859015252622194 220.206845 177.434411
55.94485824526739 -3.1859015252622194 S 55.94455824526739 -3.1859015252622194 235.925669 269.476424
55.94455824526739 -3.1859015252622194 SSE 55.94428108140763 -3.18578672023251 235.925669 268.226424
55.94428108140763 -3.18578672023251 S 55.94398108140763 -3.18578672023251 235.925669 266.976424
55.94398108140763 -3.18578672023251 SSE 55.94370391754787 -3.1856719152028004 235.925669 265.726424
55.94370391754787 -3.1856719152028004 S 55.94340391754787 -3.1856719152028004 313.140754 273.632146
55.94340391754787 -3.1856719152028004 SSE 55.94312675368811 -3.185557110173091 313.140754 272.382146
55.94312675368811 -3.185557110173091 WNW 55.94324155871782 -3.1858342740328442 348.280399 331.473396
55.94324155871782 -3.1858342740328442 WNW 55.94335636374753 -3.1861114378925977 348.280399 330.223396
55.94335636374753 -3.1861114378925977 WNW 55.94347116877724 -3.186388601752351 348.280399 328.973396
55.94347116877724 -3.186388601752351 WNW 55.943585973806954 -3.1866657656121045 348.280399 327.723396
55.943585973806954 -3.1866657656121045 WNW 55.943700778836664 -3.186942929471858 348.280399 326.473396
55.943700778836664 -3.186942929471858 WNW 55.943815583866375 -3.1872200933316113 343.453795 266.180123
55.943815583866375 -3.1872200933316113 WNW 55.943930388896085 -3.1874972571913647 343.453795 264.930123
55.943930388896085 -3.1874972571913647 WNW 55.944045193925795 -3.187774421051118 343.453795 263.680123
55.944045193925795 -3.187774421051118 WNW 55.944159998955506 -3.1880515849108715 343.453795 262.430123
55.944159998955506 -3.1880515849108715 WNW 55.944274803985216 -3.188328748770625 317.511386 251.011641
55.944274803985216 -3.188328748770625 WNW 55.94438960901493 -3.1886059126303783 317.511386 249.761641
55.94438960901493 -3.1886059126303783 WNW 55.94450441404464 -3.1888830764901317 293.683664 224.615706
55.94450441404464 -3.1888830764901317 WNW 55.94461921907435 -3.189160240349885 293.683664 223.365706
55.94461921907435 -3.189160240349885 WNW 55.94473402410406 -3.1894374042096385 293.683664 222.115706
55.94473402410406 -3.1894374042096385 WNW 55.94484882913377 -3.189714568069392 293.683664 220.865706
55.94484882913377 -3.189714568069392 WNW 55.94496363416348 -3.1899917319291453 389.765739 254.200792
55.94496363416348 -3.1899917319291453 WNW 55.94507843919319 -3.1902688957888987 389.765739 252.950792
55.94507843919319 -3.1902688957888987 WNW 55.9451932442229 -3.190546059648652 505.538120 337.757987
55.9451932442229 -3.190546059648652 W 55.9451932442229 -3.1908460596486523 505.538120 336.507987
55.9451932442229 -3.1908460596486523 WNW 55.94530804925261 -3.1911232235084057 505.538120 335.257987
55.94530804925261 -3.1911232235084057 E 55.94530804925261 -3.1908232235084055 569.468047 451.887597
55.94530804925261 -3.1908232235084055 E 55.94530804925261 -3.1905232235084053 569.468047 450.637597
55.94530804925261 -3.1905232235084053 E 55.94530804925261 -3.190223223508405 569.468047 449.387597
55.94530804925261 -3.190223223508405 E 55.94530804925261 -3.189923223508405 569.468047 448.137597
55.94530804925261 -3.189923223508405 E 55.94530804925261 -3.1896232235084048 569.468047 446.887597
55.94530804925261 -3.1896232235084048 E 55.94530804925261 -3.1893232235084046 569.468047 445.637597
55.94530804925261 -3.1893232235084046 E 55.94530804925261 -3.1890232235084044 569.468047 444.387597
55.94530804925261 -3.1890232235084044 E 55.94530804925261 -3.188723223508404 569.468047 443.137597
55.94530804925261 -3.188723223508404 E 55.94530804925261 -3.188423223508404 569.468047 441.887597
55.94530804925261 -3.188423223508404 E 55.94530804925261 -3.188123223508404 569.468047 440.637597
55.94530804925261 -3.188123223508404 E 55.94530804925261 -3.1878232235084036 569.468047 439.387597
55.94530804925261 -3.1878232235084036 E 55.94530804925261 -3.1875232235084034 569.468047 438.137597
55.94530804925261 -3.1875232235084034 E 55.94530804925261 -3.1872232235084033 569.468047 436.887597
55.94530804925261 -3.1872232235084033 E 55.94530804925261 -3.186923223508403 569.468047 435.637597
55.94530804925261 -3.186923223508403 E 55.94530804925261 -3.186623223508403 569.468047 434.387597
55.94530804925261 -3.186623223508403 E 55.94530804925261 -3.1863232235084027 569.468047 433.137597
55.94530804925261 -3.1863232235084027 E 55.94530804925261 -3.1860232235084025 569.468047 431.887597
55.94530804925261 -3.1860232235084025 E 55.94530804925261 -3.1857232235084023 569.468047 430.637597
55.94530804925261 -3.1857232235084023 ESE 55.9451932442229 -3.185446059648649 569.468047 429.387597
55.9451932442229 -3.185446059648649 E 55.9451932442229 -3.1851460596486487 569.468047 428.137597
55.9451932442229 -3.1851460596486487 ESE 55.94507843919319 -3.1848688957888953 519.360445 308.357943
55.94507843919319 -3.1848688957888953 W 55.94507843919319 -3.1851688957888955 552.153307 394.217946
55.94507843919319 -3.1851688957888955 W 55.94507843919319 -3.1854688957888957 552.153307 392.967946
55.94507843919319 -3.1854688957888957 W 55.94507843919319 -3.185768895788896 552.153307 391.717946
55.94507843919319 -3.185768895788896 W 55.94507843919319 -3.186068895788896 552.153307 390.467946
55.94507843919319 -3.186068895788896 W 55.94507843919319 -3.1863688957888963 552.153307 389.217946
55.94507843919319 -3.1863688957888963 W 55.94507843919319 -3.1866688957888964 552.153307 387.967946
55.94507843919319 -3.1866688957888964 W 55.94507843919319 -3.1869688957888966 552.153307 386.717946
55.94507843919319 -3.1869688957888966 W 55.94507843919319 -3.187268895788897 497.410949 385.467946
55.94507843919319 -3.187268895788897 W 55.94507843919319 -3.187568895788897 497.410949 384.217946
55.94507843919319 -3.187568895788897 W 55.94507843919319 -3.187868895788897 497.410949 382.967946
55.94507843919319 -3.187868895788897 W 55.94507843919319 -3.1881688957888974 497.410949 381.717946
55.94507843919319 -3.1881688957888974 W 55.94507843919319 -3.1884688957888976 497.410949 380.467946
55.94507843919319 -3.1884688957888976 W 55.94507843919319 -3.1887688957888978 497.410949 379.217946
55.94507843919319 -3.1887688957888978 WSW 55.94496363416348 -3.189046059648651 464.275799 303.518528
55.94496363416348 -3.189046059648651 W 55.94496363416348 -3.1893460596486514 464.275799 302.268528
55.94496363416348 -3.1893460596486514 WSW 55.94484882913377 -3.1896232235084048 464.275799 301.018528
55.94484882913377 -3.1896232235084048 W 55.94484882913377 -3.189923223508405 464.275799 299.768528
55.94484882913377 -3.189923223508405 WSW 55.94473402410406 -3.1902003873681584 464.275799 298.518528
55.94473402410406 -3.1902003873681584 W 55.94473402410406 -3.1905003873681586 525.073525 333.786637
55.94473402410406 -3.1905003873681586 WSW 55.94461921907435 -3.190777551227912 525.073525 332.536637
55.94461921907435 -3.190777551227912 W 55.94461921907435 -3.191077551227912 525.073525 331.286637
55.94461921907435 -3.191077551227912 WSW 55.94450441404464 -3.1913547150876656 525.073525 330.036637
55.94450441404464 -3.1913547150876656 NW 55.94471654607899 -3.1915668471220213 617.168378 333.881801
55.94471654607899 -3.1915668471220213 WNW 55.944831351108704 -3.1918440109817747 706.327124 435.422605
55.944831351108704 -3.1918440109817747 NW 55.94504348314306 -3.1920561430161305 706.327124 434.172605
55.94504348314306 -3.1920561430161305 WNW 55.94515828817277 -3.192333306875884 706.327124 432.922605
55.94515828817277 -3.192333306875884 E 55.94515828817277 -3.1920333068758837 791.753301 469.686403
55.94515828817277 -3.1920333068758837 E 55.94515828817277 -3.1917333068758835 791.753301 468.436403
55.94515828817277 -3.1917333068758835 E 55.94515828817277 -3.1914333068758833 791.753301 467.186403
55.94515828817277 -3.1914333068758833 E 55.94515828817277 -3.191133306875883 791.753301 465.936403
55.94515828817277 -3.191133306875883 ENE 55.94527309320248 -3.1908561430161297 791.753301 464.686403
55.94527309320248 -3.1908561430161297 E 55.94527309320248 -3.1905561430161296 791.753301 463.436403
55.94527309320248 -3.1905561430161296 ENE 55.94538789823219 -3.190278979156376 791.753301 462.186403
55.94538789823219 -3.190278979156376 E 55.94538789823219 -3.189978979156376 791.753301 460.936403
55.94538789823219 -3.189978979156376 ENE 55.9455027032619 -3.1897018152966226 791.753301 459.686403
55.9455027032619 -3.1897018152966226 E 55.9455027032619 -3.1894018152966224 791.753301 458.436403
55.9455027032619 -3.1894018152966224 ENE 55.94561750829161 -3.189124651436869 791.753301 457.186403
55.94561750829161 -3.189124651436869 E 55.94561750829161 -3.1888246514368688 872.383789 571.782880
55.94561750829161 -3.1888246514368688 SE 55.945405376257256 -3.188612519402513 894.276985 671.521795
55.945405376257256 -3.188612519402513 SE 55.9451932442229 -3.1884003873681572 894.276985 670.271795
55.9451932442229 -3.1884003873681572 ESE 55.94507843919319 -3.188123223508404 894.276985 669.021795
55.94507843919319 -3.188123223508404 SE 55.94486630715883 -3.187911091474048 894.276985 667.771795
55.94486630715883 -3.187911091474048 ESE 55.94475150212912 -3.1876339276142946 894.276985 666.521795
55.94475150212912 -3.1876339276142946 SE 55.944539370094766 -3.187421795579939 894.276985 665.271795
55.944539370094766 -3.187421795579939 ESE 55.944424565065056 -3.1871446317201855 894.276985 664.021795
55.944424565065056 -3.1871446317201855 SE 55.9442124330307 -3.1869324996858297 894.276985 662.771795
55.9442124330307 -3.1869324996858297 ESE 55.94409762800099 -3.1866553358260763 894.276985 661.521795
55.94409762800099 -3.1866553358260763 SE 55.94388549596663 -3.1864432037917205 1004.885954 731.683307
55.94388549596663 -3.1864432037917205 W 55.94388549596663 -3.1867432037917207 1036.547658 810.004672
55.94388549596663 -3.1867432037917207 WSW 55.94377069093692 -3.187020367651474 1036.547658 808.754672
55.94377069093692 -3.187020367651474 W 55.94377069093692 -3.1873203676514743 1036.547658 807.504672
55.94377069093692 -3.1873203676514743 WSW 55.94365588590721 -3.1875975315112277 1036.547658 806.254672
55.94365588590721 -3.1875975315112277 W 55.94365588590721 -3.187897531511228 1036.547658 805.004672
55.94365588590721 -3.187897531511228 WSW 55.9435410808775 -3.1881746953709813 1036.547658 803.754672
55.9435410808775 -3.1881746953709813 W 55.9435410808775 -3.1884746953709815 1036.547658 802.504672
55.9435410808775 -3.1884746953709815 WSW 55.94342627584779 -3.188751859230735 1036.547658 801.254672
55.94342627584779 -3.188751859230735 W 55.94342627584779 -3.189051859230735 1036.547658 800.004672
55.94342627584779 -3.189051859230735 SW 55.943214143813435 -3.189263991265091 1093.186218 882.416714
55.943214143813435 -3.189263991265091 SW 55.94300201177908 -3.1894761232994466 1093.186218 881.166714
55.94300201177908 -3.1894761232994466 SW 55.94278987974472 -3.1896882553338024 1093.186218 879.916714
55.94278987974472 -3.1896882553338024 WNW 55.94290468477443 -3.189965419193556 1142.624651 948.499437
55.94290468477443 -3.189965419193556 NW 55.94311681680879 -3.1901775512279116 1097.229190 932.552816
55.94311681680879 -3.1901775512279116 WNW 55.9432316218385 -3.190454715087665 1097.229190 931.302816
55.9432316218385 -3.190454715087665 NW 55.943443753872856 -3.1906668471220208 1097.229190 930.052816
55.943443753872856 -3.1906668471220208 WNW 55.943558558902566 -3.190944010981774 1097.229190 928.802816
55.943558558902566 -3.190944010981774 NW 55.94377069093692 -3.19115614301613 1097.229190 927.552816
55.94377069093692 -3.19115614301613 WNW 55.94388549596663 -3.1914333068758833 1158.926702 947.667360
55.94388549596663 -3.1914333068758833 ENE 55.94400030099634 -3.19115614301613 1203.240742 952.030993
55.94400030099634 -3.19115614301613 ENE 55.944115106026054 -3.1908789791563765 1203.240742 950.780993
55.944115106026054 -3.1908789791563765 ENE 55.944229911055764 -3.190601815296623 1203.240742 949.530993
55.944229911055764 -3.190601815296623 ENE 55.944344716085475 -3.1903246514368697 1203.240742 948.280993
55.944344716085475 -3.1903246514368697 ENE 55.944459521115185 -3.1900474875771163 1203.240742 947.030993
55.944459521115185 -3.1900474875771163 ENE 55.944574326144895 -3.189770323717363 1214.018244 1007.523215
55.944574326144895 -3.189770323717363 ENE 55.944689131174606 -3.1894931598576095 1214.018244 1006.273215
55.944689131174606 -3.1894931598576095 ENE 55.944803936204316 -3.189215995997856 1214.018244 1005.023215
55.944803936204316 -3.189215995997856 ENE 55.94491874123403 -3.1889388321381027 1214.018244 1003.773215
55.94491874123403 -3.1889388321381027 E 55.94491874123403 -3.1886388321381025 1214.018244 1002.523215
55.94491874123403 -3.1886388321381025 ENE 55.94503354626374 -3.188361668278349 1214.018244 1001.273215
55.94503354626374 -3.188361668278349 E 55.94503354626374 -3.188061668278349 1214.018244 1000.023215
55.94503354626374 -3.188061668278349 ENE 55.94514835129345 -3.1877845044185955 1214.018244 998.773215
55.94514835129345 -3.1877845044185955 E 55.94514835129345 -3.1874845044185953 1214.018244 997.523215
55.94514835129345 -3.1874845044185953 ENE 55.94526315632316 -3.187207340558842 1214.018244 996.273215
55.94526315632316 -3.187207340558842 E 55.94526315632316 -3.1869073405588417 1214.018244 995.023215
55.94526315632316 -3.1869073405588417 ENE 55.94537796135287 -3.1866301766990883 1214.018244 993.773215
55.94537796135287 -3.1866301766990883 E 55.94537796135287 -3.186330176699088 1123.360483 970.487516
55.94537796135287 -3.186330176699088 ENE 55.94549276638258 -3.1860530128393347 1123.360483 969.237516
55.94549276638258 -3.1860530128393347 E 55.94549276638258 -3.1857530128393345 1123.360483 967.987516
55.94549276638258 -3.1857530128393345 ENE 55.94560757141229 -3.185475848979581 1123.360483 966.737516
55.94560757141229 -3.185475848979581 E 55.94560757141229 -3.185175848979581 1123.360483 965.487516
55.94560757141229 -3.185175848979581 ENE 55.945722376442 -3.1848986851198275 1123.360483 964.237516
55.945722376442 -3.1848986851198275 E 55.945722376442 -3.1845986851198274 1123.360483 962.987516
55.945722376442 -3.1845986851198274 WSW 55.94560757141229 -3.1848758489795808 1192.818997 1077.821913
55.94560757141229 -3.1848758489795808 WSW 55.94549276638258 -3.185153012839334 1192.818997 1076.571913
55.94549276638258 -3.185153012839334 WSW 55.94537796135287 -3.1854301766990876 1192.818997 1075.321913
55.94537796135287 -3.1854301766990876 WSW 55.94526315632316 -3.185707340558841 1192.818997 1074.071913
55.94526315632316 -3.185707340558841 WSW 55.94514835129345 -3.1859845044185944 1192.818997 1072.821913
55.94514835129345 -3.1859845044185944 WSW 55.94503354626374 -3.186261668278348 1192.818997 1071.571913
55.94503354626374 -3.186261668278348 WSW 55.94491874123403 -3.186538832138101 1192.818997 1070.321913
55.94491874123403 -3.186538832138101 WSW 55.944803936204316 -3.1868159959978546 1192.818997 1069.071913
55.944803936204316 -3.1868159959978546 WSW 55.944689131174606 -3.187093159857608 1192.818997 1067.821913
55.944689131174606 -3.187093159857608 WSW 55.944574326144895 -3.1873703237173614 1192.818997 1066.571913
55.944574326144895 -3.1873703237173614 WSW 55.944459521115185 -3.187647487577115 1192.818997 1065.321913
55.944459521115185 -3.187647487577115 WSW 55.944344716085475 -3.187924651436868 1192.818997 1064.071913
55.944344716085475 -3.187924651436868 WSW 55.944229911055764 -3.1882018152966216 1192.818997 1062.821913
55.944229911055764 -3.1882018152966216 WSW 55.944115106026054 -3.188478979156375 1192.818997 1061.571913
55.944115106026054 -3.188478979156375 WSW 55.94400030099634 -3.1887561430161284 1192.818997 1060.321913
55.94400030099634 -3.1887561430161284 WSW 55.94388549596663 -3.189033306875882 1192.818997 1059.071913
55.94388549596663 -3.189033306875882 WSW 55.94377069093692 -3.1893104707356352 1192.818997 1057.821913
55.94377069093692 -3.1893104707356352 WSW 55.94365588590721 -3.1895876345953886 1192.818997 1056.571913
55.94365588590721 -3.1895876345953886 WSW 55.9435410808775 -3.189864798455142 1192.818997 1055.321913
55.9435410808775 -3.189864798455142 SW 55.943328948843146 -3.190076930489498 1192.818997 1054.071913
55.943328948843146 -3.190076930489498 WSW 55.943214143813435 -3.190354094349251 1192.818997 1052.821913
55.943214143813435 -3.190354094349251 SW 55.94300201177908 -3.190566226383607 1192.818997 1051.571913
55.94300201177908 -3.190566226383607 WSW 55.94288720674937 -3.1908433902433604 1192.818997 1050.321913
55.94288720674937 -3.1908433902433604 SW 55.94267507471501 -3.191055522277716 1192.818997 1049.071913
55.94267507471501 -3.191055522277716 E 55.94267507471501 -3.190755522277716 1270.474415 1131.313792
55.94267507471501 -3.190755522277716 E 55.94267507471501 -3.190455522277716 1270.474415 1130.063792
55.94267507471501 -3.190455522277716 E 55.94267507471501 -3.1901555222777156 1270.474415 1128.813792
55.94267507471501 -3.1901555222777156 E 55.94267507471501 -3.1898555222777154 1270.474415 1127.563792
55.94267507471501 -3.1898555222777154 E 55.94267507471501 -3.189555522277715 1270.474415 1126.313792
55.94267507471501 -3.189555522277715 E 55.94267507471501 -3.189255522277715 1270.474415 1125.063792
55.94267507471501 -3.189255522277715 E 55.94267507471501 -3.188955522277715 1270.474415 1123.813792
55.94267507471501 -3.188955522277715 E 55.94267507471501 -3.1886555222777146 1270.474415 1122.563792
55.94267507471501 -3.1886555222777146 E 55.94267507471501 -3.1883555222777145 1270.474415 1121.313792
55.94267507471501 -3.1883555222777145 E 55.94267507471501 -3.1880555222777143 1270.474415 1120.063792
55.94267507471501 -3.1880555222777143 E 55.94267507471501 -3.187755522277714 1270.474415 1118.813792
55.94267507471501 -3.187755522277714 E 55.94267507471501 -3.187455522277714 1270.474415 1117.563792
55.94267507471501 -3.187455522277714 E 55.94267507471501 -3.1871555222777137 1270.474415 1116.313792
55.94267507471501 -3.1871555222777137 NW 55.94288720674937 -3.1873676543120695 1294.501070 1232.160517
55.94288720674937 -3.1873676543120695 NW 55.943099338783725 -3.1875797863464252 1294.501070 1230.910517
55.943099338783725 -3.1875797863464252 NNW 55.94337650264348 -3.1876945913761348 1294.501070 1229.660517
55.94337650264348 -3.1876945913761348 NW 55.94358863467784 -3.1879067234104905 1294.501070 1228.410517
55.94358863467784 -3.1879067234104905 NNW 55.943865798537594 -3.1880215284402 1294.501070 1227.160517
55.943865798537594 -3.1880215284402 NNE 55.94414296239735 -3.1879067234104905 1367.870457 1303.239354
55.94414296239735 -3.1879067234104905 N 55.94444296239735 -3.1879067234104905 1367.870457 1301.989354
55.94444296239735 -3.1879067234104905 NNE 55.94472012625711 -3.187791918380781 1367.870457 1300.739354
55.94472012625711 -3.187791918380781 N 55.94502012625711 -3.187791918380781 1367.870457 1299.489354
55.94502012625711 -3.187791918380781 NNE 55.94529729011687 -3.1876771133510715 1367.870457 1298.239354
55.94529729011687 -3.1876771133510715 N 55.94559729011687 -3.1876771133510715 1367.870457 1296.989354
55.94559729011687 -3.1876771133510715 ESE 55.94548248508716 -3.187399949491318 1378.704440 1378.308445
55.94548248508716 -3.187399949491318 ESE 55.94536768005745 -3.1871227856315647 1378.704440 1377.058445
55.94536768005745 -3.1871227856315647 ESE 55.94525287502774 -3.1868456217718113 1378.704440 1375.808445
55.94525287502774 -3.1868456217718113 ESE 55.94513806999803 -3.186568457912058 1378.704440 1374.558445
55.94513806999803 -3.186568457912058 ESE 55.94502326496832 -3.1862912940523045 1378.704440 1373.308445
55.94502326496832 -3.1862912940523045 ESE 55.94490845993861 -3.186014130192551 1378.704440 1372.058445
55.94490845993861 -3.186014130192551 SE 55.94469632790425 -3.1858019981581953 1378.704440 1370.808445
55.94469632790425 -3.1858019981581953 ESE 55.94458152287454 -3.185524834298442 1378.704440 1369.558445
55.94458152287454 -3.185524834298442 SE 55.94436939084019 -3.185312702264086 1378.704440 1368.308445
55.94436939084019 -3.185312702264086 ESE 55.94425458581048 -3.1850355384043327 1378.704440 1367.058445
55.94425458581048 -3.1850355384043327 SE 55.94404245377612 -3.184823406369977 1378.704440 1365.808445
55.94404245377612 -3.184823406369977 ESE 55.94392764874641 -3.1845462425102236 1464.580237 1440.573161
55.94392764874641 -3.1845462425102236 W 55.94392764874641 -3.1848462425102237 1464.580237 1439.323161
55.94392764874641 -3.1848462425102237 W 55.94392764874641 -3.185146242510224 1464.580237 1438.073161
55.94392764874641 -3.185146242510224 W 55.94392764874641 -3.185446242510224 1464.580237 1436.823161
55.94392764874641 -3.185446242510224 W 55.94392764874641 -3.1857462425102243 1464.580237 1435.573161
55.94392764874641 -3.1857462425102243 W 55.94392764874641 -3.1860462425102245 1464.580237 1434.323161
55.94392764874641 -3.1860462425102245 W 55.94392764874641 -3.1863462425102247 1464.580237 1433.073161
55.94392764874641 -3.1863462425102247 W 55.94392764874641 -3.186646242510225 1464.580237 1431.823161
55.94392764874641 -3.186646242510225 W 55.94392764874641 -3.186946242510225 1464.580237 1430.573161
55.94392764874641 -3.186946242510225 W 55.94392764874641 -3.1872462425102253 1464.580237 1429.323161
55.94392764874641 -3.1872462425102253 W 55.94392764874641 -3.1875462425102254 1464.580237 1428.073161
55.94392764874641 -3.1875462425102254 W 55.94392764874641 -3.1878462425102256 1464.580237 1426.823161
55.94392764874641 -3.1878462425102256 W 55.94392764874641 -3.188146242510226 1464.580237 1425.573161
55.94392764874641 -3.188146242510226 W 55.94392764874641 -3.188446242510226 1464.580237 1424.323161
55.94392764874641 -3.188446242510226 W 55.94392764874641 -3.188746242510226 1464.580237 1423.073161
55.94392764874641 -3.188746242510226 W 55.94392764874641 -3.1890462425102264 1464.580237 1421.823161
55.94392764874641 -3.1890462425102264 W 55.94392764874641 -3.1893462425102266 1464.580237 1420.573161
55.94392764874641 -3.1893462425102266 W 55.94392764874641 -3.1896462425102268 1464.580237 1419.323161
55.94392764874641 -3.1896462425102268 W 55.94392764874641 -3.189946242510227 1464.580237 1418.073161
55.94392764874641 -3.189946242510227 W 55.94392764874641 -3.190246242510227 1464.580237 1416.823161
55.94392764874641 -3.190246242510227 W 55.94392764874641 -3.1905462425102273 1486.874351 1426.631725
55.94392764874641 -3.1905462425102273 W 55.94392764874641 -3.1908462425102275 1486.874351 1425.381725
55.94392764874641 -3.1908462425102275 W 55.94392764874641 -3.1911462425102277 1486.874351 1424.131725
55.94392764874641 -3.1911462425102277 WNW 55.94404245377612 -3.191423406369981 1486.874351 1422.881725
55.94404245377612 -3.191423406369981 W 55.94404245377612 -3.1917234063699813 1486.874351 1421.631725
55.94404245377612 -3.1917234063699813 NE 55.94425458581048 -3.1915112743356255 1502.529558 1461.145152
55.94425458581048 -3.1915112743356255 SW 55.94404245377612 -3.1917234063699813 1502.529558 1459.895152
55.94404245377612 -3.1917234063699813 SSE 55.943765289916364 -3.191608601340272 1502.529558 1458.645152
55.943765289916364 -3.191608601340272 S 55.94346528991636 -3.191608601340272 1502.529558 1457.395152
55.94346528991636 -3.191608601340272 N 55.943765289916364 -3.191608601340272 1502.529558 1456.145152
55.943765289916364 -3.191608601340272 NNW 55.94404245377612 -3.1917234063699813 1502.529558 1454.895152
55.94404245377612 -3.1917234063699813 N 55.94434245377612 -3.1917234063699813 1502.529558 1453.645152
55.94434245377612 -3.1917234063699813 SSE 55.94406528991637 -3.191608601340272 1502.529558 1452.395152
55.94406528991637 -3.191608601340272 NW 55.94427742195072 -3.1918207333746276 1502.529558 1451.145152
55.94427742195072 -3.1918207333746276 WSW 55.94416261692101 -3.192097897234381 1502.529558 1449.895152
55.94416261692101 -3.192097897234381 SSE 55.943885453061256 -3.1919830922046715 1502.529558 1448.645152
55.943885453061256 -3.1919830922046715 NE 55.94409758509561 -3.1917709601703157 1502.529558 1447.395152
55.94409758509561 -3.1917709601703157 SW 55.943885453061256 -3.1919830922046715 1502.529558 1446.145152
55.943885453061256 -3.1919830922046715 NW 55.94409758509561 -3.1921952242390272 1502.529558 1444.895152
55.94409758509561 -3.1921952242390272 WSW 55.9439827800659 -3.1924723880987806 1502.529558 1443.645152
55.9439827800659 -3.1924723880987806 ENE 55.94409758509561 -3.1921952242390272 1421.908758 1351.023944
55.94409758509561 -3.1921952242390272 SSW 55.943820421235856 -3.1923100292687367 1421.908758 1349.773944
