55.944425 -3.188396 ENE 55.94453980502971 -3.1881188361402466 0.000000 248.750000
55.94453980502971 -3.1881188361402466 ENE 55.94465461005942 -3.187841672280493 0.000000 247.500000
55.94465461005942 -3.187841672280493 ENE 55.944769415089134 -3.18756450842074 0.000000 246.250000
55.944769415089134 -3.18756450842074 ENE 55.944884220118844 -3.1872873445609864 0.000000 245.000000
55.944884220118844 -3.1872873445609864 ENE 55.944999025148554 -3.187010180701233 49.270928 256.824749
55.944999025148554 -3.187010180701233 ENE 55.945113830178265 -3.1867330168414796 0.000000 131.704170
55.945113830178265 -3.1867330168414796 ENE 55.945228635207975 -3.186455852981726 0.000000 130.454170
55.945228635207975 -3.186455852981726 ENE 55.945343440237686 -3.1861786891219728 0.000000 129.204170
55.945343440237686 -3.1861786891219728 ENE 55.945458245267396 -3.1859015252622194 0.000000 127.954170
55.945458245267396 -3.1859015252622194 S 55.94515824526739 -3.1859015252622194 113.887452 161.557950
55.94515824526739 -3.1859015252622194 S 55.94485824526739 -3.1859015252622194 220.206845 177.434411
55.94485824526739 -3.1859015252622194 S 55.94455824526739 -3.1859015252622194 235.925669 269.476424
55.94455824526739 -3.1859015252622194 SSE 55.94428108140763 -3.18578672023251 235.925669 268.226424
55.94428108140763 -3.18578672023251 S 55.94398108140763 -3.18578672023251 235.925669 266.976424
55.94398108140763 -3.18578672023251 SSE 55.94370391754787 -3.1856719152028004 235.925669 265.726424
55.94370391754787 -3.1856719152028004 S 55.94340391754787 -3.1856719152028004 313.140754 273.632146
55.94340391754787 -3.1856719152028004 SSE 55.94312675368811 -3.185557110173091 313.140754 272.382146
55.94312675368811 -3.185557110173091 W 55.94312675368811 -3.185857110173091 348.280399 331.473396
55.94312675368811 -3.185857110173091 W 55.94312675368811 -3.1861571101730912 348.280399 330.223396
55.94312675368811 -3.1861571101730912 W 55.94312675368811 -3.1864571101730914 348.280399 328.973396
55.94312675368811 -3.1864571101730914 W 55.94312675368811 -3.1867571101730916 348.280399 327.723396
55.94312675368811 -3.1867571101730916 W 55.94312675368811 -3.187057110173092 348.280399 326.473396
55.94312675368811 -3.187057110173092 W 55.94312675368811 -3.187357110173092 348.280399 325.223396
55.94312675368811 -3.187357110173092 W 55.94312675368811 -3.187657110173092 348.280399 323.973396
55.94312675368811 -3.187657110173092 WNW 55.94324155871782 -3.1879342740328456 348.280399 322.723396
55.94324155871782 -3.1879342740328456 W 55.94324155871782 -3.1882342740328458 348.280399 321.473396
55.94324155871782 -3.1882342740328458 WNW 55.94335636374753 -3.188511437892599 348.280399 320.223396
55.94335636374753 -3.188511437892599 W 55.94335636374753 -3.1888114378925994 348.280399 318.973396
55.94335636374753 -3.1888114378925994 WNW 55.94347116877724 -3.1890886017523528 348.280399 317.723396
55.94347116877724 -3.1890886017523528 W 55.94347116877724 -3.189388601752353 404.918959 400.135438
55.94347116877724 -3.189388601752353 WNW 55.943585973806954 -3.1896657656121064 404.918959 398.885438
55.943585973806954 -3.1896657656121064 W 55.943585973806954 -3.1899657656121065 404.918959 397.635438
55.943585973806954 -3.1899657656121065 WNW 55.943700778836664 -3.19024292947186 404.918959 396.385438
55.943700778836664 -3.19024292947186 W 55.943700778836664 -3.19054292947186 404.918959 395.135438
55.943700778836664 -3.19054292947186 WNW 55.943815583866375 -3.1908200933316135 404.918959 393.885438
55.943815583866375 -3.1908200933316135 W 55.943815583866375 -3.1911200933316137 404.918959 392.635438
55.943815583866375 -3.1911200933316137 WNW 55.943930388896085 -3.191397257191367 466.616470 412.749982
55.943930388896085 -3.191397257191367 NE 55.94414252093044 -3.1911851251570114 510.930511 417.113616
55.94414252093044 -3.1911851251570114 NE 55.9443546529648 -3.1909729931226556 510.930511 415.863616
55.9443546529648 -3.1909729931226556 NE 55.944566784999154 -3.1907608610883 510.930511 414.613616
55.944566784999154 -3.1907608610883 NNE 55.94484394885891 -3.1906460560585903 510.930511 413.363616
55.94484394885891 -3.1906460560585903 NE 55.945056080893266 -3.1904339240242345 510.930511 412.113616
55.945056080893266 -3.1904339240242345 SE 55.94484394885891 -3.1902217919898788 626.702892 496.920811
55.94484394885891 -3.1902217919898788 SSE 55.944566784999154 -3.1901069869601693 687.500617 532.188919
55.944566784999154 -3.1901069869601693 ESE 55.94445197996944 -3.189829823100416 698.278119 592.681141
55.94445197996944 -3.189829823100416 ENE 55.944566784999154 -3.1895526592406624 698.278119 591.431141
55.944566784999154 -3.1895526592406624 ENE 55.944681590028864 -3.189275495380909 794.360194 624.766227
55.944681590028864 -3.189275495380909 ENE 55.944796395058574 -3.1889983315211556 794.360194 623.516227
55.944796395058574 -3.1889983315211556 ENE 55.944911200088285 -3.1887211676614022 794.360194 622.266227
55.944911200088285 -3.1887211676614022 ENE 55.945026005117995 -3.188444003801649 761.225044 546.566809
55.945026005117995 -3.188444003801649 E 55.945026005117995 -3.1881440038016486 761.225044 545.316809
55.945026005117995 -3.1881440038016486 ENE 55.945140810147706 -3.1878668399418952 761.225044 544.066809
55.945140810147706 -3.1878668399418952 E 55.945140810147706 -3.187566839941895 761.225044 542.816809
55.945140810147706 -3.187566839941895 ENE 55.945255615177416 -3.1872896760821416 761.225044 541.566809
55.945255615177416 -3.1872896760821416 E 55.945255615177416 -3.1869896760821415 761.225044 540.316809
55.945255615177416 -3.1869896760821415 ENE 55.94537042020713 -3.186712512222388 706.482686 539.066809
55.94537042020713 -3.186712512222388 E 55.94537042020713 -3.186412512222388 615.824926 515.781110
55.94537042020713 -3.186412512222388 ENE 55.94548522523684 -3.1861353483626345 615.824926 514.531110
55.94548522523684 -3.1861353483626345 E 55.94548522523684 -3.1858353483626343 615.824926 513.281110
55.94548522523684 -3.1858353483626343 ENE 55.94560003026655 -3.185558184502881 615.824926 512.031110
55.94560003026655 -3.185558184502881 E 55.94560003026655 -3.1852581845028807 615.824926 510.781110
55.94560003026655 -3.1852581845028807 ENE 55.94571483529626 -3.1849810206431273 615.824926 509.531110
55.94571483529626 -3.1849810206431273 E 55.94571483529626 -3.184681020643127 615.824926 508.281110
55.94571483529626 -3.184681020643127 ENE 55.94582964032597 -3.1844038567833737 615.824926 507.031110
55.94582964032597 -3.1844038567833737 SW 55.94561750829161 -3.1846159888177294 685.283440 621.865506
55.94561750829161 -3.1846159888177294 SW 55.945405376257256 -3.184828120852085 685.283440 620.615506
55.945405376257256 -3.184828120852085 WSW 55.945290571227545 -3.1851052847118386 635.175838 500.835853
55.945290571227545 -3.1851052847118386 SW 55.94507843919319 -3.1853174167461944 635.175838 499.585853
55.94507843919319 -3.1853174167461944 WSW 55.94496363416348 -3.185594580605948 635.175838 498.335853
55.94496363416348 -3.185594580605948 SW 55.94475150212912 -3.1858067126403036 635.175838 497.085853
55.94475150212912 -3.1858067126403036 WSW 55.94463669709941 -3.186083876500057 635.175838 495.835853
55.94463669709941 -3.186083876500057 SW 55.944424565065056 -3.1862960085344127 635.175838 494.585853
55.944424565065056 -3.1862960085344127 WSW 55.944309760035345 -3.186573172394166 635.175838 493.335853
55.944309760035345 -3.186573172394166 WNW 55.944424565065056 -3.1868503362539196 630.728989 387.836920
55.944424565065056 -3.1868503362539196 WNW 55.944539370094766 -3.187127500113673 630.728989 386.586920
55.944539370094766 -3.187127500113673 WNW 55.94465417512448 -3.1874046639734264 630.728989 385.336920
55.94465417512448 -3.1874046639734264 NW 55.94486630715883 -3.187616796007782 630.728989 384.086920
55.94486630715883 -3.187616796007782 WNW 55.94498111218854 -3.1878939598675355 630.728989 382.836920
55.94498111218854 -3.1878939598675355 NW 55.9451932442229 -3.1881060919018913 630.728989 381.586920
55.9451932442229 -3.1881060919018913 WNW 55.94530804925261 -3.1883832557616447 630.728989 380.336920
55.94530804925261 -3.1883832557616447 NW 55.945520181286966 -3.1885953877960005 630.728989 379.086920
55.945520181286966 -3.1885953877960005 WNW 55.945634986316676 -3.188872551655754 630.728989 377.836920
55.945634986316676 -3.188872551655754 E 55.945634986316676 -3.1885725516557537 652.622186 477.575835
55.945634986316676 -3.1885725516557537 E 55.945634986316676 -3.1882725516557535 652.622186 476.325835
55.945634986316676 -3.1882725516557535 E 55.945634986316676 -3.1879725516557533 652.622186 475.075835
55.945634986316676 -3.1879725516557533 E 55.945634986316676 -3.187672551655753 652.622186 473.825835
55.945634986316676 -3.187672551655753 E 55.945634986316676 -3.187372551655753 663.456169 555.144925
55.945634986316676 -3.187372551655753 ESE 55.945520181286966 -3.1870953877959995 663.456169 553.894925
55.945520181286966 -3.1870953877959995 E 55.945520181286966 -3.1867953877959994 663.456169 552.644925
55.945520181286966 -3.1867953877959994 ESE 55.945405376257256 -3.186518223936246 663.456169 551.394925
55.945405376257256 -3.186518223936246 E 55.945405376257256 -3.1862182239362458 663.456169 550.144925
55.945405376257256 -3.1862182239362458 ESE 55.945290571227545 -3.1859410600764924 663.456169 548.894925
55.945290571227545 -3.1859410600764924 E 55.945290571227545 -3.185641060076492 663.456169 547.644925
55.945290571227545 -3.185641060076492 ESE 55.945175766197835 -3.1853638962167388 663.456169 546.394925
55.945175766197835 -3.1853638962167388 E 55.945175766197835 -3.1850638962167386 663.456169 545.144925
55.945175766197835 -3.1850638962167386 ESE 55.945060961168124 -3.184786732356985 663.456169 543.894925
55.945060961168124 -3.184786732356985 NW 55.94527309320248 -3.184998864391341 696.249030 629.754929
55.94527309320248 -3.184998864391341 SE 55.945060961168124 -3.184786732356985 696.249030 628.504929
55.945060961168124 -3.184786732356985 W 55.945060961168124 -3.1850867323569854 696.249030 627.254929
55.945060961168124 -3.1850867323569854 W 55.945060961168124 -3.1853867323569856 696.249030 626.004929
55.945060961168124 -3.1853867323569856 W 55.945060961168124 -3.1856867323569857 696.249030 624.754929
55.945060961168124 -3.1856867323569857 W 55.945060961168124 -3.185986732356986 696.249030 623.504929
55.945060961168124 -3.185986732356986 W 55.945060961168124 -3.186286732356986 696.249030 622.254929
55.945060961168124 -3.186286732356986 W 55.945060961168124 -3.1865867323569863 696.249030 621.004929
55.945060961168124 -3.1865867323569863 W 55.945060961168124 -3.1868867323569865 696.249030 619.754929
55.945060961168124 -3.1868867323569865 W 55.945060961168124 -3.1871867323569867 696.249030 618.504929
55.945060961168124 -3.1871867323569867 W 55.945060961168124 -3.187486732356987 696.249030 617.254929
55.945060961168124 -3.187486732356987 W 55.945060961168124 -3.187786732356987 696.249030 616.004929
55.945060961168124 -3.187786732356987 W 55.945060961168124 -3.1880867323569873 696.249030 614.754929
55.945060961168124 -3.1880867323569873 W 55.945060961168124 -3.1883867323569874 696.249030 613.504929
55.945060961168124 -3.1883867323569874 W 55.945060961168124 -3.1886867323569876 696.249030 612.254929
55.945060961168124 -3.1886867323569876 W 55.945060961168124 -3.188986732356988 696.249030 611.004929
55.945060961168124 -3.188986732356988 WSW 55.944946156138414 -3.1892638962167412 696.249030 609.754929
55.944946156138414 -3.1892638962167412 W 55.944946156138414 -3.1895638962167414 696.249030 608.504929
55.944946156138414 -3.1895638962167414 WSW 55.944831351108704 -3.189841060076495 696.249030 607.254929
55.944831351108704 -3.189841060076495 W 55.944831351108704 -3.190141060076495 696.249030 606.004929
55.944831351108704 -3.190141060076495 WSW 55.94471654607899 -3.1904182239362484 696.249030 604.754929
55.94471654607899 -3.1904182239362484 W 55.94471654607899 -3.1907182239362486 696.249030 603.504929
55.94471654607899 -3.1907182239362486 WSW 55.94460174104928 -3.190995387796002 696.249030 602.254929
55.94460174104928 -3.190995387796002 W 55.94460174104928 -3.191295387796002 696.249030 601.004929
55.94460174104928 -3.191295387796002 WSW 55.94448693601957 -3.1915725516557556 696.249030 599.754929
55.94448693601957 -3.1915725516557556 NW 55.94469906805393 -3.1917846836901114 788.343884 603.600092
55.94469906805393 -3.1917846836901114 NW 55.944911200088285 -3.191996815724467 877.502630 705.140897
55.944911200088285 -3.191996815724467 NW 55.94512333212264 -3.192208947758823 877.502630 703.890897
55.94512333212264 -3.192208947758823 WNW 55.94523813715235 -3.1924861116185763 877.502630 702.640897
55.94523813715235 -3.1924861116185763 E 55.94523813715235 -3.192186111618576 962.928806 739.404694
55.94523813715235 -3.192186111618576 E 55.94523813715235 -3.191886111618576 962.928806 738.154694
55.94523813715235 -3.191886111618576 E 55.94523813715235 -3.1915861116185757 962.928806 736.904694
55.94523813715235 -3.1915861116185757 ESE 55.94512333212264 -3.1913089477588223 962.928806 735.654694
55.94512333212264 -3.1913089477588223 E 55.94512333212264 -3.191008947758822 1026.858733 852.284304
55.94512333212264 -3.191008947758822 ESE 55.94500852709293 -3.1907317838990688 1026.858733 851.034304
55.94500852709293 -3.1907317838990688 E 55.94500852709293 -3.1904317838990686 1026.858733 849.784304
55.94500852709293 -3.1904317838990686 ESE 55.94489372206322 -3.190154620039315 1026.858733 848.534304
55.94489372206322 -3.190154620039315 E 55.94489372206322 -3.189854620039315 1026.858733 847.284304
55.94489372206322 -3.189854620039315 ESE 55.94477891703351 -3.1895774561795616 1026.858733 846.034304
55.94477891703351 -3.1895774561795616 E 55.94477891703351 -3.1892774561795614 1026.858733 844.784304
55.94477891703351 -3.1892774561795614 ESE 55.9446641120038 -3.189000292319808 1026.858733 843.534304
55.9446641120038 -3.189000292319808 E 55.9446641120038 -3.188700292319808 1026.858733 842.284304
55.9446641120038 -3.188700292319808 ESE 55.94454930697409 -3.1884231284600544 1026.858733 841.034304
55.94454930697409 -3.1884231284600544 E 55.94454930697409 -3.188123128460054 1026.858733 839.784304
55.94454930697409 -3.188123128460054 ESE 55.94443450194438 -3.187845964600301 1026.858733 838.534304
55.94443450194438 -3.187845964600301 E 55.94443450194438 -3.1875459646003006 1026.858733 837.284304
55.94443450194438 -3.1875459646003006 ESE 55.94431969691467 -3.187268800740547 1026.858733 836.034304
55.94431969691467 -3.187268800740547 E 55.94431969691467 -3.186968800740547 1026.858733 834.784304
55.94431969691467 -3.186968800740547 ESE 55.94420489188496 -3.1866916368807936 1026.858733 833.534304
55.94420489188496 -3.1866916368807936 E 55.94420489188496 -3.1863916368807934 1137.467702 903.695816
55.94420489188496 -3.1863916368807934 E 55.94420489188496 -3.186091636880793 1137.467702 902.445816
55.94420489188496 -3.186091636880793 E 55.94420489188496 -3.185791636880793 1137.467702 901.195816
55.94420489188496 -3.185791636880793 ESE 55.94409008685525 -3.1855144730210396 1137.467702 899.945816
55.94409008685525 -3.1855144730210396 E 55.94409008685525 -3.1852144730210394 1137.467702 898.695816
55.94409008685525 -3.1852144730210394 ESE 55.94397528182554 -3.184937309161286 1137.467702 897.445816
55.94397528182554 -3.184937309161286 E 55.94397528182554 -3.184637309161286 1137.467702 896.195816
55.94397528182554 -3.184637309161286 SSE 55.94369811796578 -3.1845225041315763 1223.343499 970.960532
55.94369811796578 -3.1845225041315763 W 55.94369811796578 -3.1848225041315765 1223.343499 969.710532
55.94369811796578 -3.1848225041315765 WSW 55.94358331293607 -3.18509966799133 1223.343499 968.460532
55.94358331293607 -3.18509966799133 W 55.94358331293607 -3.18539966799133 1223.343499 967.210532
55.94358331293607 -3.18539966799133 WSW 55.94346850790636 -3.1856768318510835 1223.343499 965.960532
55.94346850790636 -3.1856768318510835 W 55.94346850790636 -3.1859768318510837 1223.343499 964.710532
55.94346850790636 -3.1859768318510837 WSW 55.94335370287665 -3.186253995710837 1223.343499 963.460532
55.94335370287665 -3.186253995710837 W 55.94335370287665 -3.1865539957108373 1223.343499 962.210532
55.94335370287665 -3.1865539957108373 WSW 55.94323889784694 -3.1868311595705907 1223.343499 960.960532
55.94323889784694 -3.1868311595705907 W 55.94323889784694 -3.187131159570591 1223.343499 959.710532
55.94323889784694 -3.187131159570591 WSW 55.94312409281723 -3.1874083234303443 1223.343499 958.460532
55.94312409281723 -3.1874083234303443 W 55.94312409281723 -3.1877083234303445 1223.343499 957.210532
55.94312409281723 -3.1877083234303445 WSW 55.94300928778752 -3.187985487290098 1223.343499 955.960532
55.94300928778752 -3.187985487290098 W 55.94300928778752 -3.188285487290098 1223.343499 954.710532
55.94300928778752 -3.188285487290098 WSW 55.94289448275781 -3.1885626511498515 1223.343499 953.460532
55.94289448275781 -3.1885626511498515 W 55.94289448275781 -3.1888626511498517 1223.343499 952.210532
55.94289448275781 -3.1888626511498517 WSW 55.9427796777281 -3.189139815009605 1223.343499 950.960532
55.9427796777281 -3.189139815009605 W 55.9427796777281 -3.1894398150096053 1223.343499 949.710532
55.9427796777281 -3.1894398150096053 WSW 55.94266487269839 -3.1897169788693587 1223.343499 948.460532
55.94266487269839 -3.1897169788693587 NNE 55.942942036558144 -3.189602173839649 1272.781932 1017.043255
55.942942036558144 -3.189602173839649 N 55.943242036558146 -3.189602173839649 1272.781932 1015.793255
55.943242036558146 -3.189602173839649 NNE 55.9435192004179 -3.1894873688099397 1272.781932 1014.543255
55.9435192004179 -3.1894873688099397 N 55.943819200417906 -3.1894873688099397 1272.781932 1013.293255
55.943819200417906 -3.1894873688099397 NNE 55.94409636427766 -3.18937256378023 1272.781932 1012.043255
55.94409636427766 -3.18937256378023 N 55.944396364277665 -3.18937256378023 1272.781932 1010.793255
55.944396364277665 -3.18937256378023 NNE 55.94467352813742 -3.1892577587505206 1272.781932 1009.543255
55.94467352813742 -3.1892577587505206 N 55.944973528137425 -3.1892577587505206 1272.781932 1008.293255
55.944973528137425 -3.1892577587505206 NNE 55.94525069199718 -3.189142953720811 1272.781932 1007.043255
55.94525069199718 -3.189142953720811 N 55.945550691997184 -3.189142953720811 1272.781932 1005.793255
55.945550691997184 -3.189142953720811 ESE 55.94543588696747 -3.1888657898610577 1353.412420 1120.389733
55.94543588696747 -3.1888657898610577 ESE 55.94532108193776 -3.1885886260013043 1353.412420 1119.139733
55.94532108193776 -3.1885886260013043 ESE 55.94520627690805 -3.188311462141551 1353.412420 1117.889733
55.94520627690805 -3.188311462141551 SE 55.9449941448737 -3.188099330107195 1353.412420 1116.639733
55.9449941448737 -3.188099330107195 ESE 55.944879339843986 -3.1878221662474417 1353.412420 1115.389733
55.944879339843986 -3.1878221662474417 SE 55.94466720780963 -3.187610034213086 1353.412420 1114.139733
55.94466720780963 -3.187610034213086 ESE 55.94455240277992 -3.1873328703533326 1353.412420 1112.889733
55.94455240277992 -3.1873328703533326 SE 55.94434027074556 -3.187120738318977 1353.412420 1111.639733
55.94434027074556 -3.187120738318977 ESE 55.94422546571585 -3.1868435744592234 1353.412420 1110.389733
55.94422546571585 -3.1868435744592234 SE 55.9440133336815 -3.1866314424248676 1353.412420 1109.139733
55.9440133336815 -3.1866314424248676 ESE 55.943898528651786 -3.186354278565114 1353.412420 1107.889733
55.943898528651786 -3.186354278565114 WSW 55.943783723622076 -3.1866314424248676 1385.074123 1186.211098
55.943783723622076 -3.1866314424248676 WSW 55.943668918592365 -3.186908606284621 1385.074123 1184.961098
55.943668918592365 -3.186908606284621 WSW 55.943554113562655 -3.1871857701443744 1380.247519 1124.667825
55.943554113562655 -3.1871857701443744 WSW 55.943439308532945 -3.187462934004128 1380.247519 1123.417825
55.943439308532945 -3.187462934004128 W 55.943439308532945 -3.187762934004128 1380.247519 1122.167825
55.943439308532945 -3.187762934004128 WSW 55.943324503503234 -3.1880400978638814 1380.247519 1120.917825
55.943324503503234 -3.1880400978638814 W 55.943324503503234 -3.1883400978638816 1380.247519 1119.667825
55.943324503503234 -3.1883400978638816 WSW 55.943209698473524 -3.188617261723635 1380.247519 1118.417825
55.943209698473524 -3.188617261723635 W 55.943209698473524 -3.188917261723635 1380.247519 1117.167825
55.943209698473524 -3.188917261723635 WSW 55.94309489344381 -3.1891944255833886 1380.247519 1115.917825
55.94309489344381 -3.1891944255833886 W 55.94309489344381 -3.189494425583389 1380.247519 1114.667825
55.94309489344381 -3.189494425583389 WSW 55.9429800884141 -3.189771589443142 1380.247519 1113.417825
55.9429800884141 -3.189771589443142 W 55.9429800884141 -3.1900715894431424 1334.852059 1097.471204
55.9429800884141 -3.1900715894431424 WSW 55.94286528338439 -3.190348753302896 1334.852059 1096.221204
55.94286528338439 -3.190348753302896 W 55.94286528338439 -3.190648753302896 1334.852059 1094.971204
55.94286528338439 -3.190648753302896 WSW 55.94275047835468 -3.1909259171626494 1334.852059 1093.721204
55.94275047835468 -3.1909259171626494 NNW 55.94302764221444 -3.191040722192359 1412.507477 1175.963083
55.94302764221444 -3.191040722192359 NNW 55.943304806074195 -3.1911555272220684 1412.507477 1174.713083
55.943304806074195 -3.1911555272220684 NW 55.94351693810855 -3.191367659256424 1344.054500 1169.513427
55.94351693810855 -3.191367659256424 NNW 55.94379410196831 -3.1914824642861337 1344.054500 1168.263427
55.94379410196831 -3.1914824642861337 NW 55.944006234002664 -3.1916945963204895 1344.054500 1167.013427
55.944006234002664 -3.1916945963204895 ESE 55.943891428972954 -3.191417432460736 1359.709707 1206.526854
55.943891428972954 -3.191417432460736 ESE 55.94377662394324 -3.1911402686009827 1359.709707 1205.276854
55.94377662394324 -3.1911402686009827 ESE 55.94366181891353 -3.1908631047412293 1359.709707 1204.026854
55.94366181891353 -3.1908631047412293 ESE 55.94354701388382 -3.190585940881476 1359.709707 1202.776854
55.94354701388382 -3.190585940881476 ESE 55.94343220885411 -3.1903087770217224 1359.709707 1201.526854
55.94343220885411 -3.1903087770217224 ESE 55.9433174038244 -3.190031613161969 1359.709707 1200.276854
55.9433174038244 -3.190031613161969 ESE 55.94320259879469 -3.1897544493022156 1359.709707 1199.026854
55.94320259879469 -3.1897544493022156 ESE 55.94308779376498 -3.1894772854424622 1359.709707 1197.776854
55.94308779376498 -3.1894772854424622 E 55.94308779376498 -3.189177285442462 1359.709707 1196.526854
55.94308779376498 -3.189177285442462 ESE 55.94297298873527 -3.1889001215827086 1359.709707 1195.276854
55.94297298873527 -3.1889001215827086 E 55.94297298873527 -3.1886001215827084 1359.709707 1194.026854
55.94297298873527 -3.1886001215827084 ESE 55.94285818370556 -3.188322957722955 1359.709707 1192.776854
55.94285818370556 -3.188322957722955 E 55.94285818370556 -3.188022957722955 1359.709707 1191.526854
55.94285818370556 -3.188022957722955 ESE 55.94274337867585 -3.1877457938632014 1359.709707 1190.276854
55.94274337867585 -3.1877457938632014 E 55.94274337867585 -3.1874457938632013 1359.709707 1189.026854
55.94274337867585 -3.1874457938632013 ESE 55.94262857364614 -3.187168630003448 1359.709707 1187.776854
55.94262857364614 -3.187168630003448 E 55.94262857364614 -3.1868686300034477 1383.736362 1303.623580
55.94262857364614 -3.1868686300034477 WNW 55.94274337867585 -3.187145793863201 1383.736362 1302.373580
55.94274337867585 -3.187145793863201 WNW 55.94285818370556 -3.1874229577229545 1383.736362 1301.123580
55.94285818370556 -3.1874229577229545 WNW 55.94297298873527 -3.187700121582708 1383.736362 1299.873580
55.94297298873527 -3.187700121582708 WNW 55.94308779376498 -3.1879772854424613 1383.736362 1298.623580
55.94308779376498 -3.1879772854424613 WNW 55.94320259879469 -3.1882544493022147 1383.736362 1297.373580
55.94320259879469 -3.1882544493022147 WNW 55.9433174038244 -3.188531613161968 1383.736362 1296.123580
55.9433174038244 -3.188531613161968 WNW 55.94343220885411 -3.1888087770217215 1383.736362 1294.873580
55.94343220885411 -3.1888087770217215 WNW 55.94354701388382 -3.189085940881475 1383.736362 1293.623580
55.94354701388382 -3.189085940881475 WNW 55.94366181891353 -3.1893631047412283 1383.736362 1292.373580
55.94366181891353 -3.1893631047412283 WNW 55.94377662394324 -3.1896402686009817 1383.736362 1291.123580
55.94377662394324 -3.1896402686009817 WNW 55.943891428972954 -3.189917432460735 1383.736362 1289.873580
55.943891428972954 -3.189917432460735 WNW 55.944006234002664 -3.1901945963204885 1383.736362 1288.623580
55.944006234002664 -3.1901945963204885 W 55.944006234002664 -3.1904945963204887 1383.736362 1287.373580
55.944006234002664 -3.1904945963204887 ENE 55.944121039032375 -3.1902174324607353 1406.030476 1297.182144
55.944121039032375 -3.1902174324607353 WSW 55.944006234002664 -3.1904945963204887 1406.030476 1295.932144
55.944006234002664 -3.1904945963204887 S 55.94370623400266 -3.1904945963204887 1406.030476 1294.682144
55.94370623400266 -3.1904945963204887 S 55.94340623400266 -3.1904945963204887 1406.030476 1293.432144
55.94340623400266 -3.1904945963204887 NNE 55.943683397862415 -3.190379791290779 1406.030476 1292.182144
55.943683397862415 -3.190379791290779 WSW 55.943568592832705 -3.1906569551505326 1406.030476 1290.932144
55.943568592832705 -3.1906569551505326 NNE 55.94384575669246 -3.190542150120823 1406.030476 1289.682144
