55.944425 -3.188396 ENE 55.94453980502971 -3.1881188361402466 0.000000 248.750000
55.94453980502971 -3.1881188361402466 ENE 55.94465461005942 -3.187841672280493 0.000000 247.500000
55.94465461005942 -3.187841672280493 ENE 55.944769415089134 -3.18756450842074 0.000000 246.250000
55.944769415089134 -3.18756450842074 ENE 55.944884220118844 -3.1872873445609864 0.000000 245.000000
55.944884220118844 -3.1872873445609864 ENE 55.944999025148554 -3.187010180701233 49.270928 256.824749
55.944999025148554 -3.187010180701233 ENE 55.945113830178265 -3.1867330168414796 0.000000 131.704170
55.945113830178265 -3.1867330168414796 ENE 55.945228635207975 -3.186455852981726 0.000000 130.454170
55.945228635207975 -3.186455852981726 ENE 55.945343440237686 -3.1861786891219728 0.000000 129.204170
55.945343440237686 -3.1861786891219728 ENE 55.945458245267396 -3.1859015252622194 0.000000 127.954170
55.945458245267396 -3.1859015252622194 S 55.94515824526739 -3.1859015252622194 113.887452 161.557950
55.94515824526739 -3.1859015252622194 S 55.94485824526739 -3.1859015252622194 220.206845 177.434411
55.94485824526739 -3.1859015252622194 S 55.94455824526739 -3.1859015252622194 235.925669 269.476424
55.94455824526739 -3.1859015252622194 SSE 55.94428108140763 -3.18578672023251 235.925669 268.226424
55.94428108140763 -3.18578672023251 S 55.94398108140763 -3.18578672023251 235.925669 266.976424
55.94398108140763 -3.18578672023251 SSE 55.94370391754787 -3.1856719152028004 235.925669 265.726424
55.94370391754787 -3.1856719152028004 S 55.94340391754787 -3.1856719152028004 313.140754 273.632146
55.94340391754787 -3.1856719152028004 SSE 55.94312675368811 -3.185557110173091 313.140754 272.382146
55.94312675368811 -3.185557110173091 NW 55.94333888572247 -3.1857692422074466 348.280399 331.473396
55.94333888572247 -3.1857692422074466 NW 55.943551017756825 -3.1859813742418024 348.280399 330.223396
55.943551017756825 -3.1859813742418024 NW 55.94376314979118 -3.186193506276158 348.280399 328.973396
55.94376314979118 -3.186193506276158 W 55.94376314979118 -3.1864935062761583 379.942102 407.294762
55.94376314979118 -3.1864935062761583 W 55.94376314979118 -3.1867935062761585 379.942102 406.044762
55.94376314979118 -3.1867935062761585 W 55.94376314979118 -3.1870935062761587 379.942102 404.794762
55.94376314979118 -3.1870935062761587 WNW 55.94387795482089 -3.187370670135912 375.115498 344.501489
55.94387795482089 -3.187370670135912 W 55.94387795482089 -3.1876706701359123 375.115498 343.251489
55.94387795482089 -3.1876706701359123 WNW 55.9439927598506 -3.1879478339956657 375.115498 342.001489
55.9439927598506 -3.1879478339956657 W 55.9439927598506 -3.188247833995666 349.173090 330.583007
55.9439927598506 -3.188247833995666 WNW 55.94410756488031 -3.1885249978554193 422.542477 406.661843
55.94410756488031 -3.1885249978554193 WNW 55.94422236991002 -3.1888021617151727 422.542477 405.411843
55.94422236991002 -3.1888021617151727 WNW 55.94433717493973 -3.189079325574926 398.714754 380.265909
55.94433717493973 -3.189079325574926 WNW 55.94445197996944 -3.1893564894346795 398.714754 379.015909
55.94445197996944 -3.1893564894346795 NW 55.9446641120038 -3.1895686214690353 398.714754 377.765909
55.9446641120038 -3.1895686214690353 E 55.9446641120038 -3.189268621469035 494.796829 411.100994
55.9446641120038 -3.189268621469035 E 55.9446641120038 -3.188968621469035 494.796829 409.850994
55.9446641120038 -3.188968621469035 E 55.9446641120038 -3.1886686214690347 494.796829 408.600994
55.9446641120038 -3.1886686214690347 E 55.9446641120038 -3.1883686214690345 461.661680 332.901576
55.9446641120038 -3.1883686214690345 E 55.9446641120038 -3.1880686214690344 461.661680 331.651576
55.9446641120038 -3.1880686214690344 ESE 55.94454930697409 -3.187791457609281 461.661680 330.401576
55.94454930697409 -3.187791457609281 E 55.94454930697409 -3.1874914576092808 461.661680 329.151576
55.94454930697409 -3.1874914576092808 ESE 55.94443450194438 -3.1872142937495274 461.661680 327.901576
55.94443450194438 -3.1872142937495274 E 55.94443450194438 -3.186914293749527 461.661680 326.651576
55.94443450194438 -3.186914293749527 ESE 55.94431969691467 -3.1866371298897738 461.661680 325.401576
55.94431969691467 -3.1866371298897738 E 55.94431969691467 -3.1863371298897736 457.214831 219.902644
55.94431969691467 -3.1863371298897736 ESE 55.94420489188496 -3.18605996603002 457.214831 218.652644
55.94420489188496 -3.18605996603002 E 55.94420489188496 -3.18575996603002 457.214831 217.402644
55.94420489188496 -3.18575996603002 ESE 55.94409008685525 -3.1854828021702666 457.214831 216.152644
55.94409008685525 -3.1854828021702666 E 55.94409008685525 -3.1851828021702664 457.214831 214.902644
55.94409008685525 -3.1851828021702664 ESE 55.94397528182554 -3.184905638310513 457.214831 213.652644
55.94397528182554 -3.184905638310513 E 55.94397528182554 -3.184605638310513 457.214831 212.402644
55.94397528182554 -3.184605638310513 WNW 55.94409008685525 -3.184882802170266 543.090628 287.167360
55.94409008685525 -3.184882802170266 WNW 55.94420489188496 -3.1851599660300196 543.090628 285.917360
55.94420489188496 -3.1851599660300196 WNW 55.94431969691467 -3.185437129889773 543.090628 284.667360
55.94431969691467 -3.185437129889773 WNW 55.94443450194438 -3.1857142937495264 543.090628 283.417360
55.94443450194438 -3.1857142937495264 WNW 55.94454930697409 -3.18599145760928 543.090628 282.167360
55.94454930697409 -3.18599145760928 WNW 55.9446641120038 -3.1862686214690332 543.090628 280.917360
55.9446641120038 -3.1862686214690332 WNW 55.94477891703351 -3.1865457853287866 543.090628 279.667360
55.94477891703351 -3.1865457853287866 WNW 55.94489372206322 -3.18682294918854 543.090628 278.417360
55.94489372206322 -3.18682294918854 WNW 55.94500852709293 -3.1871001130482934 488.348270 277.167360
55.94500852709293 -3.1871001130482934 WNW 55.94512333212264 -3.187377276908047 488.348270 275.917360
55.94512333212264 -3.187377276908047 WNW 55.94523813715235 -3.1876544407678002 488.348270 274.667360
55.94523813715235 -3.1876544407678002 WNW 55.94535294218206 -3.1879316046275537 488.348270 273.417360
55.94535294218206 -3.1879316046275537 WNW 55.94546774721177 -3.188208768487307 488.348270 272.167360
55.94546774721177 -3.188208768487307 WNW 55.94558255224148 -3.1884859323470605 488.348270 270.917360
55.94558255224148 -3.1884859323470605 W 55.94558255224148 -3.1887859323470606 488.348270 269.667360
55.94558255224148 -3.1887859323470606 WNW 55.94569735727119 -3.189063096206814 510.241466 369.406275
55.94569735727119 -3.189063096206814 SSW 55.94542019341144 -3.1891779012365236 590.871954 484.002753
55.94542019341144 -3.1891779012365236 SSW 55.94514302955168 -3.189292706266233 590.871954 482.752753
55.94514302955168 -3.189292706266233 SSW 55.94486586569192 -3.1894075112959426 590.871954 481.502753
55.94486586569192 -3.1894075112959426 SSW 55.94458870183217 -3.189522316325652 590.871954 480.252753
55.94458870183217 -3.189522316325652 S 55.944288701832164 -3.189522316325652 590.871954 479.002753
55.944288701832164 -3.189522316325652 SSW 55.94401153797241 -3.1896371213553616 590.871954 477.752753
55.94401153797241 -3.1896371213553616 S 55.943711537972405 -3.1896371213553616 590.871954 476.502753
55.943711537972405 -3.1896371213553616 SSW 55.94343437411265 -3.189751926385071 590.871954 475.252753
55.94343437411265 -3.189751926385071 S 55.943134374112645 -3.189751926385071 590.871954 474.002753
55.943134374112645 -3.189751926385071 SSW 55.94285721025289 -3.1898667314147806 545.476494 458.056131
55.94285721025289 -3.1898667314147806 NW 55.943069342287245 -3.1900788634491364 594.914926 526.638854
55.943069342287245 -3.1900788634491364 NW 55.9432814743216 -3.190290995483492 594.914926 525.388854
55.9432814743216 -3.190290995483492 NW 55.94349360635596 -3.190503127517848 594.914926 524.138854
55.94349360635596 -3.190503127517848 NW 55.943705738390314 -3.1907152595522037 594.914926 522.888854
55.943705738390314 -3.1907152595522037 NW 55.94391787042467 -3.1909273915865595 594.914926 521.638854
55.94391787042467 -3.1909273915865595 NW 55.944130002459026 -3.1911395236209152 594.914926 520.388854
55.944130002459026 -3.1911395236209152 NW 55.94434213449338 -3.191351655655271 594.914926 519.138854
55.94434213449338 -3.191351655655271 NW 55.94455426652774 -3.191563787689627 687.009780 522.984018
55.94455426652774 -3.191563787689627 NW 55.944766398562095 -3.1917759197239826 687.009780 521.734018
55.944766398562095 -3.1917759197239826 NW 55.94497853059645 -3.1919880517583383 687.009780 520.484018
55.94497853059645 -3.1919880517583383 WNW 55.94509333562616 -3.1922652156180917 687.009780 519.234018
55.94509333562616 -3.1922652156180917 NW 55.94530546766052 -3.1924773476524475 687.009780 517.984018
55.94530546766052 -3.1924773476524475 ESE 55.94519066263081 -3.192200183792694 772.435956 554.747815
55.94519066263081 -3.192200183792694 ESE 55.9450758576011 -3.1919230199329407 772.435956 553.497815
55.9450758576011 -3.1919230199329407 ESE 55.94496105257139 -3.1916458560731873 772.435956 552.247815
55.94496105257139 -3.1916458560731873 ESE 55.944846247541676 -3.191368692213434 772.435956 550.997815
55.944846247541676 -3.191368692213434 ESE 55.944731442511966 -3.1910915283536805 772.435956 549.747815
55.944731442511966 -3.1910915283536805 ESE 55.944616637482255 -3.190814364493927 772.435956 548.497815
55.944616637482255 -3.190814364493927 ESE 55.944501832452545 -3.1905372006341737 772.435956 547.247815
55.944501832452545 -3.1905372006341737 ESE 55.944387027422835 -3.1902600367744203 772.435956 545.997815
55.944387027422835 -3.1902600367744203 ESE 55.944272222393124 -3.189982872914667 772.435956 544.747815
55.944272222393124 -3.189982872914667 ESE 55.944157417363414 -3.1897057090549135 772.435956 543.497815
55.944157417363414 -3.1897057090549135 ESE 55.9440426123337 -3.18942854519516 772.435956 542.247815
55.9440426123337 -3.18942854519516 ESE 55.94392780730399 -3.1891513813354067 772.435956 540.997815
55.94392780730399 -3.1891513813354067 ESE 55.94381300227428 -3.1888742174756532 772.435956 539.747815
55.94381300227428 -3.1888742174756532 ESE 55.94369819724457 -3.1885970536159 772.435956 538.497815
55.94369819724457 -3.1885970536159 ESE 55.94358339221486 -3.1883198897561464 772.435956 537.247815
55.94358339221486 -3.1883198897561464 SE 55.943371260180506 -3.1881077577217907 772.435956 535.997815
55.943371260180506 -3.1881077577217907 ESE 55.943256455150795 -3.1878305938620373 772.435956 534.747815
55.943256455150795 -3.1878305938620373 SE 55.94304432311644 -3.1876184618276815 772.435956 533.497815
55.94304432311644 -3.1876184618276815 ESE 55.94292951808673 -3.187341297967928 772.435956 532.247815
55.94292951808673 -3.187341297967928 SE 55.94271738605237 -3.1871291659335723 772.435956 530.997815
55.94271738605237 -3.1871291659335723 NE 55.94292951808673 -3.1869170338992165 796.462611 646.844541
55.94292951808673 -3.1869170338992165 NE 55.943141650121085 -3.1867049018648608 796.462611 645.594541
55.943141650121085 -3.1867049018648608 NE 55.94335378215544 -3.186492769830505 796.462611 644.344541
55.94335378215544 -3.186492769830505 NE 55.9435659141898 -3.1862806377961492 796.462611 643.094541
55.9435659141898 -3.1862806377961492 NE 55.94377804622415 -3.1860685057617935 796.462611 641.844541
55.94377804622415 -3.1860685057617935 NE 55.94399017825851 -3.1858563737274377 796.462611 640.594541
55.94399017825851 -3.1858563737274377 NE 55.944202310292866 -3.185644241693082 796.462611 639.344541
55.944202310292866 -3.185644241693082 NE 55.94441444232722 -3.185432109658726 796.462611 638.094541
55.94441444232722 -3.185432109658726 NE 55.94462657436158 -3.1852199776243704 796.462611 636.844541
55.94462657436158 -3.1852199776243704 NE 55.944838706395934 -3.1850078455900146 796.462611 635.594541
55.944838706395934 -3.1850078455900146 NNE 55.94511587025569 -3.184893040560305 796.462611 634.344541
55.94511587025569 -3.184893040560305 NE 55.94532800229005 -3.1846809085259493 829.255473 720.204544
55.94532800229005 -3.1846809085259493 NNE 55.945605166149804 -3.18456610349624 829.255473 718.954544
55.945605166149804 -3.18456610349624 NE 55.94581729818416 -3.184353971461884 829.255473 717.704544
55.94581729818416 -3.184353971461884 W 55.94581729818416 -3.1846539714618842 898.713987 832.538941
55.94581729818416 -3.1846539714618842 W 55.94581729818416 -3.1849539714618844 898.713987 831.288941
55.94581729818416 -3.1849539714618844 W 55.94581729818416 -3.1852539714618846 898.713987 830.038941
55.94581729818416 -3.1852539714618846 W 55.94581729818416 -3.185553971461885 898.713987 828.788941
55.94581729818416 -3.185553971461885 W 55.94581729818416 -3.185853971461885 898.713987 827.538941
55.94581729818416 -3.185853971461885 W 55.94581729818416 -3.186153971461885 898.713987 826.288941
55.94581729818416 -3.186153971461885 W 55.94581729818416 -3.1864539714618854 818.406789 739.308343
55.94581729818416 -3.1864539714618854 W 55.94581729818416 -3.1867539714618855 818.171060 636.232810
55.94581729818416 -3.1867539714618855 W 55.94581729818416 -3.1870539714618857 818.171060 634.982810
55.94581729818416 -3.1870539714618857 W 55.94581729818416 -3.187353971461886 818.171060 633.732810
55.94581729818416 -3.187353971461886 W 55.94581729818416 -3.187653971461886 818.171060 632.482810
55.94581729818416 -3.187653971461886 WSW 55.94570249315445 -3.1879311353216395 829.005043 713.801900
55.94570249315445 -3.1879311353216395 W 55.94570249315445 -3.1882311353216397 829.005043 712.551900
55.94570249315445 -3.1882311353216397 WSW 55.94558768812474 -3.188508299181393 829.005043 711.301900
55.94558768812474 -3.188508299181393 W 55.94558768812474 -3.1888082991813933 829.005043 710.051900
55.94558768812474 -3.1888082991813933 WSW 55.94547288309503 -3.1890854630411467 829.005043 708.801900
55.94547288309503 -3.1890854630411467 W 55.94547288309503 -3.189385463041147 829.005043 707.551900
55.94547288309503 -3.189385463041147 WSW 55.94535807806532 -3.1896626269009003 829.005043 706.301900
55.94535807806532 -3.1896626269009003 W 55.94535807806532 -3.1899626269009005 829.005043 705.051900
55.94535807806532 -3.1899626269009005 WSW 55.94524327303561 -3.190239790760654 829.005043 703.801900
55.94524327303561 -3.190239790760654 SSE 55.94496610917585 -3.1901249857309444 944.777425 788.609095
55.94496610917585 -3.1901249857309444 SE 55.944753977141495 -3.1899128536965886 944.777425 787.359095
55.944753977141495 -3.1899128536965886 SSE 55.94447681328174 -3.189798048666879 944.777425 786.109095
55.94447681328174 -3.189798048666879 SE 55.94426468124738 -3.1895859166325233 944.777425 784.859095
55.94426468124738 -3.1895859166325233 SSE 55.943987517387626 -3.189471111602814 944.777425 783.609095
55.943987517387626 -3.189471111602814 SE 55.94377538535327 -3.189258979568458 944.777425 782.359095
55.94377538535327 -3.189258979568458 SSE 55.94349822149351 -3.1891441745387485 944.777425 781.109095
55.94349822149351 -3.1891441745387485 NW 55.94371035352787 -3.1893563065731043 1001.415985 863.521137
55.94371035352787 -3.1893563065731043 NW 55.943922485562226 -3.18956843860746 1001.415985 862.271137
55.943922485562226 -3.18956843860746 NW 55.94413461759658 -3.189780570641816 1001.415985 861.021137
55.94413461759658 -3.189780570641816 NNW 55.94441178145634 -3.1898953756715254 1001.415985 859.771137
55.94441178145634 -3.1898953756715254 WSW 55.94429697642663 -3.1901725395312788 1012.193487 920.263358
55.94429697642663 -3.1901725395312788 WSW 55.94418217139692 -3.190449703391032 1012.193487 919.013358
55.94418217139692 -3.190449703391032 WSW 55.94406736636721 -3.1907268672507856 1034.487601 928.821922
55.94406736636721 -3.1907268672507856 WSW 55.9439525613375 -3.191004031110539 1034.487601 927.571922
55.9439525613375 -3.191004031110539 SW 55.94374042930314 -3.1912161631448948 1034.487601 926.321922
55.94374042930314 -3.1912161631448948 NNW 55.9440175931629 -3.1913309681746043 1096.185112 946.436467
55.9440175931629 -3.1913309681746043 NNW 55.944294757022654 -3.1914457732043138 1140.499152 950.800100
55.944294757022654 -3.1914457732043138 NW 55.94450688905701 -3.1916579052386695 1140.499152 949.550100
55.94450688905701 -3.1916579052386695 E 55.94450688905701 -3.1913579052386694 1229.657898 1051.090905
55.94450688905701 -3.1913579052386694 E 55.94450688905701 -3.191057905238669 1229.657898 1049.840905
55.94450688905701 -3.191057905238669 E 55.94450688905701 -3.190757905238669 1229.657898 1048.590905
55.94450688905701 -3.190757905238669 E 55.94450688905701 -3.190457905238669 1229.657898 1047.340905
55.94450688905701 -3.190457905238669 E 55.94450688905701 -3.1901579052386686 1290.455623 1082.609014
55.94450688905701 -3.1901579052386686 E 55.94450688905701 -3.1898579052386684 1290.455623 1081.359014
55.94450688905701 -3.1898579052386684 E 55.94450688905701 -3.1895579052386682 1290.455623 1080.109014
55.94450688905701 -3.1895579052386682 E 55.94450688905701 -3.189257905238668 1290.455623 1078.859014
55.94450688905701 -3.189257905238668 E 55.94450688905701 -3.188957905238668 1290.455623 1077.609014
55.94450688905701 -3.188957905238668 E 55.94450688905701 -3.1886579052386677 1290.455623 1076.359014
55.94450688905701 -3.1886579052386677 E 55.94450688905701 -3.1883579052386675 1290.455623 1075.109014
55.94450688905701 -3.1883579052386675 E 55.94450688905701 -3.1880579052386673 1290.455623 1073.859014
55.94450688905701 -3.1880579052386673 ESE 55.9443920840273 -3.187780741378914 1290.455623 1072.609014
55.9443920840273 -3.187780741378914 E 55.9443920840273 -3.1874807413789137 1290.455623 1071.359014
55.9443920840273 -3.1874807413789137 ESE 55.94427727899759 -3.1872035775191603 1290.455623 1070.109014
55.94427727899759 -3.1872035775191603 E 55.94427727899759 -3.18690357751916 1290.455623 1068.859014
55.94427727899759 -3.18690357751916 WNW 55.9443920840273 -3.1871807413789135 1401.064593 1139.020525
55.9443920840273 -3.1871807413789135 WNW 55.94450688905701 -3.187457905238667 1401.064593 1137.770525
55.94450688905701 -3.187457905238667 WNW 55.94462169408672 -3.1877350690984203 1401.064593 1136.520525
55.94462169408672 -3.1877350690984203 W 55.94462169408672 -3.1880350690984205 1401.064593 1135.270525
55.94462169408672 -3.1880350690984205 WNW 55.94473649911643 -3.188312232958174 1401.064593 1134.020525
55.94473649911643 -3.188312232958174 W 55.94473649911643 -3.188612232958174 1401.064593 1132.770525
55.94473649911643 -3.188612232958174 WNW 55.94485130414614 -3.1888893968179275 1401.064593 1131.520525
55.94485130414614 -3.1888893968179275 W 55.94485130414614 -3.1891893968179277 1401.064593 1130.270525
55.94485130414614 -3.1891893968179277 WNW 55.94496610917585 -3.189466560677681 1401.064593 1129.020525
55.94496610917585 -3.189466560677681 W 55.94496610917585 -3.1897665606776813 1401.064593 1127.770525
55.94496610917585 -3.1897665606776813 WNW 55.94508091420556 -3.1900437245374347 1401.064593 1126.520525
55.94508091420556 -3.1900437245374347 W 55.94508091420556 -3.190343724537435 1401.064593 1125.270525
55.94508091420556 -3.190343724537435 WNW 55.94519571923527 -3.1906208883971883 1401.064593 1124.020525
55.94519571923527 -3.1906208883971883 W 55.94519571923527 -3.1909208883971885 1401.064593 1122.770525
55.94519571923527 -3.1909208883971885 WNW 55.94531052426498 -3.191198052256942 1401.064593 1121.520525
55.94531052426498 -3.191198052256942 S 55.94501052426498 -3.191198052256942 1464.994519 1238.150135
55.94501052426498 -3.191198052256942 S 55.94471052426498 -3.191198052256942 1464.994519 1236.900135
55.94471052426498 -3.191198052256942 S 55.944410524264974 -3.191198052256942 1464.994519 1235.650135
55.944410524264974 -3.191198052256942 S 55.94411052426497 -3.191198052256942 1464.994519 1234.400135
55.94411052426497 -3.191198052256942 S 55.94381052426497 -3.191198052256942 1464.994519 1233.150135
55.94381052426497 -3.191198052256942 S 55.943510524264966 -3.191198052256942 1464.994519 1231.900135
55.943510524264966 -3.191198052256942 S 55.94321052426496 -3.191198052256942 1396.541543 1226.700479
55.94321052426496 -3.191198052256942 SSE 55.942933360405206 -3.1910832472272324 1396.541543 1225.450479
55.942933360405206 -3.1910832472272324 NNW 55.94321052426496 -3.191198052256942 1474.196961 1307.692358
55.94321052426496 -3.191198052256942 NNW 55.94348768812472 -3.1913128572866514 1474.196961 1306.442358
55.94348768812472 -3.1913128572866514 NW 55.943699820159075 -3.191524989321007 1474.196961 1305.192358
55.943699820159075 -3.191524989321007 NNW 55.94397698401883 -3.1916397943507167 1474.196961 1303.942358
55.94397698401883 -3.1916397943507167 NW 55.94418911605319 -3.1918519263850724 1489.852168 1343.455785
55.94418911605319 -3.1918519263850724 NE 55.944401248087544 -3.1916397943507167 1489.852168 1342.205785
55.944401248087544 -3.1916397943507167 NNE 55.9446784119473 -3.191524989321007 1489.852168 1340.955785
55.9446784119473 -3.191524989321007 WSW 55.94456360691759 -3.1918021531807605 1489.852168 1339.705785
55.94456360691759 -3.1918021531807605 NNE 55.94484077077735 -3.191687348151051 1489.852168 1338.455785
55.94484077077735 -3.191687348151051 ENE 55.94495557580706 -3.1914101842912976 1489.852168 1337.205785
55.94495557580706 -3.1914101842912976 SE 55.9447434437727 -3.191198052256942 1489.852168 1335.955785
55.9447434437727 -3.191198052256942 NE 55.94495557580706 -3.190985920222586 1489.852168 1334.705785
55.94495557580706 -3.190985920222586 NNE 55.945232739666814 -3.1908711151928766 1489.852168 1333.455785
55.945232739666814 -3.1908711151928766 WSW 55.9451179346371 -3.19114827905263 1489.852168 1332.205785
55.9451179346371 -3.19114827905263 NNE 55.94539509849686 -3.1910334740229205 1489.852168 1330.955785
55.94539509849686 -3.1910334740229205 ENE 55.94550990352657 -3.190756310163167 1489.852168 1329.705785
55.94550990352657 -3.190756310163167 SSE 55.945232739666814 -3.1906415051334576 1489.852168 1328.455785
55.945232739666814 -3.1906415051334576 W 55.945232739666814 -3.1909415051334578 1489.852168 1327.205785
55.945232739666814 -3.1909415051334578 W 55.945232739666814 -3.191241505133458 1489.852168 1325.955785
55.945232739666814 -3.191241505133458 SW 55.94502060763246 -3.1914536371678137 1489.852168 1324.705785
55.94502060763246 -3.1914536371678137 NE 55.945232739666814 -3.191241505133458 1489.852168 1323.455785
55.945232739666814 -3.191241505133458 N 55.94553273966682 -3.191241505133458 1489.852168 1322.205785
55.94553273966682 -3.191241505133458 NE 55.94574487170117 -3.191029373099102 1489.852168 1320.955785
55.94574487170117 -3.191029373099102 E 55.94574487170117 -3.190729373099102 1489.852168 1319.705785
55.94574487170117 -3.190729373099102 WNW 55.94585967673088 -3.1910065369588554 1489.852168 1318.455785
55.94585967673088 -3.1910065369588554 SSW 55.94558251287113 -3.191121341988565 1489.852168 1317.205785
55.94558251287113 -3.191121341988565 WSW 55.945467707841416 -3.1913985058483183 1489.852168 1315.955785
55.945467707841416 -3.1913985058483183 SW 55.94525557580706 -3.191610637882674 1489.852168 1314.705785
55.94525557580706 -3.191610637882674 NE 55.945467707841416 -3.1913985058483183 1489.852168 1313.455785
55.945467707841416 -3.1913985058483183 SSW 55.94519054398166 -3.191513310878028 1489.852168 1312.205785
55.94519054398166 -3.191513310878028 NW 55.945402676016016 -3.1917254429123836 1489.852168 1310.955785
55.945402676016016 -3.1917254429123836 WSW 55.945287870986306 -3.192002606772137 1489.852168 1309.705785
55.945287870986306 -3.192002606772137 WSW 55.945173065956595 -3.1922797706318904 1489.852168 1308.455785
55.945173065956595 -3.1922797706318904 SSW 55.94489590209684 -3.1923945756616 1489.852168 1307.205785
55.94489590209684 -3.1923945756616 SSW 55.94461873823708 -3.1925093806913094 1489.852168 1305.955785
55.94461873823708 -3.1925093806913094 SE 55.944406606202726 -3.1922972486569536 1489.852168 1304.705785
55.944406606202726 -3.1922972486569536 NNE 55.94468377006248 -3.192182443627244 1489.852168 1303.455785
55.94468377006248 -3.192182443627244 WSW 55.94456896503277 -3.1924596074869975 1489.852168 1302.205785
55.94456896503277 -3.1924596074869975 N 55.944868965032775 -3.1924596074869975 1489.852168 1300.955785
55.944868965032775 -3.1924596074869975 NW 55.94508109706713 -3.1926717395213533 1489.852168 1299.705785
55.94508109706713 -3.1926717395213533 NNE 55.94535826092689 -3.192556934491644 1489.852168 1298.455785
55.94535826092689 -3.192556934491644 E 55.94535826092689 -3.1922569344916436 1489.852168 1297.205785
55.94535826092689 -3.1922569344916436 S 55.945058260926885 -3.1922569344916436 1489.852168 1295.955785
55.945058260926885 -3.1922569344916436 SSE 55.94478109706713 -3.192142129461934 1489.852168 1294.705785
55.94478109706713 -3.192142129461934 NNE 55.945058260926885 -3.1920273244322246 1489.852168 1293.455785
55.945058260926885 -3.1920273244322246 NNW 55.94533542478664 -3.192142129461934 1489.852168 1292.205785
55.94533542478664 -3.192142129461934 ENE 55.94545022981635 -3.1918649656021807 1489.852168 1290.955785
55.94545022981635 -3.1918649656021807 SSW 55.945173065956595 -3.19197977063189 1378.900464 1258.680394
55.945173065956595 -3.19197977063189 S 55.94487306595659 -3.19197977063189 1378.900464 1257.430394
55.94487306595659 -3.19197977063189 N 55.945173065956595 -3.19197977063189 1378.900464 1256.180394
55.945173065956595 -3.19197977063189 W 55.945173065956595 -3.1922797706318904 1378.900464 1254.930394
