55.944425 -3.188396 W 55.944425 -3.188696 0.000000 248.750000
55.944425 -3.188696 W 55.944425 -3.1889960000000004 0.000000 223.604065
55.944425 -3.1889960000000004 W 55.944425 -3.1892960000000006 0.000000 222.354065
55.944425 -3.1892960000000006 W 55.944425 -3.1895960000000008 0.000000 221.104065
55.944425 -3.1895960000000008 W 55.944425 -3.189896000000001 0.000000 219.854065
55.944425 -3.189896000000001 W 55.944425 -3.190196000000001 10.777502 280.346287
55.944425 -3.190196000000001 W 55.944425 -3.1904960000000013 10.777502 279.096287
55.944425 -3.1904960000000013 W 55.944425 -3.1907960000000015 10.777502 277.846287
55.944425 -3.1907960000000015 W 55.944425 -3.1910960000000017 10.777502 276.596287
55.944425 -3.1910960000000017 W 55.944425 -3.191396000000002 10.777502 275.346287
55.944425 -3.191396000000002 WNW 55.94453980502971 -3.1916731638597553 102.872355 279.191451
55.94453980502971 -3.1916731638597553 ENE 55.94465461005942 -3.191396000000002 192.031101 380.732256
55.94465461005942 -3.191396000000002 ENE 55.944769415089134 -3.1911188361402485 192.031101 379.482256
55.944769415089134 -3.1911188361402485 ENE 55.944884220118844 -3.190841672280495 192.031101 378.232256
55.944884220118844 -3.190841672280495 ENE 55.944999025148554 -3.1905645084207417 192.031101 376.982256
55.944999025148554 -3.1905645084207417 ENE 55.945113830178265 -3.1902873445609883 192.031101 375.732256
55.945113830178265 -3.1902873445609883 ENE 55.945228635207975 -3.190010180701235 307.803483 460.539451
55.945228635207975 -3.190010180701235 ENE 55.945343440237686 -3.1897330168414815 307.803483 459.289451
55.945343440237686 -3.1897330168414815 E 55.945343440237686 -3.1894330168414813 307.803483 458.039451
55.945343440237686 -3.1894330168414813 ENE 55.945458245267396 -3.189155852981728 307.803483 456.789451
55.945458245267396 -3.189155852981728 E 55.945458245267396 -3.1888558529817277 388.433971 571.385928
55.945458245267396 -3.1888558529817277 ENE 55.94557305029711 -3.1885786891219743 410.327167 671.124843
55.94557305029711 -3.1885786891219743 E 55.94557305029711 -3.188278689121974 410.327167 669.874843
55.94557305029711 -3.188278689121974 ENE 55.94568785532682 -3.1880015252622207 410.327167 668.624843
55.94568785532682 -3.1880015252622207 E 55.94568785532682 -3.1877015252622205 410.327167 667.374843
55.94568785532682 -3.1877015252622205 ESE 55.94557305029711 -3.187424361402467 421.161150 748.693933
55.94557305029711 -3.187424361402467 ESE 55.945458245267396 -3.1871471975427137 421.161150 747.443933
55.945458245267396 -3.1871471975427137 ESE 55.945343440237686 -3.1868700336829603 421.161150 746.193933
55.945343440237686 -3.1868700336829603 ESE 55.945228635207975 -3.186592869823207 421.161150 744.943933
55.945228635207975 -3.186592869823207 ESE 55.945113830178265 -3.1863157059634535 421.161150 743.693933
55.945113830178265 -3.1863157059634535 SE 55.94490169814391 -3.1861035739290977 421.161150 742.443933
55.94490169814391 -3.1861035739290977 ESE 55.9447868931142 -3.1858264100693443 436.879975 834.485947
55.9447868931142 -3.1858264100693443 SE 55.94457476107984 -3.1856142780349885 436.879975 833.235947
55.94457476107984 -3.1856142780349885 ESE 55.94445995605013 -3.185337114175235 436.879975 831.985947
55.94445995605013 -3.185337114175235 SE 55.944247824015775 -3.1851249821408794 436.879975 830.735947
55.944247824015775 -3.1851249821408794 ESE 55.944133018986065 -3.184847818281126 436.879975 829.485947
55.944133018986065 -3.184847818281126 SE 55.94392088695171 -3.18463568624677 436.879975 828.235947
55.94392088695171 -3.18463568624677 W 55.94392088695171 -3.1849356862467704 522.755772 903.000663
55.94392088695171 -3.1849356862467704 W 55.94392088695171 -3.1852356862467706 522.755772 901.750663
55.94392088695171 -3.1852356862467706 W 55.94392088695171 -3.1855356862467707 522.755772 900.500663
55.94392088695171 -3.1855356862467707 W 55.94392088695171 -3.185835686246771 599.970857 908.406385
55.94392088695171 -3.185835686246771 W 55.94392088695171 -3.186135686246771 599.970857 907.156385
55.94392088695171 -3.186135686246771 W 55.94392088695171 -3.1864356862467713 599.970857 905.906385
55.94392088695171 -3.1864356862467713 W 55.94392088695171 -3.1867356862467715 631.632561 984.227751
55.94392088695171 -3.1867356862467715 W 55.94392088695171 -3.1870356862467717 631.632561 982.977751
55.94392088695171 -3.1870356862467717 W 55.94392088695171 -3.187335686246772 631.632561 981.727751
55.94392088695171 -3.187335686246772 W 55.94392088695171 -3.187635686246772 631.632561 980.477751
55.94392088695171 -3.187635686246772 W 55.94392088695171 -3.1879356862467723 631.632561 979.227751
55.94392088695171 -3.1879356862467723 W 55.94392088695171 -3.1882356862467724 705.001948 1055.306588
55.94392088695171 -3.1882356862467724 W 55.94392088695171 -3.1885356862467726 705.001948 1054.056588
55.94392088695171 -3.1885356862467726 W 55.94392088695171 -3.188835686246773 705.001948 1052.806588
55.94392088695171 -3.188835686246773 W 55.94392088695171 -3.189135686246773 705.001948 1051.556588
55.94392088695171 -3.189135686246773 W 55.94392088695171 -3.189435686246773 705.001948 1050.306588
55.94392088695171 -3.189435686246773 W 55.94392088695171 -3.1897356862467734 705.001948 1049.056588
55.94392088695171 -3.1897356862467734 W 55.94392088695171 -3.1900356862467736 705.001948 1047.806588
55.94392088695171 -3.1900356862467736 W 55.94392088695171 -3.1903356862467738 705.001948 1046.556588
55.94392088695171 -3.1903356862467738 W 55.94392088695171 -3.190635686246774 727.296062 1056.365152
55.94392088695171 -3.190635686246774 WSW 55.943806081922 -3.1909128501065274 727.296062 1055.115152
55.943806081922 -3.1909128501065274 W 55.943806081922 -3.1912128501065276 727.296062 1053.865152
55.943806081922 -3.1912128501065276 E 55.943806081922 -3.1909128501065274 788.993573 1073.979696
55.943806081922 -3.1909128501065274 ESE 55.94369127689229 -3.190635686246774 788.993573 1072.729696
55.94369127689229 -3.190635686246774 E 55.94369127689229 -3.1903356862467738 788.993573 1071.479696
55.94369127689229 -3.1903356862467738 ESE 55.94357647186258 -3.1900585223870204 788.993573 1070.229696
55.94357647186258 -3.1900585223870204 E 55.94357647186258 -3.18975852238702 788.993573 1068.979696
55.94357647186258 -3.18975852238702 ESE 55.94346166683287 -3.1894813585272668 788.993573 1067.729696
55.94346166683287 -3.1894813585272668 E 55.94346166683287 -3.1891813585272666 788.993573 1066.479696
55.94346166683287 -3.1891813585272666 WNW 55.94357647186258 -3.18945852238702 845.632133 1148.891738
55.94357647186258 -3.18945852238702 WNW 55.94369127689229 -3.1897356862467734 845.632133 1147.641738
55.94369127689229 -3.1897356862467734 WNW 55.943806081922 -3.190012850106527 845.632133 1146.391738
55.943806081922 -3.190012850106527 WNW 55.94392088695171 -3.19029001396628 845.632133 1145.141738
55.94392088695171 -3.19029001396628 WNW 55.94403569198142 -3.1905671778260336 845.632133 1143.891738
55.94403569198142 -3.1905671778260336 WNW 55.94415049701113 -3.190844341685787 845.632133 1142.641738
55.94415049701113 -3.190844341685787 NW 55.944362629045486 -3.191056473720143 845.632133 1141.391738
55.944362629045486 -3.191056473720143 WNW 55.944477434075196 -3.191333637579896 845.632133 1140.141738
55.944477434075196 -3.191333637579896 NW 55.94468956610955 -3.191545769614252 845.632133 1138.891738
55.94468956610955 -3.191545769614252 WNW 55.94480437113926 -3.1918229334740054 845.632133 1137.641738
55.94480437113926 -3.1918229334740054 NW 55.94501650317362 -3.192035065508361 845.632133 1136.391738
55.94501650317362 -3.192035065508361 WNW 55.94513130820333 -3.1923122293681145 845.632133 1135.141738
55.94513130820333 -3.1923122293681145 ESE 55.94501650317362 -3.192035065508361 931.058310 1171.905535
55.94501650317362 -3.192035065508361 ESE 55.94490169814391 -3.1917579016486077 931.058310 1170.655535
55.94490169814391 -3.1917579016486077 ESE 55.9447868931142 -3.1914807377888543 931.058310 1169.405535
55.9447868931142 -3.1914807377888543 ESE 55.94467208808449 -3.191203573929101 931.058310 1168.155535
55.94467208808449 -3.191203573929101 ESE 55.94455728305478 -3.1909264100693475 931.058310 1166.905535
55.94455728305478 -3.1909264100693475 ESE 55.94444247802507 -3.190649246209594 931.058310 1165.655535
55.94444247802507 -3.190649246209594 ESE 55.94432767299536 -3.1903720823498407 931.058310 1164.405535
55.94432767299536 -3.1903720823498407 ESE 55.944212867965646 -3.1900949184900873 931.058310 1163.155535
55.944212867965646 -3.1900949184900873 ESE 55.944098062935936 -3.189817754630334 931.058310 1161.905535
55.944098062935936 -3.189817754630334 ESE 55.943983257906226 -3.1895405907705805 931.058310 1160.655535
55.943983257906226 -3.1895405907705805 ESE 55.943868452876515 -3.189263426910827 931.058310 1159.405535
55.943868452876515 -3.189263426910827 ESE 55.943753647846805 -3.1889862630510737 931.058310 1158.155535
55.943753647846805 -3.1889862630510737 ESE 55.943638842817094 -3.1887090991913203 931.058310 1156.905535
55.943638842817094 -3.1887090991913203 ESE 55.943524037787384 -3.188431935331567 931.058310 1155.655535
55.943524037787384 -3.188431935331567 ESE 55.94340923275767 -3.1881547714718135 931.058310 1154.405535
55.94340923275767 -3.1881547714718135 ESE 55.94329442772796 -3.18787760761206 931.058310 1153.155535
55.94329442772796 -3.18787760761206 SE 55.94308229569361 -3.1876654755777043 931.058310 1151.905535
55.94308229569361 -3.1876654755777043 ESE 55.9429674906639 -3.187388311717951 931.058310 1150.655535
55.9429674906639 -3.187388311717951 SE 55.94275535862954 -3.187176179683595 931.058310 1149.405535
55.94275535862954 -3.187176179683595 WNW 55.94287016365925 -3.1874533435433485 955.084965 1265.252261
55.94287016365925 -3.1874533435433485 WNW 55.94298496868896 -3.187730507403102 955.084965 1264.002261
55.94298496868896 -3.187730507403102 WNW 55.94309977371867 -3.1880076712628553 955.084965 1262.752261
55.94309977371867 -3.1880076712628553 NW 55.94331190575303 -3.188219803297211 955.084965 1261.502261
55.94331190575303 -3.188219803297211 WNW 55.94342671078274 -3.1884969671569645 955.084965 1260.252261
55.94342671078274 -3.1884969671569645 NW 55.943638842817094 -3.1887090991913203 955.084965 1259.002261
55.943638842817094 -3.1887090991913203 WNW 55.943753647846805 -3.1889862630510737 955.084965 1257.752261
55.943753647846805 -3.1889862630510737 NW 55.94396577988116 -3.1891983950854295 955.084965 1256.502261
55.94396577988116 -3.1891983950854295 WNW 55.94408058491087 -3.189475558945183 955.084965 1255.252261
55.94408058491087 -3.189475558945183 NW 55.94429271694523 -3.1896876909795386 955.084965 1254.002261
55.94429271694523 -3.1896876909795386 WNW 55.94440752197494 -3.189964854839292 955.084965 1252.752261
55.94440752197494 -3.189964854839292 NW 55.944619654009294 -3.190176986873648 955.084965 1251.502261
55.944619654009294 -3.190176986873648 ENE 55.944734459039005 -3.1898998230138944 1015.882690 1286.770369
55.944734459039005 -3.1898998230138944 E 55.944734459039005 -3.189599823013894 1111.964764 1320.105455
55.944734459039005 -3.189599823013894 ENE 55.944849264068715 -3.189322659154141 1111.964764 1318.855455
55.944849264068715 -3.189322659154141 E 55.944849264068715 -3.1890226591541406 1111.964764 1317.605455
55.944849264068715 -3.1890226591541406 ENE 55.944964069098425 -3.1887454952943872 1111.964764 1316.355455
55.944964069098425 -3.1887454952943872 E 55.944964069098425 -3.188445495294387 1078.829615 1240.656037
55.944964069098425 -3.188445495294387 ENE 55.945078874128136 -3.1881683314346336 1078.829615 1239.406037
55.945078874128136 -3.1881683314346336 E 55.945078874128136 -3.1878683314346334 1078.829615 1238.156037
55.945078874128136 -3.1878683314346334 ENE 55.945193679157846 -3.18759116757488 1078.829615 1236.906037
55.945193679157846 -3.18759116757488 E 55.945193679157846 -3.18729116757488 1078.829615 1235.656037
55.945193679157846 -3.18729116757488 ENE 55.94530848418756 -3.1870140037151264 1128.100544 1247.480786
55.94530848418756 -3.1870140037151264 E 55.94530848418756 -3.1867140037151263 1128.100544 1246.230786
55.94530848418756 -3.1867140037151263 ENE 55.94542328921727 -3.186436839855373 1128.100544 1244.980786
55.94542328921727 -3.186436839855373 E 55.94542328921727 -3.1861368398553727 1037.442783 1221.695087
55.94542328921727 -3.1861368398553727 ENE 55.94553809424698 -3.1858596759956193 1037.442783 1220.445087
55.94553809424698 -3.1858596759956193 E 55.94553809424698 -3.185559675995619 1151.330235 1254.048867
55.94553809424698 -3.185559675995619 ENE 55.94565289927669 -3.1852825121358657 1151.330235 1252.798867
55.94565289927669 -3.1852825121358657 E 55.94565289927669 -3.1849825121358655 1151.330235 1251.548867
55.94565289927669 -3.1849825121358655 ENE 55.9457677043064 -3.184705348276112 1151.330235 1250.298867
55.9457677043064 -3.184705348276112 E 55.9457677043064 -3.184405348276112 1151.330235 1249.048867
55.9457677043064 -3.184405348276112 WSW 55.94565289927669 -3.1846825121358653 1220.788749 1363.883263
55.94565289927669 -3.1846825121358653 WSW 55.94553809424698 -3.1849596759956187 1220.788749 1362.633263
55.94553809424698 -3.1849596759956187 WSW 55.94542328921727 -3.185236839855372 1220.788749 1361.383263
55.94542328921727 -3.185236839855372 WSW 55.94530848418756 -3.1855140037151255 1220.788749 1360.133263
55.94530848418756 -3.1855140037151255 WSW 55.945193679157846 -3.185791167574879 1220.788749 1358.883263
55.945193679157846 -3.185791167574879 WSW 55.945078874128136 -3.1860683314346323 1327.108142 1374.759723
55.945078874128136 -3.1860683314346323 WSW 55.944964069098425 -3.1863454952943857 1327.108142 1373.509723
55.944964069098425 -3.1863454952943857 WSW 55.944849264068715 -3.186622659154139 1327.108142 1372.259723
55.944849264068715 -3.186622659154139 SW 55.94463713203436 -3.186834791188495 1327.108142 1371.009723
55.94463713203436 -3.186834791188495 WSW 55.94452232700465 -3.1871119550482483 1327.108142 1369.759723
55.94452232700465 -3.1871119550482483 SW 55.94431019497029 -3.187324087082604 1327.108142 1368.509723
55.94431019497029 -3.187324087082604 WSW 55.94419538994058 -3.1876012509423575 1327.108142 1367.259723
55.94419538994058 -3.1876012509423575 SW 55.943983257906226 -3.1878133829767132 1327.108142 1366.009723
55.943983257906226 -3.1878133829767132 WSW 55.943868452876515 -3.1880905468364666 1327.108142 1364.759723
55.943868452876515 -3.1880905468364666 SW 55.94365632084216 -3.1883026788708224 1327.108142 1363.509723
55.94365632084216 -3.1883026788708224 WSW 55.94354151581245 -3.188579842730576 1327.108142 1362.259723
55.94354151581245 -3.188579842730576 SW 55.94332938377809 -3.1887919747649316 1327.108142 1361.009723
55.94332938377809 -3.1887919747649316 WSW 55.94321457874838 -3.189069138624685 1327.108142 1359.759723
55.94321457874838 -3.189069138624685 SW 55.943002446714026 -3.1892812706590408 1327.108142 1358.509723
55.943002446714026 -3.1892812706590408 WSW 55.942887641684315 -3.189558434518794 1327.108142 1357.259723
55.942887641684315 -3.189558434518794 SW 55.94267550964996 -3.18977056655315 1327.108142 1356.009723
55.94267550964996 -3.18977056655315 W 55.94267550964996 -3.19007056655315 1376.546575 1424.592447
55.94267550964996 -3.19007056655315 W 55.94267550964996 -3.1903705665531503 1376.546575 1423.342447
55.94267550964996 -3.1903705665531503 W 55.94267550964996 -3.1906705665531505 1376.546575 1422.092447
55.94267550964996 -3.1906705665531505 W 55.94267550964996 -3.1909705665531507 1376.546575 1420.842447
55.94267550964996 -3.1909705665531507 ENE 55.94279031467967 -3.1906934026933973 1454.201992 1503.084326
55.94279031467967 -3.1906934026933973 ENE 55.94290511970938 -3.190416238833644 1454.201992 1501.834326
55.94290511970938 -3.190416238833644 ENE 55.94301992473909 -3.1901390749738905 1454.201992 1500.584326
55.94301992473909 -3.1901390749738905 ENE 55.9431347297688 -3.189861911114137 1408.806532 1484.637704
55.9431347297688 -3.189861911114137 ENE 55.94324953479851 -3.1895847472543837 1408.806532 1483.387704
55.94324953479851 -3.1895847472543837 ENE 55.94336433982822 -3.1893075833946303 1408.806532 1482.137704
55.94336433982822 -3.1893075833946303 ENE 55.94347914485793 -3.189030419534877 1408.806532 1480.887704
55.94347914485793 -3.189030419534877 ENE 55.94359394988764 -3.1887532556751235 1408.806532 1479.637704
55.94359394988764 -3.1887532556751235 ENE 55.94370875491735 -3.18847609181537 1408.806532 1478.387704
55.94370875491735 -3.18847609181537 ENE 55.94382355994706 -3.1881989279556167 1408.806532 1477.137704
55.94382355994706 -3.1881989279556167 ENE 55.94393836497677 -3.1879217640958633 1408.806532 1475.887704
55.94393836497677 -3.1879217640958633 ENE 55.944053170006484 -3.18764460023611 1408.806532 1474.637704
55.944053170006484 -3.18764460023611 ENE 55.944167975036194 -3.1873674363763564 1408.806532 1473.387704
55.944167975036194 -3.1873674363763564 ENE 55.944282780065905 -3.187090272516603 1408.806532 1472.137704
55.944282780065905 -3.187090272516603 ENE 55.944397585095615 -3.1868131086568496 1408.806532 1470.887704
55.944397585095615 -3.1868131086568496 ENE 55.944512390125325 -3.1865359447970962 1519.415501 1541.049216
55.944512390125325 -3.1865359447970962 ENE 55.944627195155036 -3.186258780937343 1514.968652 1435.550283
55.944627195155036 -3.186258780937343 ENE 55.944742000184746 -3.1859816170775894 1514.968652 1434.300283
55.944742000184746 -3.1859816170775894 ENE 55.94485680521446 -3.185704453217836 1514.968652 1433.050283
55.94485680521446 -3.185704453217836 ENE 55.94497161024417 -3.1854272893580826 1514.968652 1431.800283
55.94497161024417 -3.1854272893580826 E 55.94497161024417 -3.1851272893580824 1514.968652 1430.550283
55.94497161024417 -3.1851272893580824 ENE 55.94508641527388 -3.184850125498329 1514.968652 1429.300283
55.94508641527388 -3.184850125498329 SSW 55.94480925141412 -3.1849649305280385 1547.761513 1515.160286
55.94480925141412 -3.1849649305280385 SSW 55.944532087554364 -3.185079735557748 1547.761513 1513.910286
55.944532087554364 -3.185079735557748 SSW 55.94425492369461 -3.1851945405874575 1547.761513 1512.660286
55.94425492369461 -3.1851945405874575 SSW 55.94397775983485 -3.185309345617167 1547.761513 1511.410286
55.94397775983485 -3.185309345617167 SSW 55.943700595975095 -3.1854241506468766 1547.761513 1510.160286
55.943700595975095 -3.1854241506468766 S 55.94340059597509 -3.1854241506468766 1547.761513 1508.910286
55.94340059597509 -3.1854241506468766 SSW 55.943123432115335 -3.185538955676586 1547.761513 1507.660286
55.943123432115335 -3.185538955676586 S 55.94282343211533 -3.185538955676586 1582.901158 1566.751537
55.94282343211533 -3.185538955676586 WNW 55.94293823714504 -3.1858161195363395 1582.901158 1565.501537
55.94293823714504 -3.1858161195363395 WNW 55.94305304217475 -3.186093283396093 1582.901158 1564.251537
55.94305304217475 -3.186093283396093 WNW 55.943167847204464 -3.1863704472558463 1582.901158 1563.001537
55.943167847204464 -3.1863704472558463 WNW 55.943282652234174 -3.1866476111155997 1582.901158 1561.751537
55.943282652234174 -3.1866476111155997 WNW 55.943397457263885 -3.186924774975353 1582.901158 1560.501537
55.943397457263885 -3.186924774975353 WNW 55.943512262293595 -3.1872019388351065 1582.901158 1559.251537
55.943512262293595 -3.1872019388351065 WNW 55.943627067323305 -3.18747910269486 1578.074554 1498.958263
55.943627067323305 -3.18747910269486 WNW 55.943741872353016 -3.1877562665546133 1578.074554 1497.708263
55.943741872353016 -3.1877562665546133 WNW 55.943856677382726 -3.1880334304143667 1578.074554 1496.458263
55.943856677382726 -3.1880334304143667 WNW 55.94397148241244 -3.18831059427412 1578.074554 1495.208263
55.94397148241244 -3.18831059427412 WNW 55.94408628744215 -3.1885877581338735 1578.074554 1493.958263
55.94408628744215 -3.1885877581338735 WNW 55.94420109247186 -3.188864921993627 1578.074554 1492.708263
55.94420109247186 -3.188864921993627 WNW 55.94431589750157 -3.1891420858533803 1554.246831 1491.458263
55.94431589750157 -3.1891420858533803 WNW 55.94443070253128 -3.1894192497131337 1554.246831 1490.208263
55.94443070253128 -3.1894192497131337 WNW 55.94454550756099 -3.189696413572887 1554.246831 1488.958263
55.94454550756099 -3.189696413572887 WNW 55.9446603125907 -3.1899735774326405 1554.246831 1487.708263
55.9446603125907 -3.1899735774326405 WNW 55.94477511762041 -3.190250741292394 1554.246831 1486.458263
55.94477511762041 -3.190250741292394 WNW 55.94488992265012 -3.1905279051521473 1554.246831 1485.208263
55.94488992265012 -3.1905279051521473 WNW 55.94500472767983 -3.1908050690119008 1554.246831 1483.958263
55.94500472767983 -3.1908050690119008 NW 55.945216859714186 -3.1910172010462565 1554.246831 1482.708263
55.945216859714186 -3.1910172010462565 WNW 55.9453316647439 -3.19129436490601 1618.176758 1599.337873
55.9453316647439 -3.19129436490601 SSW 55.94505450088414 -3.1914091699357194 1618.176758 1598.087873
55.94505450088414 -3.1914091699357194 SSW 55.944777337024384 -3.191523974965429 1618.176758 1596.837873
55.944777337024384 -3.191523974965429 SSW 55.94450017316463 -3.1916387799951385 1618.176758 1595.587873
55.94450017316463 -3.1916387799951385 S 55.944200173164624 -3.1916387799951385 1618.176758 1594.337873
55.944200173164624 -3.1916387799951385 SSW 55.94392300930487 -3.191753585024848 1633.831965 1633.851300
55.94392300930487 -3.191753585024848 E 55.94392300930487 -3.1914535850248478 1633.831965 1632.601300
55.94392300930487 -3.1914535850248478 SE 55.94371087727051 -3.191241452990492 1678.146005 1636.964933
55.94371087727051 -3.191241452990492 NW 55.94392300930487 -3.1914535850248478 1678.146005 1635.714933
55.94392300930487 -3.1914535850248478 N 55.94422300930487 -3.1914535850248478 1678.146005 1634.464933
55.94422300930487 -3.1914535850248478 NE 55.94443514133923 -3.191241452990492 1678.146005 1633.214933
55.94443514133923 -3.191241452990492 ENE 55.94454994636894 -3.1909642891307386 1678.146005 1631.964933
55.94454994636894 -3.1909642891307386 NNW 55.944827110228694 -3.191079094160448 1678.146005 1630.714933
55.944827110228694 -3.191079094160448 WSW 55.94471230519898 -3.1913562580202015 1678.146005 1629.464933
55.94471230519898 -3.1913562580202015 NNE 55.94498946905874 -3.191241452990492 1678.146005 1628.214933
55.94498946905874 -3.191241452990492 NW 55.945201601093096 -3.1914535850248478 1678.146005 1626.964933
55.945201601093096 -3.1914535850248478 N 55.9455016010931 -3.1914535850248478 1678.146005 1625.714933
55.9455016010931 -3.1914535850248478 W 55.9455016010931 -3.191753585024848 1678.146005 1624.464933
55.9455016010931 -3.191753585024848 SSW 55.94522443723334 -3.1918683900545575 1567.194301 1592.189542
55.94522443723334 -3.1918683900545575 ESE 55.94510963220363 -3.191591226194804 1567.194301 1590.939542
55.94510963220363 -3.191591226194804 NW 55.94532176423799 -3.19180335822916 1567.194301 1589.689542
55.94532176423799 -3.19180335822916 ESE 55.94520695920828 -3.1915261943694064 1567.194301 1588.439542
55.94520695920828 -3.1915261943694064 ENE 55.94532176423799 -3.191249030509653 1567.194301 1587.189542
55.94532176423799 -3.191249030509653 NE 55.945533896272345 -3.1910368984752973 1567.194301 1585.939542
55.945533896272345 -3.1910368984752973 ESE 55.945419091242634 -3.190759734615544 1567.194301 1584.689542
55.945419091242634 -3.190759734615544 NNE 55.94569625510239 -3.1906449295858343 1567.194301 1583.439542
55.94569625510239 -3.1906449295858343 WSW 55.94558145007268 -3.1909220934455877 1567.194301 1582.189542
55.94558145007268 -3.1909220934455877 NE 55.94579358210704 -3.190709961411232 1567.194301 1580.939542
55.94579358210704 -3.190709961411232 ESE 55.945678777077326 -3.1904327975514786 1567.194301 1579.689542
55.945678777077326 -3.1904327975514786 W 55.945678777077326 -3.1907327975514788 1567.194301 1578.439542
55.945678777077326 -3.1907327975514788 WNW 55.94579358210704 -3.191009961411232 1567.194301 1577.189542
55.94579358210704 -3.191009961411232 ENE 55.94590838713675 -3.1907327975514788 1567.194301 1575.939542
55.94590838713675 -3.1907327975514788 WSW 55.94579358210704 -3.191009961411232 1567.194301 1574.689542
55.94579358210704 -3.191009961411232 W 55.94579358210704 -3.1913099614112324 1567.194301 1573.439542
55.94579358210704 -3.1913099614112324 E 55.94579358210704 -3.191009961411232 1567.194301 1572.189542
55.94579358210704 -3.191009961411232 N 55.94609358210704 -3.191009961411232 1567.194301 1570.939542
55.94609358210704 -3.191009961411232 WSW 55.94597877707733 -3.1912871252709856 1567.194301 1569.689542
55.94597877707733 -3.1912871252709856 SW 55.94576664504297 -3.1914992573053413 1567.194301 1568.439542
55.94576664504297 -3.1914992573053413 NNW 55.94604380890273 -3.191614062335051 1567.194301 1567.189542
55.94604380890273 -3.191614062335051 SSW 55.94576664504297 -3.1917288673647604 1567.194301 1565.939542
55.94576664504297 -3.1917288673647604 SW 55.94555451300862 -3.191940999399116 1567.194301 1564.689542
55.94555451300862 -3.191940999399116 E 55.94555451300862 -3.191640999399116 1567.194301 1563.439542
55.94555451300862 -3.191640999399116 E 55.94555451300862 -3.1913409993991158 1567.194301 1562.189542
55.94555451300862 -3.1913409993991158 ESE 55.945439707978906 -3.1910638355393623 1567.194301 1560.939542
55.945439707978906 -3.1910638355393623 S 55.9451397079789 -3.1910638355393623 1567.194301 1559.689542
55.9451397079789 -3.1910638355393623 ENE 55.945254513008614 -3.190786671679609 1567.194301 1558.439542
