55.944425 -3.188396 ENE 55.94453980502971 -3.1881188361402466 0.000000 248.750000
55.94453980502971 -3.1881188361402466 ENE 55.94465461005942 -3.187841672280493 0.000000 247.500000
55.94465461005942 -3.187841672280493 ENE 55.944769415089134 -3.18756450842074 0.000000 246.250000
55.944769415089134 -3.18756450842074 ENE 55.944884220118844 -3.1872873445609864 0.000000 245.000000
55.944884220118844 -3.1872873445609864 ENE 55.944999025148554 -3.187010180701233 49.270928 256.824749
55.944999025148554 -3.187010180701233 ENE 55.945113830178265 -3.1867330168414796 0.000000 131.704170
55.945113830178265 -3.1867330168414796 ENE 55.945228635207975 -3.186455852981726 0.000000 130.454170
55.945228635207975 -3.186455852981726 ENE 55.945343440237686 -3.1861786891219728 0.000000 129.204170
55.945343440237686 -3.1861786891219728 ENE 55.945458245267396 -3.1859015252622194 0.000000 127.954170
55.945458245267396 -3.1859015252622194 S 55.94515824526739 -3.1859015252622194 113.887452 161.557950
55.94515824526739 -3.1859015252622194 S 55.94485824526739 -3.1859015252622194 220.206845 177.434411
55.94485824526739 -3.1859015252622194 S 55.94455824526739 -3.1859015252622194 235.925669 269.476424
55.94455824526739 -3.1859015252622194 SSE 55.94428108140763 -3.18578672023251 235.925669 268.226424
55.94428108140763 -3.18578672023251 S 55.94398108140763 -3.18578672023251 235.925669 266.976424
55.94398108140763 -3.18578672023251 SSE 55.94370391754787 -3.1856719152028004 235.925669 265.726424
55.94370391754787 -3.1856719152028004 S 55.94340391754787 -3.1856719152028004 313.140754 273.632146
55.94340391754787 -3.1856719152028004 SSE 55.94312675368811 -3.185557110173091 313.140754 272.382146
55.94312675368811 -3.185557110173091 W 55.94312675368811 -3.185857110173091 348.280399 331.473396
55.94312675368811 -3.185857110173091 W 55.94312675368811 -3.1861571101730912 348.280399 330.223396
55.94312675368811 -3.1861571101730912 W 55.94312675368811 -3.1864571101730914 348.280399 328.973396
55.94312675368811 -3.1864571101730914 W 55.94312675368811 -3.1867571101730916 348.280399 327.723396
55.94312675368811 -3.1867571101730916 W 55.94312675368811 -3.187057110173092 348.280399 326.473396
55.94312675368811 -3.187057110173092 W 55.94312675368811 -3.187357110173092 348.280399 325.223396
55.94312675368811 -3.187357110173092 WNW 55.94324155871782 -3.1876342740328454 348.280399 323.973396
55.94324155871782 -3.1876342740328454 W 55.94324155871782 -3.1879342740328456 348.280399 322.723396
55.94324155871782 -3.1879342740328456 WNW 55.94335636374753 -3.188211437892599 348.280399 321.473396
55.94335636374753 -3.188211437892599 W 55.94335636374753 -3.188511437892599 348.280399 320.223396
55.94335636374753 -3.188511437892599 WNW 55.94347116877724 -3.1887886017523526 348.280399 318.973396
55.94347116877724 -3.1887886017523526 W 55.94347116877724 -3.1890886017523528 348.280399 317.723396
55.94347116877724 -3.1890886017523528 WNW 55.943585973806954 -3.189365765612106 404.918959 400.135438
55.943585973806954 -3.189365765612106 W 55.943585973806954 -3.1896657656121064 404.918959 398.885438
55.943585973806954 -3.1896657656121064 WNW 55.943700778836664 -3.1899429294718598 404.918959 397.635438
55.943700778836664 -3.1899429294718598 W 55.943700778836664 -3.19024292947186 404.918959 396.385438
55.943700778836664 -3.19024292947186 WNW 55.943815583866375 -3.1905200933316133 404.918959 395.135438
55.943815583866375 -3.1905200933316133 W 55.943815583866375 -3.1908200933316135 427.213073 404.944002
55.943815583866375 -3.1908200933316135 WNW 55.943930388896085 -3.191097257191367 427.213073 403.694002
55.943930388896085 -3.191097257191367 W 55.943930388896085 -3.191397257191367 488.910584 423.808546
55.943930388896085 -3.191397257191367 WNW 55.944045193925795 -3.1916744210511205 533.224624 428.172179
55.944045193925795 -3.1916744210511205 E 55.944045193925795 -3.1913744210511203 548.879831 467.685607
55.944045193925795 -3.1913744210511203 E 55.944045193925795 -3.19107442105112 548.879831 466.435607
55.944045193925795 -3.19107442105112 E 55.944045193925795 -3.19077442105112 548.879831 465.185607
55.944045193925795 -3.19077442105112 E 55.944045193925795 -3.19047442105112 548.879831 463.935607
55.944045193925795 -3.19047442105112 E 55.944045193925795 -3.1901744210511196 548.879831 462.685607
55.944045193925795 -3.1901744210511196 E 55.944045193925795 -3.1898744210511194 548.879831 461.435607
55.944045193925795 -3.1898744210511194 ENE 55.944159998955506 -3.189597257191366 548.879831 460.185607
55.944159998955506 -3.189597257191366 E 55.944159998955506 -3.189297257191366 548.879831 458.935607
55.944159998955506 -3.189297257191366 ENE 55.944274803985216 -3.1890200933316124 548.879831 457.685607
55.944274803985216 -3.1890200933316124 E 55.944274803985216 -3.188720093331612 525.052109 432.539672
55.944274803985216 -3.188720093331612 ENE 55.94438960901493 -3.188442929471859 525.052109 431.289672
55.94438960901493 -3.188442929471859 E 55.94438960901493 -3.1881429294718586 525.052109 430.039672
55.94438960901493 -3.1881429294718586 ENE 55.94450441404464 -3.187865765612105 525.052109 428.789672
55.94450441404464 -3.187865765612105 E 55.94450441404464 -3.187565765612105 525.052109 427.539672
55.94450441404464 -3.187565765612105 ENE 55.94461921907435 -3.1872886017523516 525.052109 426.289672
55.94461921907435 -3.1872886017523516 E 55.94461921907435 -3.1869886017523514 525.052109 425.039672
55.94461921907435 -3.1869886017523514 ENE 55.94473402410406 -3.186711437892598 525.052109 423.789672
55.94473402410406 -3.186711437892598 E 55.94473402410406 -3.186411437892598 525.052109 422.539672
55.94473402410406 -3.186411437892598 ENE 55.94484882913377 -3.1861342740328444 525.052109 421.289672
55.94484882913377 -3.1861342740328444 E 55.94484882913377 -3.1858342740328442 525.052109 420.039672
55.94484882913377 -3.1858342740328442 ENE 55.94496363416348 -3.185557110173091 525.052109 418.789672
55.94496363416348 -3.185557110173091 E 55.94496363416348 -3.1852571101730907 525.052109 417.539672
55.94496363416348 -3.1852571101730907 ENE 55.94507843919319 -3.1849799463133373 525.052109 416.289672
55.94507843919319 -3.1849799463133373 W 55.94507843919319 -3.1852799463133374 474.944508 296.510019
55.94507843919319 -3.1852799463133374 W 55.94507843919319 -3.1855799463133376 474.944508 295.260019
55.94507843919319 -3.1855799463133376 W 55.94507843919319 -3.185879946313338 474.944508 294.010019
55.94507843919319 -3.185879946313338 W 55.94507843919319 -3.186179946313338 474.944508 292.760019
55.94507843919319 -3.186179946313338 W 55.94507843919319 -3.186479946313338 474.944508 291.510019
55.94507843919319 -3.186479946313338 W 55.94507843919319 -3.1867799463133384 474.944508 290.260019
55.94507843919319 -3.1867799463133384 W 55.94507843919319 -3.1870799463133386 420.202149 289.010019
55.94507843919319 -3.1870799463133386 W 55.94507843919319 -3.1873799463133388 420.202149 287.760019
55.94507843919319 -3.1873799463133388 W 55.94507843919319 -3.187679946313339 420.202149 286.510019
55.94507843919319 -3.187679946313339 W 55.94507843919319 -3.187979946313339 420.202149 285.260019
55.94507843919319 -3.187979946313339 W 55.94507843919319 -3.1882799463133393 420.202149 284.010019
55.94507843919319 -3.1882799463133393 W 55.94507843919319 -3.1885799463133395 420.202149 282.760019
55.94507843919319 -3.1885799463133395 W 55.94507843919319 -3.1888799463133397 387.067000 207.060601
55.94507843919319 -3.1888799463133397 W 55.94507843919319 -3.18917994631334 387.067000 205.810601
55.94507843919319 -3.18917994631334 W 55.94507843919319 -3.18947994631334 387.067000 204.560601
55.94507843919319 -3.18947994631334 WNW 55.9451932442229 -3.1897571101730935 387.067000 203.310601
55.9451932442229 -3.1897571101730935 W 55.9451932442229 -3.1900571101730937 387.067000 202.060601
55.9451932442229 -3.1900571101730937 WNW 55.94530804925261 -3.190334274032847 387.067000 200.810601
55.94530804925261 -3.190334274032847 ESE 55.9451932442229 -3.1900571101730937 502.839382 285.617796
55.9451932442229 -3.1900571101730937 ESE 55.94507843919319 -3.1897799463133403 502.839382 284.367796
55.94507843919319 -3.1897799463133403 ESE 55.94496363416348 -3.189502782453587 502.839382 283.117796
55.94496363416348 -3.189502782453587 ESE 55.94484882913377 -3.1892256185938335 502.839382 281.867796
55.94484882913377 -3.1892256185938335 ESE 55.94473402410406 -3.18894845473408 502.839382 280.617796
55.94473402410406 -3.18894845473408 ESE 55.94461921907435 -3.1886712908743267 502.839382 279.367796
55.94461921907435 -3.1886712908743267 ESE 55.94450441404464 -3.1883941270145733 502.839382 278.117796
55.94450441404464 -3.1883941270145733 ESE 55.94438960901493 -3.18811696315482 502.839382 276.867796
55.94438960901493 -3.18811696315482 ESE 55.944274803985216 -3.1878397992950664 502.839382 275.617796
55.944274803985216 -3.1878397992950664 ESE 55.944159998955506 -3.187562635435313 502.839382 274.367796
55.944159998955506 -3.187562635435313 ESE 55.944045193925795 -3.1872854715755596 502.839382 273.117796
55.944045193925795 -3.1872854715755596 ESE 55.943930388896085 -3.1870083077158062 502.839382 271.867796
55.943930388896085 -3.1870083077158062 E 55.943930388896085 -3.186708307715806 502.839382 270.617796
55.943930388896085 -3.186708307715806 ESE 55.943815583866375 -3.1864311438560526 502.839382 269.367796
55.943815583866375 -3.1864311438560526 NW 55.94402771590073 -3.1866432758904084 534.501085 347.689161
55.94402771590073 -3.1866432758904084 NW 55.94423984793509 -3.186855407924764 645.110054 417.850673
55.94423984793509 -3.186855407924764 WNW 55.9443546529648 -3.1871325717845176 645.110054 416.600673
55.9443546529648 -3.1871325717845176 NW 55.944566784999154 -3.1873447038188734 645.110054 415.350673
55.944566784999154 -3.1873447038188734 WNW 55.944681590028864 -3.1876218676786268 645.110054 414.100673
55.944681590028864 -3.1876218676786268 NW 55.94489372206322 -3.1878339997129825 645.110054 412.850673
55.94489372206322 -3.1878339997129825 WNW 55.94500852709293 -3.188111163572736 645.110054 411.600673
55.94500852709293 -3.188111163572736 NW 55.94522065912729 -3.1883232956070917 645.110054 410.350673
55.94522065912729 -3.1883232956070917 WNW 55.945335464157 -3.188600459466845 645.110054 409.100673
55.945335464157 -3.188600459466845 NW 55.94554759619135 -3.188812591501201 645.110054 407.850673
55.94554759619135 -3.188812591501201 WNW 55.945662401221064 -3.1890897553609543 667.003251 507.589588
55.945662401221064 -3.1890897553609543 SSE 55.94538523736131 -3.188974950331245 747.633739 622.186065
55.94538523736131 -3.188974950331245 SSE 55.94510807350155 -3.1888601453015353 747.633739 620.936065
55.94510807350155 -3.1888601453015353 SE 55.944895941467195 -3.1886480132671795 747.633739 619.686065
55.944895941467195 -3.1886480132671795 SSE 55.94461877760744 -3.18853320823747 747.633739 618.436065
55.94461877760744 -3.18853320823747 SE 55.94440664557308 -3.1883210762031142 747.633739 617.186065
55.94440664557308 -3.1883210762031142 SSE 55.944129481713325 -3.1882062711734047 747.633739 615.936065
55.944129481713325 -3.1882062711734047 ENE 55.944244286743036 -3.1879291073136513 821.003126 692.014902
55.944244286743036 -3.1879291073136513 ENE 55.944359091772746 -3.187651943453898 795.060717 680.596420
55.944359091772746 -3.187651943453898 ENE 55.94447389680246 -3.1873747795941445 795.060717 679.346420
55.94447389680246 -3.1873747795941445 ENE 55.94458870183217 -3.187097615734391 795.060717 678.096420
55.94458870183217 -3.187097615734391 ENE 55.94470350686188 -3.1868204518746377 795.060717 676.846420
55.94470350686188 -3.1868204518746377 E 55.94470350686188 -3.1865204518746375 795.060717 675.596420
55.94470350686188 -3.1865204518746375 ENE 55.94481831189159 -3.186243288014884 795.060717 674.346420
55.94481831189159 -3.186243288014884 E 55.94481831189159 -3.185943288014884 795.060717 673.096420
55.94481831189159 -3.185943288014884 ENE 55.9449331169213 -3.1856661241551305 795.060717 671.846420
55.9449331169213 -3.1856661241551305 E 55.9449331169213 -3.1853661241551303 795.060717 670.596420
55.9449331169213 -3.1853661241551303 ENE 55.94504792195101 -3.185088960295377 795.060717 669.346420
55.94504792195101 -3.185088960295377 E 55.94504792195101 -3.1847889602953767 795.060717 668.096420
55.94504792195101 -3.1847889602953767 NNE 55.945325085810765 -3.184674155265667 827.853579 753.956423
55.945325085810765 -3.184674155265667 NNE 55.94560224967052 -3.1845593502359577 827.853579 752.706423
55.94560224967052 -3.1845593502359577 NE 55.94581438170488 -3.184347218201602 827.853579 751.456423
55.94581438170488 -3.184347218201602 S 55.945514381704875 -3.184347218201602 897.312093 866.290819
55.945514381704875 -3.184347218201602 S 55.94521438170487 -3.184347218201602 897.312093 865.040819
55.94521438170487 -3.184347218201602 SSW 55.944937217845116 -3.1844620232313114 897.312093 863.790819
55.944937217845116 -3.1844620232313114 S 55.94463721784511 -3.1844620232313114 897.312093 862.540819
55.94463721784511 -3.1844620232313114 SSW 55.944360053985356 -3.184576828261021 897.312093 861.290819
55.944360053985356 -3.184576828261021 S 55.94406005398535 -3.184576828261021 897.312093 860.040819
55.94406005398535 -3.184576828261021 SSW 55.9437828901256 -3.1846916332907305 983.187890 934.805536
55.9437828901256 -3.1846916332907305 W 55.9437828901256 -3.1849916332907307 983.187890 933.555536
55.9437828901256 -3.1849916332907307 W 55.9437828901256 -3.185291633290731 983.187890 932.305536
55.9437828901256 -3.185291633290731 W 55.9437828901256 -3.185591633290731 983.187890 931.055536
55.9437828901256 -3.185591633290731 W 55.9437828901256 -3.185891633290731 983.187890 929.805536
55.9437828901256 -3.185891633290731 W 55.9437828901256 -3.1861916332907314 983.187890 928.555536
55.9437828901256 -3.1861916332907314 W 55.9437828901256 -3.1864916332907316 983.187890 927.305536
55.9437828901256 -3.1864916332907316 W 55.9437828901256 -3.186791633290732 983.187890 926.055536
55.9437828901256 -3.186791633290732 W 55.9437828901256 -3.187091633290732 983.187890 924.805536
55.9437828901256 -3.187091633290732 W 55.9437828901256 -3.187391633290732 978.361286 864.512262
55.9437828901256 -3.187391633290732 W 55.9437828901256 -3.1876916332907324 978.361286 863.262262
55.9437828901256 -3.1876916332907324 W 55.9437828901256 -3.1879916332907325 978.361286 862.012262
55.9437828901256 -3.1879916332907325 WNW 55.94389769515531 -3.188268797150486 978.361286 860.762262
55.94389769515531 -3.188268797150486 W 55.94389769515531 -3.188568797150486 978.361286 859.512262
55.94389769515531 -3.188568797150486 WNW 55.94401250018502 -3.1888459610102395 978.361286 858.262262
55.94401250018502 -3.1888459610102395 W 55.94401250018502 -3.1891459610102397 978.361286 857.012262
55.94401250018502 -3.1891459610102397 WNW 55.94412730521473 -3.189423124869993 978.361286 855.762262
55.94412730521473 -3.189423124869993 W 55.94412730521473 -3.1897231248699933 978.361286 854.512262
55.94412730521473 -3.1897231248699933 WNW 55.94424211024444 -3.1900002887297467 978.361286 853.262262
55.94424211024444 -3.1900002887297467 W 55.94424211024444 -3.190300288729747 978.361286 852.012262
55.94424211024444 -3.190300288729747 WNW 55.94435691527415 -3.1905774525895003 978.361286 850.762262
55.94435691527415 -3.1905774525895003 W 55.94435691527415 -3.1908774525895005 978.361286 849.512262
55.94435691527415 -3.1908774525895005 WNW 55.94447172030386 -3.191154616449254 978.361286 848.262262
55.94447172030386 -3.191154616449254 W 55.94447172030386 -3.191454616449254 978.361286 847.012262
55.94447172030386 -3.191454616449254 ENE 55.94458652533357 -3.1911774525895007 1070.456139 850.857426
55.94458652533357 -3.1911774525895007 ENE 55.94470133036328 -3.1909002887297473 1070.456139 849.607426
55.94470133036328 -3.1909002887297473 ENE 55.94481613539299 -3.190623124869994 1070.456139 848.357426
55.94481613539299 -3.190623124869994 ENE 55.9449309404227 -3.1903459610102405 1070.456139 847.107426
55.9449309404227 -3.1903459610102405 ENE 55.94504574545241 -3.190068797150487 1070.456139 845.857426
55.94504574545241 -3.190068797150487 ENE 55.94516055048212 -3.1897916332907337 1070.456139 844.607426
55.94516055048212 -3.1897916332907337 ENE 55.94527535551183 -3.1895144694309803 1070.456139 843.357426
55.94527535551183 -3.1895144694309803 ENE 55.94539016054154 -3.189237305571227 1070.456139 842.107426
55.94539016054154 -3.189237305571227 ENE 55.94550496557125 -3.1889601417114735 1070.456139 840.857426
55.94550496557125 -3.1889601417114735 E 55.94550496557125 -3.1886601417114733 1070.456139 839.607426
55.94550496557125 -3.1886601417114733 ENE 55.94561977060096 -3.18838297785172 1070.456139 838.357426
55.94561977060096 -3.18838297785172 E 55.94561977060096 -3.1880829778517197 1070.456139 837.107426
55.94561977060096 -3.1880829778517197 ENE 55.945734575630674 -3.1878058139919663 1070.456139 835.857426
55.945734575630674 -3.1878058139919663 SSE 55.94545741177092 -3.1876910089622568 1081.290122 917.176517
55.94545741177092 -3.1876910089622568 SSE 55.94518024791116 -3.1875762039325473 1081.290122 915.926517
55.94518024791116 -3.1875762039325473 SSE 55.944903084051404 -3.1874613989028378 1081.290122 914.676517
55.944903084051404 -3.1874613989028378 SSE 55.94462592019165 -3.1873465938731282 1081.290122 913.426517
55.94462592019165 -3.1873465938731282 S 55.944325920191645 -3.1873465938731282 1081.290122 912.176517
55.944325920191645 -3.1873465938731282 SSE 55.94404875633189 -3.1872317888434187 1081.290122 910.926517
55.94404875633189 -3.1872317888434187 S 55.943748756331885 -3.1872317888434187 1081.290122 909.676517
55.943748756331885 -3.1872317888434187 SSE 55.94347159247213 -3.1871169838137092 1081.290122 908.426517
55.94347159247213 -3.1871169838137092 S 55.943171592472126 -3.1871169838137092 1081.290122 907.176517
55.943171592472126 -3.1871169838137092 SSE 55.94289442861237 -3.1870021787839997 1081.290122 905.926517
55.94289442861237 -3.1870021787839997 WNW 55.94300923364208 -3.187279342643753 1105.316777 1021.773242
55.94300923364208 -3.187279342643753 WNW 55.94312403867179 -3.1875565065035065 1105.316777 1020.523242
55.94312403867179 -3.1875565065035065 WNW 55.9432388437015 -3.18783367036326 1105.316777 1019.273242
55.9432388437015 -3.18783367036326 WNW 55.94335364873121 -3.1881108342230133 1105.316777 1018.023242
55.94335364873121 -3.1881108342230133 WNW 55.94346845376092 -3.1883879980827667 1105.316777 1016.773242
55.94346845376092 -3.1883879980827667 WNW 55.94358325879063 -3.18866516194252 1105.316777 1015.523242
55.94358325879063 -3.18866516194252 WNW 55.94369806382034 -3.1889423258022735 1105.316777 1014.273242
55.94369806382034 -3.1889423258022735 WNW 55.94381286885005 -3.189219489662027 1105.316777 1013.023242
55.94381286885005 -3.189219489662027 WNW 55.94392767387976 -3.1894966535217804 1105.316777 1011.773242
55.94392767387976 -3.1894966535217804 WNW 55.94404247890947 -3.1897738173815338 1105.316777 1010.523242
55.94404247890947 -3.1897738173815338 WNW 55.944157283939184 -3.190050981241287 1105.316777 1009.273242
55.944157283939184 -3.190050981241287 WNW 55.944272088968894 -3.1903281451010406 1105.316777 1008.023242
55.944272088968894 -3.1903281451010406 WNW 55.944386893998605 -3.190605308960794 1105.316777 1006.773242
55.944386893998605 -3.190605308960794 WNW 55.944501699028315 -3.1908824728205474 1105.316777 1005.523242
55.944501699028315 -3.1908824728205474 WNW 55.944616504058025 -3.191159636680301 1105.316777 1004.273242
55.944616504058025 -3.191159636680301 WNW 55.944731309087736 -3.191436800540054 1105.316777 1003.023242
55.944731309087736 -3.191436800540054 WNW 55.944846114117446 -3.1917139643998076 1105.316777 1001.773242
55.944846114117446 -3.1917139643998076 WNW 55.94496091914716 -3.191991128259561 1105.316777 1000.523242
55.94496091914716 -3.191991128259561 NW 55.94517305118151 -3.1922032602939168 1105.316777 999.273242
55.94517305118151 -3.1922032602939168 WNW 55.94528785621122 -3.19248042415367 1105.316777 998.023242
55.94528785621122 -3.19248042415367 SSE 55.94501069235147 -3.1923656191239607 1190.742954 1034.787040
55.94501069235147 -3.1923656191239607 SSE 55.94473352849171 -3.192250814094251 1190.742954 1033.537040
55.94473352849171 -3.192250814094251 SSE 55.944456364631954 -3.1921360090645416 1190.742954 1032.287040
55.944456364631954 -3.1921360090645416 SSE 55.9441792007722 -3.192021204034832 1190.742954 1031.037040
55.9441792007722 -3.192021204034832 SSE 55.94390203691244 -3.1919063990051226 1190.742954 1029.787040
55.94390203691244 -3.1919063990051226 SE 55.943689904878084 -3.191694266970767 1190.742954 1028.537040
55.943689904878084 -3.191694266970767 SSE 55.94341274101833 -3.1915794619410573 1190.742954 1027.287040
55.94341274101833 -3.1915794619410573 SE 55.94320060898397 -3.1913673299067016 1190.742954 1026.037040
55.94320060898397 -3.1913673299067016 SSE 55.942923445124215 -3.191252524876992 1122.289978 1020.837384
55.942923445124215 -3.191252524876992 SE 55.94271131308986 -3.1910403928426363 1122.289978 1019.587384
55.94271131308986 -3.1910403928426363 NE 55.942923445124215 -3.1908282608082805 1199.945395 1101.829263
55.942923445124215 -3.1908282608082805 NNE 55.94320060898397 -3.190713455778571 1199.945395 1100.579263
55.94320060898397 -3.190713455778571 NE 55.94341274101833 -3.1905013237442152 1199.945395 1099.329263
55.94341274101833 -3.1905013237442152 NNE 55.943689904878084 -3.1903865187145057 1199.945395 1098.079263
55.943689904878084 -3.1903865187145057 NE 55.94390203691244 -3.19017438668015 1199.945395 1096.829263
55.94390203691244 -3.19017438668015 NNE 55.9441792007722 -3.1900595816504405 1199.945395 1095.579263
55.9441792007722 -3.1900595816504405 NE 55.94439133280655 -3.1898474496160847 1199.945395 1094.329263
55.94439133280655 -3.1898474496160847 NNE 55.94466849666631 -3.189732644586375 1210.722897 1154.821485
55.94466849666631 -3.189732644586375 W 55.94466849666631 -3.1900326445863754 1306.804972 1188.156570
55.94466849666631 -3.1900326445863754 W 55.94466849666631 -3.1903326445863756 1306.804972 1186.906570
55.94466849666631 -3.1903326445863756 W 55.94466849666631 -3.1906326445863757 1367.602697 1222.174679
55.94466849666631 -3.1906326445863757 W 55.94466849666631 -3.190932644586376 1367.602697 1220.924679
55.94466849666631 -3.190932644586376 W 55.94466849666631 -3.191232644586376 1367.602697 1219.674679
55.94466849666631 -3.191232644586376 WSW 55.9445536916366 -3.1915098084461295 1367.602697 1218.424679
55.9445536916366 -3.1915098084461295 NNE 55.944830855496356 -3.19139500341642 1367.602697 1217.174679
55.944830855496356 -3.19139500341642 NNE 55.94510801935611 -3.1912801983867105 1367.602697 1215.924679
55.94510801935611 -3.1912801983867105 NNE 55.94538518321587 -3.191165393357001 1431.532624 1332.554289
55.94538518321587 -3.191165393357001 SSE 55.94510801935611 -3.1910505883272915 1431.532624 1331.304289
55.94510801935611 -3.1910505883272915 SSE 55.944830855496356 -3.190935783297582 1431.532624 1330.054289
55.944830855496356 -3.190935783297582 SSE 55.9445536916366 -3.1908209782678725 1431.532624 1328.804289
55.9445536916366 -3.1908209782678725 SSE 55.94427652777684 -3.190706173238163 1431.532624 1327.554289
55.94427652777684 -3.190706173238163 SSE 55.94399936391709 -3.1905913682084535 1431.532624 1326.304289
55.94399936391709 -3.1905913682084535 SSE 55.94372220005733 -3.190476563178744 1431.532624 1325.054289
55.94372220005733 -3.190476563178744 SSE 55.94344503619757 -3.1903617581490344 1431.532624 1323.804289
55.94344503619757 -3.1903617581490344 SSE 55.94316787233782 -3.190246953119325 1431.532624 1322.554289
55.94316787233782 -3.190246953119325 SE 55.94295574030346 -3.190034821084969 1431.532624 1321.304289
55.94295574030346 -3.190034821084969 SSE 55.942678576443704 -3.1899200160552597 1386.137163 1305.357667
55.942678576443704 -3.1899200160552597 ESE 55.942563771413994 -3.1896428521955063 1435.575596 1373.940390
55.942563771413994 -3.1896428521955063 NW 55.94277590344835 -3.189854984229862 1435.575596 1372.690390
55.94277590344835 -3.189854984229862 NW 55.942988035482706 -3.190067116264218 1435.575596 1371.440390
55.942988035482706 -3.190067116264218 NW 55.94320016751706 -3.1902792482985736 1435.575596 1370.190390
55.94320016751706 -3.1902792482985736 NW 55.94341229955142 -3.1904913803329293 1435.575596 1368.940390
55.94341229955142 -3.1904913803329293 NW 55.943624431585775 -3.190703512367285 1435.575596 1367.690390
55.943624431585775 -3.190703512367285 NW 55.94383656362013 -3.190915644401641 1435.575596 1366.440390
55.94383656362013 -3.190915644401641 NW 55.94404869565449 -3.1911277764359967 1435.575596 1365.190390
55.94404869565449 -3.1911277764359967 NW 55.944260827688844 -3.1913399084703524 1435.575596 1363.940390
55.944260827688844 -3.1913399084703524 NW 55.9444729597232 -3.191552040504708 1435.575596 1362.690390
55.9444729597232 -3.191552040504708 NW 55.944685091757556 -3.191764172539064 1435.575596 1361.440390
55.944685091757556 -3.191764172539064 SE 55.9444729597232 -3.191552040504708 1524.734342 1462.981195
55.9444729597232 -3.191552040504708 S 55.9441729597232 -3.191552040504708 1524.734342 1461.731195
55.9441729597232 -3.191552040504708 SSE 55.94389579586344 -3.1914372354749987 1524.734342 1460.481195
55.94389579586344 -3.1914372354749987 ENE 55.94401060089315 -3.1911600716152453 1524.734342 1459.231195
