55.944425 -3.188396 ENE 55.94453980502971 -3.1881188361402466 0.000000 248.750000
55.94453980502971 -3.1881188361402466 ENE 55.94465461005942 -3.187841672280493 0.000000 247.500000
55.94465461005942 -3.187841672280493 ENE 55.944769415089134 -3.18756450842074 0.000000 246.250000
55.944769415089134 -3.18756450842074 ENE 55.944884220118844 -3.1872873445609864 0.000000 245.000000
55.944884220118844 -3.1872873445609864 ENE 55.944999025148554 -3.187010180701233 49.270928 256.824749
55.944999025148554 -3.187010180701233 ENE 55.945113830178265 -3.1867330168414796 0.000000 131.704170
55.945113830178265 -3.1867330168414796 ENE 55.945228635207975 -3.186455852981726 0.000000 130.454170
55.945228635207975 -3.186455852981726 ENE 55.945343440237686 -3.1861786891219728 0.000000 129.204170
55.945343440237686 -3.1861786891219728 ENE 55.945458245267396 -3.1859015252622194 0.000000 127.954170
55.945458245267396 -3.1859015252622194 S 55.94515824526739 -3.1859015252622194 113.887452 161.557950
55.94515824526739 -3.1859015252622194 S 55.94485824526739 -3.1859015252622194 220.206845 177.434411
55.94485824526739 -3.1859015252622194 S 55.94455824526739 -3.1859015252622194 235.925669 269.476424
55.94455824526739 -3.1859015252622194 SSE 55.94428108140763 -3.18578672023251 235.925669 268.226424
55.94428108140763 -3.18578672023251 S 55.94398108140763 -3.18578672023251 235.925669 266.976424
55.94398108140763 -3.18578672023251 SSE 55.94370391754787 -3.1856719152028004 235.925669 265.726424
55.94370391754787 -3.1856719152028004 S 55.94340391754787 -3.1856719152028004 313.140754 273.632146
55.94340391754787 -3.1856719152028004 SSE 55.94312675368811 -3.185557110173091 313.140754 272.382146
55.94312675368811 -3.185557110173091 NW 55.94333888572247 -3.1857692422074466 348.280399 331.473396
55.94333888572247 -3.1857692422074466 NW 55.943551017756825 -3.1859813742418024 348.280399 330.223396
55.943551017756825 -3.1859813742418024 NW 55.94376314979118 -3.186193506276158 348.280399 328.973396
55.94376314979118 -3.186193506276158 WNW 55.94387795482089 -3.1864706701359116 379.942102 407.294762
55.94387795482089 -3.1864706701359116 NW 55.94409008685525 -3.1866828021702673 379.942102 406.044762
55.94409008685525 -3.1866828021702673 WNW 55.94420489188496 -3.1869599660300207 490.551071 476.206273
55.94420489188496 -3.1869599660300207 NW 55.944417023919314 -3.1871720980643765 490.551071 474.956273
55.944417023919314 -3.1871720980643765 WNW 55.944531828949025 -3.18744926192413 490.551071 473.706273
55.944531828949025 -3.18744926192413 NW 55.94474396098338 -3.1876613939584857 490.551071 472.456273
55.94474396098338 -3.1876613939584857 WNW 55.94485876601309 -3.187938557818239 490.551071 471.206273
55.94485876601309 -3.187938557818239 NW 55.94507089804745 -3.188150689852595 490.551071 469.956273
55.94507089804745 -3.188150689852595 WNW 55.94518570307716 -3.1884278537123483 490.551071 468.706273
55.94518570307716 -3.1884278537123483 NW 55.945397835111514 -3.188639985746704 490.551071 467.456273
55.945397835111514 -3.188639985746704 WNW 55.945512640141224 -3.1889171496064574 490.551071 466.206273
55.945512640141224 -3.1889171496064574 NW 55.94572477217558 -3.189129281640813 512.444268 565.945188
55.94572477217558 -3.189129281640813 SSW 55.945447608315824 -3.1892440866705227 593.074756 680.541666
55.945447608315824 -3.1892440866705227 SSW 55.94517044445607 -3.1893588917002322 593.074756 679.291666
55.94517044445607 -3.1893588917002322 SW 55.94495831242171 -3.189571023734588 593.074756 678.041666
55.94495831242171 -3.189571023734588 SSW 55.944681148561955 -3.1896858287642975 593.074756 676.791666
55.944681148561955 -3.1896858287642975 WSW 55.944566343532244 -3.189962992624051 689.156831 710.126752
55.944566343532244 -3.189962992624051 WSW 55.944451538502534 -3.1902401564838043 699.934333 770.618973
55.944451538502534 -3.1902401564838043 WSW 55.944336733472824 -3.1905173203435577 760.732058 805.887082
55.944336733472824 -3.1905173203435577 WSW 55.94422192844311 -3.190794484203311 760.732058 804.637082
55.94422192844311 -3.190794484203311 W 55.94422192844311 -3.1910944842033113 760.732058 803.387082
55.94422192844311 -3.1910944842033113 WSW 55.9441071234134 -3.1913716480630647 760.732058 802.137082
55.9441071234134 -3.1913716480630647 W 55.9441071234134 -3.191671648063065 805.046098 806.500715
55.9441071234134 -3.191671648063065 ENE 55.94422192844311 -3.1913944842033115 820.701305 846.014143
55.94422192844311 -3.1913944842033115 ENE 55.944336733472824 -3.191117320343558 820.701305 844.764143
55.944336733472824 -3.191117320343558 ENE 55.944451538502534 -3.1908401564838047 820.701305 843.514143
55.944451538502534 -3.1908401564838047 ENE 55.944566343532244 -3.1905629926240513 820.701305 842.264143
55.944566343532244 -3.1905629926240513 ENE 55.944681148561955 -3.190285828764298 820.701305 841.014143
55.944681148561955 -3.190285828764298 E 55.944681148561955 -3.1899858287642977 820.701305 839.764143
55.944681148561955 -3.1899858287642977 ENE 55.944795953591665 -3.1897086649045443 820.701305 838.514143
55.944795953591665 -3.1897086649045443 E 55.944795953591665 -3.189408664904544 820.701305 837.264143
55.944795953591665 -3.189408664904544 ENE 55.944910758621376 -3.1891315010447907 820.701305 836.014143
55.944910758621376 -3.1891315010447907 E 55.944910758621376 -3.1888315010447905 820.701305 834.764143
55.944910758621376 -3.1888315010447905 ENE 55.945025563651086 -3.188554337185037 787.566156 759.064725
55.945025563651086 -3.188554337185037 E 55.945025563651086 -3.188254337185037 787.566156 757.814725
55.945025563651086 -3.188254337185037 ENE 55.945140368680796 -3.1879771733252835 787.566156 756.564725
55.945140368680796 -3.1879771733252835 E 55.945140368680796 -3.1876771733252833 787.566156 755.314725
55.945140368680796 -3.1876771733252833 ENE 55.94525517371051 -3.18740000946553 787.566156 754.064725
55.94525517371051 -3.18740000946553 E 55.94525517371051 -3.1871000094655297 787.566156 752.814725
55.94525517371051 -3.1871000094655297 ENE 55.94536997874022 -3.1868228456057763 732.823797 751.564725
55.94536997874022 -3.1868228456057763 E 55.94536997874022 -3.186522845605776 732.823797 750.314725
55.94536997874022 -3.186522845605776 ENE 55.94548478376993 -3.1862456817460227 642.166037 727.029026
55.94548478376993 -3.1862456817460227 E 55.94548478376993 -3.1859456817460226 642.166037 725.779026
55.94548478376993 -3.1859456817460226 ENE 55.94559958879964 -3.185668517886269 642.166037 724.529026
55.94559958879964 -3.185668517886269 E 55.94559958879964 -3.185368517886269 642.166037 723.279026
55.94559958879964 -3.185368517886269 ENE 55.94571439382935 -3.1850913540265156 642.166037 722.029026
55.94571439382935 -3.1850913540265156 E 55.94571439382935 -3.1847913540265154 642.166037 720.779026
55.94571439382935 -3.1847913540265154 ENE 55.94582919885906 -3.184514190166762 642.166037 719.529026
55.94582919885906 -3.184514190166762 E 55.94582919885906 -3.1842141901667618 711.624551 834.363422
55.94582919885906 -3.1842141901667618 WSW 55.94571439382935 -3.184491354026515 711.624551 833.113422
55.94571439382935 -3.184491354026515 WSW 55.94559958879964 -3.1847685178862686 711.624551 831.863422
55.94559958879964 -3.1847685178862686 WSW 55.94548478376993 -3.185045681746022 711.624551 830.613422
55.94548478376993 -3.185045681746022 WSW 55.94536997874022 -3.1853228456057754 711.624551 829.363422
55.94536997874022 -3.1853228456057754 WSW 55.94525517371051 -3.185600009465529 711.624551 828.113422
55.94525517371051 -3.185600009465529 WSW 55.945140368680796 -3.185877173325282 711.624551 826.863422
55.945140368680796 -3.185877173325282 WSW 55.945025563651086 -3.1861543371850356 711.624551 825.613422
55.945025563651086 -3.1861543371850356 WSW 55.944910758621376 -3.186431501044789 711.624551 824.363422
55.944910758621376 -3.186431501044789 WSW 55.944795953591665 -3.1867086649045424 711.624551 823.113422
55.944795953591665 -3.1867086649045424 SW 55.94458382155731 -3.186920796938898 711.624551 821.863422
55.94458382155731 -3.186920796938898 WSW 55.9444690165276 -3.1871979607986516 711.624551 820.613422
55.9444690165276 -3.1871979607986516 SW 55.94425688449324 -3.1874100928330074 711.624551 819.363422
55.94425688449324 -3.1874100928330074 WSW 55.94414207946353 -3.1876872566927608 711.624551 818.113422
55.94414207946353 -3.1876872566927608 SW 55.943929947429176 -3.1878993887271165 711.624551 816.863422
55.943929947429176 -3.1878993887271165 WSW 55.943815142399465 -3.18817655258687 685.682143 805.444940
55.943815142399465 -3.18817655258687 SW 55.94360301036511 -3.1883886846212257 759.051530 881.523777
55.94360301036511 -3.1883886846212257 WSW 55.9434882053354 -3.188665848480979 759.051530 880.273777
55.9434882053354 -3.188665848480979 SW 55.94327607330104 -3.188877980515335 759.051530 879.023777
55.94327607330104 -3.188877980515335 WSW 55.94316126827133 -3.1891551443750883 815.690090 961.435818
55.94316126827133 -3.1891551443750883 SW 55.942949136236976 -3.189367276409444 815.690090 960.185818
55.942949136236976 -3.189367276409444 WSW 55.942834331207266 -3.1896444402691975 815.690090 958.935818
55.942834331207266 -3.1896444402691975 SW 55.94262219917291 -3.1898565723035532 815.690090 957.685818
55.94262219917291 -3.1898565723035532 N 55.94292219917291 -3.1898565723035532 865.128522 1026.268541
55.94292219917291 -3.1898565723035532 NNW 55.94319936303267 -3.1899713773332627 819.733062 1010.321920
55.94319936303267 -3.1899713773332627 N 55.94349936303267 -3.1899713773332627 819.733062 1009.071920
55.94349936303267 -3.1899713773332627 NNW 55.94377652689243 -3.1900861823629723 819.733062 1007.821920
55.94377652689243 -3.1900861823629723 N 55.94407652689243 -3.1900861823629723 819.733062 1006.571920
55.94407652689243 -3.1900861823629723 NNW 55.94435369075219 -3.1902009873926818 819.733062 1005.321920
55.94435369075219 -3.1902009873926818 N 55.94465369075219 -3.1902009873926818 819.733062 1004.071920
55.94465369075219 -3.1902009873926818 NNW 55.94493085461195 -3.1903157924223913 819.733062 1002.821920
55.94493085461195 -3.1903157924223913 N 55.94523085461195 -3.1903157924223913 819.733062 1001.571920
55.94523085461195 -3.1903157924223913 SSW 55.94495369075219 -3.190430597452101 935.505443 1086.379115
55.94495369075219 -3.190430597452101 SW 55.94474155871784 -3.1906427294864566 935.505443 1085.129115
55.94474155871784 -3.1906427294864566 SSW 55.94446439485808 -3.190757534516166 935.505443 1083.879115
55.94446439485808 -3.190757534516166 SW 55.944252262823724 -3.190969666550522 935.505443 1082.629115
55.944252262823724 -3.190969666550522 SSW 55.94397509896397 -3.1910844715802313 935.505443 1081.379115
55.94397509896397 -3.1910844715802313 SW 55.94376296692961 -3.191296603614587 935.505443 1080.129115
55.94376296692961 -3.191296603614587 NNW 55.94404013078937 -3.1914114086442966 997.202955 1100.243659
55.94404013078937 -3.1914114086442966 NNW 55.944317294649125 -3.191526213674006 997.202955 1098.993659
55.944317294649125 -3.191526213674006 NNW 55.94459445850888 -3.1916410187037156 1089.297808 1102.838823
55.94459445850888 -3.1916410187037156 NNE 55.94487162236864 -3.191526213674006 1178.456554 1204.379628
55.94487162236864 -3.191526213674006 NE 55.945083754402994 -3.1913140816396504 1178.456554 1203.129628
55.945083754402994 -3.1913140816396504 E 55.945083754402994 -3.19101408163965 1242.386481 1319.759238
55.945083754402994 -3.19101408163965 E 55.945083754402994 -3.19071408163965 1242.386481 1318.509238
55.945083754402994 -3.19071408163965 E 55.945083754402994 -3.19041408163965 1242.386481 1317.259238
55.945083754402994 -3.19041408163965 ESE 55.94496894937328 -3.1901369177798964 1242.386481 1316.009238
55.94496894937328 -3.1901369177798964 E 55.94496894937328 -3.189836917779896 1242.386481 1314.759238
55.94496894937328 -3.189836917779896 ESE 55.94485414434357 -3.189559753920143 1242.386481 1313.509238
55.94485414434357 -3.189559753920143 E 55.94485414434357 -3.1892597539201426 1242.386481 1312.259238
55.94485414434357 -3.1892597539201426 ESE 55.94473933931386 -3.188982590060389 1242.386481 1311.009238
55.94473933931386 -3.188982590060389 E 55.94473933931386 -3.188682590060389 1242.386481 1309.759238
55.94473933931386 -3.188682590060389 ESE 55.94462453428415 -3.1884054262006356 1242.386481 1308.509238
55.94462453428415 -3.1884054262006356 E 55.94462453428415 -3.1881054262006354 1242.386481 1307.259238
55.94462453428415 -3.1881054262006354 ESE 55.94450972925444 -3.187828262340882 1242.386481 1306.009238
55.94450972925444 -3.187828262340882 E 55.94450972925444 -3.187528262340882 1242.386481 1304.759238
55.94450972925444 -3.187528262340882 ESE 55.94439492422473 -3.1872510984811284 1242.386481 1303.509238
55.94439492422473 -3.1872510984811284 E 55.94439492422473 -3.1869510984811282 1242.386481 1302.259238
55.94439492422473 -3.1869510984811282 ESE 55.94428011919502 -3.186673934621375 1242.386481 1301.009238
55.94428011919502 -3.186673934621375 E 55.94428011919502 -3.1863739346213746 1242.386481 1299.759238
55.94428011919502 -3.1863739346213746 ESE 55.94416531416531 -3.1860967707616212 1237.939632 1194.260305
55.94416531416531 -3.1860967707616212 E 55.94416531416531 -3.185796770761621 1237.939632 1193.010305
55.94416531416531 -3.185796770761621 ESE 55.9440505091356 -3.1855196069018676 1237.939632 1191.760305
55.9440505091356 -3.1855196069018676 E 55.9440505091356 -3.1852196069018675 1237.939632 1190.510305
55.9440505091356 -3.1852196069018675 ESE 55.94393570410589 -3.184942443042114 1237.939632 1189.260305
55.94393570410589 -3.184942443042114 E 55.94393570410589 -3.184642443042114 1237.939632 1188.010305
55.94393570410589 -3.184642443042114 W 55.94393570410589 -3.184942443042114 1323.815429 1262.775021
55.94393570410589 -3.184942443042114 W 55.94393570410589 -3.1852424430421142 1323.815429 1261.525021
55.94393570410589 -3.1852424430421142 WSW 55.94382089907618 -3.1855196069018676 1323.815429 1260.275021
55.94382089907618 -3.1855196069018676 W 55.94382089907618 -3.185819606901868 1323.815429 1259.025021
55.94382089907618 -3.185819606901868 WSW 55.94370609404647 -3.1860967707616212 1323.815429 1257.775021
55.94370609404647 -3.1860967707616212 W 55.94370609404647 -3.1863967707616214 1323.815429 1256.525021
55.94370609404647 -3.1863967707616214 WSW 55.94359128901676 -3.186673934621375 1323.815429 1255.275021
55.94359128901676 -3.186673934621375 W 55.94359128901676 -3.186973934621375 1323.815429 1254.025021
55.94359128901676 -3.186973934621375 WSW 55.94347648398705 -3.1872510984811284 1318.988825 1193.731748
55.94347648398705 -3.1872510984811284 W 55.94347648398705 -3.1875510984811286 1318.988825 1192.481748
55.94347648398705 -3.1875510984811286 WSW 55.94336167895734 -3.187828262340882 1318.988825 1191.231748
55.94336167895734 -3.187828262340882 W 55.94336167895734 -3.188128262340882 1318.988825 1189.981748
55.94336167895734 -3.188128262340882 WSW 55.94324687392763 -3.1884054262006356 1318.988825 1188.731748
55.94324687392763 -3.1884054262006356 W 55.94324687392763 -3.188705426200636 1318.988825 1187.481748
55.94324687392763 -3.188705426200636 WSW 55.94313206889792 -3.188982590060389 1318.988825 1186.231748
55.94313206889792 -3.188982590060389 W 55.94313206889792 -3.1892825900603894 1318.988825 1184.981748
55.94313206889792 -3.1892825900603894 WSW 55.94301726386821 -3.189559753920143 1318.988825 1183.731748
55.94301726386821 -3.189559753920143 W 55.94301726386821 -3.189859753920143 1318.988825 1182.481748
55.94301726386821 -3.189859753920143 WSW 55.942902458838496 -3.1901369177798964 1318.988825 1181.231748
55.942902458838496 -3.1901369177798964 W 55.942902458838496 -3.1904369177798966 1318.988825 1179.981748
55.942902458838496 -3.1904369177798966 WSW 55.942787653808786 -3.19071408163965 1318.988825 1178.731748
55.942787653808786 -3.19071408163965 W 55.942787653808786 -3.19101408163965 1318.988825 1177.481748
55.942787653808786 -3.19101408163965 NNE 55.94306481766854 -3.1908992766099407 1396.644243 1259.723627
55.94306481766854 -3.1908992766099407 NNE 55.9433419815283 -3.190784471580231 1396.644243 1258.473627
55.9433419815283 -3.190784471580231 NNE 55.943619145388055 -3.1906696665505216 1396.644243 1257.223627
55.943619145388055 -3.1906696665505216 NNE 55.94389630924781 -3.190554861520812 1396.644243 1255.973627
55.94389630924781 -3.190554861520812 ENE 55.94401111427752 -3.1902776976610587 1418.938356 1265.782191
55.94401111427752 -3.1902776976610587 ENE 55.94412591930723 -3.1900005338013053 1418.938356 1264.532191
55.94412591930723 -3.1900005338013053 NE 55.94433805134159 -3.1897884017669496 1418.938356 1263.282191
55.94433805134159 -3.1897884017669496 ENE 55.9444528563713 -3.189511237907196 1418.938356 1262.032191
55.9444528563713 -3.189511237907196 NE 55.944664988405655 -3.1892991058728404 1418.938356 1260.782191
55.944664988405655 -3.1892991058728404 ENE 55.944779793435366 -3.189021942013087 1418.938356 1259.532191
55.944779793435366 -3.189021942013087 NE 55.94499192546972 -3.188809809978731 1418.938356 1258.282191
55.94499192546972 -3.188809809978731 ENE 55.94510673049943 -3.188532646118978 1418.938356 1257.032191
55.94510673049943 -3.188532646118978 NE 55.94531886253379 -3.188320514084622 1418.938356 1255.782191
55.94531886253379 -3.188320514084622 ENE 55.9454336675635 -3.1880433502248686 1418.938356 1254.532191
55.9454336675635 -3.1880433502248686 NE 55.945645799597855 -3.187831218190513 1418.938356 1253.282191
55.945645799597855 -3.187831218190513 SSE 55.9453686357381 -3.1877164131608033 1429.772339 1334.601282
55.9453686357381 -3.1877164131608033 SSE 55.94509147187834 -3.187601608131094 1429.772339 1333.351282
55.94509147187834 -3.187601608131094 SSE 55.944814308018586 -3.1874868031013843 1429.772339 1332.101282
55.944814308018586 -3.1874868031013843 SSE 55.94453714415883 -3.187371998071675 1429.772339 1330.851282
55.94453714415883 -3.187371998071675 S 55.944237144158826 -3.187371998071675 1429.772339 1329.601282
55.944237144158826 -3.187371998071675 SSE 55.94395998029907 -3.1872571930419653 1429.772339 1328.351282
55.94395998029907 -3.1872571930419653 S 55.94365998029907 -3.1872571930419653 1429.772339 1327.101282
55.94365998029907 -3.1872571930419653 SSE 55.94338281643931 -3.187142388012256 1429.772339 1325.851282
55.94338281643931 -3.187142388012256 S 55.94308281643931 -3.187142388012256 1429.772339 1324.601282
55.94308281643931 -3.187142388012256 SSE 55.94280565257955 -3.1870275829825463 1429.772339 1323.351282
55.94280565257955 -3.1870275829825463 NE 55.94301778461391 -3.1868154509481905 1453.798995 1439.198007
55.94301778461391 -3.1868154509481905 NE 55.943229916648264 -3.1866033189138347 1453.798995 1437.948007
55.943229916648264 -3.1866033189138347 NE 55.94344204868262 -3.186391186879479 1453.798995 1436.698007
55.94344204868262 -3.186391186879479 NE 55.943654180716976 -3.186179054845123 1453.798995 1435.448007
55.943654180716976 -3.186179054845123 NE 55.94386631275133 -3.1859669228107674 1453.798995 1434.198007
55.94386631275133 -3.1859669228107674 NE 55.94407844478569 -3.1857547907764117 1453.798995 1432.948007
55.94407844478569 -3.1857547907764117 NE 55.944290576820045 -3.185542658742056 1453.798995 1431.698007
55.944290576820045 -3.185542658742056 NE 55.9445027088544 -3.1853305267077 1453.798995 1430.448007
55.9445027088544 -3.1853305267077 NE 55.94471484088876 -3.1851183946733443 1453.798995 1429.198007
55.94471484088876 -3.1851183946733443 NE 55.94492697292311 -3.1849062626389886 1453.798995 1427.948007
55.94492697292311 -3.1849062626389886 NE 55.94513910495747 -3.184694130604633 1486.591856 1513.808010
55.94513910495747 -3.184694130604633 W 55.94513910495747 -3.184994130604633 1486.591856 1512.558010
55.94513910495747 -3.184994130604633 W 55.94513910495747 -3.185294130604633 1436.484254 1392.778357
55.94513910495747 -3.185294130604633 W 55.94513910495747 -3.1855941306046334 1436.484254 1391.528357
55.94513910495747 -3.1855941306046334 W 55.94513910495747 -3.1858941306046336 1436.484254 1390.278357
55.94513910495747 -3.1858941306046336 W 55.94513910495747 -3.1861941306046337 1436.484254 1389.028357
55.94513910495747 -3.1861941306046337 W 55.94513910495747 -3.186494130604634 1436.484254 1387.778357
55.94513910495747 -3.186494130604634 W 55.94513910495747 -3.186794130604634 1436.484254 1386.528357
55.94513910495747 -3.186794130604634 W 55.94513910495747 -3.1870941306046343 1436.484254 1385.278357
55.94513910495747 -3.1870941306046343 W 55.94513910495747 -3.1873941306046345 1436.484254 1384.028357
55.94513910495747 -3.1873941306046345 W 55.94513910495747 -3.1876941306046347 1436.484254 1382.778357
55.94513910495747 -3.1876941306046347 W 55.94513910495747 -3.187994130604635 1436.484254 1381.528357
55.94513910495747 -3.187994130604635 W 55.94513910495747 -3.188294130604635 1436.484254 1380.278357
55.94513910495747 -3.188294130604635 W 55.94513910495747 -3.1885941306046353 1436.484254 1379.028357
55.94513910495747 -3.1885941306046353 W 55.94513910495747 -3.1888941306046354 1436.484254 1377.778357
55.94513910495747 -3.1888941306046354 W 55.94513910495747 -3.1891941306046356 1436.484254 1376.528357
55.94513910495747 -3.1891941306046356 W 55.94513910495747 -3.189494130604636 1436.484254 1375.278357
55.94513910495747 -3.189494130604636 W 55.94513910495747 -3.189794130604636 1436.484254 1374.028357
55.94513910495747 -3.189794130604636 W 55.94513910495747 -3.190094130604636 1436.484254 1372.778357
55.94513910495747 -3.190094130604636 W 55.94513910495747 -3.1903941306046364 1436.484254 1371.528357
55.94513910495747 -3.1903941306046364 W 55.94513910495747 -3.1906941306046366 1436.484254 1370.278357
55.94513910495747 -3.1906941306046366 W 55.94513910495747 -3.1909941306046368 1436.484254 1369.028357
55.94513910495747 -3.1909941306046368 W 55.94513910495747 -3.191294130604637 1436.484254 1367.778357
55.94513910495747 -3.191294130604637 W 55.94513910495747 -3.191594130604637 1436.484254 1366.528357
55.94513910495747 -3.191594130604637 W 55.94513910495747 -3.1918941306046373 1436.484254 1365.278357
55.94513910495747 -3.1918941306046373 WNW 55.94525390998718 -3.1921712944643907 1436.484254 1364.028357
55.94525390998718 -3.1921712944643907 W 55.94525390998718 -3.192471294464391 1436.484254 1362.778357
55.94525390998718 -3.192471294464391 NNE 55.94553107384694 -3.1923564894346814 1521.910431 1399.542154
55.94553107384694 -3.1923564894346814 SSW 55.94525390998718 -3.192471294464391 1521.910431 1398.292154
55.94525390998718 -3.192471294464391 S 55.94495390998718 -3.192471294464391 1521.910431 1397.042154
55.94495390998718 -3.192471294464391 NW 55.94516604202153 -3.1926834264987467 1521.910431 1395.792154
55.94516604202153 -3.1926834264987467 SSE 55.94488887816178 -3.192568621469037 1521.910431 1394.542154
55.94488887816178 -3.192568621469037 NNW 55.94516604202153 -3.1926834264987467 1521.910431 1393.292154
55.94516604202153 -3.1926834264987467 WNW 55.945280847051244 -3.1929605903585 1521.910431 1392.042154
55.945280847051244 -3.1929605903585 SW 55.94506871501689 -3.193172722392856 1521.910431 1390.792154
55.94506871501689 -3.193172722392856 WSW 55.94495390998718 -3.1934498862526093 1521.910431 1389.542154
55.94495390998718 -3.1934498862526093 SW 55.94474177795282 -3.193662018286965 1521.910431 1388.292154
55.94474177795282 -3.193662018286965 S 55.94444177795282 -3.193662018286965 1521.910431 1387.042154
55.94444177795282 -3.193662018286965 E 55.94444177795282 -3.193362018286965 1521.910431 1385.792154
55.94444177795282 -3.193362018286965 ENE 55.94455658298253 -3.1930848544272115 1521.910431 1384.542154
55.94455658298253 -3.1930848544272115 WNW 55.94467138801224 -3.193362018286965 1521.910431 1383.292154
55.94467138801224 -3.193362018286965 SSE 55.94439422415248 -3.1932472132572554 1521.910431 1382.042154
55.94439422415248 -3.1932472132572554 ENE 55.94450902918219 -3.192970049397502 1521.910431 1380.792154
55.94450902918219 -3.192970049397502 ENE 55.9446238342119 -3.1926928855377485 1521.910431 1379.542154
55.9446238342119 -3.1926928855377485 NW 55.94483596624626 -3.1929050175721043 1521.910431 1378.292154
55.94483596624626 -3.1929050175721043 SW 55.9446238342119 -3.19311714960646 1521.910431 1377.042154
55.9446238342119 -3.19311714960646 NNW 55.94490099807166 -3.1932319546361696 1521.910431 1375.792154
55.94490099807166 -3.1932319546361696 ENE 55.94501580310137 -3.192954790776416 1521.910431 1374.542154
55.94501580310137 -3.192954790776416 NE 55.945227935135726 -3.1927426587420604 1521.910431 1373.292154
55.945227935135726 -3.1927426587420604 SE 55.94501580310137 -3.1925305267077047 1521.910431 1372.042154
55.94501580310137 -3.1925305267077047 E 55.94501580310137 -3.1922305267077045 1521.910431 1370.792154
55.94501580310137 -3.1922305267077045 W 55.94501580310137 -3.1925305267077047 1521.910431 1369.542154
55.94501580310137 -3.1925305267077047 S 55.94471580310137 -3.1925305267077047 1521.910431 1368.292154
55.94471580310137 -3.1925305267077047 S 55.944415803101364 -3.1925305267077047 1521.910431 1367.042154
55.944415803101364 -3.1925305267077047 WNW 55.944530608131075 -3.192807690567458 1521.910431 1365.792154
55.944530608131075 -3.192807690567458 W 55.944530608131075 -3.1931076905674582 1521.910431 1364.542154
55.944530608131075 -3.1931076905674582 NNW 55.94480777199083 -3.1932224955971678 1521.910431 1363.292154
55.94480777199083 -3.1932224955971678 SE 55.944595639956475 -3.193010363562812 1521.910431 1362.042154
55.944595639956475 -3.193010363562812 W 55.944595639956475 -3.193310363562812 1521.910431 1360.792154
