55.944425 -3.188396 ENE 55.94453980502971 -3.1881188361402466 0.000000 248.750000
55.94453980502971 -3.1881188361402466 ENE 55.94465461005942 -3.187841672280493 0.000000 247.500000
55.94465461005942 -3.187841672280493 ENE 55.944769415089134 -3.18756450842074 0.000000 246.250000
55.944769415089134 -3.18756450842074 ENE 55.944884220118844 -3.1872873445609864 0.000000 245.000000
55.944884220118844 -3.1872873445609864 ENE 55.944999025148554 -3.187010180701233 49.270928 256.824749
55.944999025148554 -3.187010180701233 ENE 55.945113830178265 -3.1867330168414796 0.000000 131.704170
55.945113830178265 -3.1867330168414796 ENE 55.945228635207975 -3.186455852981726 0.000000 130.454170
55.945228635207975 -3.186455852981726 ENE 55.945343440237686 -3.1861786891219728 0.000000 129.204170
55.945343440237686 -3.1861786891219728 ENE 55.945458245267396 -3.1859015252622194 0.000000 127.954170
55.945458245267396 -3.1859015252622194 S 55.94515824526739 -3.1859015252622194 113.887452 161.557950
55.94515824526739 -3.1859015252622194 S 55.94485824526739 -3.1859015252622194 220.206845 177.434411
55.94485824526739 -3.1859015252622194 S 55.94455824526739 -3.1859015252622194 235.925669 269.476424
55.94455824526739 -3.1859015252622194 SSE 55.94428108140763 -3.18578672023251 235.925669 268.226424
55.94428108140763 -3.18578672023251 S 55.94398108140763 -3.18578672023251 235.925669 266.976424
55.94398108140763 -3.18578672023251 SSE 55.94370391754787 -3.1856719152028004 235.925669 265.726424
55.94370391754787 -3.1856719152028004 S 55.94340391754787 -3.1856719152028004 313.140754 273.632146
55.94340391754787 -3.1856719152028004 SSE 55.94312675368811 -3.185557110173091 313.140754 272.382146
55.94312675368811 -3.185557110173091 WSW 55.9430119486584 -3.1858342740328442 348.280399 331.473396
55.9430119486584 -3.1858342740328442 WSW 55.94289714362869 -3.1861114378925977 348.280399 330.223396
55.94289714362869 -3.1861114378925977 WSW 55.94278233859898 -3.186388601752351 348.280399 328.973396
55.94278233859898 -3.186388601752351 WSW 55.94266753356927 -3.1866657656121045 316.813569 268.075726
55.94266753356927 -3.1866657656121045 W 55.94266753356927 -3.1869657656121047 316.813569 266.825726
55.94266753356927 -3.1869657656121047 WNW 55.94278233859898 -3.187242929471858 340.840224 382.672452
55.94278233859898 -3.187242929471858 WNW 55.94289714362869 -3.1875200933316115 340.840224 381.422452
55.94289714362869 -3.1875200933316115 WNW 55.9430119486584 -3.187797257191365 340.840224 380.172452
55.9430119486584 -3.187797257191365 WNW 55.94312675368811 -3.1880744210511183 340.840224 378.922452
55.94312675368811 -3.1880744210511183 WNW 55.94324155871782 -3.1883515849108717 340.840224 377.672452
55.94324155871782 -3.1883515849108717 WNW 55.94335636374753 -3.188628748770625 340.840224 376.422452
55.94335636374753 -3.188628748770625 WNW 55.94347116877724 -3.1889059126303785 340.840224 375.172452
55.94347116877724 -3.1889059126303785 WNW 55.943585973806954 -3.189183076490132 397.478784 457.584493
55.943585973806954 -3.189183076490132 WNW 55.943700778836664 -3.1894602403498853 397.478784 456.334493
55.943700778836664 -3.1894602403498853 WNW 55.943815583866375 -3.1897374042096387 397.478784 455.084493
55.943815583866375 -3.1897374042096387 WNW 55.943930388896085 -3.190014568069392 397.478784 453.834493
55.943930388896085 -3.190014568069392 WNW 55.944045193925795 -3.1902917319291455 397.478784 452.584493
55.944045193925795 -3.1902917319291455 WNW 55.944159998955506 -3.190568895788899 419.772898 462.393057
55.944159998955506 -3.190568895788899 WNW 55.944274803985216 -3.1908460596486523 419.772898 461.143057
55.944274803985216 -3.1908460596486523 WNW 55.94438960901493 -3.1911232235084057 419.772898 459.893057
55.94438960901493 -3.1911232235084057 WNW 55.94450441404464 -3.191400387368159 419.772898 458.643057
55.94450441404464 -3.191400387368159 ENE 55.94461921907435 -3.1911232235084057 511.867752 462.488221
55.94461921907435 -3.1911232235084057 ENE 55.94473402410406 -3.1908460596486523 511.867752 461.238221
55.94473402410406 -3.1908460596486523 ENE 55.94484882913377 -3.190568895788899 511.867752 459.988221
55.94484882913377 -3.190568895788899 ENE 55.94496363416348 -3.1902917319291455 511.867752 458.738221
55.94496363416348 -3.1902917319291455 ENE 55.94507843919319 -3.190014568069392 511.867752 457.488221
55.94507843919319 -3.190014568069392 ENE 55.9451932442229 -3.1897374042096387 511.867752 456.238221
55.9451932442229 -3.1897374042096387 ENE 55.94530804925261 -3.1894602403498853 511.867752 454.988221
55.94530804925261 -3.1894602403498853 ENE 55.94542285428232 -3.189183076490132 511.867752 453.738221
55.94542285428232 -3.189183076490132 ENE 55.94553765931203 -3.1889059126303785 511.867752 452.488221
55.94553765931203 -3.1889059126303785 E 55.94553765931203 -3.1886059126303783 533.760948 552.227136
55.94553765931203 -3.1886059126303783 ENE 55.94565246434174 -3.188328748770625 533.760948 550.977136
55.94565246434174 -3.188328748770625 E 55.94565246434174 -3.1880287487706247 533.760948 549.727136
55.94565246434174 -3.1880287487706247 ENE 55.94576726937145 -3.1877515849108713 533.760948 548.477136
55.94576726937145 -3.1877515849108713 WSW 55.94565246434174 -3.1880287487706247 544.594931 629.796226
55.94565246434174 -3.1880287487706247 W 55.94565246434174 -3.188328748770625 544.594931 628.546226
55.94565246434174 -3.188328748770625 WSW 55.94553765931203 -3.1886059126303783 544.594931 627.296226
55.94553765931203 -3.1886059126303783 W 55.94553765931203 -3.1889059126303785 544.594931 626.046226
55.94553765931203 -3.1889059126303785 WSW 55.94542285428232 -3.189183076490132 544.594931 624.796226
55.94542285428232 -3.189183076490132 W 55.94542285428232 -3.189483076490132 544.594931 623.546226
55.94542285428232 -3.189483076490132 WSW 55.94530804925261 -3.1897602403498855 544.594931 622.296226
55.94530804925261 -3.1897602403498855 W 55.94530804925261 -3.1900602403498857 544.594931 621.046226
55.94530804925261 -3.1900602403498857 WSW 55.9451932442229 -3.190337404209639 544.594931 619.796226
55.9451932442229 -3.190337404209639 ENE 55.94530804925261 -3.1900602403498857 660.367313 704.603421
55.94530804925261 -3.1900602403498857 ENE 55.94542285428232 -3.1897830764901323 660.367313 703.353421
55.94542285428232 -3.1897830764901323 ENE 55.94553765931203 -3.189505912630379 660.367313 702.103421
55.94553765931203 -3.189505912630379 ENE 55.94565246434174 -3.1892287487706255 660.367313 700.853421
55.94565246434174 -3.1892287487706255 W 55.94565246434174 -3.1895287487706256 740.997801 815.449899
55.94565246434174 -3.1895287487706256 WSW 55.94553765931203 -3.189805912630379 740.997801 814.199899
55.94553765931203 -3.189805912630379 W 55.94553765931203 -3.1901059126303792 740.997801 812.949899
55.94553765931203 -3.1901059126303792 WSW 55.94542285428232 -3.1903830764901326 740.997801 811.699899
55.94542285428232 -3.1903830764901326 W 55.94542285428232 -3.190683076490133 740.997801 810.449899
55.94542285428232 -3.190683076490133 WSW 55.94530804925261 -3.1909602403498862 740.997801 809.199899
55.94530804925261 -3.1909602403498862 W 55.94530804925261 -3.1912602403498864 804.927728 925.829509
55.94530804925261 -3.1912602403498864 ESE 55.9451932442229 -3.190983076490133 804.927728 924.579509
55.9451932442229 -3.190983076490133 SE 55.94498111218854 -3.1907709444557772 804.927728 923.329509
55.94498111218854 -3.1907709444557772 ESE 55.94486630715883 -3.190493780596024 804.927728 922.079509
55.94486630715883 -3.190493780596024 SE 55.94465417512448 -3.190281648561668 804.927728 920.829509
55.94465417512448 -3.190281648561668 ESE 55.944539370094766 -3.1900044847019147 865.725453 956.097617
55.944539370094766 -3.1900044847019147 E 55.944539370094766 -3.1897044847019145 876.502955 1016.589839
55.944539370094766 -3.1897044847019145 E 55.944539370094766 -3.1894044847019143 972.585029 1049.924925
55.944539370094766 -3.1894044847019143 E 55.944539370094766 -3.189104484701914 972.585029 1048.674925
55.944539370094766 -3.189104484701914 E 55.944539370094766 -3.188804484701914 972.585029 1047.424925
55.944539370094766 -3.188804484701914 E 55.944539370094766 -3.1885044847019137 948.757307 1022.278990
55.944539370094766 -3.1885044847019137 E 55.944539370094766 -3.1882044847019135 948.757307 1021.028990
55.944539370094766 -3.1882044847019135 E 55.944539370094766 -3.1879044847019133 948.757307 1019.778990
55.944539370094766 -3.1879044847019133 E 55.944539370094766 -3.187604484701913 948.757307 1018.528990
55.944539370094766 -3.187604484701913 ESE 55.944424565065056 -3.1873273208421598 948.757307 1017.278990
55.944424565065056 -3.1873273208421598 E 55.944424565065056 -3.1870273208421596 948.757307 1016.028990
55.944424565065056 -3.1870273208421596 ESE 55.944309760035345 -3.186750156982406 948.757307 1014.778990
55.944309760035345 -3.186750156982406 E 55.944309760035345 -3.186450156982406 1059.366276 1084.940501
55.944309760035345 -3.186450156982406 ESE 55.944194955005635 -3.1861729931226526 1054.919427 979.441569
55.944194955005635 -3.1861729931226526 E 55.944194955005635 -3.1858729931226524 1054.919427 978.191569
55.944194955005635 -3.1858729931226524 ESE 55.944080149975925 -3.185595829262899 1054.919427 976.941569
55.944080149975925 -3.185595829262899 E 55.944080149975925 -3.185295829262899 1054.919427 975.691569
55.944080149975925 -3.185295829262899 ESE 55.943965344946214 -3.1850186654031454 1054.919427 974.441569
55.943965344946214 -3.1850186654031454 E 55.943965344946214 -3.184718665403145 1054.919427 973.191569
55.943965344946214 -3.184718665403145 W 55.943965344946214 -3.1850186654031454 1140.795224 1047.956285
55.943965344946214 -3.1850186654031454 WSW 55.943850539916504 -3.185295829262899 1140.795224 1046.706285
55.943850539916504 -3.185295829262899 W 55.943850539916504 -3.185595829262899 1140.795224 1045.456285
55.943850539916504 -3.185595829262899 WSW 55.94373573488679 -3.1858729931226524 1140.795224 1044.206285
55.94373573488679 -3.1858729931226524 W 55.94373573488679 -3.1861729931226526 1140.795224 1042.956285
55.94373573488679 -3.1861729931226526 WSW 55.94362092985708 -3.186450156982406 1140.795224 1041.706285
55.94362092985708 -3.186450156982406 W 55.94362092985708 -3.186750156982406 1140.795224 1040.456285
55.94362092985708 -3.186750156982406 WSW 55.94350612482737 -3.1870273208421596 1140.795224 1039.206285
55.94350612482737 -3.1870273208421596 W 55.94350612482737 -3.1873273208421598 1135.968620 978.913012
55.94350612482737 -3.1873273208421598 WSW 55.94339131979766 -3.187604484701913 1135.968620 977.663012
55.94339131979766 -3.187604484701913 W 55.94339131979766 -3.1879044847019133 1135.968620 976.413012
55.94339131979766 -3.1879044847019133 WSW 55.94327651476795 -3.1881816485616667 1135.968620 975.163012
55.94327651476795 -3.1881816485616667 W 55.94327651476795 -3.188481648561667 1135.968620 973.913012
55.94327651476795 -3.188481648561667 WSW 55.94316170973824 -3.1887588124214203 1135.968620 972.663012
55.94316170973824 -3.1887588124214203 W 55.94316170973824 -3.1890588124214205 1135.968620 971.413012
55.94316170973824 -3.1890588124214205 WSW 55.94304690470853 -3.189335976281174 1135.968620 970.163012
55.94304690470853 -3.189335976281174 W 55.94304690470853 -3.189635976281174 1135.968620 968.913012
55.94304690470853 -3.189635976281174 WSW 55.94293209967882 -3.1899131401409275 1135.968620 967.663012
55.94293209967882 -3.1899131401409275 W 55.94293209967882 -3.1902131401409277 1090.573160 951.716390
55.94293209967882 -3.1902131401409277 WSW 55.94281729464911 -3.190490304000681 1090.573160 950.466390
55.94281729464911 -3.190490304000681 W 55.94281729464911 -3.1907903040006813 1090.573160 949.216390
55.94281729464911 -3.1907903040006813 WSW 55.9427024896194 -3.1910674678604347 1090.573160 947.966390
55.9427024896194 -3.1910674678604347 NNW 55.942979653479156 -3.1911822728901442 1168.228577 1030.208270
55.942979653479156 -3.1911822728901442 NNW 55.94325681733891 -3.1912970779198537 1168.228577 1028.958270
55.94325681733891 -3.1912970779198537 NNW 55.94353398119867 -3.1914118829495632 1099.775601 1023.758614
55.94353398119867 -3.1914118829495632 NNW 55.943811145058426 -3.1915266879792727 1099.775601 1022.508614
55.943811145058426 -3.1915266879792727 N 55.94411114505843 -3.1915266879792727 1144.089641 1026.872247
55.94411114505843 -3.1915266879792727 NNW 55.944388308918185 -3.1916414930089823 1159.744848 1066.385674
55.944388308918185 -3.1916414930089823 E 55.944388308918185 -3.191341493008982 1248.903594 1167.926479
55.944388308918185 -3.191341493008982 E 55.944388308918185 -3.191041493008982 1248.903594 1166.676479
55.944388308918185 -3.191041493008982 E 55.944388308918185 -3.1907414930089817 1248.903594 1165.426479
55.944388308918185 -3.1907414930089817 E 55.944388308918185 -3.1904414930089815 1248.903594 1164.176479
55.944388308918185 -3.1904414930089815 E 55.944388308918185 -3.1901414930089813 1248.903594 1162.926479
55.944388308918185 -3.1901414930089813 E 55.944388308918185 -3.189841493008981 1248.903594 1161.676479
55.944388308918185 -3.189841493008981 E 55.944388308918185 -3.189541493008981 1248.903594 1160.426479
55.944388308918185 -3.189541493008981 E 55.944388308918185 -3.1892414930089807 1248.903594 1159.176479
55.944388308918185 -3.1892414930089807 E 55.944388308918185 -3.1889414930089806 1248.903594 1157.926479
55.944388308918185 -3.1889414930089806 ESE 55.944273503888475 -3.188664329149227 1248.903594 1156.676479
55.944273503888475 -3.188664329149227 E 55.944273503888475 -3.188364329149227 1248.903594 1155.426479
55.944273503888475 -3.188364329149227 ESE 55.944158698858764 -3.1880871652894736 1248.903594 1154.176479
55.944158698858764 -3.1880871652894736 E 55.944158698858764 -3.1877871652894734 1222.961186 1142.757997
55.944158698858764 -3.1877871652894734 ESE 55.944043893829054 -3.18751000142972 1222.961186 1141.507997
55.944043893829054 -3.18751000142972 E 55.944043893829054 -3.1872100014297198 1222.961186 1140.257997
55.944043893829054 -3.1872100014297198 ESE 55.943929088799344 -3.1869328375699664 1222.961186 1139.007997
55.943929088799344 -3.1869328375699664 E 55.943929088799344 -3.186632837569966 1222.961186 1137.757997
55.943929088799344 -3.186632837569966 WNW 55.944043893829054 -3.1869100014297196 1254.622889 1216.079363
55.944043893829054 -3.1869100014297196 WNW 55.944158698858764 -3.187187165289473 1254.622889 1214.829363
55.944158698858764 -3.187187165289473 WNW 55.944273503888475 -3.1874643291492264 1254.622889 1213.579363
55.944273503888475 -3.1874643291492264 WNW 55.944388308918185 -3.18774149300898 1254.622889 1212.329363
55.944388308918185 -3.18774149300898 W 55.944388308918185 -3.18804149300898 1254.622889 1211.079363
55.944388308918185 -3.18804149300898 WNW 55.944503113947896 -3.1883186568687334 1254.622889 1209.829363
55.944503113947896 -3.1883186568687334 W 55.944503113947896 -3.1886186568687336 1254.622889 1208.579363
55.944503113947896 -3.1886186568687336 WNW 55.944617918977606 -3.188895820728487 1254.622889 1207.329363
55.944617918977606 -3.188895820728487 W 55.944617918977606 -3.189195820728487 1254.622889 1206.079363
55.944617918977606 -3.189195820728487 WNW 55.94473272400732 -3.1894729845882406 1254.622889 1204.829363
55.94473272400732 -3.1894729845882406 W 55.94473272400732 -3.1897729845882408 1254.622889 1203.579363
55.94473272400732 -3.1897729845882408 WNW 55.94484752903703 -3.190050148447994 1254.622889 1202.329363
55.94484752903703 -3.190050148447994 W 55.94484752903703 -3.1903501484479944 1254.622889 1201.079363
55.94484752903703 -3.1903501484479944 WNW 55.94496233406674 -3.1906273123077478 1254.622889 1199.829363
55.94496233406674 -3.1906273123077478 W 55.94496233406674 -3.190927312307748 1254.622889 1198.579363
55.94496233406674 -3.190927312307748 WNW 55.94507713909645 -3.1912044761675014 1254.622889 1197.329363
55.94507713909645 -3.1912044761675014 W 55.94507713909645 -3.1915044761675015 1254.622889 1196.079363
55.94507713909645 -3.1915044761675015 WNW 55.94519194412616 -3.191781640027255 1254.622889 1194.829363
55.94519194412616 -3.191781640027255 W 55.94519194412616 -3.192081640027255 1254.622889 1193.579363
55.94519194412616 -3.192081640027255 WNW 55.94530674915587 -3.1923588038870085 1254.622889 1192.329363
55.94530674915587 -3.1923588038870085 E 55.94530674915587 -3.1920588038870084 1340.049065 1229.093160
55.94530674915587 -3.1920588038870084 E 55.94530674915587 -3.191758803887008 1340.049065 1227.843160
55.94530674915587 -3.191758803887008 E 55.94530674915587 -3.191458803887008 1340.049065 1226.593160
55.94530674915587 -3.191458803887008 E 55.94530674915587 -3.191158803887008 1340.049065 1225.343160
55.94530674915587 -3.191158803887008 E 55.94530674915587 -3.1908588038870076 1340.049065 1224.093160
55.94530674915587 -3.1908588038870076 E 55.94530674915587 -3.1905588038870074 1340.049065 1222.843160
55.94530674915587 -3.1905588038870074 E 55.94530674915587 -3.190258803887007 1340.049065 1221.593160
55.94530674915587 -3.190258803887007 E 55.94530674915587 -3.189958803887007 1340.049065 1220.343160
55.94530674915587 -3.189958803887007 E 55.94530674915587 -3.189658803887007 1340.049065 1219.093160
55.94530674915587 -3.189658803887007 E 55.94530674915587 -3.1893588038870067 1340.049065 1217.843160
55.94530674915587 -3.1893588038870067 E 55.94530674915587 -3.1890588038870065 1340.049065 1216.593160
55.94530674915587 -3.1890588038870065 E 55.94530674915587 -3.1887588038870063 1340.049065 1215.343160
55.94530674915587 -3.1887588038870063 E 55.94530674915587 -3.188458803887006 1340.049065 1214.093160
55.94530674915587 -3.188458803887006 E 55.94530674915587 -3.188158803887006 1340.049065 1212.843160
55.94530674915587 -3.188158803887006 E 55.94530674915587 -3.1878588038870057 1340.049065 1211.593160
55.94530674915587 -3.1878588038870057 E 55.94530674915587 -3.1875588038870055 1340.049065 1210.343160
55.94530674915587 -3.1875588038870055 E 55.94530674915587 -3.1872588038870053 1340.049065 1209.093160
55.94530674915587 -3.1872588038870053 E 55.94530674915587 -3.186958803887005 1340.049065 1207.843160
55.94530674915587 -3.186958803887005 E 55.94530674915587 -3.186658803887005 1340.049065 1206.593160
55.94530674915587 -3.186658803887005 ENE 55.94542155418558 -3.1863816400272515 1340.049065 1205.343160
55.94542155418558 -3.1863816400272515 E 55.94542155418558 -3.1860816400272514 1249.391305 1182.057462
55.94542155418558 -3.1860816400272514 ENE 55.94553635921529 -3.185804476167498 1249.391305 1180.807462
55.94553635921529 -3.185804476167498 E 55.94553635921529 -3.1855044761674978 1249.391305 1179.557462
55.94553635921529 -3.1855044761674978 ENE 55.945651164245 -3.1852273123077444 1249.391305 1178.307462
55.945651164245 -3.1852273123077444 E 55.945651164245 -3.184927312307744 1249.391305 1177.057462
55.945651164245 -3.184927312307744 ENE 55.94576596927471 -3.1846501484479908 1249.391305 1175.807462
55.94576596927471 -3.1846501484479908 E 55.94576596927471 -3.1843501484479906 1249.391305 1174.557462
55.94576596927471 -3.1843501484479906 WSW 55.945651164245 -3.184627312307744 1318.849819 1289.391858
55.945651164245 -3.184627312307744 WSW 55.94553635921529 -3.1849044761674974 1318.849819 1288.141858
55.94553635921529 -3.1849044761674974 WSW 55.94542155418558 -3.185181640027251 1318.849819 1286.891858
55.94542155418558 -3.185181640027251 WSW 55.94530674915587 -3.185458803887004 1318.849819 1285.641858
55.94530674915587 -3.185458803887004 WSW 55.94519194412616 -3.1857359677467576 1318.849819 1284.391858
55.94519194412616 -3.1857359677467576 WSW 55.94507713909645 -3.186013131606511 1318.849819 1283.141858
55.94507713909645 -3.186013131606511 WSW 55.94496233406674 -3.1862902954662644 1318.849819 1281.891858
55.94496233406674 -3.1862902954662644 WSW 55.94484752903703 -3.186567459326018 1318.849819 1280.641858
55.94484752903703 -3.186567459326018 WSW 55.94473272400732 -3.186844623185771 1318.849819 1279.391858
55.94473272400732 -3.186844623185771 WSW 55.944617918977606 -3.1871217870455246 1318.849819 1278.141858
55.944617918977606 -3.1871217870455246 WSW 55.944503113947896 -3.187398950905278 1318.849819 1276.891858
55.944503113947896 -3.187398950905278 W 55.944503113947896 -3.187698950905278 1318.849819 1275.641858
55.944503113947896 -3.187698950905278 WSW 55.944388308918185 -3.1879761147650316 1318.849819 1274.391858
55.944388308918185 -3.1879761147650316 W 55.944388308918185 -3.188276114765032 1318.849819 1273.141858
55.944388308918185 -3.188276114765032 WSW 55.944273503888475 -3.188553278624785 1318.849819 1271.891858
55.944273503888475 -3.188553278624785 W 55.944273503888475 -3.1888532786247854 1318.849819 1270.641858
55.944273503888475 -3.1888532786247854 WSW 55.944158698858764 -3.189130442484539 1318.849819 1269.391858
55.944158698858764 -3.189130442484539 W 55.944158698858764 -3.189430442484539 1318.849819 1268.141858
55.944158698858764 -3.189430442484539 WSW 55.944043893829054 -3.1897076063442924 1318.849819 1266.891858
55.944043893829054 -3.1897076063442924 W 55.944043893829054 -3.1900076063442926 1318.849819 1265.641858
55.944043893829054 -3.1900076063442926 WSW 55.943929088799344 -3.190284770204046 1318.849819 1264.391858
55.943929088799344 -3.190284770204046 W 55.943929088799344 -3.190584770204046 1318.849819 1263.141858
55.943929088799344 -3.190584770204046 WSW 55.94381428376963 -3.1908619340637996 1318.849819 1261.891858
55.94381428376963 -3.1908619340637996 W 55.94381428376963 -3.1911619340637998 1318.849819 1260.641858
55.94381428376963 -3.1911619340637998 E 55.94381428376963 -3.1908619340637996 1380.547330 1280.756402
55.94381428376963 -3.1908619340637996 E 55.94381428376963 -3.1905619340637994 1380.547330 1279.506402
55.94381428376963 -3.1905619340637994 E 55.94381428376963 -3.190261934063799 1380.547330 1278.256402
55.94381428376963 -3.190261934063799 E 55.94381428376963 -3.189961934063799 1380.547330 1277.006402
55.94381428376963 -3.189961934063799 E 55.94381428376963 -3.189661934063799 1380.547330 1275.756402
55.94381428376963 -3.189661934063799 E 55.94381428376963 -3.1893619340637986 1380.547330 1274.506402
55.94381428376963 -3.1893619340637986 E 55.94381428376963 -3.1890619340637985 1380.547330 1273.256402
55.94381428376963 -3.1890619340637985 ENE 55.943929088799344 -3.188784770204045 1380.547330 1272.006402
55.943929088799344 -3.188784770204045 E 55.943929088799344 -3.188484770204045 1380.547330 1270.756402
55.943929088799344 -3.188484770204045 ENE 55.944043893829054 -3.1882076063442915 1380.547330 1269.506402
55.944043893829054 -3.1882076063442915 SW 55.9438317617947 -3.1884197383786472 1453.916718 1345.585239
55.9438317617947 -3.1884197383786472 SW 55.94361962976034 -3.188631870413003 1453.916718 1344.335239
55.94361962976034 -3.188631870413003 SW 55.943407497725985 -3.1888440024473588 1453.916718 1343.085239
55.943407497725985 -3.1888440024473588 SW 55.94319536569163 -3.1890561344817145 1453.916718 1341.835239
55.94319536569163 -3.1890561344817145 WSW 55.94308056066192 -3.189333298341468 1453.916718 1340.585239
55.94308056066192 -3.189333298341468 SW 55.94286842862756 -3.1895454303758237 1453.916718 1339.335239
55.94286842862756 -3.1895454303758237 WSW 55.94275362359785 -3.189822594235577 1453.916718 1338.085239
55.94275362359785 -3.189822594235577 ENE 55.94286842862756 -3.1895454303758237 1503.355150 1406.667962
55.94286842862756 -3.1895454303758237 ENE 55.94298323365727 -3.1892682665160703 1503.355150 1405.417962
55.94298323365727 -3.1892682665160703 ENE 55.94309803868698 -3.188991102656317 1503.355150 1404.167962
55.94309803868698 -3.188991102656317 ENE 55.943212843716694 -3.1887139387965635 1503.355150 1402.917962
55.943212843716694 -3.1887139387965635 ENE 55.943327648746404 -3.18843677493681 1503.355150 1401.667962
55.943327648746404 -3.18843677493681 ENE 55.943442453776115 -3.1881596110770567 1503.355150 1400.417962
55.943442453776115 -3.1881596110770567 ENE 55.943557258805825 -3.1878824472173033 1503.355150 1399.167962
55.943557258805825 -3.1878824472173033 ENE 55.943672063835535 -3.18760528335755 1503.355150 1397.917962
55.943672063835535 -3.18760528335755 ENE 55.943786868865246 -3.1873281194977965 1503.355150 1396.667962
55.943786868865246 -3.1873281194977965 ENE 55.943901673894956 -3.187050955638043 1503.355150 1395.417962
55.943901673894956 -3.187050955638043 ENE 55.94401647892467 -3.1867737917782897 1503.355150 1394.167962
55.94401647892467 -3.1867737917782897 ENE 55.94413128395438 -3.1864966279185363 1503.355150 1392.917962
55.94413128395438 -3.1864966279185363 ENE 55.94424608898409 -3.186219464058783 1503.355150 1391.667962
55.94424608898409 -3.186219464058783 ENE 55.9443608940138 -3.1859423001990295 1503.355150 1390.417962
55.9443608940138 -3.1859423001990295 ENE 55.94447569904351 -3.185665136339276 1503.355150 1389.167962
55.94447569904351 -3.185665136339276 NE 55.944687831077864 -3.1854530043049203 1503.355150 1387.917962
55.944687831077864 -3.1854530043049203 ENE 55.944802636107575 -3.185175840445167 1503.355150 1386.667962
55.944802636107575 -3.185175840445167 NE 55.94501476814193 -3.184963708410811 1503.355150 1385.417962
55.94501476814193 -3.184963708410811 ENE 55.94512957317164 -3.1846865445510577 1536.148012 1471.277965
55.94512957317164 -3.1846865445510577 W 55.94512957317164 -3.184986544551058 1536.148012 1470.027965
55.94512957317164 -3.184986544551058 SE 55.944917441137285 -3.184774412516702 1486.040410 1350.248312
55.944917441137285 -3.184774412516702 NE 55.94512957317164 -3.1845622804823464 1486.040410 1348.998312
55.94512957317164 -3.1845622804823464 E 55.94512957317164 -3.184262280482346 1486.040410 1347.748312
