55.944425 -3.188396 ENE 55.94453980502971 -3.1881188361402466 0.000000 248.750000
55.94453980502971 -3.1881188361402466 ENE 55.94465461005942 -3.187841672280493 0.000000 247.500000
55.94465461005942 -3.187841672280493 ENE 55.944769415089134 -3.18756450842074 0.000000 246.250000
55.944769415089134 -3.18756450842074 ENE 55.944884220118844 -3.1872873445609864 0.000000 245.000000
55.944884220118844 -3.1872873445609864 ENE 55.944999025148554 -3.187010180701233 49.270928 256.824749
55.944999025148554 -3.187010180701233 ENE 55.945113830178265 -3.1867330168414796 0.000000 131.704170
55.945113830178265 -3.1867330168414796 ENE 55.945228635207975 -3.186455852981726 0.000000 130.454170
55.945228635207975 -3.186455852981726 ENE 55.945343440237686 -3.1861786891219728 0.000000 129.204170
55.945343440237686 -3.1861786891219728 ENE 55.945458245267396 -3.1859015252622194 0.000000 127.954170
55.945458245267396 -3.1859015252622194 S 55.94515824526739 -3.1859015252622194 113.887452 161.557950
55.94515824526739 -3.1859015252622194 S 55.94485824526739 -3.1859015252622194 220.206845 177.434411
55.94485824526739 -3.1859015252622194 S 55.94455824526739 -3.1859015252622194 235.925669 269.476424
55.94455824526739 -3.1859015252622194 SSE 55.94428108140763 -3.18578672023251 235.925669 268.226424
55.94428108140763 -3.18578672023251 S 55.94398108140763 -3.18578672023251 235.925669 266.976424
55.94398108140763 -3.18578672023251 SSE 55.94370391754787 -3.1856719152028004 235.925669 265.726424
55.94370391754787 -3.1856719152028004 S 55.94340391754787 -3.1856719152028004 313.140754 273.632146
55.94340391754787 -3.1856719152028004 SSE 55.94312675368811 -3.185557110173091 313.140754 272.382146
55.94312675368811 -3.185557110173091 NNE 55.94340391754787 -3.1854423051433813 348.280399 331.473396
55.94340391754787 -3.1854423051433813 NNE 55.943681081407625 -3.185327500113672 348.280399 330.223396
55.943681081407625 -3.185327500113672 NNE 55.94395824526738 -3.1852126950839623 348.280399 328.973396
55.94395824526738 -3.1852126950839623 NNE 55.94423540912714 -3.185097890054253 348.280399 327.723396
55.94423540912714 -3.185097890054253 NNE 55.944512572986895 -3.1849830850245433 348.280399 326.473396
55.944512572986895 -3.1849830850245433 NNE 55.94478973684665 -3.184868279994834 348.280399 325.223396
55.94478973684665 -3.184868279994834 NNE 55.94506690070641 -3.1847534749651243 348.280399 323.973396
55.94506690070641 -3.1847534749651243 W 55.94506690070641 -3.1850534749651245 381.073260 409.833400
55.94506690070641 -3.1850534749651245 W 55.94506690070641 -3.1853534749651247 330.965659 290.053746
55.94506690070641 -3.1853534749651247 W 55.94506690070641 -3.185653474965125 330.965659 288.803746
55.94506690070641 -3.185653474965125 W 55.94506690070641 -3.185953474965125 330.965659 287.553746
55.94506690070641 -3.185953474965125 WNW 55.94518170573612 -3.1862306388248784 330.965659 286.303746
55.94518170573612 -3.1862306388248784 W 55.94518170573612 -3.1865306388248786 330.965659 285.053746
55.94518170573612 -3.1865306388248786 WNW 55.94529651076583 -3.186807802684632 330.965659 283.803746
55.94529651076583 -3.186807802684632 W 55.94529651076583 -3.1871078026846322 330.965659 282.553746
55.94529651076583 -3.1871078026846322 WNW 55.94541131579554 -3.1873849665443856 330.965659 281.303746
55.94541131579554 -3.1873849665443856 W 55.94541131579554 -3.187684966544386 330.965659 280.053746
55.94541131579554 -3.187684966544386 WNW 55.94552612082525 -3.1879621304041392 330.965659 278.803746
55.94552612082525 -3.1879621304041392 W 55.94552612082525 -3.1882621304041394 330.965659 277.553746
55.94552612082525 -3.1882621304041394 WNW 55.94564092585496 -3.188539294263893 330.965659 276.303746
55.94564092585496 -3.188539294263893 W 55.94564092585496 -3.188839294263893 330.965659 275.053746
55.94564092585496 -3.188839294263893 WNW 55.94575573088467 -3.1891164581236464 352.858855 374.792661
55.94575573088467 -3.1891164581236464 ESE 55.94564092585496 -3.188839294263893 433.489343 489.389139
55.94564092585496 -3.188839294263893 ESE 55.94552612082525 -3.1885621304041396 433.489343 488.139139
55.94552612082525 -3.1885621304041396 ESE 55.94541131579554 -3.188284966544386 433.489343 486.889139
55.94541131579554 -3.188284966544386 ESE 55.94529651076583 -3.188007802684633 433.489343 485.639139
55.94529651076583 -3.188007802684633 ESE 55.94518170573612 -3.1877306388248794 433.489343 484.389139
55.94518170573612 -3.1877306388248794 ESE 55.94506690070641 -3.187453474965126 433.489343 483.139139
55.94506690070641 -3.187453474965126 ESE 55.9449520956767 -3.1871763111053726 433.489343 481.889139
55.9449520956767 -3.1871763111053726 ESE 55.94483729064699 -3.186899147245619 433.489343 480.639139
55.94483729064699 -3.186899147245619 ESE 55.94472248561728 -3.1866219833858658 378.746985 479.389139
55.94472248561728 -3.1866219833858658 ESE 55.944607680587566 -3.1863448195261124 378.746985 478.139139
55.944607680587566 -3.1863448195261124 ESE 55.944492875557856 -3.186067655666359 378.746985 476.889139
55.944492875557856 -3.186067655666359 ESE 55.944378070528145 -3.1857904918066056 378.746985 475.639139
55.944378070528145 -3.1857904918066056 ESE 55.944263265498435 -3.185513327946852 378.746985 474.389139
55.944263265498435 -3.185513327946852 ESE 55.944148460468725 -3.1852361640870988 378.746985 473.139139
55.944148460468725 -3.1852361640870988 ESE 55.944033655439014 -3.1849590002273453 378.746985 471.889139
55.944033655439014 -3.1849590002273453 ESE 55.943918850409304 -3.184681836367592 378.746985 470.639139
55.943918850409304 -3.184681836367592 W 55.943918850409304 -3.184981836367592 464.622782 545.403855
55.943918850409304 -3.184981836367592 W 55.943918850409304 -3.1852818363675923 464.622782 544.153855
55.943918850409304 -3.1852818363675923 W 55.943918850409304 -3.1855818363675925 464.622782 542.903855
55.943918850409304 -3.1855818363675925 W 55.943918850409304 -3.1858818363675927 464.622782 541.653855
55.943918850409304 -3.1858818363675927 W 55.943918850409304 -3.186181836367593 464.622782 540.403855
55.943918850409304 -3.186181836367593 W 55.943918850409304 -3.186481836367593 496.284486 618.725221
55.943918850409304 -3.186481836367593 W 55.943918850409304 -3.1867818363675933 496.284486 617.475221
55.943918850409304 -3.1867818363675933 W 55.943918850409304 -3.1870818363675935 496.284486 616.225221
55.943918850409304 -3.1870818363675935 W 55.943918850409304 -3.1873818363675936 496.284486 614.975221
55.943918850409304 -3.1873818363675936 W 55.943918850409304 -3.187681836367594 496.284486 613.725221
55.943918850409304 -3.187681836367594 W 55.943918850409304 -3.187981836367594 496.284486 612.475221
55.943918850409304 -3.187981836367594 W 55.943918850409304 -3.188281836367594 569.653873 688.554057
55.943918850409304 -3.188281836367594 W 55.943918850409304 -3.1885818363675944 569.653873 687.304057
55.943918850409304 -3.1885818363675944 WNW 55.944033655439014 -3.188859000227348 569.653873 686.054057
55.944033655439014 -3.188859000227348 W 55.944033655439014 -3.189159000227348 569.653873 684.804057
55.944033655439014 -3.189159000227348 WNW 55.944148460468725 -3.1894361640871014 569.653873 683.554057
55.944148460468725 -3.1894361640871014 W 55.944148460468725 -3.1897361640871016 569.653873 682.304057
55.944148460468725 -3.1897361640871016 WNW 55.944263265498435 -3.190013327946855 569.653873 681.054057
55.944263265498435 -3.190013327946855 W 55.944263265498435 -3.190313327946855 569.653873 679.804057
55.944263265498435 -3.190313327946855 WNW 55.944378070528145 -3.1905904918066086 569.653873 678.554057
55.944378070528145 -3.1905904918066086 W 55.944378070528145 -3.1908904918066088 569.653873 677.304057
55.944378070528145 -3.1908904918066088 WNW 55.944492875557856 -3.191167655666362 569.653873 676.054057
55.944492875557856 -3.191167655666362 W 55.944492875557856 -3.1914676556663624 569.653873 674.804057
55.944492875557856 -3.1914676556663624 NNE 55.94477003941761 -3.191352850636653 661.748726 678.649221
55.94477003941761 -3.191352850636653 NNE 55.94504720327737 -3.1912380456069434 661.748726 677.399221
55.94504720327737 -3.1912380456069434 NNE 55.945324367137125 -3.191123240577234 661.748726 676.149221
55.945324367137125 -3.191123240577234 S 55.94502436713712 -3.191123240577234 725.678653 792.778831
55.94502436713712 -3.191123240577234 S 55.94472436713712 -3.191123240577234 725.678653 791.528831
55.94472436713712 -3.191123240577234 S 55.94442436713712 -3.191123240577234 725.678653 790.278831
55.94442436713712 -3.191123240577234 S 55.944124367137114 -3.191123240577234 725.678653 789.028831
55.944124367137114 -3.191123240577234 S 55.94382436713711 -3.191123240577234 725.678653 787.778831
55.94382436713711 -3.191123240577234 S 55.94352436713711 -3.191123240577234 787.376164 807.893375
55.94352436713711 -3.191123240577234 S 55.943224367137105 -3.191123240577234 718.923188 802.693719
55.943224367137105 -3.191123240577234 S 55.9429243671371 -3.191123240577234 718.923188 801.443719
55.9429243671371 -3.191123240577234 E 55.9429243671371 -3.1908232405772337 796.578606 883.685599
55.9429243671371 -3.1908232405772337 E 55.9429243671371 -3.1905232405772335 796.578606 882.435599
55.9429243671371 -3.1905232405772335 E 55.9429243671371 -3.1902232405772333 796.578606 881.185599
55.9429243671371 -3.1902232405772333 E 55.9429243671371 -3.189923240577233 796.578606 879.935599
55.9429243671371 -3.189923240577233 E 55.9429243671371 -3.189623240577233 751.183145 863.988977
55.9429243671371 -3.189623240577233 E 55.9429243671371 -3.1893232405772327 751.183145 862.738977
55.9429243671371 -3.1893232405772327 E 55.9429243671371 -3.1890232405772325 751.183145 861.488977
55.9429243671371 -3.1890232405772325 E 55.9429243671371 -3.1887232405772323 751.183145 860.238977
55.9429243671371 -3.1887232405772323 E 55.9429243671371 -3.188423240577232 751.183145 858.988977
55.9429243671371 -3.188423240577232 E 55.9429243671371 -3.188123240577232 751.183145 857.738977
55.9429243671371 -3.188123240577232 ESE 55.94280956210739 -3.1878460767174785 751.183145 856.488977
55.94280956210739 -3.1878460767174785 E 55.94280956210739 -3.1875460767174784 751.183145 855.238977
55.94280956210739 -3.1875460767174784 ESE 55.94269475707768 -3.187268912857725 751.183145 853.988977
55.94269475707768 -3.187268912857725 E 55.94269475707768 -3.1869689128577248 751.183145 852.738977
55.94269475707768 -3.1869689128577248 SSW 55.942417593217925 -3.1870837178874343 775.209800 968.585703
55.942417593217925 -3.1870837178874343 WNW 55.942532398247636 -3.1873608817471877 775.209800 967.335703
55.942532398247636 -3.1873608817471877 WNW 55.942647203277346 -3.187638045606941 775.209800 966.085703
55.942647203277346 -3.187638045606941 WNW 55.94276200830706 -3.1879152094666945 775.209800 964.835703
55.94276200830706 -3.1879152094666945 WNW 55.94287681333677 -3.188192373326448 775.209800 963.585703
55.94287681333677 -3.188192373326448 WNW 55.94299161836648 -3.1884695371862013 775.209800 962.335703
55.94299161836648 -3.1884695371862013 WNW 55.94310642339619 -3.1887467010459547 775.209800 961.085703
55.94310642339619 -3.1887467010459547 WNW 55.9432212284259 -3.189023864905708 775.209800 959.835703
55.9432212284259 -3.189023864905708 WNW 55.94333603345561 -3.1893010287654615 831.848361 1042.247744
55.94333603345561 -3.1893010287654615 WNW 55.94345083848532 -3.189578192625215 831.848361 1040.997744
55.94345083848532 -3.189578192625215 WNW 55.94356564351503 -3.1898553564849683 831.848361 1039.747744
55.94356564351503 -3.1898553564849683 WNW 55.94368044854474 -3.1901325203447217 831.848361 1038.497744
55.94368044854474 -3.1901325203447217 W 55.94368044854474 -3.190432520344722 831.848361 1037.247744
55.94368044854474 -3.190432520344722 WNW 55.94379525357445 -3.1907096842044753 831.848361 1035.997744
55.94379525357445 -3.1907096842044753 W 55.94379525357445 -3.1910096842044755 831.848361 1034.747744
55.94379525357445 -3.1910096842044755 WNW 55.94391005860416 -3.191286848064229 831.848361 1033.497744
55.94391005860416 -3.191286848064229 NNW 55.94418722246392 -3.1914016530939384 876.162401 1037.861378
55.94418722246392 -3.1914016530939384 NW 55.94439935449827 -3.191613785128294 876.162401 1036.611378
55.94439935449827 -3.191613785128294 SSW 55.94412219063852 -3.1917285901580037 876.162401 1035.361378
55.94412219063852 -3.1917285901580037 ENE 55.94423699566823 -3.1914514262982503 891.817608 1074.874805
55.94423699566823 -3.1914514262982503 ENE 55.94435180069794 -3.191174262438497 891.817608 1073.624805
55.94435180069794 -3.191174262438497 ENE 55.94446660572765 -3.1908970985787435 891.817608 1072.374805
55.94446660572765 -3.1908970985787435 E 55.94446660572765 -3.1905970985787433 891.817608 1071.124805
55.94446660572765 -3.1905970985787433 ENE 55.94458141075736 -3.19031993471899 891.817608 1069.874805
55.94458141075736 -3.19031993471899 E 55.94458141075736 -3.1900199347189897 952.615333 1105.142914
55.94458141075736 -3.1900199347189897 ENE 55.94469621578707 -3.1897427708592363 963.392835 1165.635135
55.94469621578707 -3.1897427708592363 ENE 55.94481102081678 -3.189465606999483 1059.474909 1198.970221
55.94481102081678 -3.189465606999483 ENE 55.94492582584649 -3.1891884431397295 1059.474909 1197.720221
55.94492582584649 -3.1891884431397295 ENE 55.9450406308762 -3.188911279279976 1059.474909 1196.470221
55.9450406308762 -3.188911279279976 ENE 55.94515543590591 -3.1886341154202227 1026.339760 1120.770803
55.94515543590591 -3.1886341154202227 ENE 55.94527024093562 -3.1883569515604693 1026.339760 1119.520803
55.94527024093562 -3.1883569515604693 ENE 55.94538504596533 -3.188079787700716 1026.339760 1118.270803
55.94538504596533 -3.188079787700716 NE 55.94559717799969 -3.18786765566636 1026.339760 1117.020803
55.94559717799969 -3.18786765566636 ENE 55.9457119830294 -3.1875904918066067 1026.339760 1115.770803
55.9457119830294 -3.1875904918066067 E 55.9457119830294 -3.1872904918066065 1037.173743 1197.089894
55.9457119830294 -3.1872904918066065 E 55.9457119830294 -3.1869904918066063 1037.173743 1195.839894
55.9457119830294 -3.1869904918066063 E 55.9457119830294 -3.186690491806606 1037.173743 1194.589894
55.9457119830294 -3.186690491806606 E 55.9457119830294 -3.186390491806606 946.515983 1171.304195
55.9457119830294 -3.186390491806606 E 55.9457119830294 -3.1860904918066058 946.280254 1068.228662
55.9457119830294 -3.1860904918066058 E 55.9457119830294 -3.1857904918066056 865.973056 981.248064
55.9457119830294 -3.1857904918066056 E 55.9457119830294 -3.1854904918066054 865.973056 979.998064
55.9457119830294 -3.1854904918066054 E 55.9457119830294 -3.185190491806605 865.973056 978.748064
55.9457119830294 -3.185190491806605 E 55.9457119830294 -3.184890491806605 865.973056 977.498064
55.9457119830294 -3.184890491806605 ENE 55.94582678805911 -3.1846133279468516 865.973056 976.248064
55.94582678805911 -3.1846133279468516 WSW 55.9457119830294 -3.184890491806605 935.431570 1091.082460
55.9457119830294 -3.184890491806605 WSW 55.94559717799969 -3.1851676556663584 935.431570 1089.832460
55.94559717799969 -3.1851676556663584 WSW 55.94548237296998 -3.185444819526112 935.431570 1088.582460
55.94548237296998 -3.185444819526112 WSW 55.945367567940266 -3.185721983385865 935.431570 1087.332460
55.945367567940266 -3.185721983385865 WSW 55.945252762910556 -3.1859991472456186 935.431570 1086.082460
55.945252762910556 -3.1859991472456186 SW 55.9450406308762 -3.1862112792799744 935.431570 1084.832460
55.9450406308762 -3.1862112792799744 WSW 55.94492582584649 -3.186488443139728 935.431570 1083.582460
55.94492582584649 -3.186488443139728 SW 55.94471369381213 -3.1867005751740836 935.431570 1082.332460
55.94471369381213 -3.1867005751740836 WSW 55.94459888878242 -3.186977739033837 935.431570 1081.082460
55.94459888878242 -3.186977739033837 SW 55.94438675674807 -3.1871898710681927 935.431570 1079.832460
55.94438675674807 -3.1871898710681927 WSW 55.944271951718356 -3.187467034927946 935.431570 1078.582460
55.944271951718356 -3.187467034927946 SW 55.944059819684 -3.187679166962302 935.431570 1077.332460
55.944059819684 -3.187679166962302 WSW 55.94394501465429 -3.1879563308220553 935.431570 1076.082460
55.94394501465429 -3.1879563308220553 SW 55.94373288261993 -3.188168462856411 935.431570 1074.832460
55.94373288261993 -3.188168462856411 WSW 55.94361807759022 -3.1884456267161645 935.431570 1073.582460
55.94361807759022 -3.1884456267161645 SW 55.94340594555587 -3.1886577587505203 935.431570 1072.332460
55.94340594555587 -3.1886577587505203 WSW 55.943291140526156 -3.1889349226102737 935.431570 1071.082460
55.943291140526156 -3.1889349226102737 SW 55.9430790084918 -3.1891470546446294 935.431570 1069.832460
55.9430790084918 -3.1891470546446294 WSW 55.94296420346209 -3.189424218504383 935.431570 1068.582460
55.94296420346209 -3.189424218504383 SW 55.94275207142773 -3.1896363505387386 935.431570 1067.332460
55.94275207142773 -3.1896363505387386 ENE 55.942866876457444 -3.189359186678985 984.870003 1135.915183
55.942866876457444 -3.189359186678985 ENE 55.942981681487154 -3.189082022819232 984.870003 1134.665183
55.942981681487154 -3.189082022819232 ENE 55.943096486516865 -3.1888048589594784 984.870003 1133.415183
55.943096486516865 -3.1888048589594784 ENE 55.943211291546575 -3.188527695099725 984.870003 1132.165183
55.943211291546575 -3.188527695099725 ENE 55.943326096576286 -3.1882505312399716 984.870003 1130.915183
55.943326096576286 -3.1882505312399716 ENE 55.943440901605996 -3.187973367380218 984.870003 1129.665183
55.943440901605996 -3.187973367380218 ENE 55.943555706635706 -3.187696203520465 984.870003 1128.415183
55.943555706635706 -3.187696203520465 ENE 55.94367051166542 -3.1874190396607114 984.870003 1127.165183
55.94367051166542 -3.1874190396607114 NE 55.94388264369977 -3.1872069076263556 984.870003 1125.915183
55.94388264369977 -3.1872069076263556 ENE 55.94399744872948 -3.186929743766602 984.870003 1124.665183
55.94399744872948 -3.186929743766602 NE 55.94420958076384 -3.1867176117322464 984.870003 1123.415183
55.94420958076384 -3.1867176117322464 E 55.94420958076384 -3.1864176117322462 1095.478972 1193.576695
55.94420958076384 -3.1864176117322462 W 55.94420958076384 -3.1867176117322464 1091.032123 1088.077762
55.94420958076384 -3.1867176117322464 W 55.94420958076384 -3.1870176117322466 1091.032123 1086.827762
55.94420958076384 -3.1870176117322466 W 55.94420958076384 -3.187317611732247 1091.032123 1085.577762
55.94420958076384 -3.187317611732247 W 55.94420958076384 -3.187617611732247 1091.032123 1084.327762
55.94420958076384 -3.187617611732247 W 55.94420958076384 -3.187917611732247 1091.032123 1083.077762
55.94420958076384 -3.187917611732247 W 55.94420958076384 -3.1882176117322474 1065.089714 1071.659280
55.94420958076384 -3.1882176117322474 W 55.94420958076384 -3.1885176117322476 1065.089714 1070.409280
55.94420958076384 -3.1885176117322476 W 55.94420958076384 -3.1888176117322478 1065.089714 1069.159280
55.94420958076384 -3.1888176117322478 W 55.94420958076384 -3.189117611732248 1041.261992 1044.013346
55.94420958076384 -3.189117611732248 W 55.94420958076384 -3.189417611732248 1041.261992 1042.763346
55.94420958076384 -3.189417611732248 W 55.94420958076384 -3.1897176117322483 1041.261992 1041.513346
55.94420958076384 -3.1897176117322483 W 55.94420958076384 -3.1900176117322485 1041.261992 1040.263346
55.94420958076384 -3.1900176117322485 WNW 55.94432438579355 -3.190294775592002 1041.261992 1039.013346
55.94432438579355 -3.190294775592002 W 55.94432438579355 -3.190594775592002 1041.261992 1037.763346
55.94432438579355 -3.190594775592002 WNW 55.94443919082326 -3.1908719394517555 1041.261992 1036.513346
55.94443919082326 -3.1908719394517555 W 55.94443919082326 -3.1911719394517557 1041.261992 1035.263346
55.94443919082326 -3.1911719394517557 WNW 55.94455399585297 -3.191449103311509 1041.261992 1034.013346
55.94455399585297 -3.191449103311509 W 55.94455399585297 -3.1917491033115093 1041.261992 1032.763346
55.94455399585297 -3.1917491033115093 NW 55.94476612788733 -3.191961235345865 1130.420738 1134.304150
55.94476612788733 -3.191961235345865 NW 55.94497825992168 -3.192173367380221 1130.420738 1133.054150
55.94497825992168 -3.192173367380221 NW 55.94519039195604 -3.1923854994145766 1130.420738 1131.804150
55.94519039195604 -3.1923854994145766 E 55.94519039195604 -3.1920854994145764 1215.846915 1168.567948
55.94519039195604 -3.1920854994145764 E 55.94519039195604 -3.1917854994145762 1215.846915 1167.317948
55.94519039195604 -3.1917854994145762 E 55.94519039195604 -3.191485499414576 1215.846915 1166.067948
55.94519039195604 -3.191485499414576 E 55.94519039195604 -3.191185499414576 1215.846915 1164.817948
55.94519039195604 -3.191185499414576 E 55.94519039195604 -3.1908854994145757 1215.846915 1163.567948
55.94519039195604 -3.1908854994145757 E 55.94519039195604 -3.1905854994145755 1215.846915 1162.317948
55.94519039195604 -3.1905854994145755 ENE 55.94530519698575 -3.190308335554822 1215.846915 1161.067948
55.94530519698575 -3.190308335554822 S 55.94500519698575 -3.190308335554822 1331.619296 1245.875143
55.94500519698575 -3.190308335554822 S 55.944705196985744 -3.190308335554822 1331.619296 1244.625143
55.944705196985744 -3.190308335554822 SSW 55.94442803312599 -3.1904231405845316 1331.619296 1243.375143
55.94442803312599 -3.1904231405845316 S 55.944128033125985 -3.1904231405845316 1331.619296 1242.125143
55.944128033125985 -3.1904231405845316 SSW 55.94385086926623 -3.190537945614241 1353.913410 1251.933707
55.94385086926623 -3.190537945614241 S 55.943550869266225 -3.190537945614241 1353.913410 1250.683707
55.943550869266225 -3.190537945614241 NE 55.94376300130058 -3.1903258135798853 1353.913410 1249.433707
55.94376300130058 -3.1903258135798853 W 55.94376300130058 -3.1906258135798855 1353.913410 1248.183707
55.94376300130058 -3.1906258135798855 ENE 55.94387780633029 -3.190348649720132 1353.913410 1246.933707
55.94387780633029 -3.190348649720132 SSW 55.943600642470535 -3.1904634547498416 1353.913410 1245.683707
55.943600642470535 -3.1904634547498416 WSW 55.943485837440825 -3.190740618609595 1353.913410 1244.433707
55.943485837440825 -3.190740618609595 SSE 55.94320867358107 -3.1906258135798855 1353.913410 1243.183707
55.94320867358107 -3.1906258135798855 NW 55.943420805615425 -3.1908379456142413 1353.913410 1241.933707
55.943420805615425 -3.1908379456142413 NNE 55.94369796947518 -3.1907231405845318 1353.913410 1240.683707
55.94369796947518 -3.1907231405845318 NE 55.94391010150954 -3.190511008550176 1353.913410 1239.433707
55.94391010150954 -3.190511008550176 ESE 55.94379529647983 -3.1902338446904226 1353.913410 1238.183707
55.94379529647983 -3.1902338446904226 E 55.94379529647983 -3.1899338446904224 1353.913410 1236.933707
55.94379529647983 -3.1899338446904224 NNE 55.944072460339584 -3.189819039660713 1353.913410 1235.683707
55.944072460339584 -3.189819039660713 W 55.944072460339584 -3.190119039660713 1353.913410 1234.433707
55.944072460339584 -3.190119039660713 SE 55.94386032830523 -3.1899069076263573 1353.913410 1233.183707
55.94386032830523 -3.1899069076263573 ENE 55.94397513333494 -3.189629743766604 1353.913410 1231.933707
55.94397513333494 -3.189629743766604 N 55.94427513333494 -3.189629743766604 1353.913410 1230.683707
55.94427513333494 -3.189629743766604 SW 55.944063001300584 -3.1898418758009597 1353.913410 1229.433707
55.944063001300584 -3.1898418758009597 SSW 55.94378583744083 -3.189956680830669 1353.913410 1228.183707
55.94378583744083 -3.189956680830669 S 55.943485837440825 -3.189956680830669 1353.913410 1226.933707
55.943485837440825 -3.189956680830669 W 55.943485837440825 -3.1902566808306694 1353.913410 1225.683707
55.943485837440825 -3.1902566808306694 NNE 55.94376300130058 -3.19014187580096 1353.913410 1224.433707
55.94376300130058 -3.19014187580096 ENE 55.94387780633029 -3.1898647119412065 1353.913410 1223.183707
55.94387780633029 -3.1898647119412065 SSE 55.943600642470535 -3.189749906911497 1353.913410 1221.933707
55.943600642470535 -3.189749906911497 ESE 55.943485837440825 -3.1894727430517436 1353.913410 1220.683707
55.943485837440825 -3.1894727430517436 ESE 55.943371032411115 -3.18919557919199 1353.913410 1219.433707
55.943371032411115 -3.18919557919199 NNE 55.94364819627087 -3.1890807741622806 1353.913410 1218.183707
55.94364819627087 -3.1890807741622806 WNW 55.94376300130058 -3.189357938022034 1353.913410 1216.933707
55.94376300130058 -3.189357938022034 SSW 55.943485837440825 -3.1894727430517436 1353.913410 1215.683707
55.943485837440825 -3.1894727430517436 ENE 55.943600642470535 -3.18919557919199 1353.913410 1214.433707
55.943600642470535 -3.18919557919199 WSW 55.943485837440825 -3.1894727430517436 1353.913410 1213.183707
55.943485837440825 -3.1894727430517436 NW 55.94369796947518 -3.1896848750860993 1353.913410 1211.933707
55.94369796947518 -3.1896848750860993 E 55.94369796947518 -3.189384875086099 1353.913410 1210.683707
55.94369796947518 -3.189384875086099 ESE 55.94358316444547 -3.1891077112263457 1353.913410 1209.433707
55.94358316444547 -3.1891077112263457 SSW 55.943306000585714 -3.1892225162560552 1353.913410 1208.183707
55.943306000585714 -3.1892225162560552 NE 55.94351813262007 -3.1890103842216995 1353.913410 1206.933707
55.94351813262007 -3.1890103842216995 SE 55.943306000585714 -3.1887982521873437 1353.913410 1205.683707
55.943306000585714 -3.1887982521873437 SW 55.94309386855136 -3.1890103842216995 1353.913410 1204.433707
