55.944425 -3.188396 ENE 55.94453980502971 -3.1881188361402466 0.000000 248.750000
55.94453980502971 -3.1881188361402466 ENE 55.94465461005942 -3.187841672280493 0.000000 247.500000
55.94465461005942 -3.187841672280493 ENE 55.944769415089134 -3.18756450842074 0.000000 246.250000
55.944769415089134 -3.18756450842074 ENE 55.944884220118844 -3.1872873445609864 0.000000 245.000000
55.944884220118844 -3.1872873445609864 ENE 55.944999025148554 -3.187010180701233 49.270928 256.824749
55.944999025148554 -3.187010180701233 ENE 55.945113830178265 -3.1867330168414796 0.000000 131.704170
55.945113830178265 -3.1867330168414796 ENE 55.945228635207975 -3.186455852981726 0.000000 130.454170
55.945228635207975 -3.186455852981726 ENE 55.945343440237686 -3.1861786891219728 0.000000 129.204170
55.945343440237686 -3.1861786891219728 ENE 55.945458245267396 -3.1859015252622194 0.000000 127.954170
55.945458245267396 -3.1859015252622194 S 55.94515824526739 -3.1859015252622194 113.887452 161.557950
55.94515824526739 -3.1859015252622194 S 55.94485824526739 -3.1859015252622194 220.206845 177.434411
55.94485824526739 -3.1859015252622194 S 55.94455824526739 -3.1859015252622194 235.925669 269.476424
55.94455824526739 -3.1859015252622194 SSE 55.94428108140763 -3.18578672023251 235.925669 268.226424
55.94428108140763 -3.18578672023251 S 55.94398108140763 -3.18578672023251 235.925669 266.976424
55.94398108140763 -3.18578672023251 SSE 55.94370391754787 -3.1856719152028004 235.925669 265.726424
55.94370391754787 -3.1856719152028004 S 55.94340391754787 -3.1856719152028004 313.140754 273.632146
55.94340391754787 -3.1856719152028004 SSE 55.94312675368811 -3.185557110173091 313.140754 272.382146
55.94312675368811 -3.185557110173091 WNW 55.94324155871782 -3.1858342740328442 348.280399 331.473396
55.94324155871782 -3.1858342740328442 WNW 55.94335636374753 -3.1861114378925977 348.280399 330.223396
55.94335636374753 -3.1861114378925977 WNW 55.94347116877724 -3.186388601752351 348.280399 328.973396
55.94347116877724 -3.186388601752351 WNW 55.943585973806954 -3.1866657656121045 348.280399 327.723396
55.943585973806954 -3.1866657656121045 WNW 55.943700778836664 -3.186942929471858 348.280399 326.473396
55.943700778836664 -3.186942929471858 WNW 55.943815583866375 -3.1872200933316113 343.453795 266.180123
55.943815583866375 -3.1872200933316113 WNW 55.943930388896085 -3.1874972571913647 343.453795 264.930123
55.943930388896085 -3.1874972571913647 WNW 55.944045193925795 -3.187774421051118 343.453795 263.680123
55.944045193925795 -3.187774421051118 WNW 55.944159998955506 -3.1880515849108715 343.453795 262.430123
55.944159998955506 -3.1880515849108715 WNW 55.944274803985216 -3.188328748770625 317.511386 251.011641
55.944274803985216 -3.188328748770625 WNW 55.94438960901493 -3.1886059126303783 317.511386 249.761641
55.94438960901493 -3.1886059126303783 WNW 55.94450441404464 -3.1888830764901317 293.683664 224.615706
55.94450441404464 -3.1888830764901317 WNW 55.94461921907435 -3.189160240349885 293.683664 223.365706
55.94461921907435 -3.189160240349885 W 55.94461921907435 -3.1894602403498853 293.683664 222.115706
55.94461921907435 -3.1894602403498853 WSW 55.94450441404464 -3.1897374042096387 389.765739 255.450792
55.94450441404464 -3.1897374042096387 WSW 55.94438960901493 -3.190014568069392 389.765739 254.200792
55.94438960901493 -3.190014568069392 WSW 55.944274803985216 -3.1902917319291455 400.543241 314.693014
55.944274803985216 -3.1902917319291455 WSW 55.944159998955506 -3.190568895788899 400.543241 313.443014
55.944159998955506 -3.190568895788899 WSW 55.944045193925795 -3.1908460596486523 422.837354 323.251578
55.944045193925795 -3.1908460596486523 SW 55.94383306189144 -3.191058191683008 422.837354 322.001578
55.94383306189144 -3.191058191683008 NE 55.944045193925795 -3.1908460596486523 484.534866 342.116122
55.944045193925795 -3.1908460596486523 NE 55.94425732596015 -3.1906339276142965 484.534866 340.866122
55.94425732596015 -3.1906339276142965 NE 55.94446945799451 -3.1904217955799408 484.534866 339.616122
55.94446945799451 -3.1904217955799408 NE 55.944681590028864 -3.190209663545585 545.332591 374.884231
55.944681590028864 -3.190209663545585 NE 55.94489372206322 -3.1899975315112292 545.332591 373.634231
55.94489372206322 -3.1899975315112292 ENE 55.94500852709293 -3.189720367651476 545.332591 372.384231
55.94500852709293 -3.189720367651476 NE 55.94522065912729 -3.18950823561712 545.332591 371.134231
55.94522065912729 -3.18950823561712 ENE 55.945335464157 -3.1892310717573666 545.332591 369.884231
55.945335464157 -3.1892310717573666 NE 55.94554759619135 -3.189018939723011 545.332591 368.634231
55.94554759619135 -3.189018939723011 SW 55.945335464157 -3.1892310717573666 625.963079 483.230708
55.945335464157 -3.1892310717573666 SW 55.94512333212264 -3.1894432037917224 625.963079 481.980708
55.94512333212264 -3.1894432037917224 SW 55.944911200088285 -3.189655335826078 625.963079 480.730708
55.944911200088285 -3.189655335826078 SSW 55.94463403622853 -3.1897701408557877 625.963079 479.480708
55.94463403622853 -3.1897701408557877 SW 55.94442190419417 -3.1899822728901435 625.963079 478.230708
55.94442190419417 -3.1899822728901435 SSW 55.944144740334416 -3.190097077919853 625.963079 476.980708
55.944144740334416 -3.190097077919853 SW 55.94393260830006 -3.1903092099542087 625.963079 475.730708
55.94393260830006 -3.1903092099542087 SSW 55.9436554444403 -3.1904240149839183 625.963079 474.480708
55.9436554444403 -3.1904240149839183 SW 55.94344331240595 -3.190636147018274 625.963079 473.230708
55.94344331240595 -3.190636147018274 SSW 55.94316614854619 -3.1907509520479835 625.963079 471.980708
55.94316614854619 -3.1907509520479835 SW 55.942954016511834 -3.1909630840823393 625.963079 470.730708
55.942954016511834 -3.1909630840823393 SSW 55.94267685265208 -3.191077889112049 625.963079 469.480708
55.94267685265208 -3.191077889112049 N 55.94297685265208 -3.191077889112049 703.618497 551.722587
55.94297685265208 -3.191077889112049 NNW 55.94325401651184 -3.1911926941417583 703.618497 550.472587
55.94325401651184 -3.1911926941417583 NNW 55.94353118037159 -3.191307499171468 635.165520 545.272931
55.94353118037159 -3.191307499171468 NNW 55.94380834423135 -3.1914223042011773 635.165520 544.022931
55.94380834423135 -3.1914223042011773 NNW 55.944085508091106 -3.191537109230887 679.479561 548.386565
55.944085508091106 -3.191537109230887 NNW 55.94436267195086 -3.1916519142605964 695.134768 587.899992
55.94436267195086 -3.1916519142605964 NE 55.94457480398522 -3.1914397822262406 784.293514 689.440797
55.94457480398522 -3.1914397822262406 ENE 55.94468960901493 -3.191162618366487 876.388367 693.285961
55.94468960901493 -3.191162618366487 NE 55.944901741049286 -3.1909504863321314 876.388367 692.035961
55.944901741049286 -3.1909504863321314 ENE 55.945016546078996 -3.190673322472378 876.388367 690.785961
55.945016546078996 -3.190673322472378 NE 55.94522867811335 -3.1904611904380222 876.388367 689.535961
55.94522867811335 -3.1904611904380222 E 55.94522867811335 -3.190161190438022 992.160748 774.343156
55.94522867811335 -3.190161190438022 E 55.94522867811335 -3.189861190438022 992.160748 773.093156
55.94522867811335 -3.189861190438022 E 55.94522867811335 -3.1895611904380217 992.160748 771.843156
55.94522867811335 -3.1895611904380217 E 55.94522867811335 -3.1892611904380215 992.160748 770.593156
55.94522867811335 -3.1892611904380215 E 55.94522867811335 -3.1889611904380213 992.160748 769.343156
55.94522867811335 -3.1889611904380213 E 55.94522867811335 -3.188661190438021 992.160748 768.093156
55.94522867811335 -3.188661190438021 E 55.94522867811335 -3.188361190438021 992.160748 766.843156
55.94522867811335 -3.188361190438021 E 55.94522867811335 -3.1880611904380207 992.160748 765.593156
55.94522867811335 -3.1880611904380207 E 55.94522867811335 -3.1877611904380205 992.160748 764.343156
55.94522867811335 -3.1877611904380205 E 55.94522867811335 -3.1874611904380203 992.160748 763.093156
55.94522867811335 -3.1874611904380203 E 55.94522867811335 -3.18716119043802 992.160748 761.843156
55.94522867811335 -3.18716119043802 E 55.94522867811335 -3.18686119043802 992.160748 760.593156
55.94522867811335 -3.18686119043802 E 55.94522867811335 -3.1865611904380198 937.418390 759.343156
55.94522867811335 -3.1865611904380198 E 55.94522867811335 -3.1862611904380196 937.418390 758.093156
55.94522867811335 -3.1862611904380196 E 55.94522867811335 -3.1859611904380194 937.418390 756.843156
55.94522867811335 -3.1859611904380194 E 55.94522867811335 -3.185661190438019 937.418390 755.593156
55.94522867811335 -3.185661190438019 E 55.94522867811335 -3.185361190438019 937.418390 754.343156
55.94522867811335 -3.185361190438019 ESE 55.94511387308364 -3.1850840265782656 937.418390 753.093156
55.94511387308364 -3.1850840265782656 E 55.94511387308364 -3.1847840265782654 887.310789 633.313502
55.94511387308364 -3.1847840265782654 W 55.94511387308364 -3.1850840265782656 920.103650 719.173506
55.94511387308364 -3.1850840265782656 W 55.94511387308364 -3.185384026578266 920.103650 717.923506
55.94511387308364 -3.185384026578266 W 55.94511387308364 -3.185684026578266 920.103650 716.673506
55.94511387308364 -3.185684026578266 W 55.94511387308364 -3.185984026578266 920.103650 715.423506
55.94511387308364 -3.185984026578266 W 55.94511387308364 -3.1862840265782664 920.103650 714.173506
55.94511387308364 -3.1862840265782664 W 55.94511387308364 -3.1865840265782666 920.103650 712.923506
55.94511387308364 -3.1865840265782666 W 55.94511387308364 -3.1868840265782667 920.103650 711.673506
55.94511387308364 -3.1868840265782667 W 55.94511387308364 -3.187184026578267 920.103650 710.423506
55.94511387308364 -3.187184026578267 W 55.94511387308364 -3.187484026578267 920.103650 709.173506
55.94511387308364 -3.187484026578267 W 55.94511387308364 -3.1877840265782673 920.103650 707.923506
55.94511387308364 -3.1877840265782673 W 55.94511387308364 -3.1880840265782675 920.103650 706.673506
55.94511387308364 -3.1880840265782675 W 55.94511387308364 -3.1883840265782677 920.103650 705.423506
55.94511387308364 -3.1883840265782677 W 55.94511387308364 -3.188684026578268 920.103650 704.173506
55.94511387308364 -3.188684026578268 W 55.94511387308364 -3.188984026578268 886.968501 628.474088
55.94511387308364 -3.188984026578268 W 55.94511387308364 -3.1892840265782683 886.968501 627.224088
55.94511387308364 -3.1892840265782683 W 55.94511387308364 -3.1895840265782684 886.968501 625.974088
55.94511387308364 -3.1895840265782684 W 55.94511387308364 -3.1898840265782686 886.968501 624.724088
55.94511387308364 -3.1898840265782686 W 55.94511387308364 -3.190184026578269 886.968501 623.474088
55.94511387308364 -3.190184026578269 W 55.94511387308364 -3.190484026578269 886.968501 622.224088
55.94511387308364 -3.190484026578269 WNW 55.94522867811335 -3.1907611904380224 886.968501 620.974088
55.94522867811335 -3.1907611904380224 W 55.94522867811335 -3.1910611904380226 886.968501 619.724088
55.94522867811335 -3.1910611904380226 ESE 55.94511387308364 -3.190784026578269 950.898428 736.353697
55.94511387308364 -3.190784026578269 E 55.94511387308364 -3.190484026578269 950.898428 735.103697
55.94511387308364 -3.190484026578269 ESE 55.94499906805393 -3.1902068627185156 950.898428 733.853697
55.94499906805393 -3.1902068627185156 E 55.94499906805393 -3.1899068627185154 950.898428 732.603697
55.94499906805393 -3.1899068627185154 ESE 55.94488426302422 -3.189629698858762 950.898428 731.353697
55.94488426302422 -3.189629698858762 E 55.94488426302422 -3.189329698858762 950.898428 730.103697
55.94488426302422 -3.189329698858762 ESE 55.94476945799451 -3.1890525349990084 950.898428 728.853697
55.94476945799451 -3.1890525349990084 E 55.94476945799451 -3.1887525349990082 950.898428 727.603697
55.94476945799451 -3.1887525349990082 ESE 55.9446546529648 -3.188475371139255 950.898428 726.353697
55.9446546529648 -3.188475371139255 E 55.9446546529648 -3.1881753711392546 950.898428 725.103697
55.9446546529648 -3.1881753711392546 ESE 55.94453984793509 -3.1878982072795012 950.898428 723.853697
55.94453984793509 -3.1878982072795012 E 55.94453984793509 -3.187598207279501 950.898428 722.603697
55.94453984793509 -3.187598207279501 ESE 55.94442504290538 -3.1873210434197476 950.898428 721.353697
55.94442504290538 -3.1873210434197476 E 55.94442504290538 -3.1870210434197475 950.898428 720.103697
55.94442504290538 -3.1870210434197475 ESE 55.94431023787567 -3.186743879559994 950.898428 718.853697
55.94431023787567 -3.186743879559994 E 55.94431023787567 -3.186443879559994 1061.507397 789.015209
55.94431023787567 -3.186443879559994 ESE 55.94419543284596 -3.1861667157002405 1057.060548 683.516276
55.94419543284596 -3.1861667157002405 E 55.94419543284596 -3.1858667157002403 1057.060548 682.266276
55.94419543284596 -3.1858667157002403 ESE 55.94408062781625 -3.185589551840487 1057.060548 681.016276
55.94408062781625 -3.185589551840487 E 55.94408062781625 -3.1852895518404867 1057.060548 679.766276
55.94408062781625 -3.1852895518404867 ESE 55.94396582278654 -3.1850123879807333 1057.060548 678.516276
55.94396582278654 -3.1850123879807333 E 55.94396582278654 -3.184712387980733 1057.060548 677.266276
55.94396582278654 -3.184712387980733 WNW 55.94408062781625 -3.1849895518404865 1142.936345 752.030992
55.94408062781625 -3.1849895518404865 WNW 55.94419543284596 -3.18526671570024 1142.936345 750.780992
55.94419543284596 -3.18526671570024 WNW 55.94431023787567 -3.1855438795599933 1142.936345 749.530992
55.94431023787567 -3.1855438795599933 WNW 55.94442504290538 -3.1858210434197467 1142.936345 748.280992
55.94442504290538 -3.1858210434197467 WNW 55.94453984793509 -3.1860982072795 1142.936345 747.030992
55.94453984793509 -3.1860982072795 WNW 55.9446546529648 -3.1863753711392535 1142.936345 745.780992
55.9446546529648 -3.1863753711392535 WNW 55.94476945799451 -3.186652534999007 1142.936345 744.530992
55.94476945799451 -3.186652534999007 WNW 55.94488426302422 -3.1869296988587603 1142.936345 743.280992
55.94488426302422 -3.1869296988587603 WNW 55.94499906805393 -3.1872068627185137 1142.936345 742.030992
55.94499906805393 -3.1872068627185137 WNW 55.94511387308364 -3.187484026578267 1142.936345 740.780992
55.94511387308364 -3.187484026578267 WNW 55.94522867811335 -3.1877611904380205 1142.936345 739.530992
55.94522867811335 -3.1877611904380205 WNW 55.94534348314306 -3.188038354297774 1142.936345 738.280992
55.94534348314306 -3.188038354297774 WNW 55.94545828817277 -3.1883155181575273 1142.936345 737.030992
55.94545828817277 -3.1883155181575273 WNW 55.94557309320248 -3.1885926820172807 1142.936345 735.780992
55.94557309320248 -3.1885926820172807 SSW 55.94529592934273 -3.1887074870469903 1164.829541 835.519907
55.94529592934273 -3.1887074870469903 SSW 55.94501876548297 -3.1888222920766998 1164.829541 834.269907
55.94501876548297 -3.1888222920766998 SSW 55.944741601623214 -3.1889370971064093 1164.829541 833.019907
55.944741601623214 -3.1889370971064093 SSW 55.94446443776346 -3.1890519021361188 1164.829541 831.769907
55.94446443776346 -3.1890519021361188 SSW 55.9441872739037 -3.1891667071658283 1164.829541 830.519907
55.9441872739037 -3.1891667071658283 SSW 55.943910110043944 -3.189281512195538 1164.829541 829.269907
55.943910110043944 -3.189281512195538 SSW 55.94363294618419 -3.1893963172252473 1164.829541 828.019907
55.94363294618419 -3.1893963172252473 SSW 55.94335578232443 -3.189511122254957 1164.829541 826.769907
55.94335578232443 -3.189511122254957 SSW 55.943078618464675 -3.1896259272846663 1164.829541 825.519907
55.943078618464675 -3.1896259272846663 SSW 55.94280145460492 -3.189740732314376 1164.829541 824.269907
55.94280145460492 -3.189740732314376 E 55.94280145460492 -3.1894407323143756 1214.267974 892.852630
55.94280145460492 -3.1894407323143756 E 55.94280145460492 -3.1891407323143754 1214.267974 891.602630
55.94280145460492 -3.1891407323143754 E 55.94280145460492 -3.1888407323143753 1214.267974 890.352630
55.94280145460492 -3.1888407323143753 E 55.94280145460492 -3.188540732314375 1214.267974 889.102630
55.94280145460492 -3.188540732314375 E 55.94280145460492 -3.188240732314375 1214.267974 887.852630
55.94280145460492 -3.188240732314375 E 55.94280145460492 -3.1879407323143747 1214.267974 886.602630
55.94280145460492 -3.1879407323143747 E 55.94280145460492 -3.1876407323143745 1214.267974 885.352630
55.94280145460492 -3.1876407323143745 ESE 55.94268664957521 -3.187363568454621 1214.267974 884.102630
55.94268664957521 -3.187363568454621 E 55.94268664957521 -3.187063568454621 1214.267974 882.852630
55.94268664957521 -3.187063568454621 NE 55.942898781609564 -3.186851436420265 1238.294629 998.699356
55.942898781609564 -3.186851436420265 NE 55.94311091364392 -3.1866393043859094 1238.294629 997.449356
55.94311091364392 -3.1866393043859094 NE 55.94332304567828 -3.1864271723515536 1238.294629 996.199356
55.94332304567828 -3.1864271723515536 NE 55.94353517771263 -3.186215040317198 1238.294629 994.949356
55.94353517771263 -3.186215040317198 NE 55.94374730974699 -3.186002908282842 1238.294629 993.699356
55.94374730974699 -3.186002908282842 NE 55.943959441781345 -3.1857907762484863 1238.294629 992.449356
55.943959441781345 -3.1857907762484863 NE 55.9441715738157 -3.1855786442141305 1238.294629 991.199356
55.9441715738157 -3.1855786442141305 NE 55.94438370585006 -3.1853665121797747 1238.294629 989.949356
55.94438370585006 -3.1853665121797747 NE 55.944595837884414 -3.185154380145419 1238.294629 988.699356
55.944595837884414 -3.185154380145419 NNE 55.94487300174417 -3.1850395751157095 1238.294629 987.449356
55.94487300174417 -3.1850395751157095 NE 55.94508513377853 -3.1848274430813537 1238.294629 986.199356
55.94508513377853 -3.1848274430813537 NNE 55.94536229763828 -3.184712638051644 1238.294629 984.949356
55.94536229763828 -3.184712638051644 NE 55.94557442967264 -3.1845005060172884 1238.294629 983.699356
55.94557442967264 -3.1845005060172884 NNE 55.945851593532396 -3.184385700987579 1238.294629 982.449356
55.945851593532396 -3.184385700987579 W 55.945851593532396 -3.184685700987579 1307.753143 1097.283752
55.945851593532396 -3.184685700987579 W 55.945851593532396 -3.1849857009875793 1307.753143 1096.033752
55.945851593532396 -3.1849857009875793 W 55.945851593532396 -3.1852857009875795 1307.753143 1094.783752
55.945851593532396 -3.1852857009875795 W 55.945851593532396 -3.1855857009875796 1307.753143 1093.533752
55.945851593532396 -3.1855857009875796 W 55.945851593532396 -3.18588570098758 1307.753143 1092.283752
55.945851593532396 -3.18588570098758 W 55.945851593532396 -3.18618570098758 1227.445945 1005.303155
55.945851593532396 -3.18618570098758 W 55.945851593532396 -3.18648570098758 1227.445945 1004.053155
55.945851593532396 -3.18648570098758 W 55.945851593532396 -3.1867857009875804 1227.210217 900.977621
55.945851593532396 -3.1867857009875804 W 55.945851593532396 -3.1870857009875806 1227.210217 899.727621
55.945851593532396 -3.1870857009875806 W 55.945851593532396 -3.187385700987581 1227.210217 898.477621
55.945851593532396 -3.187385700987581 W 55.945851593532396 -3.187685700987581 1238.044200 979.796712
55.945851593532396 -3.187685700987581 W 55.945851593532396 -3.187985700987581 1238.044200 978.546712
55.945851593532396 -3.187985700987581 W 55.945851593532396 -3.1882857009875814 1238.044200 977.296712
55.945851593532396 -3.1882857009875814 W 55.945851593532396 -3.1885857009875815 1238.044200 976.046712
55.945851593532396 -3.1885857009875815 W 55.945851593532396 -3.1888857009875817 1238.044200 974.796712
55.945851593532396 -3.1888857009875817 W 55.945851593532396 -3.189185700987582 1238.044200 973.546712
55.945851593532396 -3.189185700987582 W 55.945851593532396 -3.189485700987582 1238.044200 972.296712
55.945851593532396 -3.189485700987582 W 55.945851593532396 -3.1897857009875823 1238.044200 971.046712
55.945851593532396 -3.1897857009875823 WSW 55.945736788502685 -3.1900628648473357 1238.044200 969.796712
55.945736788502685 -3.1900628648473357 W 55.945736788502685 -3.190362864847336 1114.276009 893.918854
55.945736788502685 -3.190362864847336 WSW 55.945621983472975 -3.1906400287070893 1114.276009 892.668854
55.945621983472975 -3.1906400287070893 W 55.945621983472975 -3.1909400287070895 1114.276009 891.418854
55.945621983472975 -3.1909400287070895 WSW 55.945507178443265 -3.191217192566843 1114.276009 890.168854
55.945507178443265 -3.191217192566843 W 55.945507178443265 -3.191517192566843 1114.276009 888.918854
55.945507178443265 -3.191517192566843 WSW 55.945392373413554 -3.1917943564265965 1114.276009 887.668854
55.945392373413554 -3.1917943564265965 W 55.945392373413554 -3.1920943564265967 1114.276009 886.418854
55.945392373413554 -3.1920943564265967 WSW 55.945277568383844 -3.19237152028635 1114.276009 885.168854
55.945277568383844 -3.19237152028635 ESE 55.94516276335413 -3.1920943564265967 1199.702185 921.932651
55.94516276335413 -3.1920943564265967 ESE 55.94504795832442 -3.1918171925668433 1199.702185 920.682651
55.94504795832442 -3.1918171925668433 ESE 55.94493315329471 -3.19154002870709 1199.702185 919.432651
55.94493315329471 -3.19154002870709 ESE 55.944818348265 -3.1912628648473365 1199.702185 918.182651
55.944818348265 -3.1912628648473365 ESE 55.94470354323529 -3.190985700987583 1199.702185 916.932651
55.94470354323529 -3.190985700987583 ESE 55.94458873820558 -3.1907085371278296 1199.702185 915.682651
55.94458873820558 -3.1907085371278296 ESE 55.94447393317587 -3.1904313732680762 1199.702185 914.432651
55.94447393317587 -3.1904313732680762 E 55.94447393317587 -3.190131373268076 1199.702185 913.182651
55.94447393317587 -3.190131373268076 ESE 55.94435912814616 -3.1898542094083226 1199.702185 911.932651
55.94435912814616 -3.1898542094083226 E 55.94435912814616 -3.1895542094083225 1199.702185 910.682651
55.94435912814616 -3.1895542094083225 ESE 55.94424432311645 -3.189277045548569 1199.702185 909.432651
55.94424432311645 -3.189277045548569 E 55.94424432311645 -3.188977045548569 1199.702185 908.182651
55.94424432311645 -3.188977045548569 ESE 55.94412951808674 -3.1886998816888155 1199.702185 906.932651
55.94412951808674 -3.1886998816888155 E 55.94412951808674 -3.1883998816888153 1199.702185 905.682651
55.94412951808674 -3.1883998816888153 ESE 55.94401471305703 -3.188122717829062 1199.702185 904.432651
55.94401471305703 -3.188122717829062 E 55.94401471305703 -3.1878227178290617 1273.071572 980.511488
55.94401471305703 -3.1878227178290617 E 55.94401471305703 -3.1875227178290615 1273.071572 979.261488
55.94401471305703 -3.1875227178290615 E 55.94401471305703 -3.1872227178290613 1273.071572 978.011488
55.94401471305703 -3.1872227178290613 E 55.94401471305703 -3.186922717829061 1273.071572 976.761488
55.94401471305703 -3.186922717829061 ESE 55.94389990802732 -3.1866455539693077 1273.071572 975.511488
55.94389990802732 -3.1866455539693077 E 55.94389990802732 -3.1863455539693075 1304.733276 1053.832854
55.94389990802732 -3.1863455539693075 W 55.94389990802732 -3.1866455539693077 1304.733276 1052.582854
55.94389990802732 -3.1866455539693077 WSW 55.94378510299761 -3.186922717829061 1304.733276 1051.332854
55.94378510299761 -3.186922717829061 W 55.94378510299761 -3.1872227178290613 1304.733276 1050.082854
55.94378510299761 -3.1872227178290613 WSW 55.9436702979679 -3.1874998816888147 1304.733276 1048.832854
55.9436702979679 -3.1874998816888147 W 55.9436702979679 -3.187799881688815 1304.733276 1047.582854
55.9436702979679 -3.187799881688815 WSW 55.94355549293819 -3.1880770455485683 1304.733276 1046.332854
55.94355549293819 -3.1880770455485683 W 55.94355549293819 -3.1883770455485685 1304.733276 1045.082854
55.94355549293819 -3.1883770455485685 WSW 55.94344068790848 -3.188654209408322 1304.733276 1043.832854
55.94344068790848 -3.188654209408322 W 55.94344068790848 -3.188954209408322 1304.733276 1042.582854
55.94344068790848 -3.188954209408322 WSW 55.94332588287877 -3.1892313732680755 1361.371836 1124.994895
55.94332588287877 -3.1892313732680755 SSE 55.94304871901901 -3.189116568238366 1361.371836 1123.744895
55.94304871901901 -3.189116568238366 E 55.94304871901901 -3.188816568238366 1361.371836 1122.494895
55.94304871901901 -3.188816568238366 NNW 55.94332588287877 -3.1889313732680753 1361.371836 1121.244895
55.94332588287877 -3.1889313732680753 NW 55.94353801491312 -3.189143505302431 1361.371836 1119.994895
55.94353801491312 -3.189143505302431 WSW 55.94342320988341 -3.1894206691621845 1361.371836 1118.744895
55.94342320988341 -3.1894206691621845 W 55.94342320988341 -3.1897206691621847 1361.371836 1117.494895
55.94342320988341 -3.1897206691621847 ESE 55.9433084048537 -3.1894435053024313 1361.371836 1116.244895
55.9433084048537 -3.1894435053024313 SE 55.943096272819346 -3.1892313732680755 1361.371836 1114.994895
55.943096272819346 -3.1892313732680755 N 55.94339627281935 -3.1892313732680755 1361.371836 1113.744895
55.94339627281935 -3.1892313732680755 S 55.943096272819346 -3.1892313732680755 1361.371836 1112.494895
55.943096272819346 -3.1892313732680755 NW 55.9433084048537 -3.1894435053024313 1361.371836 1111.244895
55.9433084048537 -3.1894435053024313 NNE 55.94358556871346 -3.1893287002727218 1361.371836 1109.994895
55.94358556871346 -3.1893287002727218 NW 55.943797700747815 -3.1895408323070775 1361.371836 1108.744895
55.943797700747815 -3.1895408323070775 S 55.94349770074781 -3.1895408323070775 1361.371836 1107.494895
