55.944425 -3.188396 ENE 55.94453980502971 -3.1881188361402466 0.000000 248.750000
55.94453980502971 -3.1881188361402466 ENE 55.94465461005942 -3.187841672280493 0.000000 247.500000
55.94465461005942 -3.187841672280493 ENE 55.944769415089134 -3.18756450842074 0.000000 246.250000
55.944769415089134 -3.18756450842074 ENE 55.944884220118844 -3.1872873445609864 0.000000 245.000000
55.944884220118844 -3.1872873445609864 ENE 55.944999025148554 -3.187010180701233 49.270928 256.824749
55.944999025148554 -3.187010180701233 ENE 55.945113830178265 -3.1867330168414796 0.000000 131.704170
55.945113830178265 -3.1867330168414796 ENE 55.945228635207975 -3.186455852981726 0.000000 130.454170
55.945228635207975 -3.186455852981726 ENE 55.945343440237686 -3.1861786891219728 0.000000 129.204170
55.945343440237686 -3.1861786891219728 ENE 55.945458245267396 -3.1859015252622194 0.000000 127.954170
55.945458245267396 -3.1859015252622194 S 55.94515824526739 -3.1859015252622194 113.887452 161.557950
55.94515824526739 -3.1859015252622194 S 55.94485824526739 -3.1859015252622194 220.206845 177.434411
55.94485824526739 -3.1859015252622194 S 55.94455824526739 -3.1859015252622194 235.925669 269.476424
55.94455824526739 -3.1859015252622194 SSE 55.94428108140763 -3.18578672023251 235.925669 268.226424
55.94428108140763 -3.18578672023251 S 55.94398108140763 -3.18578672023251 235.925669 266.976424
55.94398108140763 -3.18578672023251 SSE 55.94370391754787 -3.1856719152028004 235.925669 265.726424
55.94370391754787 -3.1856719152028004 S 55.94340391754787 -3.1856719152028004 313.140754 273.632146
55.94340391754787 -3.1856719152028004 SSE 55.94312675368811 -3.185557110173091 313.140754 272.382146
55.94312675368811 -3.185557110173091 W 55.94312675368811 -3.185857110173091 348.280399 331.473396
55.94312675368811 -3.185857110173091 W 55.94312675368811 -3.1861571101730912 348.280399 330.223396
55.94312675368811 -3.1861571101730912 W 55.94312675368811 -3.1864571101730914 348.280399 328.973396
55.94312675368811 -3.1864571101730914 W 55.94312675368811 -3.1867571101730916 348.280399 327.723396
55.94312675368811 -3.1867571101730916 W 55.94312675368811 -3.187057110173092 348.280399 326.473396
55.94312675368811 -3.187057110173092 W 55.94312675368811 -3.187357110173092 348.280399 325.223396
55.94312675368811 -3.187357110173092 W 55.94312675368811 -3.187657110173092 348.280399 323.973396
55.94312675368811 -3.187657110173092 WSW 55.9430119486584 -3.1879342740328456 348.280399 322.723396
55.9430119486584 -3.1879342740328456 W 55.9430119486584 -3.1882342740328458 348.280399 321.473396
55.9430119486584 -3.1882342740328458 WSW 55.94289714362869 -3.188511437892599 348.280399 320.223396
55.94289714362869 -3.188511437892599 W 55.94289714362869 -3.1888114378925994 348.280399 318.973396
55.94289714362869 -3.1888114378925994 WSW 55.94278233859898 -3.1890886017523528 348.280399 317.723396
55.94278233859898 -3.1890886017523528 W 55.94278233859898 -3.189388601752353 348.280399 316.473396
55.94278233859898 -3.189388601752353 WSW 55.94266753356927 -3.1896657656121064 348.280399 315.223396
55.94266753356927 -3.1896657656121064 NW 55.94287966560363 -3.189877897646462 397.718831 383.806119
55.94287966560363 -3.189877897646462 WNW 55.94299447063334 -3.1901550615062155 352.323371 367.859498
55.94299447063334 -3.1901550615062155 NW 55.94320660266769 -3.1903671935405713 352.323371 366.609498
55.94320660266769 -3.1903671935405713 WNW 55.943321407697404 -3.1906443574003247 352.323371 365.359498
55.943321407697404 -3.1906443574003247 NW 55.94353353973176 -3.1908564894346805 352.323371 364.109498
55.94353353973176 -3.1908564894346805 WNW 55.94364834476147 -3.191133653294434 352.323371 362.859498
55.94364834476147 -3.191133653294434 NW 55.94386047679583 -3.1913457853287897 414.020882 382.974043
55.94386047679583 -3.1913457853287897 ENE 55.94397528182554 -3.1910686214690362 458.334922 387.337676
55.94397528182554 -3.1910686214690362 ENE 55.94409008685525 -3.190791457609283 458.334922 386.087676
55.94409008685525 -3.190791457609283 ENE 55.94420489188496 -3.1905142937495294 458.334922 384.837676
55.94420489188496 -3.1905142937495294 ENE 55.94431969691467 -3.190237129889776 480.629036 394.646240
55.94431969691467 -3.190237129889776 ENE 55.94443450194438 -3.1899599660300226 480.629036 393.396240
55.94443450194438 -3.1899599660300226 ENE 55.94454930697409 -3.1896828021702692 491.406538 453.888462
55.94454930697409 -3.1896828021702692 ENE 55.9446641120038 -3.189405638310516 587.488613 487.223547
55.9446641120038 -3.189405638310516 ENE 55.94477891703351 -3.1891284744507624 587.488613 485.973547
55.94477891703351 -3.1891284744507624 ENE 55.94489372206322 -3.188851310591009 587.488613 484.723547
55.94489372206322 -3.188851310591009 ENE 55.94500852709293 -3.1885741467312556 554.353464 409.024129
55.94500852709293 -3.1885741467312556 E 55.94500852709293 -3.1882741467312554 554.353464 407.774129
55.94500852709293 -3.1882741467312554 ENE 55.94512333212264 -3.187996982871502 554.353464 406.524129
55.94512333212264 -3.187996982871502 E 55.94512333212264 -3.187696982871502 554.353464 405.274129
55.94512333212264 -3.187696982871502 ENE 55.94523813715235 -3.1874198190117484 554.353464 404.024129
55.94523813715235 -3.1874198190117484 E 55.94523813715235 -3.1871198190117482 554.353464 402.774129
55.94523813715235 -3.1871198190117482 ENE 55.94535294218206 -3.186842655151995 554.353464 401.524129
55.94535294218206 -3.186842655151995 E 55.94535294218206 -3.1865426551519946 554.353464 400.274129
55.94535294218206 -3.1865426551519946 ENE 55.94546774721177 -3.1862654912922412 463.695703 376.988431
55.94546774721177 -3.1862654912922412 E 55.94546774721177 -3.185965491292241 463.695703 375.738431
55.94546774721177 -3.185965491292241 ENE 55.94558255224148 -3.1856883274324876 463.695703 374.488431
55.94558255224148 -3.1856883274324876 E 55.94558255224148 -3.1853883274324875 463.695703 373.238431
55.94558255224148 -3.1853883274324875 ENE 55.94569735727119 -3.185111163572734 463.695703 371.988431
55.94569735727119 -3.185111163572734 E 55.94569735727119 -3.184811163572734 463.695703 370.738431
55.94569735727119 -3.184811163572734 ENE 55.9458121623009 -3.1845339997129805 463.695703 369.488431
55.9458121623009 -3.1845339997129805 SW 55.94560003026655 -3.1847461317473362 533.154217 484.322827
55.94560003026655 -3.1847461317473362 SW 55.94538789823219 -3.184958263781692 533.154217 483.072827
55.94538789823219 -3.184958263781692 SW 55.945175766197835 -3.1851703958160478 483.046616 363.293173
55.945175766197835 -3.1851703958160478 SW 55.94496363416348 -3.1853825278504035 483.046616 362.043173
55.94496363416348 -3.1853825278504035 SW 55.94475150212912 -3.1855946598847593 483.046616 360.793173
55.94475150212912 -3.1855946598847593 SSW 55.944474338269366 -3.185709464914469 483.046616 359.543173
55.944474338269366 -3.185709464914469 SW 55.94426220623501 -3.1859215969488246 483.046616 358.293173
55.94426220623501 -3.1859215969488246 SSW 55.94398504237525 -3.186036401978534 483.046616 357.043173
55.94398504237525 -3.186036401978534 SW 55.9437729103409 -3.18624853401289 483.046616 355.793173
55.9437729103409 -3.18624853401289 SSW 55.94349574648114 -3.1863633390425994 514.708319 434.114539
55.94349574648114 -3.1863633390425994 SW 55.943283614446784 -3.186575471076955 514.708319 432.864539
55.943283614446784 -3.186575471076955 SSW 55.94300645058703 -3.1866902761066647 514.708319 431.614539
55.94300645058703 -3.1866902761066647 SW 55.94279431855267 -3.1869024081410204 514.708319 430.364539
55.94279431855267 -3.1869024081410204 WNW 55.94290912358238 -3.187179572000774 538.734974 546.211265
55.94290912358238 -3.187179572000774 WNW 55.94302392861209 -3.1874567358605272 538.734974 544.961265
55.94302392861209 -3.1874567358605272 WNW 55.9431387336418 -3.1877338997202807 538.734974 543.711265
55.9431387336418 -3.1877338997202807 WNW 55.94325353867151 -3.188011063580034 538.734974 542.461265
55.94325353867151 -3.188011063580034 WNW 55.94336834370122 -3.1882882274397875 538.734974 541.211265
55.94336834370122 -3.1882882274397875 WNW 55.943483148730934 -3.188565391299541 538.734974 539.961265
55.943483148730934 -3.188565391299541 WNW 55.943597953760644 -3.1888425551592943 538.734974 538.711265
55.943597953760644 -3.1888425551592943 WNW 55.943712758790355 -3.1891197190190477 538.734974 537.461265
55.943712758790355 -3.1891197190190477 WNW 55.943827563820065 -3.189396882878801 538.734974 536.211265
55.943827563820065 -3.189396882878801 WNW 55.943942368849775 -3.1896740467385545 538.734974 534.961265
55.943942368849775 -3.1896740467385545 WNW 55.944057173879486 -3.189951210598308 538.734974 533.711265
55.944057173879486 -3.189951210598308 WNW 55.944171978909196 -3.1902283744580613 538.734974 532.461265
55.944171978909196 -3.1902283744580613 WNW 55.94428678393891 -3.1905055383178147 538.734974 531.211265
55.94428678393891 -3.1905055383178147 WNW 55.94440158896862 -3.190782702177568 538.734974 529.961265
55.94440158896862 -3.190782702177568 W 55.94440158896862 -3.1910827021775683 538.734974 528.711265
55.94440158896862 -3.1910827021775683 WNW 55.94451639399833 -3.1913598660373217 538.734974 527.461265
55.94451639399833 -3.1913598660373217 W 55.94451639399833 -3.191659866037322 630.829828 531.306429
55.94451639399833 -3.191659866037322 E 55.94451639399833 -3.1913598660373217 719.988574 632.847233
55.94451639399833 -3.1913598660373217 E 55.94451639399833 -3.1910598660373215 719.988574 631.597233
55.94451639399833 -3.1910598660373215 E 55.94451639399833 -3.1907598660373213 719.988574 630.347233
55.94451639399833 -3.1907598660373213 E 55.94451639399833 -3.190459866037321 719.988574 629.097233
55.94451639399833 -3.190459866037321 ESE 55.94440158896862 -3.1901827021775677 780.786299 664.365342
55.94440158896862 -3.1901827021775677 E 55.94440158896862 -3.1898827021775675 780.786299 663.115342
55.94440158896862 -3.1898827021775675 ESE 55.94428678393891 -3.189605538317814 780.786299 661.865342
55.94428678393891 -3.189605538317814 E 55.94428678393891 -3.189305538317814 780.786299 660.615342
55.94428678393891 -3.189305538317814 ESE 55.944171978909196 -3.1890283744580605 780.786299 659.365342
55.944171978909196 -3.1890283744580605 E 55.944171978909196 -3.1887283744580603 756.958577 634.219407
55.944171978909196 -3.1887283744580603 ESE 55.944057173879486 -3.188451210598307 756.958577 632.969407
55.944057173879486 -3.188451210598307 E 55.944057173879486 -3.1881512105983068 756.958577 631.719407
55.944057173879486 -3.1881512105983068 NNE 55.94433433773924 -3.1880364055685972 830.327964 707.798244
55.94433433773924 -3.1880364055685972 NNE 55.944611501599 -3.1879216005388877 804.385555 696.379762
55.944611501599 -3.1879216005388877 NNE 55.944888665458755 -3.1878067955091782 804.385555 695.129762
55.944888665458755 -3.1878067955091782 NNE 55.94516582931851 -3.1876919904794687 804.385555 693.879762
55.94516582931851 -3.1876919904794687 N 55.945465829318515 -3.1876919904794687 804.385555 692.629762
55.945465829318515 -3.1876919904794687 NNE 55.94574299317827 -3.187577185449759 804.385555 691.379762
55.94574299317827 -3.187577185449759 SSW 55.945465829318515 -3.1876919904794687 815.219538 772.698852
55.945465829318515 -3.1876919904794687 SW 55.94525369728416 -3.1879041225138245 815.219538 771.448852
55.94525369728416 -3.1879041225138245 SSW 55.9449765334244 -3.188018927543534 815.219538 770.198852
55.9449765334244 -3.188018927543534 SW 55.944764401390046 -3.1882310595778898 815.219538 768.948852
55.944764401390046 -3.1882310595778898 SSW 55.94448723753029 -3.1883458646075993 815.219538 767.698852
55.94448723753029 -3.1883458646075993 SW 55.94427510549593 -3.188557996641955 815.219538 766.448852
55.94427510549593 -3.188557996641955 SSW 55.94399794163618 -3.1886728016716646 815.219538 765.198852
55.94399794163618 -3.1886728016716646 SW 55.94378580960182 -3.1888849337060203 815.219538 763.948852
55.94378580960182 -3.1888849337060203 SSW 55.943508645742064 -3.18899973873573 815.219538 762.698852
55.943508645742064 -3.18899973873573 WSW 55.94339384071235 -3.1892769025954832 871.858098 845.110894
55.94339384071235 -3.1892769025954832 WSW 55.94327903568264 -3.1895540664552366 871.858098 843.860894
55.94327903568264 -3.1895540664552366 WSW 55.94316423065293 -3.18983123031499 871.858098 842.610894
55.94316423065293 -3.18983123031499 WSW 55.94304942562322 -3.1901083941747435 871.858098 841.360894
55.94304942562322 -3.1901083941747435 WSW 55.94293462059351 -3.190385558034497 871.858098 840.110894
55.94293462059351 -3.190385558034497 WSW 55.9428198155638 -3.1906627218942503 871.858098 838.860894
55.9428198155638 -3.1906627218942503 WSW 55.94270501053409 -3.1909398857540037 871.858098 837.610894
55.94270501053409 -3.1909398857540037 ENE 55.9428198155638 -3.1906627218942503 949.513516 919.852773
55.9428198155638 -3.1906627218942503 ENE 55.94293462059351 -3.190385558034497 949.513516 918.602773
55.94293462059351 -3.190385558034497 ENE 55.94304942562322 -3.1901083941747435 949.513516 917.352773
55.94304942562322 -3.1901083941747435 ENE 55.94316423065293 -3.18983123031499 949.513516 916.102773
55.94316423065293 -3.18983123031499 ENE 55.94327903568264 -3.1895540664552366 949.513516 914.852773
55.94327903568264 -3.1895540664552366 ENE 55.94339384071235 -3.1892769025954832 949.513516 913.602773
55.94339384071235 -3.1892769025954832 ENE 55.943508645742064 -3.18899973873573 949.513516 912.352773
55.943508645742064 -3.18899973873573 ENE 55.943623450771774 -3.1887225748759764 949.513516 911.102773
55.943623450771774 -3.1887225748759764 ENE 55.943738255801485 -3.188445411016223 949.513516 909.852773
55.943738255801485 -3.188445411016223 ENE 55.943853060831195 -3.1881682471564696 949.513516 908.602773
55.943853060831195 -3.1881682471564696 ENE 55.943967865860905 -3.187891083296716 949.513516 907.352773
55.943967865860905 -3.187891083296716 ENE 55.944082670890616 -3.187613919436963 949.513516 906.102773
55.944082670890616 -3.187613919436963 ENE 55.944197475920326 -3.1873367555772094 949.513516 904.852773
55.944197475920326 -3.1873367555772094 ENE 55.94431228095004 -3.187059591717456 949.513516 903.602773
55.94431228095004 -3.187059591717456 ENE 55.94442708597975 -3.1867824278577026 949.513516 902.352773
55.94442708597975 -3.1867824278577026 ENE 55.94454189100946 -3.186505263997949 945.066667 796.853840
55.94454189100946 -3.186505263997949 ENE 55.94465669603917 -3.186228100138196 945.066667 795.603840
55.94465669603917 -3.186228100138196 ENE 55.94477150106888 -3.1859509362784424 945.066667 794.353840
55.94477150106888 -3.1859509362784424 ENE 55.94488630609859 -3.185673772418689 945.066667 793.103840
55.94488630609859 -3.185673772418689 ENE 55.9450011111283 -3.1853966085589356 945.066667 791.853840
55.9450011111283 -3.1853966085589356 E 55.9450011111283 -3.1850966085589354 945.066667 790.603840
55.9450011111283 -3.1850966085589354 ENE 55.94511591615801 -3.184819444699182 945.066667 789.353840
55.94511591615801 -3.184819444699182 WSW 55.9450011111283 -3.1850966085589354 977.859528 875.213844
55.9450011111283 -3.1850966085589354 WSW 55.94488630609859 -3.185373772418689 977.859528 873.963844
55.94488630609859 -3.185373772418689 WSW 55.94477150106888 -3.185650936278442 977.859528 872.713844
55.94477150106888 -3.185650936278442 WSW 55.94465669603917 -3.1859281001381956 977.859528 871.463844
55.94465669603917 -3.1859281001381956 WSW 55.94454189100946 -3.186205263997949 977.859528 870.213844
55.94454189100946 -3.186205263997949 SW 55.9443297589751 -3.186417396032305 977.859528 868.963844
55.9443297589751 -3.186417396032305 WSW 55.94421495394539 -3.186694559892058 977.859528 867.713844
55.94421495394539 -3.186694559892058 W 55.94421495394539 -3.1869945598920584 1088.468497 937.875355
55.94421495394539 -3.1869945598920584 W 55.94421495394539 -3.1872945598920586 1088.468497 936.625355
55.94421495394539 -3.1872945598920586 WNW 55.9443297589751 -3.187571723751812 1088.468497 935.375355
55.9443297589751 -3.187571723751812 W 55.9443297589751 -3.187871723751812 1088.468497 934.125355
55.9443297589751 -3.187871723751812 WNW 55.94444456400481 -3.1881488876115656 1088.468497 932.875355
55.94444456400481 -3.1881488876115656 W 55.94444456400481 -3.1884488876115658 1088.468497 931.625355
55.94444456400481 -3.1884488876115658 WNW 55.94455936903452 -3.188726051471319 1088.468497 930.375355
55.94455936903452 -3.188726051471319 W 55.94455936903452 -3.1890260514713193 1088.468497 929.125355
55.94455936903452 -3.1890260514713193 WNW 55.94467417406423 -3.1893032153310727 1088.468497 927.875355
55.94467417406423 -3.1893032153310727 W 55.94467417406423 -3.189603215331073 1088.468497 926.625355
55.94467417406423 -3.189603215331073 WNW 55.94478897909394 -3.1898803791908263 1088.468497 925.375355
55.94478897909394 -3.1898803791908263 W 55.94478897909394 -3.1901803791908265 1088.468497 924.125355
55.94478897909394 -3.1901803791908265 WNW 55.94490378412365 -3.19045754305058 1088.468497 922.875355
55.94490378412365 -3.19045754305058 W 55.94490378412365 -3.19075754305058 1088.468497 921.625355
55.94490378412365 -3.19075754305058 WNW 55.945018589153364 -3.1910347069103335 1088.468497 920.375355
55.945018589153364 -3.1910347069103335 W 55.945018589153364 -3.1913347069103337 1088.468497 919.125355
55.945018589153364 -3.1913347069103337 WNW 55.945133394183074 -3.191611870770087 1088.468497 917.875355
55.945133394183074 -3.191611870770087 W 55.945133394183074 -3.1919118707700873 1088.468497 916.625355
55.945133394183074 -3.1919118707700873 WNW 55.945248199212784 -3.1921890346298407 1088.468497 915.375355
55.945248199212784 -3.1921890346298407 W 55.945248199212784 -3.192489034629841 1088.468497 914.125355
55.945248199212784 -3.192489034629841 E 55.945248199212784 -3.1921890346298407 1173.894674 950.889152
55.945248199212784 -3.1921890346298407 E 55.945248199212784 -3.1918890346298405 1173.894674 949.639152
55.945248199212784 -3.1918890346298405 E 55.945248199212784 -3.1915890346298403 1173.894674 948.389152
55.945248199212784 -3.1915890346298403 E 55.945248199212784 -3.19128903462984 1173.894674 947.139152
55.945248199212784 -3.19128903462984 ENE 55.945363004242495 -3.1910118707700867 1237.824601 1063.768762
55.945363004242495 -3.1910118707700867 E 55.945363004242495 -3.1907118707700866 1237.824601 1062.518762
55.945363004242495 -3.1907118707700866 ENE 55.945477809272205 -3.190434706910333 1237.824601 1061.268762
55.945477809272205 -3.190434706910333 E 55.945477809272205 -3.190134706910333 1353.596982 1146.075957
55.945477809272205 -3.190134706910333 ENE 55.945592614301916 -3.1898575430505796 1353.596982 1144.825957
55.945592614301916 -3.1898575430505796 E 55.945592614301916 -3.1895575430505794 1353.596982 1143.575957
55.945592614301916 -3.1895575430505794 ENE 55.945707419331626 -3.189280379190826 1353.596982 1142.325957
55.945707419331626 -3.189280379190826 E 55.945707419331626 -3.1889803791908258 1434.227470 1256.922435
55.945707419331626 -3.1889803791908258 ESE 55.945592614301916 -3.1887032153310724 1434.227470 1255.672435
55.945592614301916 -3.1887032153310724 WNW 55.945707419331626 -3.1889803791908258 1456.120667 1355.411349
55.945707419331626 -3.1889803791908258 WSW 55.945592614301916 -3.189257543050579 1456.120667 1354.161349
55.945592614301916 -3.189257543050579 WSW 55.945477809272205 -3.1895347069103326 1456.120667 1352.911349
55.945477809272205 -3.1895347069103326 WSW 55.945363004242495 -3.189811870770086 1456.120667 1351.661349
55.945363004242495 -3.189811870770086 SW 55.94515087220814 -3.1900240028044418 1456.120667 1350.411349
55.94515087220814 -3.1900240028044418 WSW 55.94503606717843 -3.190301166664195 1456.120667 1349.161349
55.94503606717843 -3.190301166664195 SW 55.94482393514407 -3.190513298698551 1456.120667 1347.911349
55.94482393514407 -3.190513298698551 WSW 55.94470913011436 -3.1907904625583043 1456.120667 1346.661349
55.94470913011436 -3.1907904625583043 SW 55.944496998080005 -3.19100259459266 1456.120667 1345.411349
55.944496998080005 -3.19100259459266 WSW 55.944382193050295 -3.1912797584524135 1456.120667 1344.161349
55.944382193050295 -3.1912797584524135 SW 55.94417006101594 -3.1914918904867693 1456.120667 1342.911349
55.94417006101594 -3.1914918904867693 WSW 55.94405525598623 -3.1917690543465227 1456.120667 1341.661349
55.94405525598623 -3.1917690543465227 E 55.94405525598623 -3.1914690543465225 1471.775874 1381.174777
55.94405525598623 -3.1914690543465225 E 55.94405525598623 -3.1911690543465223 1471.775874 1379.924777
55.94405525598623 -3.1911690543465223 E 55.94405525598623 -3.190869054346522 1471.775874 1378.674777
55.94405525598623 -3.190869054346522 E 55.94405525598623 -3.190569054346522 1471.775874 1377.424777
55.94405525598623 -3.190569054346522 E 55.94405525598623 -3.1902690543465217 1471.775874 1376.174777
55.94405525598623 -3.1902690543465217 E 55.94405525598623 -3.1899690543465216 1471.775874 1374.924777
55.94405525598623 -3.1899690543465216 E 55.94405525598623 -3.1896690543465214 1471.775874 1373.674777
55.94405525598623 -3.1896690543465214 E 55.94405525598623 -3.189369054346521 1471.775874 1372.424777
55.94405525598623 -3.189369054346521 E 55.94405525598623 -3.189069054346521 1471.775874 1371.174777
55.94405525598623 -3.189069054346521 E 55.94405525598623 -3.188769054346521 1471.775874 1369.924777
55.94405525598623 -3.188769054346521 E 55.94405525598623 -3.1884690543465206 1471.775874 1368.674777
55.94405525598623 -3.1884690543465206 E 55.94405525598623 -3.1881690543465204 1471.775874 1367.424777
55.94405525598623 -3.1881690543465204 E 55.94405525598623 -3.1878690543465202 1471.775874 1366.174777
55.94405525598623 -3.1878690543465202 E 55.94405525598623 -3.18756905434652 1471.775874 1364.924777
55.94405525598623 -3.18756905434652 E 55.94405525598623 -3.18726905434652 1471.775874 1363.674777
55.94405525598623 -3.18726905434652 E 55.94405525598623 -3.1869690543465197 1471.775874 1362.424777
55.94405525598623 -3.1869690543465197 E 55.94405525598623 -3.1866690543465195 1471.775874 1361.174777
55.94405525598623 -3.1866690543465195 E 55.94405525598623 -3.1863690543465193 1471.775874 1359.924777
55.94405525598623 -3.1863690543465193 E 55.94405525598623 -3.186069054346519 1471.775874 1358.674777
55.94405525598623 -3.186069054346519 E 55.94405525598623 -3.185769054346519 1471.775874 1357.424777
55.94405525598623 -3.185769054346519 E 55.94405525598623 -3.1854690543465187 1471.775874 1356.174777
55.94405525598623 -3.1854690543465187 E 55.94405525598623 -3.1851690543465185 1471.775874 1354.924777
55.94405525598623 -3.1851690543465185 ESE 55.94394045095652 -3.184891890486765 1471.775874 1353.674777
55.94394045095652 -3.184891890486765 E 55.94394045095652 -3.184591890486765 1471.775874 1352.424777
55.94394045095652 -3.184591890486765 SW 55.94372831892216 -3.1848040225211207 1557.651671 1427.189493
55.94372831892216 -3.1848040225211207 NE 55.94394045095652 -3.184591890486765 1557.651671 1425.939493
55.94394045095652 -3.184591890486765 E 55.94394045095652 -3.1842918904867648 1557.651671 1424.689493
55.94394045095652 -3.1842918904867648 N 55.94424045095652 -3.1842918904867648 1557.651671 1423.439493
55.94424045095652 -3.1842918904867648 WNW 55.94435525598623 -3.184569054346518 1557.651671 1422.189493
55.94435525598623 -3.184569054346518 S 55.94405525598623 -3.184569054346518 1557.651671 1420.939493
55.94405525598623 -3.184569054346518 S 55.943755255986225 -3.184569054346518 1557.651671 1419.689493
55.943755255986225 -3.184569054346518 SSW 55.94347809212647 -3.1846838593762277 1557.651671 1418.439493
55.94347809212647 -3.1846838593762277 SSW 55.94320092826671 -3.184798664405937 1557.651671 1417.189493
55.94320092826671 -3.184798664405937 NNW 55.94347809212647 -3.1849134694356467 1557.651671 1415.939493
55.94347809212647 -3.1849134694356467 ESE 55.94336328709676 -3.1846363055758933 1557.651671 1414.689493
55.94336328709676 -3.1846363055758933 SSW 55.943086123237 -3.184751110605603 1557.651671 1413.439493
55.943086123237 -3.184751110605603 NE 55.94329825527136 -3.184538978571247 1557.651671 1412.189493
55.94329825527136 -3.184538978571247 NE 55.943510387305714 -3.1843268465368912 1557.651671 1410.939493
55.943510387305714 -3.1843268465368912 S 55.94321038730571 -3.1843268465368912 1557.651671 1409.689493
55.94321038730571 -3.1843268465368912 NW 55.94342251934007 -3.184538978571247 1557.651671 1408.439493
55.94342251934007 -3.184538978571247 E 55.94342251934007 -3.184238978571247 1557.651671 1407.189493
55.94342251934007 -3.184238978571247 SE 55.94321038730571 -3.184026846536891 1557.651671 1405.939493
55.94321038730571 -3.184026846536891 SSE 55.942933223445955 -3.1839120415071815 1557.651671 1404.689493
55.942933223445955 -3.1839120415071815 NW 55.94314535548031 -3.1841241735415373 1557.651671 1403.439493
55.94314535548031 -3.1841241735415373 N 55.943445355480314 -3.1841241735415373 1557.651671 1402.189493
55.943445355480314 -3.1841241735415373 ENE 55.943560160510025 -3.183847009681784 1557.651671 1400.939493
55.943560160510025 -3.183847009681784 S 55.94326016051002 -3.183847009681784 1557.651671 1399.689493
55.94326016051002 -3.183847009681784 NNE 55.94353732436978 -3.1837322046520744 1557.651671 1398.439493
55.94353732436978 -3.1837322046520744 S 55.943237324369775 -3.1837322046520744 1557.651671 1397.189493
55.943237324369775 -3.1837322046520744 E 55.943237324369775 -3.183432204652074 1557.651671 1395.939493
