55.944425 -3.188396 ENE 55.94453980502971 -3.1881188361402466 0.000000 248.750000
55.94453980502971 -3.1881188361402466 ENE 55.94465461005942 -3.187841672280493 0.000000 247.500000
55.94465461005942 -3.187841672280493 ENE 55.944769415089134 -3.18756450842074 0.000000 246.250000
55.944769415089134 -3.18756450842074 ENE 55.944884220118844 -3.1872873445609864 0.000000 245.000000
55.944884220118844 -3.1872873445609864 ENE 55.944999025148554 -3.187010180701233 49.270928 256.824749
55.944999025148554 -3.187010180701233 ENE 55.945113830178265 -3.1867330168414796 0.000000 131.704170
55.945113830178265 -3.1867330168414796 ENE 55.945228635207975 -3.186455852981726 0.000000 130.454170
55.945228635207975 -3.186455852981726 ENE 55.945343440237686 -3.1861786891219728 0.000000 129.204170
55.945343440237686 -3.1861786891219728 ENE 55.945458245267396 -3.1859015252622194 0.000000 127.954170
55.945458245267396 -3.1859015252622194 S 55.94515824526739 -3.1859015252622194 113.887452 161.557950
55.94515824526739 -3.1859015252622194 S 55.94485824526739 -3.1859015252622194 220.206845 177.434411
55.94485824526739 -3.1859015252622194 S 55.94455824526739 -3.1859015252622194 235.925669 269.476424
55.94455824526739 -3.1859015252622194 SSE 55.94428108140763 -3.18578672023251 235.925669 268.226424
55.94428108140763 -3.18578672023251 S 55.94398108140763 -3.18578672023251 235.925669 266.976424
55.94398108140763 -3.18578672023251 SSE 55.94370391754787 -3.1856719152028004 235.925669 265.726424
55.94370391754787 -3.1856719152028004 S 55.94340391754787 -3.1856719152028004 313.140754 273.632146
55.94340391754787 -3.1856719152028004 SSE 55.94312675368811 -3.185557110173091 313.140754 272.382146
55.94312675368811 -3.185557110173091 W 55.94312675368811 -3.185857110173091 348.280399 331.473396
55.94312675368811 -3.185857110173091 W 55.94312675368811 -3.1861571101730912 348.280399 330.223396
55.94312675368811 -3.1861571101730912 W 55.94312675368811 -3.1864571101730914 348.280399 328.973396
55.94312675368811 -3.1864571101730914 W 55.94312675368811 -3.1867571101730916 348.280399 327.723396
55.94312675368811 -3.1867571101730916 W 55.94312675368811 -3.187057110173092 348.280399 326.473396
55.94312675368811 -3.187057110173092 W 55.94312675368811 -3.187357110173092 348.280399 325.223396
55.94312675368811 -3.187357110173092 W 55.94312675368811 -3.187657110173092 348.280399 323.973396
55.94312675368811 -3.187657110173092 WNW 55.94324155871782 -3.1879342740328456 348.280399 322.723396
55.94324155871782 -3.1879342740328456 W 55.94324155871782 -3.1882342740328458 348.280399 321.473396
55.94324155871782 -3.1882342740328458 WNW 55.94335636374753 -3.188511437892599 348.280399 320.223396
55.94335636374753 -3.188511437892599 W 55.94335636374753 -3.1888114378925994 348.280399 318.973396
55.94335636374753 -3.1888114378925994 WNW 55.94347116877724 -3.1890886017523528 348.280399 317.723396
55.94347116877724 -3.1890886017523528 WNW 55.943585973806954 -3.189365765612106 404.918959 400.135438
55.943585973806954 -3.189365765612106 W 55.943585973806954 -3.1896657656121064 404.918959 398.885438
55.943585973806954 -3.1896657656121064 WNW 55.943700778836664 -3.1899429294718598 404.918959 397.635438
55.943700778836664 -3.1899429294718598 W 55.943700778836664 -3.19024292947186 404.918959 396.385438
55.943700778836664 -3.19024292947186 WNW 55.943815583866375 -3.1905200933316133 404.918959 395.135438
55.943815583866375 -3.1905200933316133 W 55.943815583866375 -3.1908200933316135 427.213073 404.944002
55.943815583866375 -3.1908200933316135 WNW 55.943930388896085 -3.191097257191367 427.213073 403.694002
55.943930388896085 -3.191097257191367 W 55.943930388896085 -3.191397257191367 488.910584 423.808546
55.943930388896085 -3.191397257191367 WNW 55.944045193925795 -3.1916744210511205 533.224624 428.172179
55.944045193925795 -3.1916744210511205 ENE 55.944159998955506 -3.191397257191367 548.879831 467.685607
55.944159998955506 -3.191397257191367 ENE 55.944274803985216 -3.1911200933316137 548.879831 466.435607
55.944274803985216 -3.1911200933316137 ENE 55.94438960901493 -3.1908429294718603 548.879831 465.185607
55.94438960901493 -3.1908429294718603 E 55.94438960901493 -3.19054292947186 548.879831 463.935607
55.94438960901493 -3.19054292947186 ENE 55.94450441404464 -3.1902657656121067 548.879831 462.685607
55.94450441404464 -3.1902657656121067 N 55.94480441404464 -3.1902657656121067 609.677557 497.953715
55.94480441404464 -3.1902657656121067 N 55.94510441404464 -3.1902657656121067 609.677557 496.703715
55.94510441404464 -3.1902657656121067 NNW 55.9453815779044 -3.1903805706418162 725.449938 581.510910
55.9453815779044 -3.1903805706418162 ESE 55.94526677287469 -3.190103406782063 725.449938 580.260910
55.94526677287469 -3.190103406782063 ESE 55.94515196784498 -3.1898262429223094 725.449938 579.010910
55.94515196784498 -3.1898262429223094 ESE 55.94503716281527 -3.189549079062556 725.449938 577.760910
55.94503716281527 -3.189549079062556 SE 55.94482503078091 -3.1893369470282003 725.449938 576.510910
55.94482503078091 -3.1893369470282003 ESE 55.9447102257512 -3.189059783168447 725.449938 575.260910
55.9447102257512 -3.189059783168447 SE 55.944498093716845 -3.188847651134091 725.449938 574.010910
55.944498093716845 -3.188847651134091 ESE 55.944383288687135 -3.1885704872743377 701.622216 548.864975
55.944383288687135 -3.1885704872743377 SE 55.94417115665278 -3.188358355239982 701.622216 547.614975
55.94417115665278 -3.188358355239982 ESE 55.94405635162307 -3.1880811913802285 701.622216 546.364975
55.94405635162307 -3.1880811913802285 ENE 55.94417115665278 -3.187804027520475 774.991603 622.443812
55.94417115665278 -3.187804027520475 ENE 55.94428596168249 -3.1875268636607217 749.049194 611.025330
55.94428596168249 -3.1875268636607217 ENE 55.9444007667122 -3.1872496998009683 749.049194 609.775330
55.9444007667122 -3.1872496998009683 ENE 55.94451557174191 -3.186972535941215 749.049194 608.525330
55.94451557174191 -3.186972535941215 ENE 55.94463037677162 -3.1866953720814615 749.049194 607.275330
55.94463037677162 -3.1866953720814615 ENE 55.94474518180133 -3.186418208221708 749.049194 606.025330
55.94474518180133 -3.186418208221708 E 55.94474518180133 -3.186118208221708 749.049194 604.775330
55.94474518180133 -3.186118208221708 ENE 55.94485998683104 -3.1858410443619545 749.049194 603.525330
55.94485998683104 -3.1858410443619545 E 55.94485998683104 -3.1855410443619543 749.049194 602.275330
55.94485998683104 -3.1855410443619543 ENE 55.94497479186075 -3.185263880502201 749.049194 601.025330
55.94497479186075 -3.185263880502201 E 55.94497479186075 -3.1849638805022007 749.049194 599.775330
55.94497479186075 -3.1849638805022007 W 55.94497479186075 -3.185263880502201 781.842056 685.635334
55.94497479186075 -3.185263880502201 W 55.94497479186075 -3.185563880502201 781.842056 684.385334
55.94497479186075 -3.185563880502201 W 55.94497479186075 -3.1858638805022013 781.842056 683.135334
55.94497479186075 -3.1858638805022013 WNW 55.94508959689046 -3.1861410443619547 781.842056 681.885334
55.94508959689046 -3.1861410443619547 W 55.94508959689046 -3.186441044361955 781.842056 680.635334
55.94508959689046 -3.186441044361955 WNW 55.94520440192017 -3.1867182082217083 781.842056 679.385334
55.94520440192017 -3.1867182082217083 W 55.94520440192017 -3.1870182082217084 781.842056 678.135334
55.94520440192017 -3.1870182082217084 WNW 55.94531920694988 -3.187295372081462 727.099697 676.885334
55.94531920694988 -3.187295372081462 W 55.94531920694988 -3.187595372081462 727.099697 675.635334
55.94531920694988 -3.187595372081462 WNW 55.94543401197959 -3.1878725359412154 727.099697 674.385334
55.94543401197959 -3.1878725359412154 W 55.94543401197959 -3.1881725359412156 727.099697 673.135334
55.94543401197959 -3.1881725359412156 WNW 55.9455488170093 -3.188449699800969 727.099697 671.885334
55.9455488170093 -3.188449699800969 W 55.9455488170093 -3.1887496998009692 727.099697 670.635334
55.9455488170093 -3.1887496998009692 WSW 55.94543401197959 -3.1890268636607226 748.992894 770.374248
55.94543401197959 -3.1890268636607226 WSW 55.94531920694988 -3.189304027520476 748.992894 769.124248
55.94531920694988 -3.189304027520476 WSW 55.94520440192017 -3.1895811913802294 748.992894 767.874248
55.94520440192017 -3.1895811913802294 WSW 55.94508959689046 -3.189858355239983 748.992894 766.624248
55.94508959689046 -3.189858355239983 WSW 55.94497479186075 -3.1901355190997362 748.992894 765.374248
55.94497479186075 -3.1901355190997362 WSW 55.94485998683104 -3.1904126829594897 748.992894 764.124248
55.94485998683104 -3.1904126829594897 WSW 55.94474518180133 -3.190689846819243 748.992894 762.874248
55.94474518180133 -3.190689846819243 WSW 55.94463037677162 -3.1909670106789965 748.992894 761.624248
55.94463037677162 -3.1909670106789965 W 55.94463037677162 -3.1912670106789967 748.992894 760.374248
55.94463037677162 -3.1912670106789967 WSW 55.94451557174191 -3.19154417453875 748.992894 759.124248
55.94451557174191 -3.19154417453875 E 55.94451557174191 -3.19124417453875 841.087747 762.969412
55.94451557174191 -3.19124417453875 E 55.94451557174191 -3.1909441745387497 841.087747 761.719412
55.94451557174191 -3.1909441745387497 E 55.94451557174191 -3.1906441745387495 841.087747 760.469412
55.94451557174191 -3.1906441745387495 E 55.94451557174191 -3.1903441745387493 841.087747 759.219412
55.94451557174191 -3.1903441745387493 E 55.94451557174191 -3.190044174538749 841.087747 757.969412
55.94451557174191 -3.190044174538749 E 55.94451557174191 -3.189744174538749 851.865249 818.461634
55.94451557174191 -3.189744174538749 E 55.94451557174191 -3.1894441745387487 947.947324 851.796720
55.94451557174191 -3.1894441745387487 E 55.94451557174191 -3.1891441745387485 947.947324 850.546720
55.94451557174191 -3.1891441745387485 E 55.94451557174191 -3.1888441745387484 947.947324 849.296720
55.94451557174191 -3.1888441745387484 E 55.94451557174191 -3.188544174538748 947.947324 848.046720
55.94451557174191 -3.188544174538748 E 55.94451557174191 -3.188244174538748 947.947324 846.796720
55.94451557174191 -3.188244174538748 E 55.94451557174191 -3.187944174538748 947.947324 845.546720
55.94451557174191 -3.187944174538748 E 55.94451557174191 -3.1876441745387476 947.947324 844.296720
55.94451557174191 -3.1876441745387476 E 55.94451557174191 -3.1873441745387474 947.947324 843.046720
55.94451557174191 -3.1873441745387474 ESE 55.9444007667122 -3.187067010678994 947.947324 841.796720
55.9444007667122 -3.187067010678994 E 55.9444007667122 -3.186767010678994 947.947324 840.546720
55.9444007667122 -3.186767010678994 ESE 55.94428596168249 -3.1864898468192404 943.500475 735.047787
55.94428596168249 -3.1864898468192404 E 55.94428596168249 -3.1861898468192402 943.500475 733.797787
55.94428596168249 -3.1861898468192402 ESE 55.94417115665278 -3.185912682959487 943.500475 732.547787
55.94417115665278 -3.185912682959487 E 55.94417115665278 -3.1856126829594866 943.500475 731.297787
55.94417115665278 -3.1856126829594866 ESE 55.94405635162307 -3.1853355190997332 943.500475 730.047787
55.94405635162307 -3.1853355190997332 E 55.94405635162307 -3.185035519099733 943.500475 728.797787
55.94405635162307 -3.185035519099733 ESE 55.94394154659336 -3.1847583552399796 943.500475 727.547787
55.94394154659336 -3.1847583552399796 WSW 55.94382674156365 -3.185035519099733 1029.376272 802.312503
55.94382674156365 -3.185035519099733 WSW 55.94371193653394 -3.1853126829594864 1029.376272 801.062503
55.94371193653394 -3.1853126829594864 WSW 55.94359713150423 -3.18558984681924 1029.376272 799.812503
55.94359713150423 -3.18558984681924 SW 55.94338499946987 -3.1858019788535956 1029.376272 798.562503
55.94338499946987 -3.1858019788535956 WSW 55.94327019444016 -3.186079142713349 1029.376272 797.312503
55.94327019444016 -3.186079142713349 SW 55.943058062405804 -3.186291274747705 1029.376272 796.062503
55.943058062405804 -3.186291274747705 WSW 55.94294325737609 -3.186568438607458 1029.376272 794.812503
55.94294325737609 -3.186568438607458 SW 55.94273112534174 -3.186780570641814 997.909442 733.914834
55.94273112534174 -3.186780570641814 W 55.94273112534174 -3.187080570641814 997.909442 732.664834
55.94273112534174 -3.187080570641814 W 55.94273112534174 -3.1873805706418143 1021.936097 848.511559
55.94273112534174 -3.1873805706418143 W 55.94273112534174 -3.1876805706418145 1021.936097 847.261559
55.94273112534174 -3.1876805706418145 W 55.94273112534174 -3.1879805706418147 1021.936097 846.011559
55.94273112534174 -3.1879805706418147 W 55.94273112534174 -3.188280570641815 1021.936097 844.761559
55.94273112534174 -3.188280570641815 W 55.94273112534174 -3.188580570641815 1021.936097 843.511559
55.94273112534174 -3.188580570641815 W 55.94273112534174 -3.1888805706418153 1021.936097 842.261559
55.94273112534174 -3.1888805706418153 W 55.94273112534174 -3.1891805706418155 1021.936097 841.011559
55.94273112534174 -3.1891805706418155 W 55.94273112534174 -3.1894805706418157 1021.936097 839.761559
55.94273112534174 -3.1894805706418157 W 55.94273112534174 -3.189780570641816 1021.936097 838.511559
55.94273112534174 -3.189780570641816 W 55.94273112534174 -3.190080570641816 1071.374530 907.094282
55.94273112534174 -3.190080570641816 W 55.94273112534174 -3.1903805706418162 1071.374530 905.844282
55.94273112534174 -3.1903805706418162 W 55.94273112534174 -3.1906805706418164 1071.374530 904.594282
55.94273112534174 -3.1906805706418164 W 55.94273112534174 -3.1909805706418166 1071.374530 903.344282
55.94273112534174 -3.1909805706418166 ENE 55.94284593037145 -3.190703406782063 1149.029947 985.586161
55.94284593037145 -3.190703406782063 ENE 55.94296073540116 -3.19042624292231 1149.029947 984.336161
55.94296073540116 -3.19042624292231 ENE 55.94307554043087 -3.1901490790625564 1149.029947 983.086161
55.94307554043087 -3.1901490790625564 ENE 55.94319034546058 -3.189871915202803 1103.634487 967.139540
55.94319034546058 -3.189871915202803 ENE 55.94330515049029 -3.1895947513430496 1103.634487 965.889540
55.94330515049029 -3.1895947513430496 ENE 55.94341995552 -3.189317587483296 1103.634487 964.639540
55.94341995552 -3.189317587483296 ENE 55.94353476054971 -3.189040423623543 1103.634487 963.389540
55.94353476054971 -3.189040423623543 ENE 55.94364956557942 -3.1887632597637894 1103.634487 962.139540
55.94364956557942 -3.1887632597637894 ENE 55.94376437060913 -3.188486095904036 1103.634487 960.889540
55.94376437060913 -3.188486095904036 ENE 55.94387917563884 -3.1882089320442826 1103.634487 959.639540
55.94387917563884 -3.1882089320442826 ENE 55.94399398066855 -3.187931768184529 1103.634487 958.389540
55.94399398066855 -3.187931768184529 E 55.94399398066855 -3.187631768184529 1103.634487 957.139540
55.94399398066855 -3.187631768184529 ENE 55.94410878569826 -3.1873546043247756 1103.634487 955.889540
55.94410878569826 -3.1873546043247756 E 55.94410878569826 -3.1870546043247754 1103.634487 954.639540
55.94410878569826 -3.1870546043247754 ENE 55.94422359072797 -3.186777440465022 1103.634487 953.389540
55.94422359072797 -3.186777440465022 WNW 55.94433839575768 -3.1870546043247754 1214.243456 1023.551052
55.94433839575768 -3.1870546043247754 WNW 55.94445320078739 -3.187331768184529 1214.243456 1022.301052
55.94445320078739 -3.187331768184529 WNW 55.9445680058171 -3.187608932044282 1214.243456 1021.051052
55.9445680058171 -3.187608932044282 WNW 55.944682810846814 -3.1878860959040356 1214.243456 1019.801052
55.944682810846814 -3.1878860959040356 W 55.944682810846814 -3.188186095904036 1214.243456 1018.551052
55.944682810846814 -3.188186095904036 WNW 55.944797615876524 -3.188463259763789 1214.243456 1017.301052
55.944797615876524 -3.188463259763789 W 55.944797615876524 -3.1887632597637894 1214.243456 1016.051052
55.944797615876524 -3.1887632597637894 WNW 55.944912420906235 -3.189040423623543 1181.108307 940.351634
55.944912420906235 -3.189040423623543 W 55.944912420906235 -3.189340423623543 1181.108307 939.101634
55.944912420906235 -3.189340423623543 WNW 55.945027225935945 -3.1896175874832964 1181.108307 937.851634
55.945027225935945 -3.1896175874832964 W 55.945027225935945 -3.1899175874832966 1181.108307 936.601634
55.945027225935945 -3.1899175874832966 WNW 55.945142030965656 -3.19019475134305 1181.108307 935.351634
55.945142030965656 -3.19019475134305 W 55.945142030965656 -3.19049475134305 1181.108307 934.101634
55.945142030965656 -3.19049475134305 WNW 55.945256835995366 -3.1907719152028036 1181.108307 932.851634
55.945256835995366 -3.1907719152028036 W 55.945256835995366 -3.1910719152028038 1181.108307 931.601634
55.945256835995366 -3.1910719152028038 ENE 55.945371641025076 -3.1907947513430504 1245.038234 1048.231243
55.945371641025076 -3.1907947513430504 E 55.945371641025076 -3.19049475134305 1245.038234 1046.981243
55.945371641025076 -3.19049475134305 ENE 55.94548644605479 -3.1902175874832968 1245.038234 1045.731243
55.94548644605479 -3.1902175874832968 E 55.94548644605479 -3.1899175874832966 1245.038234 1044.481243
55.94548644605479 -3.1899175874832966 ENE 55.9456012510845 -3.189640423623543 1245.038234 1043.231243
55.9456012510845 -3.189640423623543 E 55.9456012510845 -3.189340423623543 1245.038234 1041.981243
55.9456012510845 -3.189340423623543 ENE 55.94571605611421 -3.1890632597637896 1245.038234 1040.731243
55.94571605611421 -3.1890632597637896 WSW 55.9456012510845 -3.189340423623543 1325.668722 1155.327721
55.9456012510845 -3.189340423623543 WSW 55.94548644605479 -3.1896175874832964 1325.668722 1154.077721
55.94548644605479 -3.1896175874832964 WSW 55.945371641025076 -3.18989475134305 1325.668722 1152.827721
55.945371641025076 -3.18989475134305 WSW 55.945256835995366 -3.190171915202803 1325.668722 1151.577721
55.945256835995366 -3.190171915202803 WSW 55.945142030965656 -3.1904490790625566 1325.668722 1150.327721
55.945142030965656 -3.1904490790625566 WSW 55.945027225935945 -3.19072624292231 1325.668722 1149.077721
55.945027225935945 -3.19072624292231 WSW 55.944912420906235 -3.1910034067820634 1325.668722 1147.827721
55.944912420906235 -3.1910034067820634 WSW 55.944797615876524 -3.191280570641817 1325.668722 1146.577721
55.944797615876524 -3.191280570641817 SW 55.94458548384217 -3.1914927026761726 1325.668722 1145.327721
55.94458548384217 -3.1914927026761726 NW 55.944797615876524 -3.1917048347105283 1325.668722 1144.077721
55.944797615876524 -3.1917048347105283 WNW 55.944912420906235 -3.1919819985702818 1325.668722 1142.827721
55.944912420906235 -3.1919819985702818 NW 55.94512455294059 -3.1921941306046375 1325.668722 1141.577721
55.94512455294059 -3.1921941306046375 WNW 55.9452393579703 -3.192471294464391 1325.668722 1140.327721
55.9452393579703 -3.192471294464391 SE 55.945027225935945 -3.192259162430035 1411.094898 1177.091518
55.945027225935945 -3.192259162430035 SE 55.94481509390159 -3.1920470303956794 1411.094898 1175.841518
55.94481509390159 -3.1920470303956794 SE 55.94460296186723 -3.1918348983613236 1411.094898 1174.591518
55.94460296186723 -3.1918348983613236 ESE 55.94448815683752 -3.19155773450157 1500.253644 1276.132323
55.94448815683752 -3.19155773450157 E 55.94448815683752 -3.19125773450157 1500.253644 1274.882323
55.94448815683752 -3.19125773450157 E 55.94448815683752 -3.19095773450157 1500.253644 1273.632323
55.94448815683752 -3.19095773450157 E 55.94448815683752 -3.1906577345015696 1500.253644 1272.382323
55.94448815683752 -3.1906577345015696 E 55.94448815683752 -3.1903577345015695 1500.253644 1271.132323
55.94448815683752 -3.1903577345015695 E 55.94448815683752 -3.1900577345015693 1500.253644 1269.882323
55.94448815683752 -3.1900577345015693 E 55.94448815683752 -3.189757734501569 1500.253644 1268.632323
55.94448815683752 -3.189757734501569 E 55.94448815683752 -3.189457734501569 1500.253644 1267.382323
55.94448815683752 -3.189457734501569 ESE 55.94437335180781 -3.1891805706418155 1500.253644 1266.132323
55.94437335180781 -3.1891805706418155 E 55.94437335180781 -3.1888805706418153 1500.253644 1264.882323
55.94437335180781 -3.1888805706418153 ESE 55.9442585467781 -3.188603406782062 1500.253644 1263.632323
55.9442585467781 -3.188603406782062 E 55.9442585467781 -3.1883034067820617 1500.253644 1262.382323
55.9442585467781 -3.1883034067820617 ESE 55.94414374174839 -3.1880262429223083 1500.253644 1261.132323
55.94414374174839 -3.1880262429223083 E 55.94414374174839 -3.187726242922308 1500.253644 1259.882323
55.94414374174839 -3.187726242922308 ESE 55.94402893671868 -3.1874490790625547 1500.253644 1258.632323
55.94402893671868 -3.1874490790625547 E 55.94402893671868 -3.1871490790625545 1500.253644 1257.382323
55.94402893671868 -3.1871490790625545 ESE 55.94391413168897 -3.186871915202801 1500.253644 1256.132323
55.94391413168897 -3.186871915202801 E 55.94391413168897 -3.186571915202801 1500.253644 1254.882323
55.94391413168897 -3.186571915202801 ESE 55.94379932665926 -3.1862947513430475 1531.915348 1333.203689
55.94379932665926 -3.1862947513430475 NW 55.944011458693616 -3.1865068833774033 1531.915348 1331.953689
55.944011458693616 -3.1865068833774033 NNW 55.94428862255337 -3.186621688407113 1531.915348 1330.703689
55.94428862255337 -3.186621688407113 NW 55.94450075458773 -3.1868338204414686 1531.915348 1329.453689
55.94450075458773 -3.1868338204414686 NNW 55.944777918447485 -3.186948625471178 1531.915348 1328.203689
55.944777918447485 -3.186948625471178 NW 55.94499005048184 -3.187160757505534 1531.915348 1326.953689
55.94499005048184 -3.187160757505534 NNW 55.9452672143416 -3.1872755625352434 1531.915348 1325.703689
55.9452672143416 -3.1872755625352434 NW 55.945479346375954 -3.187487694569599 1531.915348 1324.453689
55.945479346375954 -3.187487694569599 NNW 55.94575651023571 -3.1876024995993086 1531.915348 1323.203689
55.94575651023571 -3.1876024995993086 SW 55.945544378201355 -3.1878146316336644 1542.749331 1404.522779
55.945544378201355 -3.1878146316336644 NE 55.94575651023571 -3.1876024995993086 1542.749331 1403.272779
55.94575651023571 -3.1876024995993086 E 55.94575651023571 -3.1873024995993084 1542.749331 1402.022779
55.94575651023571 -3.1873024995993084 E 55.94575651023571 -3.1870024995993083 1542.749331 1400.772779
55.94575651023571 -3.1870024995993083 E 55.94575651023571 -3.186702499599308 1542.749331 1399.522779
55.94575651023571 -3.186702499599308 E 55.94575651023571 -3.186402499599308 1452.091570 1376.237080
55.94575651023571 -3.186402499599308 E 55.94575651023571 -3.1861024995993077 1451.855842 1273.161547
55.94575651023571 -3.1861024995993077 E 55.94575651023571 -3.1858024995993075 1371.548644 1186.180950
55.94575651023571 -3.1858024995993075 E 55.94575651023571 -3.1855024995993073 1371.548644 1184.930950
55.94575651023571 -3.1855024995993073 E 55.94575651023571 -3.185202499599307 1371.548644 1183.680950
55.94575651023571 -3.185202499599307 E 55.94575651023571 -3.184902499599307 1371.548644 1182.430950
55.94575651023571 -3.184902499599307 E 55.94575651023571 -3.1846024995993067 1371.548644 1181.180950
55.94575651023571 -3.1846024995993067 ENE 55.94587131526542 -3.1843253357395533 1441.007158 1296.015346
55.94587131526542 -3.1843253357395533 NE 55.94608344729978 -3.1841132037051976 1441.007158 1294.765346
55.94608344729978 -3.1841132037051976 SW 55.94587131526542 -3.1843253357395533 1441.007158 1293.515346
55.94587131526542 -3.1843253357395533 NNE 55.94614847912518 -3.184210530709844 1441.007158 1292.265346
55.94614847912518 -3.184210530709844 WSW 55.94603367409547 -3.1844876945695972 1441.007158 1291.015346
55.94603367409547 -3.1844876945695972 SW 55.94582154206111 -3.184699826603953 1441.007158 1289.765346
55.94582154206111 -3.184699826603953 NNW 55.94609870592087 -3.1848146316336625 1441.007158 1288.515346
55.94609870592087 -3.1848146316336625 SSW 55.94582154206111 -3.184929436663372 1441.007158 1287.265346
55.94582154206111 -3.184929436663372 ESE 55.9457067370314 -3.1846522728036186 1441.007158 1286.015346
55.9457067370314 -3.1846522728036186 NE 55.94591886906576 -3.184440140769263 1441.007158 1284.765346
55.94591886906576 -3.184440140769263 S 55.945618869065754 -3.184440140769263 1441.007158 1283.515346
55.945618869065754 -3.184440140769263 E 55.945618869065754 -3.1841401407692627 1441.007158 1282.265346
55.945618869065754 -3.1841401407692627 N 55.94591886906576 -3.1841401407692627 1441.007158 1281.015346
55.94591886906576 -3.1841401407692627 N 55.94621886906576 -3.1841401407692627 1441.007158 1279.765346
55.94621886906576 -3.1841401407692627 ESE 55.94610406403605 -3.1838629769095093 1441.007158 1278.515346
55.94610406403605 -3.1838629769095093 E 55.94610406403605 -3.183562976909509 1441.007158 1277.265346
55.94610406403605 -3.183562976909509 NNW 55.946381227895806 -3.1836777819392186 1441.007158 1276.015346
55.946381227895806 -3.1836777819392186 SW 55.94616909586145 -3.1838899139735743 1441.007158 1274.765346
55.94616909586145 -3.1838899139735743 NNW 55.946446259721206 -3.184004719003284 1441.007158 1273.515346
55.946446259721206 -3.184004719003284 SSE 55.94616909586145 -3.1838899139735743 1441.007158 1272.265346
55.94616909586145 -3.1838899139735743 SSE 55.94589193200169 -3.183775108943865 1441.007158 1271.015346
55.94589193200169 -3.183775108943865 WSW 55.94577712697198 -3.1840522728036182 1441.007158 1269.765346
55.94577712697198 -3.1840522728036182 SE 55.94556499493763 -3.1838401407692625 1441.007158 1268.515346
55.94556499493763 -3.1838401407692625 NNW 55.94584215879738 -3.183954945798972 1441.007158 1267.265346
