55.944425 -3.188396 ENE 55.94453980502971 -3.1881188361402466 0.000000 248.750000
55.94453980502971 -3.1881188361402466 ENE 55.94465461005942 -3.187841672280493 0.000000 247.500000
55.94465461005942 -3.187841672280493 ENE 55.944769415089134 -3.18756450842074 0.000000 246.250000
55.944769415089134 -3.18756450842074 ENE 55.944884220118844 -3.1872873445609864 0.000000 245.000000
55.944884220118844 -3.1872873445609864 ENE 55.944999025148554 -3.187010180701233 49.270928 256.824749
55.944999025148554 -3.187010180701233 ENE 55.945113830178265 -3.1867330168414796 0.000000 131.704170
55.945113830178265 -3.1867330168414796 ENE 55.945228635207975 -3.186455852981726 0.000000 130.454170
55.945228635207975 -3.186455852981726 ENE 55.945343440237686 -3.1861786891219728 0.000000 129.204170
55.945343440237686 -3.1861786891219728 ENE 55.945458245267396 -3.1859015252622194 0.000000 127.954170
55.945458245267396 -3.1859015252622194 S 55.94515824526739 -3.1859015252622194 113.887452 161.557950
55.94515824526739 -3.1859015252622194 S 55.94485824526739 -3.1859015252622194 220.206845 177.434411
55.94485824526739 -3.1859015252622194 S 55.94455824526739 -3.1859015252622194 235.925669 269.476424
55.94455824526739 -3.1859015252622194 SSE 55.94428108140763 -3.18578672023251 235.925669 268.226424
55.94428108140763 -3.18578672023251 S 55.94398108140763 -3.18578672023251 235.925669 266.976424
55.94398108140763 -3.18578672023251 SSE 55.94370391754787 -3.1856719152028004 235.925669 265.726424
55.94370391754787 -3.1856719152028004 S 55.94340391754787 -3.1856719152028004 313.140754 273.632146
55.94340391754787 -3.1856719152028004 SSE 55.94312675368811 -3.185557110173091 313.140754 272.382146
55.94312675368811 -3.185557110173091 WSW 55.9430119486584 -3.1858342740328442 348.280399 331.473396
55.9430119486584 -3.1858342740328442 WSW 55.94289714362869 -3.1861114378925977 348.280399 330.223396
55.94289714362869 -3.1861114378925977 WSW 55.94278233859898 -3.186388601752351 348.280399 328.973396
55.94278233859898 -3.186388601752351 WSW 55.94266753356927 -3.1866657656121045 316.813569 268.075726
55.94266753356927 -3.1866657656121045 W 55.94266753356927 -3.1869657656121047 316.813569 266.825726
55.94266753356927 -3.1869657656121047 WNW 55.94278233859898 -3.187242929471858 340.840224 382.672452
55.94278233859898 -3.187242929471858 WNW 55.94289714362869 -3.1875200933316115 340.840224 381.422452
55.94289714362869 -3.1875200933316115 WNW 55.9430119486584 -3.187797257191365 340.840224 380.172452
55.9430119486584 -3.187797257191365 WNW 55.94312675368811 -3.1880744210511183 340.840224 378.922452
55.94312675368811 -3.1880744210511183 WNW 55.94324155871782 -3.1883515849108717 340.840224 377.672452
55.94324155871782 -3.1883515849108717 WNW 55.94335636374753 -3.188628748770625 340.840224 376.422452
55.94335636374753 -3.188628748770625 WNW 55.94347116877724 -3.1889059126303785 340.840224 375.172452
55.94347116877724 -3.1889059126303785 WNW 55.943585973806954 -3.189183076490132 397.478784 457.584493
55.943585973806954 -3.189183076490132 WNW 55.943700778836664 -3.1894602403498853 397.478784 456.334493
55.943700778836664 -3.1894602403498853 WNW 55.943815583866375 -3.1897374042096387 397.478784 455.084493
55.943815583866375 -3.1897374042096387 WNW 55.943930388896085 -3.190014568069392 397.478784 453.834493
55.943930388896085 -3.190014568069392 WNW 55.944045193925795 -3.1902917319291455 397.478784 452.584493
55.944045193925795 -3.1902917319291455 WNW 55.944159998955506 -3.190568895788899 419.772898 462.393057
55.944159998955506 -3.190568895788899 WNW 55.944274803985216 -3.1908460596486523 419.772898 461.143057
55.944274803985216 -3.1908460596486523 WNW 55.94438960901493 -3.1911232235084057 419.772898 459.893057
55.94438960901493 -3.1911232235084057 WNW 55.94450441404464 -3.191400387368159 419.772898 458.643057
55.94450441404464 -3.191400387368159 NW 55.94471654607899 -3.191612519402515 511.867752 462.488221
55.94471654607899 -3.191612519402515 WNW 55.944831351108704 -3.1918896832622683 601.026498 564.029026
55.944831351108704 -3.1918896832622683 NW 55.94504348314306 -3.192101815296624 601.026498 562.779026
55.94504348314306 -3.192101815296624 WNW 55.94515828817277 -3.1923789791563775 601.026498 561.529026
55.94515828817277 -3.1923789791563775 E 55.94515828817277 -3.1920789791563773 686.452674 598.292823
55.94515828817277 -3.1920789791563773 E 55.94515828817277 -3.191778979156377 686.452674 597.042823
55.94515828817277 -3.191778979156377 ENE 55.94527309320248 -3.1915018152966237 686.452674 595.792823
55.94527309320248 -3.1915018152966237 E 55.94527309320248 -3.1912018152966235 686.452674 594.542823
55.94527309320248 -3.1912018152966235 ESE 55.94515828817277 -3.19092465143687 750.382601 711.172433
55.94515828817277 -3.19092465143687 ESE 55.94504348314306 -3.1906474875771167 750.382601 709.922433
55.94504348314306 -3.1906474875771167 ESE 55.94492867811335 -3.1903703237173633 750.382601 708.672433
55.94492867811335 -3.1903703237173633 ESE 55.94481387308364 -3.19009315985761 750.382601 707.422433
55.94481387308364 -3.19009315985761 ESE 55.94469906805393 -3.1898159959978565 750.382601 706.172433
55.94469906805393 -3.1898159959978565 ESE 55.94458426302422 -3.189538832138103 846.464676 739.507519
55.94458426302422 -3.189538832138103 ESE 55.94446945799451 -3.1892616682783497 846.464676 738.257519
55.94446945799451 -3.1892616682783497 ESE 55.9443546529648 -3.1889845044185963 846.464676 737.007519
55.9443546529648 -3.1889845044185963 E 55.9443546529648 -3.188684504418596 822.636953 711.861584
55.9443546529648 -3.188684504418596 ESE 55.94423984793509 -3.1884073405588427 822.636953 710.611584
55.94423984793509 -3.1884073405588427 E 55.94423984793509 -3.1881073405588425 822.636953 709.361584
55.94423984793509 -3.1881073405588425 ESE 55.94412504290538 -3.187830176699089 796.694545 697.943102
55.94412504290538 -3.187830176699089 E 55.94412504290538 -3.187530176699089 796.694545 696.693102
55.94412504290538 -3.187530176699089 ESE 55.944010237875666 -3.1872530128393355 796.694545 695.443102
55.944010237875666 -3.1872530128393355 E 55.944010237875666 -3.1869530128393353 796.694545 694.193102
55.944010237875666 -3.1869530128393353 ESE 55.943895432845956 -3.186675848979582 796.694545 692.943102
55.943895432845956 -3.186675848979582 E 55.943895432845956 -3.1863758489795817 796.694545 691.693102
55.943895432845956 -3.1863758489795817 NNW 55.94417259670571 -3.186490654009291 828.356248 770.014468
55.94417259670571 -3.186490654009291 NW 55.94438472874007 -3.186702786043647 823.909399 664.515535
55.94438472874007 -3.186702786043647 NNW 55.944661892599825 -3.1868175910733565 823.909399 663.265535
55.944661892599825 -3.1868175910733565 NW 55.94487402463418 -3.1870297231077123 823.909399 662.015535
55.94487402463418 -3.1870297231077123 NNW 55.94515118849394 -3.1871445281374218 769.167041 660.765535
55.94515118849394 -3.1871445281374218 NW 55.945363320528294 -3.1873566601717775 769.167041 659.515535
55.945363320528294 -3.1873566601717775 NNW 55.94564048438805 -3.187471465201487 769.167041 658.265535
55.94564048438805 -3.187471465201487 W 55.94564048438805 -3.1877714652014872 780.001024 739.584626
55.94564048438805 -3.1877714652014872 W 55.94564048438805 -3.1880714652014874 780.001024 738.334626
55.94564048438805 -3.1880714652014874 W 55.94564048438805 -3.1883714652014876 780.001024 737.084626
55.94564048438805 -3.1883714652014876 W 55.94564048438805 -3.188671465201488 780.001024 735.834626
55.94564048438805 -3.188671465201488 WSW 55.94552567935834 -3.188948629061241 801.894220 835.573540
55.94552567935834 -3.188948629061241 W 55.94552567935834 -3.1892486290612414 801.894220 834.323540
55.94552567935834 -3.1892486290612414 WSW 55.94541087432863 -3.189525792920995 882.524708 948.920018
55.94541087432863 -3.189525792920995 W 55.94541087432863 -3.189825792920995 882.524708 947.670018
55.94541087432863 -3.189825792920995 WSW 55.94529606929892 -3.1901029567807484 882.524708 946.420018
55.94529606929892 -3.1901029567807484 E 55.94529606929892 -3.189802956780748 998.297090 1031.227213
55.94529606929892 -3.189802956780748 E 55.94529606929892 -3.189502956780748 998.297090 1029.977213
55.94529606929892 -3.189502956780748 E 55.94529606929892 -3.189202956780748 998.297090 1028.727213
55.94529606929892 -3.189202956780748 E 55.94529606929892 -3.1889029567807476 998.297090 1027.477213
55.94529606929892 -3.1889029567807476 E 55.94529606929892 -3.1886029567807475 998.297090 1026.227213
55.94529606929892 -3.1886029567807475 E 55.94529606929892 -3.1883029567807473 998.297090 1024.977213
55.94529606929892 -3.1883029567807473 E 55.94529606929892 -3.188002956780747 998.297090 1023.727213
55.94529606929892 -3.188002956780747 E 55.94529606929892 -3.187702956780747 998.297090 1022.477213
55.94529606929892 -3.187702956780747 E 55.94529606929892 -3.1874029567807467 998.297090 1021.227213
55.94529606929892 -3.1874029567807467 E 55.94529606929892 -3.1871029567807465 998.297090 1019.977213
55.94529606929892 -3.1871029567807465 E 55.94529606929892 -3.1868029567807463 998.297090 1018.727213
55.94529606929892 -3.1868029567807463 E 55.94529606929892 -3.186502956780746 998.297090 1017.477213
55.94529606929892 -3.186502956780746 E 55.94529606929892 -3.186202956780746 998.297090 1016.227213
55.94529606929892 -3.186202956780746 E 55.94529606929892 -3.1859029567807458 998.297090 1014.977213
55.94529606929892 -3.1859029567807458 ESE 55.94518126426921 -3.1856257929209923 998.297090 1013.727213
55.94518126426921 -3.1856257929209923 E 55.94518126426921 -3.185325792920992 998.297090 1012.477213
55.94518126426921 -3.185325792920992 ESE 55.9450664592395 -3.1850486290612388 998.297090 1011.227213
55.9450664592395 -3.1850486290612388 E 55.9450664592395 -3.1847486290612386 948.189488 891.447560
55.9450664592395 -3.1847486290612386 WSW 55.94495165420979 -3.185025792920992 980.982350 977.307563
55.94495165420979 -3.185025792920992 WSW 55.94483684918008 -3.1853029567807454 980.982350 976.057563
55.94483684918008 -3.1853029567807454 WSW 55.94472204415037 -3.185580120640499 980.982350 974.807563
55.94472204415037 -3.185580120640499 WSW 55.94460723912066 -3.185857284500252 980.982350 973.557563
55.94460723912066 -3.185857284500252 WSW 55.94449243409095 -3.1861344483600056 980.982350 972.307563
55.94449243409095 -3.1861344483600056 WSW 55.944377629061236 -3.186411612219759 980.982350 971.057563
55.944377629061236 -3.186411612219759 WSW 55.944262824031526 -3.1866887760795124 980.982350 969.807563
55.944262824031526 -3.1866887760795124 WSW 55.944148019001815 -3.186965939939266 1091.591319 1039.969074
55.944148019001815 -3.186965939939266 WSW 55.944033213972105 -3.187243103799019 1091.591319 1038.719074
55.944033213972105 -3.187243103799019 WSW 55.943918408942395 -3.1875202676587726 1091.591319 1037.469074
55.943918408942395 -3.1875202676587726 WSW 55.943803603912684 -3.187797431518526 1091.591319 1036.219074
55.943803603912684 -3.187797431518526 WSW 55.943688798882974 -3.1880745953782794 1091.591319 1034.969074
55.943688798882974 -3.1880745953782794 WSW 55.94357399385326 -3.188351759238033 1091.591319 1033.719074
55.94357399385326 -3.188351759238033 WSW 55.94345918882355 -3.1886289230977862 1091.591319 1032.469074
55.94345918882355 -3.1886289230977862 WSW 55.94334438379384 -3.1889060869575396 1091.591319 1031.219074
55.94334438379384 -3.1889060869575396 WSW 55.94322957876413 -3.189183250817293 1091.591319 1029.969074
55.94322957876413 -3.189183250817293 WSW 55.94311477373442 -3.1894604146770464 1091.591319 1028.719074
55.94311477373442 -3.1894604146770464 WSW 55.94299996870471 -3.1897375785368 1091.591319 1027.469074
55.94299996870471 -3.1897375785368 WSW 55.942885163675 -3.1900147423965532 1046.195858 1011.522453
55.942885163675 -3.1900147423965532 W 55.942885163675 -3.1903147423965534 1046.195858 1010.272453
55.942885163675 -3.1903147423965534 WSW 55.94277035864529 -3.190591906256307 1046.195858 1009.022453
55.94277035864529 -3.190591906256307 W 55.94277035864529 -3.190891906256307 1046.195858 1007.772453
55.94277035864529 -3.190891906256307 ENE 55.942885163675 -3.1906147423965536 1123.851276 1090.014332
55.942885163675 -3.1906147423965536 ENE 55.94299996870471 -3.1903375785368002 1123.851276 1088.764332
55.94299996870471 -3.1903375785368002 ENE 55.94311477373442 -3.190060414677047 1123.851276 1087.514332
55.94311477373442 -3.190060414677047 ENE 55.94322957876413 -3.1897832508172934 1123.851276 1086.264332
55.94322957876413 -3.1897832508172934 ENE 55.94334438379384 -3.18950608695754 1123.851276 1085.014332
55.94334438379384 -3.18950608695754 ENE 55.94345918882355 -3.1892289230977866 1123.851276 1083.764332
55.94345918882355 -3.1892289230977866 ENE 55.94357399385326 -3.188951759238033 1123.851276 1082.514332
55.94357399385326 -3.188951759238033 ENE 55.943688798882974 -3.18867459537828 1123.851276 1081.264332
55.943688798882974 -3.18867459537828 ENE 55.943803603912684 -3.1883974315185264 1123.851276 1080.014332
55.943803603912684 -3.1883974315185264 ENE 55.943918408942395 -3.188120267658773 1123.851276 1078.764332
55.943918408942395 -3.188120267658773 ENE 55.944033213972105 -3.1878431037990196 1197.220663 1154.843169
55.944033213972105 -3.1878431037990196 ENE 55.944148019001815 -3.187565939939266 1197.220663 1153.593169
55.944148019001815 -3.187565939939266 ENE 55.944262824031526 -3.1872887760795128 1197.220663 1152.343169
55.944262824031526 -3.1872887760795128 ENE 55.944377629061236 -3.1870116122197594 1197.220663 1151.093169
55.944377629061236 -3.1870116122197594 ENE 55.94449243409095 -3.186734448360006 1197.220663 1149.843169
55.94449243409095 -3.186734448360006 ENE 55.94460723912066 -3.1864572845002526 1197.220663 1148.593169
55.94460723912066 -3.1864572845002526 ENE 55.94472204415037 -3.186180120640499 1197.220663 1147.343169
55.94472204415037 -3.186180120640499 ENE 55.94483684918008 -3.1859029567807458 1197.220663 1146.093169
55.94483684918008 -3.1859029567807458 ENE 55.94495165420979 -3.1856257929209923 1197.220663 1144.843169
55.94495165420979 -3.1856257929209923 NE 55.945163786244144 -3.1854136608866366 1197.220663 1143.593169
55.945163786244144 -3.1854136608866366 ENE 55.945278591273855 -3.185136497026883 1197.220663 1142.343169
55.945278591273855 -3.185136497026883 NE 55.94549072330821 -3.1849243649925274 1197.220663 1141.093169
55.94549072330821 -3.1849243649925274 ENE 55.94560552833792 -3.184647201132774 1197.220663 1139.843169
55.94560552833792 -3.184647201132774 NE 55.94581766037228 -3.1844350690984182 1197.220663 1138.593169
55.94581766037228 -3.1844350690984182 WSW 55.94570285534257 -3.1847122329581716 1266.679177 1253.427565
55.94570285534257 -3.1847122329581716 WSW 55.94558805031286 -3.184989396817925 1266.679177 1252.177565
55.94558805031286 -3.184989396817925 WSW 55.94547324528315 -3.1852665606776784 1266.679177 1250.927565
55.94547324528315 -3.1852665606776784 WSW 55.945358440253436 -3.185543724537432 1266.679177 1249.677565
55.945358440253436 -3.185543724537432 WSW 55.945243635223726 -3.1858208883971852 1266.679177 1248.427565
55.945243635223726 -3.1858208883971852 WSW 55.945128830194015 -3.1860980522569387 1266.679177 1247.177565
55.945128830194015 -3.1860980522569387 W 55.945128830194015 -3.186398052256939 1266.679177 1245.927565
55.945128830194015 -3.186398052256939 WSW 55.945014025164305 -3.1866752161166922 1266.679177 1244.677565
55.945014025164305 -3.1866752161166922 W 55.945014025164305 -3.1869752161166924 1266.679177 1243.427565
55.945014025164305 -3.1869752161166924 WSW 55.944899220134594 -3.187252379976446 1266.679177 1242.177565
55.944899220134594 -3.187252379976446 W 55.944899220134594 -3.187552379976446 1266.679177 1240.927565
55.944899220134594 -3.187552379976446 WSW 55.944784415104884 -3.1878295438361994 1266.679177 1239.677565
55.944784415104884 -3.1878295438361994 W 55.944784415104884 -3.1881295438361996 1266.679177 1238.427565
55.944784415104884 -3.1881295438361996 WSW 55.944669610075174 -3.188406707695953 1266.679177 1237.177565
55.944669610075174 -3.188406707695953 W 55.944669610075174 -3.188706707695953 1266.679177 1235.927565
55.944669610075174 -3.188706707695953 WSW 55.94455480504546 -3.1889838715557066 1233.544028 1160.228147
55.94455480504546 -3.1889838715557066 W 55.94455480504546 -3.189283871555707 1233.544028 1158.978147
55.94455480504546 -3.189283871555707 WSW 55.94444000001575 -3.18956103541546 1233.544028 1157.728147
55.94444000001575 -3.18956103541546 W 55.94444000001575 -3.1898610354154604 1233.544028 1156.478147
55.94444000001575 -3.1898610354154604 WSW 55.94432519498604 -3.190138199275214 1244.321530 1216.970369
55.94432519498604 -3.190138199275214 W 55.94432519498604 -3.190438199275214 1244.321530 1215.720369
55.94432519498604 -3.190438199275214 WSW 55.94421038995633 -3.1907153631349674 1244.321530 1214.470369
55.94421038995633 -3.1907153631349674 W 55.94421038995633 -3.1910153631349676 1244.321530 1213.220369
55.94421038995633 -3.1910153631349676 WSW 55.94409558492662 -3.191292526994721 1244.321530 1211.970369
55.94409558492662 -3.191292526994721 W 55.94409558492662 -3.191592526994721 1288.635570 1216.334002
55.94409558492662 -3.191592526994721 ENE 55.94421038995633 -3.1913153631349678 1304.290777 1255.847429
55.94421038995633 -3.1913153631349678 ENE 55.94432519498604 -3.1910381992752144 1304.290777 1254.597429
55.94432519498604 -3.1910381992752144 ENE 55.94444000001575 -3.190761035415461 1304.290777 1253.347429
55.94444000001575 -3.190761035415461 ENE 55.94455480504546 -3.1904838715557076 1304.290777 1252.097429
55.94455480504546 -3.1904838715557076 E 55.94455480504546 -3.1901838715557074 1365.088502 1287.365538
55.94455480504546 -3.1901838715557074 E 55.94455480504546 -3.189883871555707 1365.088502 1286.115538
55.94455480504546 -3.189883871555707 E 55.94455480504546 -3.189583871555707 1365.088502 1284.865538
55.94455480504546 -3.189583871555707 E 55.94455480504546 -3.189283871555707 1365.088502 1283.615538
55.94455480504546 -3.189283871555707 E 55.94455480504546 -3.1889838715557066 1365.088502 1282.365538
55.94455480504546 -3.1889838715557066 E 55.94455480504546 -3.1886838715557064 1365.088502 1281.115538
55.94455480504546 -3.1886838715557064 E 55.94455480504546 -3.1883838715557062 1365.088502 1279.865538
55.94455480504546 -3.1883838715557062 E 55.94455480504546 -3.188083871555706 1365.088502 1278.615538
55.94455480504546 -3.188083871555706 E 55.94455480504546 -3.187783871555706 1365.088502 1277.365538
55.94455480504546 -3.187783871555706 E 55.94455480504546 -3.1874838715557057 1365.088502 1276.115538
55.94455480504546 -3.1874838715557057 ESE 55.94444000001575 -3.1872067076959523 1365.088502 1274.865538
55.94444000001575 -3.1872067076959523 E 55.94444000001575 -3.186906707695952 1365.088502 1273.615538
55.94444000001575 -3.186906707695952 ESE 55.94432519498604 -3.1866295438361987 1365.088502 1272.365538
55.94432519498604 -3.1866295438361987 E 55.94432519498604 -3.1863295438361985 1365.088502 1271.115538
55.94432519498604 -3.1863295438361985 ESE 55.94421038995633 -3.186052379976445 1365.088502 1269.865538
55.94421038995633 -3.186052379976445 E 55.94421038995633 -3.185752379976445 1365.088502 1268.615538
55.94421038995633 -3.185752379976445 ESE 55.94409558492662 -3.1854752161166915 1365.088502 1267.365538
55.94409558492662 -3.1854752161166915 E 55.94409558492662 -3.1851752161166913 1365.088502 1266.115538
55.94409558492662 -3.1851752161166913 ESE 55.94398077989691 -3.184898052256938 1365.088502 1264.865538
55.94398077989691 -3.184898052256938 E 55.94398077989691 -3.1845980522569377 1365.088502 1263.615538
55.94398077989691 -3.1845980522569377 WSW 55.9438659748672 -3.184875216116691 1450.964299 1338.380254
55.9438659748672 -3.184875216116691 WSW 55.94375116983749 -3.1851523799764445 1450.964299 1337.130254
55.94375116983749 -3.1851523799764445 WSW 55.94363636480778 -3.185429543836198 1450.964299 1335.880254
55.94363636480778 -3.185429543836198 WSW 55.94352155977807 -3.1857067076959513 1450.964299 1334.630254
55.94352155977807 -3.1857067076959513 WSW 55.94340675474836 -3.1859838715557047 1450.964299 1333.380254
55.94340675474836 -3.1859838715557047 W 55.94340675474836 -3.186283871555705 1450.964299 1332.130254
55.94340675474836 -3.186283871555705 WSW 55.94329194971865 -3.1865610354154583 1450.964299 1330.880254
55.94329194971865 -3.1865610354154583 W 55.94329194971865 -3.1868610354154585 1450.964299 1329.630254
55.94329194971865 -3.1868610354154585 WSW 55.94317714468894 -3.187138199275212 1450.964299 1328.380254
55.94317714468894 -3.187138199275212 W 55.94317714468894 -3.187438199275212 1450.964299 1327.130254
55.94317714468894 -3.187438199275212 WSW 55.94306233965923 -3.1877153631349655 1450.964299 1325.880254
55.94306233965923 -3.1877153631349655 W 55.94306233965923 -3.1880153631349657 1450.964299 1324.630254
55.94306233965923 -3.1880153631349657 WSW 55.94294753462952 -3.188292526994719 1450.964299 1323.380254
55.94294753462952 -3.188292526994719 W 55.94294753462952 -3.1885925269947193 1450.964299 1322.130254
55.94294753462952 -3.1885925269947193 WSW 55.94283272959981 -3.1888696908544727 1450.964299 1320.880254
55.94283272959981 -3.1888696908544727 W 55.94283272959981 -3.189169690854473 1450.964299 1319.630254
55.94283272959981 -3.189169690854473 WSW 55.9427179245701 -3.1894468547142263 1450.964299 1318.380254
55.9427179245701 -3.1894468547142263 W 55.9427179245701 -3.1897468547142265 1450.964299 1317.130254
55.9427179245701 -3.1897468547142265 WSW 55.94260311954039 -3.19002401857398 1500.402732 1385.712977
55.94260311954039 -3.19002401857398 NW 55.94281525157474 -3.1902361506083357 1500.402732 1384.462977
55.94281525157474 -3.1902361506083357 NW 55.9430273836091 -3.1904482826426914 1500.402732 1383.212977
55.9430273836091 -3.1904482826426914 NW 55.943239515643455 -3.190660414677047 1500.402732 1381.962977
55.943239515643455 -3.190660414677047 NW 55.94345164767781 -3.190872546711403 1500.402732 1380.712977
55.94345164767781 -3.190872546711403 NW 55.94366377971217 -3.1910846787457587 1500.402732 1379.462977
55.94366377971217 -3.1910846787457587 WNW 55.94377858474188 -3.191361842605512 1562.100243 1399.577522
55.94377858474188 -3.191361842605512 ESE 55.94366377971217 -3.1910846787457587 1562.100243 1398.327522
55.94366377971217 -3.1910846787457587 ENE 55.94377858474188 -3.1908075148860053 1562.100243 1397.077522
55.94377858474188 -3.1908075148860053 S 55.943478584741875 -3.1908075148860053 1562.100243 1395.827522
55.943478584741875 -3.1908075148860053 S 55.94317858474187 -3.1908075148860053 1562.100243 1394.577522
55.94317858474187 -3.1908075148860053 SE 55.942966452707516 -3.1905953828516496 1562.100243 1393.327522
55.942966452707516 -3.1905953828516496 W 55.942966452707516 -3.1908953828516498 1562.100243 1392.077522
55.942966452707516 -3.1908953828516498 WNW 55.94308125773723 -3.191172546711403 1562.100243 1390.827522
55.94308125773723 -3.191172546711403 NW 55.94329338977158 -3.191384678745759 1493.647267 1385.627866
55.94329338977158 -3.191384678745759 E 55.94329338977158 -3.1910846787457587 1493.647267 1384.377866
55.94329338977158 -3.1910846787457587 WSW 55.94317858474187 -3.191361842605512 1493.647267 1383.127866
55.94317858474187 -3.191361842605512 NNW 55.94345574860163 -3.1914766476352217 1493.647267 1381.877866
55.94345574860163 -3.1914766476352217 SW 55.94324361656727 -3.1916887796695774 1493.647267 1380.627866
55.94324361656727 -3.1916887796695774 S 55.94294361656727 -3.1916887796695774 1493.647267 1379.377866
55.94294361656727 -3.1916887796695774 E 55.94294361656727 -3.1913887796695772 1493.647267 1378.127866
55.94294361656727 -3.1913887796695772 N 55.94324361656727 -3.1913887796695772 1493.647267 1376.877866
55.94324361656727 -3.1913887796695772 SW 55.943031484532916 -3.191600911703933 1493.647267 1375.627866
55.943031484532916 -3.191600911703933 SSE 55.94275432067316 -3.1914861066742235 1493.647267 1374.377866
55.94275432067316 -3.1914861066742235 ESE 55.94263951564345 -3.19120894281447 1493.647267 1373.127866
55.94263951564345 -3.19120894281447 SSW 55.94236235178369 -3.1913237478441796 1493.647267 1371.877866
55.94236235178369 -3.1913237478441796 ENE 55.9424771568134 -3.191046583984426 1493.647267 1370.627866
55.9424771568134 -3.191046583984426 WSW 55.94236235178369 -3.1913237478441796 1493.647267 1369.377866
55.94236235178369 -3.1913237478441796 NE 55.94257448381805 -3.191111615809824 1493.647267 1368.127866
55.94257448381805 -3.191111615809824 WNW 55.94268928884776 -3.1913887796695772 1493.647267 1366.877866
55.94268928884776 -3.1913887796695772 SW 55.9424771568134 -3.191600911703933 1493.647267 1365.627866
55.9424771568134 -3.191600911703933 WNW 55.942591961843114 -3.1918780755636864 1493.647267 1364.377866
55.942591961843114 -3.1918780755636864 NNW 55.94286912570287 -3.191992880593396 1493.647267 1363.127866
55.94286912570287 -3.191992880593396 NNE 55.94314628956263 -3.1918780755636864 1472.337623 1361.830857
55.94314628956263 -3.1918780755636864 E 55.94314628956263 -3.1915780755636862 1472.337623 1360.580857
55.94314628956263 -3.1915780755636862 SSW 55.94286912570287 -3.1916928805933957 1472.337623 1359.330857
55.94286912570287 -3.1916928805933957 NNE 55.94314628956263 -3.1915780755636862 1472.337623 1358.080857
55.94314628956263 -3.1915780755636862 NE 55.94335842159698 -3.1913659435293305 1472.337623 1356.830857
55.94335842159698 -3.1913659435293305 E 55.94335842159698 -3.1910659435293303 1472.337623 1355.580857
55.94335842159698 -3.1910659435293303 NE 55.94357055363134 -3.1908538114949745 1472.337623 1354.330857
