55.944425 -3.188396 ENE 55.94453980502971 -3.1881188361402466 0.000000 248.750000
55.94453980502971 -3.1881188361402466 ENE 55.94465461005942 -3.187841672280493 0.000000 247.500000
55.94465461005942 -3.187841672280493 ENE 55.944769415089134 -3.18756450842074 0.000000 246.250000
55.944769415089134 -3.18756450842074 ENE 55.944884220118844 -3.1872873445609864 0.000000 245.000000
55.944884220118844 -3.1872873445609864 ENE 55.944999025148554 -3.187010180701233 49.270928 256.824749
55.944999025148554 -3.187010180701233 ENE 55.945113830178265 -3.1867330168414796 0.000000 131.704170
55.945113830178265 -3.1867330168414796 ENE 55.945228635207975 -3.186455852981726 0.000000 130.454170
55.945228635207975 -3.186455852981726 ENE 55.945343440237686 -3.1861786891219728 0.000000 129.204170
55.945343440237686 -3.1861786891219728 ENE 55.945458245267396 -3.1859015252622194 0.000000 127.954170
55.945458245267396 -3.1859015252622194 S 55.94515824526739 -3.1859015252622194 113.887452 161.557950
55.94515824526739 -3.1859015252622194 S 55.94485824526739 -3.1859015252622194 220.206845 177.434411
55.94485824526739 -3.1859015252622194 S 55.94455824526739 -3.1859015252622194 235.925669 269.476424
55.94455824526739 -3.1859015252622194 SSE 55.94428108140763 -3.18578672023251 235.925669 268.226424
55.94428108140763 -3.18578672023251 S 55.94398108140763 -3.18578672023251 235.925669 266.976424
55.94398108140763 -3.18578672023251 SSE 55.94370391754787 -3.1856719152028004 235.925669 265.726424
55.94370391754787 -3.1856719152028004 S 55.94340391754787 -3.1856719152028004 313.140754 273.632146
55.94340391754787 -3.1856719152028004 SSE 55.94312675368811 -3.185557110173091 313.140754 272.382146
55.94312675368811 -3.185557110173091 WNW 55.94324155871782 -3.1858342740328442 348.280399 331.473396
55.94324155871782 -3.1858342740328442 WNW 55.94335636374753 -3.1861114378925977 348.280399 330.223396
55.94335636374753 -3.1861114378925977 WNW 55.94347116877724 -3.186388601752351 348.280399 328.973396
55.94347116877724 -3.186388601752351 WNW 55.943585973806954 -3.1866657656121045 348.280399 327.723396
55.943585973806954 -3.1866657656121045 WNW 55.943700778836664 -3.186942929471858 348.280399 326.473396
55.943700778836664 -3.186942929471858 WNW 55.943815583866375 -3.1872200933316113 343.453795 266.180123
55.943815583866375 -3.1872200933316113 WNW 55.943930388896085 -3.1874972571913647 343.453795 264.930123
55.943930388896085 -3.1874972571913647 WNW 55.944045193925795 -3.187774421051118 343.453795 263.680123
55.944045193925795 -3.187774421051118 WNW 55.944159998955506 -3.1880515849108715 343.453795 262.430123
55.944159998955506 -3.1880515849108715 W 55.944159998955506 -3.1883515849108717 317.511386 251.011641
55.944159998955506 -3.1883515849108717 WNW 55.944274803985216 -3.188628748770625 317.511386 249.761641
55.944274803985216 -3.188628748770625 W 55.944274803985216 -3.1889287487706253 293.683664 224.615706
55.944274803985216 -3.1889287487706253 WNW 55.94438960901493 -3.1892059126303787 293.683664 223.365706
55.94438960901493 -3.1892059126303787 W 55.94438960901493 -3.189505912630379 293.683664 222.115706
55.94438960901493 -3.189505912630379 WNW 55.94450441404464 -3.1897830764901323 293.683664 220.865706
55.94450441404464 -3.1897830764901323 W 55.94450441404464 -3.1900830764901325 389.765739 254.200792
55.94450441404464 -3.1900830764901325 E 55.94450441404464 -3.1897830764901323 400.543241 314.693014
55.94450441404464 -3.1897830764901323 E 55.94450441404464 -3.189483076490132 400.543241 313.443014
55.94450441404464 -3.189483076490132 E 55.94450441404464 -3.189183076490132 400.543241 312.193014
55.94450441404464 -3.189183076490132 E 55.94450441404464 -3.1888830764901317 400.543241 310.943014
55.94450441404464 -3.1888830764901317 E 55.94450441404464 -3.1885830764901315 400.543241 309.693014
55.94450441404464 -3.1885830764901315 E 55.94450441404464 -3.1882830764901313 400.543241 308.443014
55.94450441404464 -3.1882830764901313 E 55.94450441404464 -3.187983076490131 400.543241 307.193014
55.94450441404464 -3.187983076490131 E 55.94450441404464 -3.187683076490131 400.543241 305.943014
55.94450441404464 -3.187683076490131 E 55.94450441404464 -3.1873830764901308 400.543241 304.693014
55.94450441404464 -3.1873830764901308 ENE 55.94461921907435 -3.1871059126303773 400.543241 303.443014
55.94461921907435 -3.1871059126303773 E 55.94461921907435 -3.186805912630377 400.543241 302.193014
55.94461921907435 -3.186805912630377 ENE 55.94473402410406 -3.1865287487706238 400.543241 300.943014
55.94473402410406 -3.1865287487706238 E 55.94473402410406 -3.1862287487706236 400.543241 299.693014
55.94473402410406 -3.1862287487706236 ENE 55.94484882913377 -3.18595158491087 400.543241 298.443014
55.94484882913377 -3.18595158491087 E 55.94484882913377 -3.18565158491087 400.543241 297.193014
55.94484882913377 -3.18565158491087 ENE 55.94496363416348 -3.1853744210511166 400.543241 295.943014
55.94496363416348 -3.1853744210511166 E 55.94496363416348 -3.1850744210511164 400.543241 294.693014
55.94496363416348 -3.1850744210511164 ENE 55.94507843919319 -3.184797257191363 400.543241 293.443014
55.94507843919319 -3.184797257191363 W 55.94507843919319 -3.185097257191363 433.336102 379.303017
55.94507843919319 -3.185097257191363 W 55.94507843919319 -3.1853972571913634 383.228500 259.523364
55.94507843919319 -3.1853972571913634 W 55.94507843919319 -3.1856972571913635 383.228500 258.273364
55.94507843919319 -3.1856972571913635 WSW 55.94496363416348 -3.185974421051117 383.228500 257.023364
55.94496363416348 -3.185974421051117 W 55.94496363416348 -3.186274421051117 383.228500 255.773364
55.94496363416348 -3.186274421051117 WSW 55.94484882913377 -3.1865515849108705 383.228500 254.523364
55.94484882913377 -3.1865515849108705 W 55.94484882913377 -3.1868515849108707 383.228500 253.273364
55.94484882913377 -3.1868515849108707 WSW 55.94473402410406 -3.187128748770624 383.228500 252.023364
55.94473402410406 -3.187128748770624 W 55.94473402410406 -3.1874287487706243 383.228500 250.773364
55.94473402410406 -3.1874287487706243 WSW 55.94461921907435 -3.1877059126303777 383.228500 249.523364
55.94461921907435 -3.1877059126303777 W 55.94461921907435 -3.188005912630378 383.228500 248.273364
55.94461921907435 -3.188005912630378 WSW 55.94450441404464 -3.1882830764901313 383.228500 247.023364
55.94450441404464 -3.1882830764901313 W 55.94450441404464 -3.1885830764901315 383.228500 245.773364
55.94450441404464 -3.1885830764901315 WSW 55.94438960901493 -3.188860240349885 383.228500 244.523364
55.94438960901493 -3.188860240349885 W 55.94438960901493 -3.189160240349885 383.228500 243.273364
55.94438960901493 -3.189160240349885 WSW 55.944274803985216 -3.1894374042096385 383.228500 242.023364
55.944274803985216 -3.1894374042096385 W 55.944274803985216 -3.1897374042096387 383.228500 240.773364
55.944274803985216 -3.1897374042096387 WSW 55.944159998955506 -3.190014568069392 383.228500 239.523364
55.944159998955506 -3.190014568069392 W 55.944159998955506 -3.1903145680693923 383.228500 238.273364
55.944159998955506 -3.1903145680693923 WSW 55.944045193925795 -3.1905917319291457 405.522614 248.081927
55.944045193925795 -3.1905917319291457 W 55.944045193925795 -3.190891731929146 405.522614 246.831927
55.944045193925795 -3.190891731929146 WSW 55.943930388896085 -3.1911688957888993 405.522614 245.581927
55.943930388896085 -3.1911688957888993 W 55.943930388896085 -3.1914688957888995 467.220126 265.696472
55.943930388896085 -3.1914688957888995 ENE 55.944045193925795 -3.191191731929146 511.534166 270.060105
55.944045193925795 -3.191191731929146 ENE 55.944159998955506 -3.1909145680693927 511.534166 268.810105
55.944159998955506 -3.1909145680693927 ENE 55.944274803985216 -3.1906374042096393 511.534166 267.560105
55.944274803985216 -3.1906374042096393 ENE 55.94438960901493 -3.190360240349886 511.534166 266.310105
55.94438960901493 -3.190360240349886 ENE 55.94450441404464 -3.1900830764901325 511.534166 265.060105
55.94450441404464 -3.1900830764901325 ENE 55.94461921907435 -3.189805912630379 511.534166 263.810105
55.94461921907435 -3.189805912630379 ENE 55.94473402410406 -3.1895287487706256 511.534166 262.560105
55.94473402410406 -3.1895287487706256 ENE 55.94484882913377 -3.1892515849108722 511.534166 261.310105
55.94484882913377 -3.1892515849108722 E 55.94484882913377 -3.188951584910872 511.534166 260.060105
55.94484882913377 -3.188951584910872 ENE 55.94496363416348 -3.1886744210511186 478.399017 184.360687
55.94496363416348 -3.1886744210511186 E 55.94496363416348 -3.1883744210511185 478.399017 183.110687
55.94496363416348 -3.1883744210511185 ENE 55.94507843919319 -3.188097257191365 478.399017 181.860687
55.94507843919319 -3.188097257191365 E 55.94507843919319 -3.187797257191365 478.399017 180.610687
55.94507843919319 -3.187797257191365 ENE 55.9451932442229 -3.1875200933316115 478.399017 179.360687
55.9451932442229 -3.1875200933316115 E 55.9451932442229 -3.1872200933316113 478.399017 178.110687
55.9451932442229 -3.1872200933316113 ENE 55.94530804925261 -3.186942929471858 478.399017 176.860687
55.94530804925261 -3.186942929471858 E 55.94530804925261 -3.1866429294718577 478.399017 175.610687
55.94530804925261 -3.1866429294718577 ENE 55.94542285428232 -3.1863657656121043 478.399017 174.360687
55.94542285428232 -3.1863657656121043 E 55.94542285428232 -3.186065765612104 478.399017 173.110687
55.94542285428232 -3.186065765612104 ENE 55.94553765931203 -3.1857886017523507 478.399017 171.860687
55.94553765931203 -3.1857886017523507 E 55.94553765931203 -3.1854886017523505 478.399017 170.610687
55.94553765931203 -3.1854886017523505 ENE 55.94565246434174 -3.185211437892597 478.399017 169.360687
55.94565246434174 -3.185211437892597 E 55.94565246434174 -3.184911437892597 478.399017 168.110687
55.94565246434174 -3.184911437892597 ENE 55.94576726937145 -3.1846342740328435 478.399017 166.860687
55.94576726937145 -3.1846342740328435 E 55.94576726937145 -3.1843342740328433 478.399017 165.610687
55.94576726937145 -3.1843342740328433 WSW 55.94565246434174 -3.1846114378925967 547.857531 280.445084
55.94565246434174 -3.1846114378925967 WSW 55.94553765931203 -3.18488860175235 547.857531 279.195084
55.94553765931203 -3.18488860175235 WSW 55.94542285428232 -3.1851657656121035 547.857531 277.945084
55.94542285428232 -3.1851657656121035 WSW 55.94530804925261 -3.185442929471857 547.857531 276.695084
55.94530804925261 -3.185442929471857 WSW 55.9451932442229 -3.1857200933316103 547.857531 275.445084
55.9451932442229 -3.1857200933316103 WSW 55.94507843919319 -3.1859972571913637 547.857531 274.195084
55.94507843919319 -3.1859972571913637 WSW 55.94496363416348 -3.186274421051117 547.857531 272.945084
55.94496363416348 -3.186274421051117 WSW 55.94484882913377 -3.1865515849108705 547.857531 271.695084
55.94484882913377 -3.1865515849108705 WSW 55.94473402410406 -3.186828748770624 547.857531 270.445084
55.94473402410406 -3.186828748770624 WSW 55.94461921907435 -3.1871059126303773 547.857531 269.195084
55.94461921907435 -3.1871059126303773 WSW 55.94450441404464 -3.1873830764901308 547.857531 267.945084
55.94450441404464 -3.1873830764901308 WSW 55.94438960901493 -3.187660240349884 547.857531 266.695084
55.94438960901493 -3.187660240349884 SW 55.94417747698057 -3.18787237238424 547.857531 265.445084
55.94417747698057 -3.18787237238424 WSW 55.94406267195086 -3.1881495362439933 547.857531 264.195084
55.94406267195086 -3.1881495362439933 SW 55.943850539916504 -3.188361668278349 621.226918 340.273920
55.943850539916504 -3.188361668278349 WSW 55.94373573488679 -3.1886388321381025 621.226918 339.023920
55.94373573488679 -3.1886388321381025 SW 55.94352360285244 -3.1888509641724583 621.226918 337.773920
55.94352360285244 -3.1888509641724583 ENE 55.94363840788215 -3.188573800312705 677.865478 420.185962
55.94363840788215 -3.188573800312705 ENE 55.94375321291186 -3.1882966364529515 677.865478 418.935962
55.94375321291186 -3.1882966364529515 ENE 55.94386801794157 -3.188019472593198 677.865478 417.685962
55.94386801794157 -3.188019472593198 ENE 55.94398282297128 -3.1877423087334447 677.865478 416.435962
55.94398282297128 -3.1877423087334447 ENE 55.94409762800099 -3.1874651448736913 677.865478 415.185962
55.94409762800099 -3.1874651448736913 E 55.94409762800099 -3.187165144873691 677.865478 413.935962
55.94409762800099 -3.187165144873691 ENE 55.9442124330307 -3.1868879810139377 677.865478 412.685962
55.9442124330307 -3.1868879810139377 WNW 55.94432723806041 -3.187165144873691 788.474447 482.847473
55.94432723806041 -3.187165144873691 WNW 55.94444204309012 -3.1874423087334445 788.474447 481.597473
55.94444204309012 -3.1874423087334445 WNW 55.94455684811983 -3.187719472593198 788.474447 480.347473
55.94455684811983 -3.187719472593198 WNW 55.94467165314954 -3.1879966364529513 788.474447 479.097473
55.94467165314954 -3.1879966364529513 WNW 55.94478645817925 -3.1882738003127047 788.474447 477.847473
55.94478645817925 -3.1882738003127047 WNW 55.94490126320896 -3.188550964172458 788.474447 476.597473
55.94490126320896 -3.188550964172458 W 55.94490126320896 -3.1888509641724583 788.474447 475.347473
55.94490126320896 -3.1888509641724583 WNW 55.94501606823867 -3.1891281280322117 788.474447 474.097473
55.94501606823867 -3.1891281280322117 W 55.94501606823867 -3.189428128032212 788.474447 472.847473
55.94501606823867 -3.189428128032212 WNW 55.94513087326838 -3.1897052918919653 788.474447 471.597473
55.94513087326838 -3.1897052918919653 W 55.94513087326838 -3.1900052918919655 788.474447 470.347473
55.94513087326838 -3.1900052918919655 WNW 55.94524567829809 -3.190282455751719 788.474447 469.097473
55.94524567829809 -3.190282455751719 WSW 55.94513087326838 -3.1905596196114723 904.246829 553.904668
55.94513087326838 -3.1905596196114723 WSW 55.94501606823867 -3.1908367834712257 904.246829 552.654668
55.94501606823867 -3.1908367834712257 SW 55.944803936204316 -3.1910489155055815 904.246829 551.404668
55.944803936204316 -3.1910489155055815 WSW 55.944689131174606 -3.191326079365335 904.246829 550.154668
55.944689131174606 -3.191326079365335 SW 55.94447699914025 -3.1915382113996906 904.246829 548.904668
55.94447699914025 -3.1915382113996906 NNE 55.944754163000006 -3.191423406369981 996.341682 552.749832
55.944754163000006 -3.191423406369981 NNE 55.94503132685976 -3.1913086013402716 996.341682 551.499832
55.94503132685976 -3.1913086013402716 NNE 55.94530849071952 -3.191193796310562 996.341682 550.249832
55.94530849071952 -3.191193796310562 E 55.94530849071952 -3.190893796310562 1060.271609 666.879442
55.94530849071952 -3.190893796310562 E 55.94530849071952 -3.1905937963105617 1060.271609 665.629442
55.94530849071952 -3.1905937963105617 E 55.94530849071952 -3.1902937963105615 1060.271609 664.379442
55.94530849071952 -3.1902937963105615 E 55.94530849071952 -3.1899937963105613 1060.271609 663.129442
55.94530849071952 -3.1899937963105613 E 55.94530849071952 -3.189693796310561 1060.271609 661.879442
55.94530849071952 -3.189693796310561 ENE 55.94542329574923 -3.1894166324508078 1060.271609 660.629442
55.94542329574923 -3.1894166324508078 E 55.94542329574923 -3.1891166324508076 1060.271609 659.379442
55.94542329574923 -3.1891166324508076 ENE 55.94553810077894 -3.188839468591054 1060.271609 658.129442
55.94553810077894 -3.188839468591054 E 55.94553810077894 -3.188539468591054 1082.164806 757.868356
55.94553810077894 -3.188539468591054 ENE 55.94565290580865 -3.1882623047313006 1082.164806 756.618356
55.94565290580865 -3.1882623047313006 E 55.94565290580865 -3.1879623047313004 1082.164806 755.368356
55.94565290580865 -3.1879623047313004 ENE 55.94576771083836 -3.187685140871547 1082.164806 754.118356
55.94576771083836 -3.187685140871547 W 55.94576771083836 -3.187985140871547 1092.998789 835.437447
55.94576771083836 -3.187985140871547 W 55.94576771083836 -3.1882851408715474 1092.998789 834.187447
55.94576771083836 -3.1882851408715474 W 55.94576771083836 -3.1885851408715475 1092.998789 832.937447
55.94576771083836 -3.1885851408715475 W 55.94576771083836 -3.1888851408715477 1092.998789 831.687447
55.94576771083836 -3.1888851408715477 W 55.94576771083836 -3.189185140871548 1092.998789 830.437447
55.94576771083836 -3.189185140871548 W 55.94576771083836 -3.189485140871548 1173.629277 945.033924
55.94576771083836 -3.189485140871548 W 55.94576771083836 -3.1897851408715483 1173.629277 943.783924
55.94576771083836 -3.1897851408715483 W 55.94576771083836 -3.1900851408715485 1173.629277 942.533924
55.94576771083836 -3.1900851408715485 WSW 55.94565290580865 -3.190362304731302 1049.861086 866.656067
55.94565290580865 -3.190362304731302 W 55.94565290580865 -3.190662304731302 1049.861086 865.406067
55.94565290580865 -3.190662304731302 WSW 55.94553810077894 -3.1909394685910555 1049.861086 864.156067
55.94553810077894 -3.1909394685910555 W 55.94553810077894 -3.1912394685910557 1049.861086 862.906067
55.94553810077894 -3.1912394685910557 WSW 55.94542329574923 -3.191516632450809 1049.861086 861.656067
55.94542329574923 -3.191516632450809 W 55.94542329574923 -3.1918166324508093 1049.861086 860.406067
55.94542329574923 -3.1918166324508093 WSW 55.94530849071952 -3.1920937963105627 938.909381 828.130675
55.94530849071952 -3.1920937963105627 W 55.94530849071952 -3.192393796310563 938.909381 826.880675
55.94530849071952 -3.192393796310563 ESE 55.94519368568981 -3.1921166324508095 1024.335558 863.644473
55.94519368568981 -3.1921166324508095 ESE 55.9450788806601 -3.191839468591056 1024.335558 862.394473
55.9450788806601 -3.191839468591056 ESE 55.94496407563039 -3.1915623047313026 1024.335558 861.144473
55.94496407563039 -3.1915623047313026 ESE 55.94484927060068 -3.1912851408715492 1024.335558 859.894473
55.94484927060068 -3.1912851408715492 E 55.94484927060068 -3.190985140871549 1024.335558 858.644473
55.94484927060068 -3.190985140871549 ESE 55.94473446557097 -3.1907079770117956 1024.335558 857.394473
55.94473446557097 -3.1907079770117956 E 55.94473446557097 -3.1904079770117955 1024.335558 856.144473
55.94473446557097 -3.1904079770117955 W 55.94473446557097 -3.1907079770117956 1085.133283 891.412581
55.94473446557097 -3.1907079770117956 WSW 55.94461966054126 -3.190985140871549 1085.133283 890.162581
55.94461966054126 -3.190985140871549 W 55.94461966054126 -3.1912851408715492 1085.133283 888.912581
55.94461966054126 -3.1912851408715492 WSW 55.944504855511546 -3.1915623047313026 1085.133283 887.662581
55.944504855511546 -3.1915623047313026 SSW 55.94422769165179 -3.191677109761012 1085.133283 886.412581
55.94422769165179 -3.191677109761012 N 55.94452769165179 -3.191677109761012 1100.788490 925.926008
55.94452769165179 -3.191677109761012 ESE 55.94441288662208 -3.1913999459012588 1189.947236 1027.466813
55.94441288662208 -3.1913999459012588 ESE 55.94429808159237 -3.1911227820415053 1189.947236 1026.216813
55.94429808159237 -3.1911227820415053 ESE 55.94418327656266 -3.190845618181752 1189.947236 1024.966813
55.94418327656266 -3.190845618181752 ESE 55.94406847153295 -3.1905684543219985 1189.947236 1023.716813
55.94406847153295 -3.1905684543219985 ESE 55.94395366650324 -3.190291290462245 1189.947236 1022.466813
55.94395366650324 -3.190291290462245 ESE 55.94383886147353 -3.1900141266024917 1189.947236 1021.216813
55.94383886147353 -3.1900141266024917 ESE 55.94372405644382 -3.1897369627427383 1189.947236 1019.966813
55.94372405644382 -3.1897369627427383 ESE 55.94360925141411 -3.189459798882985 1189.947236 1018.716813
55.94360925141411 -3.189459798882985 ESE 55.9434944463844 -3.1891826350232315 1189.947236 1017.466813
55.9434944463844 -3.1891826350232315 ESE 55.94337964135469 -3.188905471163478 1189.947236 1016.216813
55.94337964135469 -3.188905471163478 ESE 55.94326483632498 -3.1886283073037247 1189.947236 1014.966813
55.94326483632498 -3.1886283073037247 ESE 55.94315003129527 -3.1883511434439713 1189.947236 1013.716813
55.94315003129527 -3.1883511434439713 ESE 55.94303522626556 -3.188073979584218 1189.947236 1012.466813
55.94303522626556 -3.188073979584218 ESE 55.94292042123585 -3.1877968157244645 1189.947236 1011.216813
55.94292042123585 -3.1877968157244645 ESE 55.94280561620614 -3.187519651864711 1189.947236 1009.966813
55.94280561620614 -3.187519651864711 ESE 55.942690811176426 -3.1872424880049577 1189.947236 1008.716813
55.942690811176426 -3.1872424880049577 W 55.942690811176426 -3.187542488004958 1213.973891 1124.563539
55.942690811176426 -3.187542488004958 W 55.942690811176426 -3.187842488004958 1213.973891 1123.313539
55.942690811176426 -3.187842488004958 W 55.942690811176426 -3.1881424880049583 1213.973891 1122.063539
55.942690811176426 -3.1881424880049583 W 55.942690811176426 -3.1884424880049584 1213.973891 1120.813539
55.942690811176426 -3.1884424880049584 W 55.942690811176426 -3.1887424880049586 1213.973891 1119.563539
55.942690811176426 -3.1887424880049586 W 55.942690811176426 -3.189042488004959 1213.973891 1118.313539
55.942690811176426 -3.189042488004959 W 55.942690811176426 -3.189342488004959 1213.973891 1117.063539
55.942690811176426 -3.189342488004959 W 55.942690811176426 -3.189642488004959 1213.973891 1115.813539
55.942690811176426 -3.189642488004959 ENE 55.94280561620614 -3.189365324145206 1263.412324 1184.396262
55.94280561620614 -3.189365324145206 ENE 55.94292042123585 -3.1890881602854524 1263.412324 1183.146262
55.94292042123585 -3.1890881602854524 ENE 55.94303522626556 -3.188810996425699 1263.412324 1181.896262
55.94303522626556 -3.188810996425699 ENE 55.94315003129527 -3.1885338325659456 1263.412324 1180.646262
55.94315003129527 -3.1885338325659456 ENE 55.94326483632498 -3.188256668706192 1263.412324 1179.396262
55.94326483632498 -3.188256668706192 ENE 55.94337964135469 -3.1879795048464388 1263.412324 1178.146262
55.94337964135469 -3.1879795048464388 ENE 55.9434944463844 -3.1877023409866854 1263.412324 1176.896262
55.9434944463844 -3.1877023409866854 ENE 55.94360925141411 -3.187425177126932 1263.412324 1175.646262
55.94360925141411 -3.187425177126932 ENE 55.94372405644382 -3.1871480132671786 1263.412324 1174.396262
55.94372405644382 -3.1871480132671786 E 55.94372405644382 -3.1868480132671784 1263.412324 1173.146262
55.94372405644382 -3.1868480132671784 ENE 55.94383886147353 -3.186570849407425 1263.412324 1171.896262
55.94383886147353 -3.186570849407425 E 55.94383886147353 -3.1862708494074248 1295.074027 1250.217628
55.94383886147353 -3.1862708494074248 WSW 55.94372405644382 -3.186548013267178 1295.074027 1248.967628
55.94372405644382 -3.186548013267178 WSW 55.94360925141411 -3.1868251771269316 1295.074027 1247.717628
55.94360925141411 -3.1868251771269316 WSW 55.9434944463844 -3.187102340986685 1295.074027 1246.467628
55.9434944463844 -3.187102340986685 W 55.9434944463844 -3.187402340986685 1295.074027 1245.217628
55.9434944463844 -3.187402340986685 WSW 55.94337964135469 -3.1876795048464386 1295.074027 1243.967628
55.94337964135469 -3.1876795048464386 W 55.94337964135469 -3.1879795048464388 1295.074027 1242.717628
55.94337964135469 -3.1879795048464388 WSW 55.94326483632498 -3.188256668706192 1295.074027 1241.467628
55.94326483632498 -3.188256668706192 W 55.94326483632498 -3.1885566687061924 1295.074027 1240.217628
55.94326483632498 -3.1885566687061924 WSW 55.94315003129527 -3.1888338325659458 1295.074027 1238.967628
55.94315003129527 -3.1888338325659458 W 55.94315003129527 -3.189133832565946 1295.074027 1237.717628
55.94315003129527 -3.189133832565946 WSW 55.94303522626556 -3.1894109964256994 1295.074027 1236.467628
55.94303522626556 -3.1894109964256994 W 55.94303522626556 -3.1897109964256996 1295.074027 1235.217628
55.94303522626556 -3.1897109964256996 WSW 55.94292042123585 -3.189988160285453 1249.678567 1219.271006
55.94292042123585 -3.189988160285453 W 55.94292042123585 -3.190288160285453 1249.678567 1218.021006
55.94292042123585 -3.190288160285453 WSW 55.94280561620614 -3.1905653241452065 1249.678567 1216.771006
55.94280561620614 -3.1905653241452065 W 55.94280561620614 -3.1908653241452067 1249.678567 1215.521006
55.94280561620614 -3.1908653241452067 WSW 55.942690811176426 -3.19114248800496 1327.333984 1297.762886
55.942690811176426 -3.19114248800496 ENE 55.94280561620614 -3.1908653241452067 1327.333984 1296.512886
55.94280561620614 -3.1908653241452067 SW 55.94259348417178 -3.1910774561795625 1327.333984 1295.262886
55.94259348417178 -3.1910774561795625 WSW 55.94247867914207 -3.191354620039316 1327.333984 1294.012886
55.94247867914207 -3.191354620039316 E 55.94247867914207 -3.1910546200393157 1327.333984 1292.762886
55.94247867914207 -3.1910546200393157 SW 55.942266547107714 -3.1912667520736715 1327.333984 1291.512886
55.942266547107714 -3.1912667520736715 ENE 55.942381352137424 -3.190989588213918 1327.333984 1290.262886
55.942381352137424 -3.190989588213918 S 55.94208135213742 -3.190989588213918 1327.333984 1289.012886
55.94208135213742 -3.190989588213918 SSW 55.941804188277665 -3.1911043932436276 1327.333984 1287.762886
55.941804188277665 -3.1911043932436276 N 55.94210418827767 -3.1911043932436276 1327.333984 1286.512886
55.94210418827767 -3.1911043932436276 SSE 55.94182702441791 -3.190989588213918 1327.333984 1285.262886
55.94182702441791 -3.190989588213918 NE 55.94203915645227 -3.1907774561795623 1327.333984 1284.012886
55.94203915645227 -3.1907774561795623 W 55.94203915645227 -3.1910774561795625 1327.333984 1282.762886
55.94203915645227 -3.1910774561795625 SSW 55.94176199259251 -3.191192261209272 1327.333984 1281.512886
