55.944425 -3.188396 NW 55.94463713203436 -3.188608132034356 0.000000 248.750000
55.94463713203436 -3.188608132034356 NNW 55.944914295894115 -3.1887229370640653 0.000000 247.500000
55.944914295894115 -3.1887229370640653 NW 55.94512642792847 -3.188935069098421 0.000000 171.800582
55.94512642792847 -3.188935069098421 NNW 55.94540359178823 -3.1890498741281306 0.000000 170.550582
55.94540359178823 -3.1890498741281306 NW 55.945615723822584 -3.1892620061624863 0.000000 169.300582
55.945615723822584 -3.1892620061624863 NNW 55.94589288768234 -3.189376811192196 80.630488 283.897060
55.94589288768234 -3.189376811192196 NW 55.9461050197167 -3.1895889432265516 80.630488 282.647060
55.9461050197167 -3.1895889432265516 SE 55.94589288768234 -3.189376811192196 80.630488 281.397060
55.94589288768234 -3.189376811192196 SE 55.945680755647984 -3.18916467915784 80.630488 280.147060
55.945680755647984 -3.18916467915784 SE 55.94546862361363 -3.1889525471234843 80.630488 278.897060
55.94546862361363 -3.1889525471234843 SE 55.94525649157927 -3.1887404150891285 102.523685 378.635974
55.94525649157927 -3.1887404150891285 SSE 55.944979327719516 -3.188625610059419 102.523685 377.385974
55.944979327719516 -3.188625610059419 SE 55.94476719568516 -3.1884134780250633 69.388536 376.135974
55.94476719568516 -3.1884134780250633 SSE 55.9444900318254 -3.1882986729953537 69.388536 374.885974
55.9444900318254 -3.1882986729953537 SE 55.94427789979105 -3.188086540960998 69.388536 373.635974
55.94427789979105 -3.188086540960998 SSE 55.94400073593129 -3.1879717359312885 43.446127 362.217492
55.94400073593129 -3.1879717359312885 SE 55.943788603896934 -3.1877596038969327 43.446127 360.967492
55.943788603896934 -3.1877596038969327 SSE 55.94351144003718 -3.187644798867223 43.446127 359.717492
55.94351144003718 -3.187644798867223 SE 55.94329930800282 -3.1874326668328674 43.446127 358.467492
55.94329930800282 -3.1874326668328674 SSE 55.943022144143065 -3.187317861803158 43.446127 357.217492
55.943022144143065 -3.187317861803158 SE 55.94281001210871 -3.187105729768802 43.446127 355.967492
55.94281001210871 -3.187105729768802 NW 55.943022144143065 -3.187317861803158 67.472782 471.814218
55.943022144143065 -3.187317861803158 NW 55.94323427617742 -3.1875299938375137 67.472782 470.564218
55.94323427617742 -3.1875299938375137 NW 55.94344640821178 -3.1877421258718694 67.472782 469.314218
55.94344640821178 -3.1877421258718694 NW 55.94365854024613 -3.187954257906225 67.472782 468.064218
55.94365854024613 -3.187954257906225 WNW 55.943773345275844 -3.1882314217659786 67.472782 466.814218
55.943773345275844 -3.1882314217659786 NW 55.9439854773102 -3.1884435538003344 67.472782 465.564218
55.9439854773102 -3.1884435538003344 WNW 55.94410028233991 -3.188720717660088 67.472782 464.314218
55.94410028233991 -3.188720717660088 NW 55.94431241437427 -3.1889328496944436 43.645060 439.168283
55.94431241437427 -3.1889328496944436 WNW 55.94442721940398 -3.189210013554197 43.645060 437.918283
55.94442721940398 -3.189210013554197 NW 55.94463935143833 -3.1894221455885527 43.645060 436.668283
55.94463935143833 -3.1894221455885527 WNW 55.94475415646804 -3.189699309448306 43.645060 435.418283
55.94475415646804 -3.189699309448306 NW 55.9449662885024 -3.189911441482662 139.727134 468.753369
55.9449662885024 -3.189911441482662 WNW 55.94508109353211 -3.1901886053424153 139.727134 467.503369
55.94508109353211 -3.1901886053424153 E 55.94508109353211 -3.189888605342415 255.499516 552.310564
55.94508109353211 -3.189888605342415 E 55.94508109353211 -3.189588605342415 255.499516 551.060564
55.94508109353211 -3.189588605342415 E 55.94508109353211 -3.1892886053424148 255.499516 549.810564
55.94508109353211 -3.1892886053424148 E 55.94508109353211 -3.1889886053424146 255.499516 548.560564
55.94508109353211 -3.1889886053424146 E 55.94508109353211 -3.1886886053424144 255.499516 547.310564
55.94508109353211 -3.1886886053424144 E 55.94508109353211 -3.188388605342414 255.499516 546.060564
55.94508109353211 -3.188388605342414 E 55.94508109353211 -3.188088605342414 255.499516 544.810564
55.94508109353211 -3.188088605342414 E 55.94508109353211 -3.187788605342414 255.499516 543.560564
55.94508109353211 -3.187788605342414 ENE 55.94519589856182 -3.1875114414826604 255.499516 542.310564
55.94519589856182 -3.1875114414826604 E 55.94519589856182 -3.1872114414826602 255.499516 541.060564
55.94519589856182 -3.1872114414826602 ENE 55.94531070359153 -3.186934277622907 304.770444 552.885313
55.94531070359153 -3.186934277622907 E 55.94531070359153 -3.1866342776229066 304.770444 551.635313
55.94531070359153 -3.1866342776229066 ENE 55.94542550862124 -3.1863571137631532 304.770444 550.385313
55.94542550862124 -3.1863571137631532 E 55.94542550862124 -3.186057113763153 304.770444 549.135313
55.94542550862124 -3.186057113763153 ENE 55.94554031365095 -3.1857799499033996 418.657896 582.739093
55.94554031365095 -3.1857799499033996 E 55.94554031365095 -3.1854799499033994 418.657896 581.489093
55.94554031365095 -3.1854799499033994 ENE 55.94565511868066 -3.185202786043646 418.657896 580.239093
55.94565511868066 -3.185202786043646 E 55.94565511868066 -3.184902786043646 418.657896 578.989093
55.94565511868066 -3.184902786043646 ENE 55.94576992371037 -3.1846256221838924 418.657896 577.739093
55.94576992371037 -3.1846256221838924 WSW 55.94565511868066 -3.184902786043646 488.116410 692.573489
55.94565511868066 -3.184902786043646 WSW 55.94554031365095 -3.1851799499033993 488.116410 691.323489
55.94554031365095 -3.1851799499033993 WSW 55.94542550862124 -3.1854571137631527 488.116410 690.073489
55.94542550862124 -3.1854571137631527 WSW 55.94531070359153 -3.185734277622906 488.116410 688.823489
55.94531070359153 -3.185734277622906 WSW 55.94519589856182 -3.1860114414826595 488.116410 687.573489
55.94519589856182 -3.1860114414826595 WSW 55.94508109353211 -3.186288605342413 594.435803 703.449950
55.94508109353211 -3.186288605342413 WSW 55.9449662885024 -3.1865657692021663 594.435803 702.199950
55.9449662885024 -3.1865657692021663 WSW 55.94485148347269 -3.1868429330619197 594.435803 700.949950
55.94485148347269 -3.1868429330619197 WSW 55.94473667844298 -3.187120096921673 594.435803 699.699950
55.94473667844298 -3.187120096921673 WSW 55.94462187341327 -3.1873972607814265 594.435803 698.449950
55.94462187341327 -3.1873972607814265 WSW 55.94450706838356 -3.18767442464118 594.435803 697.199950
55.94450706838356 -3.18767442464118 WSW 55.94439226335385 -3.1879515885009333 594.435803 695.949950
55.94439226335385 -3.1879515885009333 W 55.94439226335385 -3.1882515885009335 594.435803 694.699950
55.94439226335385 -3.1882515885009335 WSW 55.94427745832414 -3.188528752360687 594.435803 693.449950
55.94427745832414 -3.188528752360687 W 55.94427745832414 -3.188828752360687 594.435803 692.199950
55.94427745832414 -3.188828752360687 WSW 55.94416265329443 -3.1891059162204405 594.435803 690.949950
55.94416265329443 -3.1891059162204405 W 55.94416265329443 -3.1894059162204407 594.435803 689.699950
55.94416265329443 -3.1894059162204407 WSW 55.94404784826472 -3.189683080080194 594.435803 688.449950
55.94404784826472 -3.189683080080194 W 55.94404784826472 -3.1899830800801943 594.435803 687.199950
55.94404784826472 -3.1899830800801943 WSW 55.943933043235006 -3.1902602439399477 594.435803 685.949950
55.943933043235006 -3.1902602439399477 W 55.943933043235006 -3.190560243939948 616.729917 695.758513
55.943933043235006 -3.190560243939948 WSW 55.943818238205296 -3.1908374077997013 616.729917 694.508513
55.943818238205296 -3.1908374077997013 W 55.943818238205296 -3.1911374077997015 616.729917 693.258513
55.943818238205296 -3.1911374077997015 NW 55.94403037023965 -3.1913495398340572 678.427428 713.373058
55.94403037023965 -3.1913495398340572 NNW 55.94430753409941 -3.1914643448637667 722.741468 717.736691
55.94430753409941 -3.1914643448637667 NW 55.944519666133765 -3.1916764768981225 814.836322 721.581855
55.944519666133765 -3.1916764768981225 SSE 55.94424250227401 -3.191561671868413 903.995068 823.122660
55.94424250227401 -3.191561671868413 SSE 55.94396533841425 -3.1914468668387035 919.650275 862.636087
55.94396533841425 -3.1914468668387035 SSE 55.943688174554495 -3.191332061808994 919.650275 861.386087
55.943688174554495 -3.191332061808994 SSE 55.94341101069474 -3.1912172567792845 919.650275 860.136087
55.94341101069474 -3.1912172567792845 SSE 55.94313384683498 -3.191102451749575 851.197298 854.936431
55.94313384683498 -3.191102451749575 S 55.94283384683498 -3.191102451749575 851.197298 853.686431
55.94283384683498 -3.191102451749575 N 55.94313384683498 -3.191102451749575 928.852716 935.928310
55.94313384683498 -3.191102451749575 N 55.943433846834985 -3.191102451749575 928.852716 934.678310
55.943433846834985 -3.191102451749575 N 55.94373384683499 -3.191102451749575 928.852716 933.428310
55.94373384683499 -3.191102451749575 N 55.94403384683499 -3.191102451749575 928.852716 932.178310
55.94403384683499 -3.191102451749575 N 55.94433384683499 -3.191102451749575 928.852716 930.928310
55.94433384683499 -3.191102451749575 N 55.944633846834996 -3.191102451749575 928.852716 929.678310
55.944633846834996 -3.191102451749575 N 55.944933846835 -3.191102451749575 928.852716 928.428310
55.944933846835 -3.191102451749575 NNW 55.945211010694756 -3.1912172567792845 928.852716 927.178310
55.945211010694756 -3.1912172567792845 ESE 55.945096205665045 -3.190940092919531 992.782643 1043.807920
55.945096205665045 -3.190940092919531 ESE 55.944981400635335 -3.1906629290597777 992.782643 1042.557920
55.944981400635335 -3.1906629290597777 SE 55.94476926860098 -3.190450797025422 992.782643 1041.307920
55.94476926860098 -3.190450797025422 ESE 55.94465446357127 -3.1901736331656685 1053.580368 1076.576029
55.94465446357127 -3.1901736331656685 ESE 55.94453965854156 -3.189896469305915 1053.580368 1075.326029
55.94453965854156 -3.189896469305915 ESE 55.94442485351185 -3.1896193054461617 1064.357870 1135.818250
55.94442485351185 -3.1896193054461617 ESE 55.94431004848214 -3.1893421415864083 1064.357870 1134.568250
55.94431004848214 -3.1893421415864083 ESE 55.94419524345243 -3.189064977726655 1064.357870 1133.318250
55.94419524345243 -3.189064977726655 ESE 55.944080438422716 -3.1887878138669015 1064.357870 1132.068250
55.944080438422716 -3.1887878138669015 ESE 55.943965633393006 -3.188510650007148 1064.357870 1130.818250
55.943965633393006 -3.188510650007148 ESE 55.943850828363296 -3.1882334861473947 1064.357870 1129.568250
55.943850828363296 -3.1882334861473947 ESE 55.943736023333585 -3.1879563222876413 1137.727257 1205.647087
55.943736023333585 -3.1879563222876413 ESE 55.943621218303875 -3.187679158427888 1137.727257 1204.397087
55.943621218303875 -3.187679158427888 ESE 55.943506413274164 -3.1874019945681344 1137.727257 1203.147087
55.943506413274164 -3.1874019945681344 ESE 55.943391608244454 -3.187124830708381 1137.727257 1201.897087
55.943391608244454 -3.187124830708381 ESE 55.943276803214744 -3.1868476668486276 1132.900653 1141.603814
55.943276803214744 -3.1868476668486276 ESE 55.94316199818503 -3.1865705029888742 1132.900653 1140.353814
55.94316199818503 -3.1865705029888742 ESE 55.94304719315532 -3.186293339129121 1132.900653 1139.103814
55.94304719315532 -3.186293339129121 E 55.94304719315532 -3.1859933391291206 1132.900653 1137.853814
55.94304719315532 -3.1859933391291206 ESE 55.94293238812561 -3.1857161752693672 1132.900653 1136.603814
55.94293238812561 -3.1857161752693672 NW 55.94314452015997 -3.185928307303723 1168.040298 1195.695064
55.94314452015997 -3.185928307303723 NNW 55.943421684019725 -3.1860431123334325 1168.040298 1194.445064
55.943421684019725 -3.1860431123334325 NW 55.94363381605408 -3.1862552443677883 1168.040298 1193.195064
55.94363381605408 -3.1862552443677883 NNW 55.94391097991384 -3.186370049397498 1168.040298 1191.945064
55.94391097991384 -3.186370049397498 WNW 55.94402578494355 -3.186647213257251 1199.702001 1270.266429
55.94402578494355 -3.186647213257251 WNW 55.94414058997326 -3.1869243771170046 1310.310970 1340.427941
55.94414058997326 -3.1869243771170046 WNW 55.94425539500297 -3.187201540976758 1310.310970 1339.177941
55.94425539500297 -3.187201540976758 W 55.94425539500297 -3.187501540976758 1310.310970 1337.927941
55.94425539500297 -3.187501540976758 WNW 55.94437020003268 -3.1877787048365116 1310.310970 1336.677941
55.94437020003268 -3.1877787048365116 W 55.94437020003268 -3.188078704836512 1310.310970 1335.427941
55.94437020003268 -3.188078704836512 WNW 55.94448500506239 -3.188355868696265 1310.310970 1334.177941
55.94448500506239 -3.188355868696265 W 55.94448500506239 -3.1886558686962654 1310.310970 1332.927941
55.94448500506239 -3.1886558686962654 WNW 55.9445998100921 -3.188933032556019 1310.310970 1331.677941
55.9445998100921 -3.188933032556019 W 55.9445998100921 -3.189233032556019 1310.310970 1330.427941
55.9445998100921 -3.189233032556019 WNW 55.94471461512181 -3.1895101964157724 1310.310970 1329.177941
55.94471461512181 -3.1895101964157724 W 55.94471461512181 -3.1898101964157726 1310.310970 1327.927941
55.94471461512181 -3.1898101964157726 WNW 55.94482942015152 -3.190087360275526 1310.310970 1326.677941
55.94482942015152 -3.190087360275526 W 55.94482942015152 -3.190387360275526 1310.310970 1325.427941
55.94482942015152 -3.190387360275526 WNW 55.94494422518123 -3.1906645241352796 1310.310970 1324.177941
55.94494422518123 -3.1906645241352796 W 55.94494422518123 -3.1909645241352798 1310.310970 1322.927941
55.94494422518123 -3.1909645241352798 WNW 55.94505903021094 -3.191241687995033 1310.310970 1321.677941
55.94505903021094 -3.191241687995033 W 55.94505903021094 -3.1915416879950333 1310.310970 1320.427941
55.94505903021094 -3.1915416879950333 WNW 55.94517383524065 -3.1918188518547868 1310.310970 1319.177941
55.94517383524065 -3.1918188518547868 W 55.94517383524065 -3.192118851854787 1310.310970 1317.927941
55.94517383524065 -3.192118851854787 WNW 55.94528864027036 -3.1923960157145403 1310.310970 1316.677941
55.94528864027036 -3.1923960157145403 E 55.94528864027036 -3.19209601571454 1395.737147 1353.441738
55.94528864027036 -3.19209601571454 E 55.94528864027036 -3.19179601571454 1395.737147 1352.191738
55.94528864027036 -3.19179601571454 E 55.94528864027036 -3.19149601571454 1395.737147 1350.941738
55.94528864027036 -3.19149601571454 E 55.94528864027036 -3.1911960157145396 1395.737147 1349.691738
55.94528864027036 -3.1911960157145396 ESE 55.94517383524065 -3.190918851854786 1395.737147 1348.441738
55.94517383524065 -3.190918851854786 E 55.94517383524065 -3.190618851854786 1395.737147 1347.191738
55.94517383524065 -3.190618851854786 ESE 55.94505903021094 -3.1903416879950326 1395.737147 1345.941738
55.94505903021094 -3.1903416879950326 E 55.94505903021094 -3.1900416879950324 1395.737147 1344.691738
55.94505903021094 -3.1900416879950324 ESE 55.94494422518123 -3.189764524135279 1395.737147 1343.441738
55.94494422518123 -3.189764524135279 E 55.94494422518123 -3.189464524135279 1395.737147 1342.191738
55.94494422518123 -3.189464524135279 ESE 55.94482942015152 -3.1891873602755254 1395.737147 1340.941738
55.94482942015152 -3.1891873602755254 E 55.94482942015152 -3.188887360275525 1395.737147 1339.691738
55.94482942015152 -3.188887360275525 ESE 55.94471461512181 -3.188610196415772 1395.737147 1338.441738
55.94471461512181 -3.188610196415772 E 55.94471461512181 -3.1883101964157716 1395.737147 1337.191738
55.94471461512181 -3.1883101964157716 ESE 55.9445998100921 -3.188033032556018 1395.737147 1335.941738
55.9445998100921 -3.188033032556018 E 55.9445998100921 -3.187733032556018 1395.737147 1334.691738
55.9445998100921 -3.187733032556018 ESE 55.94448500506239 -3.1874558686962646 1395.737147 1333.441738
55.94448500506239 -3.1874558686962646 E 55.94448500506239 -3.1871558686962644 1395.737147 1332.191738
55.94448500506239 -3.1871558686962644 ESE 55.94437020003268 -3.186878704836511 1395.737147 1330.941738
55.94437020003268 -3.186878704836511 E 55.94437020003268 -3.186578704836511 1395.737147 1329.691738
55.94437020003268 -3.186578704836511 ESE 55.94425539500297 -3.1863015409767574 1391.290297 1224.192806
55.94425539500297 -3.1863015409767574 E 55.94425539500297 -3.1860015409767573 1391.290297 1222.942806
55.94425539500297 -3.1860015409767573 ESE 55.94414058997326 -3.185724377117004 1391.290297 1221.692806
55.94414058997326 -3.185724377117004 E 55.94414058997326 -3.1854243771170037 1391.290297 1220.442806
55.94414058997326 -3.1854243771170037 ESE 55.94402578494355 -3.1851472132572503 1391.290297 1219.192806
55.94402578494355 -3.1851472132572503 E 55.94402578494355 -3.18484721325725 1391.290297 1217.942806
55.94402578494355 -3.18484721325725 ESE 55.94391097991384 -3.1845700493974967 1391.290297 1216.692806
55.94391097991384 -3.1845700493974967 N 55.94421097991384 -3.1845700493974967 1477.166094 1291.457522
55.94421097991384 -3.1845700493974967 NNW 55.9444881437736 -3.184684854427206 1477.166094 1290.207522
55.9444881437736 -3.184684854427206 N 55.9447881437736 -3.184684854427206 1477.166094 1288.957522
55.9447881437736 -3.184684854427206 NNW 55.94506530763336 -3.1847996594569157 1477.166094 1287.707522
55.94506530763336 -3.1847996594569157 WSW 55.944950502603646 -3.185076823316669 1509.958956 1373.567525
55.944950502603646 -3.185076823316669 WSW 55.944835697573936 -3.1853539871764225 1509.958956 1372.317525
55.944835697573936 -3.1853539871764225 WSW 55.944720892544225 -3.185631151036176 1509.958956 1371.067525
55.944720892544225 -3.185631151036176 WSW 55.944606087514515 -3.1859083148959293 1509.958956 1369.817525
55.944606087514515 -3.1859083148959293 WSW 55.944491282484805 -3.1861854787556827 1509.958956 1368.567525
55.944491282484805 -3.1861854787556827 WSW 55.944376477455094 -3.186462642615436 1509.958956 1367.317525
55.944376477455094 -3.186462642615436 WSW 55.944261672425384 -3.1867398064751895 1509.958956 1366.067525
55.944261672425384 -3.1867398064751895 WSW 55.94414686739567 -3.187016970334943 1509.958956 1364.817525
55.94414686739567 -3.187016970334943 WSW 55.94403206236596 -3.1872941341946963 1509.958956 1363.567525
55.94403206236596 -3.1872941341946963 WSW 55.94391725733625 -3.1875712980544497 1509.958956 1362.317525
55.94391725733625 -3.1875712980544497 WSW 55.94380245230654 -3.187848461914203 1509.958956 1361.067525
55.94380245230654 -3.187848461914203 WSW 55.94368764727683 -3.1881256257739565 1509.958956 1359.817525
55.94368764727683 -3.1881256257739565 WSW 55.94357284224712 -3.18840278963371 1509.958956 1358.567525
55.94357284224712 -3.18840278963371 WSW 55.94345803721741 -3.1886799534934633 1509.958956 1357.317525
55.94345803721741 -3.1886799534934633 W 55.94345803721741 -3.1889799534934635 1509.958956 1356.067525
55.94345803721741 -3.1889799534934635 ENE 55.94357284224712 -3.18870278963371 1566.597516 1438.479567
55.94357284224712 -3.18870278963371 ENE 55.94368764727683 -3.1884256257739567 1566.597516 1437.229567
55.94368764727683 -3.1884256257739567 ENE 55.94380245230654 -3.1881484619142033 1566.597516 1435.979567
55.94380245230654 -3.1881484619142033 ENE 55.94391725733625 -3.18787129805445 1566.597516 1434.729567
55.94391725733625 -3.18787129805445 ENE 55.94403206236596 -3.1875941341946965 1566.597516 1433.479567
55.94403206236596 -3.1875941341946965 ENE 55.94414686739567 -3.187316970334943 1566.597516 1432.229567
55.94414686739567 -3.187316970334943 ENE 55.944261672425384 -3.1870398064751897 1566.597516 1430.979567
55.944261672425384 -3.1870398064751897 NE 55.94447380445974 -3.186827674440834 1566.597516 1429.729567
55.94447380445974 -3.186827674440834 ENE 55.94458860948945 -3.1865505105810805 1566.597516 1428.479567
55.94458860948945 -3.1865505105810805 NE 55.94480074152381 -3.1863383785467247 1566.597516 1427.229567
55.94480074152381 -3.1863383785467247 ENE 55.94491554655352 -3.1860612146869713 1566.597516 1425.979567
55.94491554655352 -3.1860612146869713 WNW 55.94503035158323 -3.1863383785467247 1582.316341 1518.021580
55.94503035158323 -3.1863383785467247 WNW 55.94514515661294 -3.186615542406478 1582.316341 1516.771580
55.94514515661294 -3.186615542406478 WNW 55.94525996164265 -3.1868927062662316 1582.316341 1515.521580
55.94525996164265 -3.1868927062662316 NW 55.945472093677004 -3.1871048383005873 1478.303054 1390.401001
55.945472093677004 -3.1871048383005873 WNW 55.945586898706715 -3.1873820021603407 1478.303054 1389.151001
55.945586898706715 -3.1873820021603407 NW 55.94579903074107 -3.1875941341946965 1478.303054 1387.901001
55.94579903074107 -3.1875941341946965 SW 55.945586898706715 -3.1878062662290523 1489.137037 1469.220092
55.945586898706715 -3.1878062662290523 SW 55.94537476667236 -3.188018398263408 1489.137037 1467.970092
55.94537476667236 -3.188018398263408 SW 55.945162634638 -3.188230530297764 1489.137037 1466.720092
55.945162634638 -3.188230530297764 SSW 55.944885470778246 -3.1883453353274733 1489.137037 1465.470092
55.944885470778246 -3.1883453353274733 SW 55.94467333874389 -3.188557467361829 1489.137037 1464.220092
55.94467333874389 -3.188557467361829 SSW 55.94439617488413 -3.1886722723915386 1489.137037 1462.970092
55.94439617488413 -3.1886722723915386 SW 55.94418404284978 -3.1888844044258944 1489.137037 1461.720092
55.94418404284978 -3.1888844044258944 SSW 55.94390687899002 -3.188999209455604 1489.137037 1460.470092
55.94390687899002 -3.188999209455604 SW 55.943694746955664 -3.1892113414899597 1489.137037 1459.220092
55.943694746955664 -3.1892113414899597 SSW 55.94341758309591 -3.189326146519669 1489.137037 1457.970092
55.94341758309591 -3.189326146519669 SW 55.94320545106155 -3.189538278554025 1489.137037 1456.720092
55.94320545106155 -3.189538278554025 SSW 55.942928287201795 -3.1896530835837344 1489.137037 1455.470092
55.942928287201795 -3.1896530835837344 SW 55.94271615516744 -3.18986521561809 1489.137037 1454.220092
55.94271615516744 -3.18986521561809 S 55.942416155167436 -3.18986521561809 1538.575470 1522.802815
55.942416155167436 -3.18986521561809 ENE 55.942530960197146 -3.189588051758337 1538.575470 1521.552815
55.942530960197146 -3.189588051758337 ENE 55.94264576522686 -3.1893108878985834 1538.575470 1520.302815
55.94264576522686 -3.1893108878985834 ENE 55.94276057025657 -3.18903372403883 1538.575470 1519.052815
55.94276057025657 -3.18903372403883 ENE 55.94287537528628 -3.1887565601790766 1538.575470 1517.802815
55.94287537528628 -3.1887565601790766 ENE 55.94299018031599 -3.188479396319323 1538.575470 1516.552815
55.94299018031599 -3.188479396319323 ENE 55.9431049853457 -3.18820223245957 1538.575470 1515.302815
55.9431049853457 -3.18820223245957 ENE 55.94321979037541 -3.1879250685998164 1538.575470 1514.052815
55.94321979037541 -3.1879250685998164 ENE 55.94333459540512 -3.187647904740063 1538.575470 1512.802815
55.94333459540512 -3.187647904740063 ENE 55.94344940043483 -3.1873707408803096 1538.575470 1511.552815
55.94344940043483 -3.1873707408803096 ENE 55.94356420546454 -3.187093577020556 1538.575470 1510.302815
55.94356420546454 -3.187093577020556 E 55.94356420546454 -3.186793577020556 1538.575470 1509.052815
55.94356420546454 -3.186793577020556 ENE 55.94367901049425 -3.1865164131608026 1538.575470 1507.802815
55.94367901049425 -3.1865164131608026 E 55.94367901049425 -3.1862164131608024 1538.575470 1506.552815
55.94367901049425 -3.1862164131608024 ENE 55.94379381552396 -3.185939249301049 1538.575470 1505.302815
55.94379381552396 -3.185939249301049 E 55.94379381552396 -3.185639249301049 1538.575470 1504.052815
55.94379381552396 -3.185639249301049 ENE 55.94390862055367 -3.1853620854412954 1615.790555 1511.958537
55.94390862055367 -3.1853620854412954 ENE 55.94402342558338 -3.185084921581542 1615.790555 1510.708537
55.94402342558338 -3.185084921581542 SSE 55.943746261723625 -3.1849701165518325 1615.790555 1509.458537
55.943746261723625 -3.1849701165518325 W 55.943746261723625 -3.1852701165518327 1615.790555 1508.208537
55.943746261723625 -3.1852701165518327 SE 55.94353412968927 -3.185057984517477 1615.790555 1506.958537
55.94353412968927 -3.185057984517477 SSE 55.94325696582951 -3.1849431794877674 1615.790555 1505.708537
55.94325696582951 -3.1849431794877674 NNW 55.94353412968927 -3.185057984517477 1615.790555 1504.458537
55.94353412968927 -3.185057984517477 SE 55.94332199765491 -3.184845852483121 1615.790555 1503.208537
55.94332199765491 -3.184845852483121 SW 55.943109865620556 -3.185057984517477 1615.790555 1501.958537
55.943109865620556 -3.185057984517477 E 55.943109865620556 -3.1847579845174767 1615.790555 1500.708537
55.943109865620556 -3.1847579845174767 ESE 55.942995060590846 -3.1844808206577233 1615.790555 1499.458537
55.942995060590846 -3.1844808206577233 SSW 55.94271789673109 -3.184595625687433 1615.790555 1498.208537
55.94271789673109 -3.184595625687433 WSW 55.94260309170138 -3.1848727895471862 1615.790555 1496.958537
55.94260309170138 -3.1848727895471862 ESE 55.94248828667167 -3.184595625687433 1615.790555 1495.708537
55.94248828667167 -3.184595625687433 SW 55.94227615463731 -3.1848077577217886 1615.790555 1494.458537
55.94227615463731 -3.1848077577217886 NE 55.94248828667167 -3.184595625687433 1615.790555 1493.208537
55.94248828667167 -3.184595625687433 W 55.94248828667167 -3.184895625687433 1615.790555 1491.958537
55.94248828667167 -3.184895625687433 NE 55.942700418706025 -3.1846834936530772 1615.790555 1490.708537
55.942700418706025 -3.1846834936530772 NW 55.94291255074038 -3.184895625687433 1615.790555 1489.458537
55.94291255074038 -3.184895625687433 ESE 55.94279774571067 -3.1846184618276796 1615.790555 1488.208537
