55.944425 -3.188396 ENE 55.94453980502971 -3.1881188361402466 0.000000 248.750000
55.94453980502971 -3.1881188361402466 ENE 55.94465461005942 -3.187841672280493 0.000000 247.500000
55.94465461005942 -3.187841672280493 ENE 55.944769415089134 -3.18756450842074 0.000000 246.250000
55.944769415089134 -3.18756450842074 ENE 55.944884220118844 -3.1872873445609864 0.000000 245.000000
55.944884220118844 -3.1872873445609864 ENE 55.944999025148554 -3.187010180701233 49.270928 256.824749
55.944999025148554 -3.187010180701233 ENE 55.945113830178265 -3.1867330168414796 0.000000 131.704170
55.945113830178265 -3.1867330168414796 ENE 55.945228635207975 -3.186455852981726 0.000000 130.454170
55.945228635207975 -3.186455852981726 ENE 55.945343440237686 -3.1861786891219728 0.000000 129.204170
55.945343440237686 -3.1861786891219728 ENE 55.945458245267396 -3.1859015252622194 0.000000 127.954170
55.945458245267396 -3.1859015252622194 S 55.94515824526739 -3.1859015252622194 113.887452 161.557950
55.94515824526739 -3.1859015252622194 S 55.94485824526739 -3.1859015252622194 220.206845 177.434411
55.94485824526739 -3.1859015252622194 S 55.94455824526739 -3.1859015252622194 235.925669 269.476424
55.94455824526739 -3.1859015252622194 SSE 55.94428108140763 -3.18578672023251 235.925669 268.226424
55.94428108140763 -3.18578672023251 S 55.94398108140763 -3.18578672023251 235.925669 266.976424
55.94398108140763 -3.18578672023251 SSE 55.94370391754787 -3.1856719152028004 235.925669 265.726424
55.94370391754787 -3.1856719152028004 S 55.94340391754787 -3.1856719152028004 313.140754 273.632146
55.94340391754787 -3.1856719152028004 SSE 55.94312675368811 -3.185557110173091 313.140754 272.382146
55.94312675368811 -3.185557110173091 W 55.94312675368811 -3.185857110173091 348.280399 331.473396
55.94312675368811 -3.185857110173091 W 55.94312675368811 -3.1861571101730912 348.280399 330.223396
55.94312675368811 -3.1861571101730912 W 55.94312675368811 -3.1864571101730914 348.280399 328.973396
55.94312675368811 -3.1864571101730914 W 55.94312675368811 -3.1867571101730916 348.280399 327.723396
55.94312675368811 -3.1867571101730916 W 55.94312675368811 -3.187057110173092 348.280399 326.473396
55.94312675368811 -3.187057110173092 W 55.94312675368811 -3.187357110173092 348.280399 325.223396
55.94312675368811 -3.187357110173092 W 55.94312675368811 -3.187657110173092 348.280399 323.973396
55.94312675368811 -3.187657110173092 WNW 55.94324155871782 -3.1879342740328456 348.280399 322.723396
55.94324155871782 -3.1879342740328456 W 55.94324155871782 -3.1882342740328458 348.280399 321.473396
55.94324155871782 -3.1882342740328458 WNW 55.94335636374753 -3.188511437892599 348.280399 320.223396
55.94335636374753 -3.188511437892599 W 55.94335636374753 -3.1888114378925994 348.280399 318.973396
55.94335636374753 -3.1888114378925994 WNW 55.94347116877724 -3.1890886017523528 348.280399 317.723396
55.94347116877724 -3.1890886017523528 NW 55.9436833008116 -3.1893007337867085 404.918959 400.135438
55.9436833008116 -3.1893007337867085 NW 55.943895432845956 -3.1895128658210643 404.918959 398.885438
55.943895432845956 -3.1895128658210643 NW 55.94410756488031 -3.18972499785542 404.918959 397.635438
55.94410756488031 -3.18972499785542 NW 55.94431969691467 -3.189937129889776 404.918959 396.385438
55.94431969691467 -3.189937129889776 NW 55.944531828949025 -3.1901492619241316 415.696461 456.877659
55.944531828949025 -3.1901492619241316 NW 55.94474396098338 -3.1903613939584874 415.696461 455.627659
55.94474396098338 -3.1903613939584874 WNW 55.94485876601309 -3.190638557818241 476.494186 490.895768
55.94485876601309 -3.190638557818241 NW 55.94507089804745 -3.1908506898525966 476.494186 489.645768
55.94507089804745 -3.1908506898525966 WNW 55.94518570307716 -3.19112785371235 476.494186 488.395768
55.94518570307716 -3.19112785371235 ESE 55.94507089804745 -3.1908506898525966 540.424113 605.025378
55.94507089804745 -3.1908506898525966 ESE 55.94495609301774 -3.190573525992843 540.424113 603.775378
55.94495609301774 -3.190573525992843 E 55.94495609301774 -3.190273525992843 540.424113 602.525378
55.94495609301774 -3.190273525992843 ESE 55.94484128798803 -3.1899963621330896 540.424113 601.275378
55.94484128798803 -3.1899963621330896 E 55.94484128798803 -3.1896963621330894 540.424113 600.025378
55.94484128798803 -3.1896963621330894 ESE 55.944726482958316 -3.189419198273336 636.506188 633.360463
55.944726482958316 -3.189419198273336 E 55.944726482958316 -3.189119198273336 636.506188 632.110463
55.944726482958316 -3.189119198273336 ESE 55.944611677928606 -3.1888420344135824 636.506188 630.860463
55.944611677928606 -3.1888420344135824 E 55.944611677928606 -3.188542034413582 636.506188 629.610463
55.944611677928606 -3.188542034413582 ESE 55.944496872898895 -3.188264870553829 636.506188 628.360463
55.944496872898895 -3.188264870553829 E 55.944496872898895 -3.1879648705538286 636.506188 627.110463
55.944496872898895 -3.1879648705538286 ESE 55.944382067869185 -3.187687706694075 636.506188 625.860463
55.944382067869185 -3.187687706694075 E 55.944382067869185 -3.187387706694075 636.506188 624.610463
55.944382067869185 -3.187387706694075 ESE 55.944267262839475 -3.1871105428343216 636.506188 623.360463
55.944267262839475 -3.1871105428343216 E 55.944267262839475 -3.1868105428343214 636.506188 622.110463
55.944267262839475 -3.1868105428343214 WNW 55.944382067869185 -3.187087706694075 747.115157 692.271975
55.944382067869185 -3.187087706694075 WNW 55.944496872898895 -3.1873648705538282 747.115157 691.021975
55.944496872898895 -3.1873648705538282 WNW 55.944611677928606 -3.1876420344135816 747.115157 689.771975
55.944611677928606 -3.1876420344135816 WNW 55.944726482958316 -3.187919198273335 747.115157 688.521975
55.944726482958316 -3.187919198273335 WNW 55.94484128798803 -3.1881963621330884 747.115157 687.271975
55.94484128798803 -3.1881963621330884 W 55.94484128798803 -3.1884963621330886 747.115157 686.021975
55.94484128798803 -3.1884963621330886 WNW 55.94495609301774 -3.188773525992842 713.980008 610.322557
55.94495609301774 -3.188773525992842 W 55.94495609301774 -3.189073525992842 713.980008 609.072557
55.94495609301774 -3.189073525992842 WNW 55.94507089804745 -3.1893506898525956 713.980008 607.822557
55.94507089804745 -3.1893506898525956 W 55.94507089804745 -3.189650689852596 713.980008 606.572557
55.94507089804745 -3.189650689852596 WNW 55.94518570307716 -3.189927853712349 713.980008 605.322557
55.94518570307716 -3.189927853712349 W 55.94518570307716 -3.1902278537123494 713.980008 604.072557
55.94518570307716 -3.1902278537123494 ENE 55.94530050810687 -3.189950689852596 829.752389 688.879752
55.94530050810687 -3.189950689852596 E 55.94530050810687 -3.189650689852596 829.752389 687.629752
55.94530050810687 -3.189650689852596 ENE 55.94541531313658 -3.1893735259928424 829.752389 686.379752
55.94541531313658 -3.1893735259928424 E 55.94541531313658 -3.189073525992842 829.752389 685.129752
55.94541531313658 -3.189073525992842 ENE 55.94553011816629 -3.188796362133089 829.752389 683.879752
55.94553011816629 -3.188796362133089 E 55.94553011816629 -3.1884963621330886 851.645586 783.618667
55.94553011816629 -3.1884963621330886 ENE 55.945644923196 -3.188219198273335 851.645586 782.368667
55.945644923196 -3.188219198273335 E 55.945644923196 -3.187919198273335 851.645586 781.118667
55.945644923196 -3.187919198273335 ENE 55.94575972822571 -3.1876420344135816 851.645586 779.868667
55.94575972822571 -3.1876420344135816 WSW 55.945644923196 -3.187919198273335 862.479569 861.187757
55.945644923196 -3.187919198273335 WSW 55.94553011816629 -3.1881963621330884 862.479569 859.937757
55.94553011816629 -3.1881963621330884 WSW 55.94541531313658 -3.188473525992842 862.479569 858.687757
55.94541531313658 -3.188473525992842 WSW 55.94530050810687 -3.1887506898525952 862.479569 857.437757
55.94530050810687 -3.1887506898525952 WSW 55.94518570307716 -3.1890278537123486 862.479569 856.187757
55.94518570307716 -3.1890278537123486 WSW 55.94507089804745 -3.189305017572102 862.479569 854.937757
55.94507089804745 -3.189305017572102 WSW 55.94495609301774 -3.1895821814318555 862.479569 853.687757
55.94495609301774 -3.1895821814318555 WSW 55.94484128798803 -3.189859345291609 862.479569 852.437757
55.94484128798803 -3.189859345291609 WSW 55.944726482958316 -3.1901365091513623 862.479569 851.187757
55.944726482958316 -3.1901365091513623 W 55.944726482958316 -3.1904365091513625 862.479569 849.937757
55.944726482958316 -3.1904365091513625 WSW 55.944611677928606 -3.190713673011116 862.479569 848.687757
55.944611677928606 -3.190713673011116 W 55.944611677928606 -3.191013673011116 862.479569 847.437757
55.944611677928606 -3.191013673011116 WSW 55.944496872898895 -3.1912908368708695 862.479569 846.187757
55.944496872898895 -3.1912908368708695 W 55.944496872898895 -3.1915908368708696 862.479569 844.937757
55.944496872898895 -3.1915908368708696 E 55.944496872898895 -3.1912908368708695 954.574422 848.782921
55.944496872898895 -3.1912908368708695 E 55.944496872898895 -3.1909908368708693 954.574422 847.532921
55.944496872898895 -3.1909908368708693 ENE 55.944611677928606 -3.190713673011116 954.574422 846.282921
55.944611677928606 -3.190713673011116 E 55.944611677928606 -3.1904136730111157 954.574422 845.032921
55.944611677928606 -3.1904136730111157 ENE 55.944726482958316 -3.1901365091513623 954.574422 843.782921
55.944726482958316 -3.1901365091513623 E 55.944726482958316 -3.189836509151362 954.574422 842.532921
55.944726482958316 -3.189836509151362 ENE 55.94484128798803 -3.1895593452916087 954.574422 841.282921
55.94484128798803 -3.1895593452916087 E 55.94484128798803 -3.1892593452916085 954.574422 840.032921
55.94484128798803 -3.1892593452916085 ENE 55.94495609301774 -3.188982181431855 954.574422 838.782921
55.94495609301774 -3.188982181431855 E 55.94495609301774 -3.188682181431855 954.574422 837.532921
55.94495609301774 -3.188682181431855 ENE 55.94507089804745 -3.1884050175721015 954.574422 836.282921
55.94507089804745 -3.1884050175721015 E 55.94507089804745 -3.1881050175721013 954.574422 835.032921
55.94507089804745 -3.1881050175721013 ENE 55.94518570307716 -3.187827853712348 954.574422 833.782921
55.94518570307716 -3.187827853712348 E 55.94518570307716 -3.1875278537123477 954.574422 832.532921
55.94518570307716 -3.1875278537123477 ENE 55.94530050810687 -3.1872506898525943 954.574422 831.282921
55.94530050810687 -3.1872506898525943 E 55.94530050810687 -3.186950689852594 954.574422 830.032921
55.94530050810687 -3.186950689852594 ENE 55.94541531313658 -3.1866735259928407 899.832064 828.782921
55.94541531313658 -3.1866735259928407 E 55.94541531313658 -3.1863735259928405 809.174303 805.497222
55.94541531313658 -3.1863735259928405 ENE 55.94553011816629 -3.186096362133087 809.174303 804.247222
55.94553011816629 -3.186096362133087 E 55.94553011816629 -3.185796362133087 809.174303 802.997222
55.94553011816629 -3.185796362133087 ENE 55.945644923196 -3.1855191982733335 809.174303 801.747222
55.945644923196 -3.1855191982733335 E 55.945644923196 -3.1852191982733333 809.174303 800.497222
55.945644923196 -3.1852191982733333 ENE 55.94575972822571 -3.18494203441358 809.174303 799.247222
55.94575972822571 -3.18494203441358 E 55.94575972822571 -3.1846420344135797 809.174303 797.997222
55.94575972822571 -3.1846420344135797 ENE 55.94587453325542 -3.1843648705538263 809.174303 796.747222
55.94587453325542 -3.1843648705538263 WSW 55.94575972822571 -3.1846420344135797 878.632818 911.581618
55.94575972822571 -3.1846420344135797 WSW 55.945644923196 -3.184919198273333 878.632818 910.331618
55.945644923196 -3.184919198273333 WSW 55.94553011816629 -3.1851963621330865 878.632818 909.081618
55.94553011816629 -3.1851963621330865 WSW 55.94541531313658 -3.18547352599284 878.632818 907.831618
55.94541531313658 -3.18547352599284 WSW 55.94530050810687 -3.1857506898525934 878.632818 906.581618
55.94530050810687 -3.1857506898525934 WSW 55.94518570307716 -3.1860278537123468 878.632818 905.331618
55.94518570307716 -3.1860278537123468 WSW 55.94507089804745 -3.1863050175721 878.632818 904.081618
55.94507089804745 -3.1863050175721 WSW 55.94495609301774 -3.1865821814318536 878.632818 902.831618
55.94495609301774 -3.1865821814318536 WSW 55.94484128798803 -3.186859345291607 878.632818 901.581618
55.94484128798803 -3.186859345291607 WSW 55.944726482958316 -3.1871365091513604 878.632818 900.331618
55.944726482958316 -3.1871365091513604 WSW 55.944611677928606 -3.187413673011114 878.632818 899.081618
55.944611677928606 -3.187413673011114 WSW 55.944496872898895 -3.187690836870867 878.632818 897.831618
55.944496872898895 -3.187690836870867 WSW 55.944382067869185 -3.1879680007306206 878.632818 896.581618
55.944382067869185 -3.1879680007306206 WSW 55.944267262839475 -3.188245164590374 878.632818 895.331618
55.944267262839475 -3.188245164590374 WSW 55.944152457809764 -3.1885223284501274 852.690409 883.913136
55.944152457809764 -3.1885223284501274 WSW 55.944037652780054 -3.188799492309881 852.690409 882.663136
55.944037652780054 -3.188799492309881 WSW 55.94392284775034 -3.189076656169634 852.690409 881.413136
55.94392284775034 -3.189076656169634 WSW 55.94380804272063 -3.1893538200293876 852.690409 880.163136
55.94380804272063 -3.1893538200293876 WSW 55.94369323769092 -3.189630983889141 852.690409 878.913136
55.94369323769092 -3.189630983889141 WSW 55.94357843266121 -3.1899081477488944 852.690409 877.663136
55.94357843266121 -3.1899081477488944 SW 55.943366300626856 -3.19012027978325 852.690409 876.413136
55.943366300626856 -3.19012027978325 WSW 55.943251495597146 -3.1903974436430036 852.690409 875.163136
55.943251495597146 -3.1903974436430036 SW 55.94303936356279 -3.1906095756773594 852.690409 873.913136
55.94303936356279 -3.1906095756773594 WSW 55.94292455853308 -3.1908867395371128 852.690409 872.663136
55.94292455853308 -3.1908867395371128 SW 55.94271242649872 -3.1910988715714685 852.690409 871.413136
55.94271242649872 -3.1910988715714685 E 55.94271242649872 -3.1907988715714684 930.345827 953.655016
55.94271242649872 -3.1907988715714684 E 55.94271242649872 -3.190498871571468 930.345827 952.405016
55.94271242649872 -3.190498871571468 E 55.94271242649872 -3.190198871571468 930.345827 951.155016
55.94271242649872 -3.190198871571468 E 55.94271242649872 -3.189898871571468 930.345827 949.905016
55.94271242649872 -3.189898871571468 E 55.94271242649872 -3.1895988715714676 979.784259 1018.487739
55.94271242649872 -3.1895988715714676 E 55.94271242649872 -3.1892988715714674 979.784259 1017.237739
55.94271242649872 -3.1892988715714674 E 55.94271242649872 -3.188998871571467 979.784259 1015.987739
55.94271242649872 -3.188998871571467 E 55.94271242649872 -3.188698871571467 979.784259 1014.737739
55.94271242649872 -3.188698871571467 E 55.94271242649872 -3.188398871571467 979.784259 1013.487739
55.94271242649872 -3.188398871571467 E 55.94271242649872 -3.1880988715714667 979.784259 1012.237739
55.94271242649872 -3.1880988715714667 E 55.94271242649872 -3.1877988715714665 979.784259 1010.987739
55.94271242649872 -3.1877988715714665 E 55.94271242649872 -3.1874988715714663 979.784259 1009.737739
55.94271242649872 -3.1874988715714663 E 55.94271242649872 -3.187198871571466 979.784259 1008.487739
55.94271242649872 -3.187198871571466 WNW 55.94282723152843 -3.1874760354312195 1003.810914 1124.334464
55.94282723152843 -3.1874760354312195 WNW 55.942942036558144 -3.187753199290973 1003.810914 1123.084464
55.942942036558144 -3.187753199290973 WNW 55.943056841587854 -3.1880303631507263 1003.810914 1121.834464
55.943056841587854 -3.1880303631507263 WNW 55.943171646617564 -3.1883075270104797 1003.810914 1120.584464
55.943171646617564 -3.1883075270104797 WNW 55.943286451647275 -3.188584690870233 1003.810914 1119.334464
55.943286451647275 -3.188584690870233 WNW 55.943401256676985 -3.1888618547299865 1003.810914 1118.084464
55.943401256676985 -3.1888618547299865 WNW 55.943516061706696 -3.18913901858974 1003.810914 1116.834464
55.943516061706696 -3.18913901858974 WNW 55.943630866736406 -3.1894161824494933 1003.810914 1115.584464
55.943630866736406 -3.1894161824494933 WNW 55.943745671766116 -3.1896933463092467 1003.810914 1114.334464
55.943745671766116 -3.1896933463092467 WNW 55.94386047679583 -3.189970510169 1003.810914 1113.084464
55.94386047679583 -3.189970510169 WNW 55.94397528182554 -3.1902476740287535 1003.810914 1111.834464
55.94397528182554 -3.1902476740287535 WNW 55.94409008685525 -3.190524837888507 1026.105028 1121.643028
55.94409008685525 -3.190524837888507 WNW 55.94420489188496 -3.1908020017482603 1026.105028 1120.393028
55.94420489188496 -3.1908020017482603 WNW 55.94431969691467 -3.1910791656080137 1026.105028 1119.143028
55.94431969691467 -3.1910791656080137 NW 55.944531828949025 -3.1912912976423695 1026.105028 1117.893028
55.944531828949025 -3.1912912976423695 WNW 55.944646633978735 -3.191568461502123 1026.105028 1116.643028
55.944646633978735 -3.191568461502123 NW 55.94485876601309 -3.1917805935364787 1115.263774 1218.183833
55.94485876601309 -3.1917805935364787 WNW 55.9449735710428 -3.192057757396232 1115.263774 1216.933833
55.9449735710428 -3.192057757396232 NW 55.94518570307716 -3.192269889430588 1115.263774 1215.683833
55.94518570307716 -3.192269889430588 ESE 55.94507089804745 -3.1919927255708345 1200.689951 1252.447630
55.94507089804745 -3.1919927255708345 ESE 55.94495609301774 -3.191715561711081 1200.689951 1251.197630
55.94495609301774 -3.191715561711081 ESE 55.94484128798803 -3.1914383978513277 1200.689951 1249.947630
55.94484128798803 -3.1914383978513277 E 55.94484128798803 -3.1911383978513275 1200.689951 1248.697630
55.94484128798803 -3.1911383978513275 ESE 55.944726482958316 -3.190861233991574 1200.689951 1247.447630
55.944726482958316 -3.190861233991574 E 55.944726482958316 -3.190561233991574 1200.689951 1246.197630
55.944726482958316 -3.190561233991574 ESE 55.944611677928606 -3.1902840701318205 1200.689951 1244.947630
55.944611677928606 -3.1902840701318205 E 55.944611677928606 -3.1899840701318203 1200.689951 1243.697630
55.944611677928606 -3.1899840701318203 ESE 55.944496872898895 -3.189706906272067 1200.689951 1242.447630
55.944496872898895 -3.189706906272067 E 55.944496872898895 -3.1894069062720667 1200.689951 1241.197630
55.944496872898895 -3.1894069062720667 ESE 55.944382067869185 -3.1891297424123133 1200.689951 1239.947630
55.944382067869185 -3.1891297424123133 E 55.944382067869185 -3.188829742412313 1200.689951 1238.697630
55.944382067869185 -3.188829742412313 ESE 55.944267262839475 -3.1885525785525597 1176.862228 1213.551695
55.944267262839475 -3.1885525785525597 E 55.944267262839475 -3.1882525785525595 1176.862228 1212.301695
55.944267262839475 -3.1882525785525595 ESE 55.944152457809764 -3.187975414692806 1176.862228 1211.051695
55.944152457809764 -3.187975414692806 E 55.944152457809764 -3.187675414692806 1176.862228 1209.801695
55.944152457809764 -3.187675414692806 ESE 55.944037652780054 -3.1873982508330525 1176.862228 1208.551695
55.944037652780054 -3.1873982508330525 E 55.944037652780054 -3.1870982508330523 1176.862228 1207.301695
55.944037652780054 -3.1870982508330523 ESE 55.94392284775034 -3.186821086973299 1176.862228 1206.051695
55.94392284775034 -3.186821086973299 E 55.94392284775034 -3.1865210869732987 1176.862228 1204.801695
55.94392284775034 -3.1865210869732987 NW 55.9441349797847 -3.1867332190076545 1208.523932 1283.123061
55.9441349797847 -3.1867332190076545 WNW 55.94424978481441 -3.187010382867408 1208.523932 1281.873061
55.94424978481441 -3.187010382867408 NW 55.944461916848766 -3.1872225149017637 1208.523932 1280.623061
55.944461916848766 -3.1872225149017637 WNW 55.94457672187848 -3.187499678761517 1208.523932 1279.373061
55.94457672187848 -3.187499678761517 NW 55.94478885391283 -3.187711810795873 1208.523932 1278.123061
55.94478885391283 -3.187711810795873 WNW 55.94490365894254 -3.1879889746556263 1208.523932 1276.873061
55.94490365894254 -3.1879889746556263 NW 55.9451157909769 -3.188201106689982 1208.523932 1275.623061
55.9451157909769 -3.188201106689982 WNW 55.94523059600661 -3.1884782705497354 1208.523932 1274.373061
55.94523059600661 -3.1884782705497354 NW 55.945442728040966 -3.188690402584091 1208.523932 1273.123061
55.945442728040966 -3.188690402584091 WNW 55.94555753307068 -3.1889675664438446 1208.523932 1271.873061
55.94555753307068 -3.1889675664438446 NW 55.94576966510503 -3.1891796984782004 1208.523932 1270.623061
55.94576966510503 -3.1891796984782004 E 55.94576966510503 -3.1888796984782 1289.154420 1385.219539
55.94576966510503 -3.1888796984782 E 55.94576966510503 -3.1885796984782 1289.154420 1383.969539
55.94576966510503 -3.1885796984782 E 55.94576966510503 -3.1882796984782 1289.154420 1382.719539
55.94576966510503 -3.1882796984782 ESE 55.94565486007532 -3.1880025346184464 1289.154420 1381.469539
55.94565486007532 -3.1880025346184464 E 55.94565486007532 -3.187702534618446 1289.154420 1380.219539
55.94565486007532 -3.187702534618446 ESE 55.94554005504561 -3.187425370758693 1289.154420 1378.969539
55.94554005504561 -3.187425370758693 E 55.94554005504561 -3.1871253707586926 1289.154420 1377.719539
55.94554005504561 -3.1871253707586926 ESE 55.9454252500159 -3.186848206898939 1289.154420 1376.469539
55.9454252500159 -3.186848206898939 E 55.9454252500159 -3.186548206898939 1289.154420 1375.219539
55.9454252500159 -3.186548206898939 ESE 55.94531044498619 -3.1862710430391856 1289.154420 1373.969539
55.94531044498619 -3.1862710430391856 E 55.94531044498619 -3.1859710430391854 1289.154420 1372.719539
55.94531044498619 -3.1859710430391854 ESE 55.94519563995648 -3.185693879179432 1289.154420 1371.469539
55.94519563995648 -3.185693879179432 E 55.94519563995648 -3.185393879179432 1289.154420 1370.219539
55.94519563995648 -3.185393879179432 ESE 55.94508083492677 -3.1851167153196784 1289.154420 1368.969539
55.94508083492677 -3.1851167153196784 E 55.94508083492677 -3.1848167153196782 1239.046818 1249.189885
55.94508083492677 -3.1848167153196782 WSW 55.94496602989706 -3.1850938791794317 1271.839680 1335.049889
55.94496602989706 -3.1850938791794317 WSW 55.94485122486735 -3.185371043039185 1271.839680 1333.799889
55.94485122486735 -3.185371043039185 WSW 55.94473641983764 -3.1856482068989385 1271.839680 1332.549889
55.94473641983764 -3.1856482068989385 WSW 55.94462161480793 -3.185925370758692 1271.839680 1331.299889
55.94462161480793 -3.185925370758692 WSW 55.94450680977822 -3.1862025346184453 1271.839680 1330.049889
55.94450680977822 -3.1862025346184453 WSW 55.94439200474851 -3.1864796984781987 1271.839680 1328.799889
55.94439200474851 -3.1864796984781987 WSW 55.9442771997188 -3.186756862337952 1267.392830 1223.300956
55.9442771997188 -3.186756862337952 W 55.9442771997188 -3.1870568623379523 1267.392830 1222.050956
55.9442771997188 -3.1870568623379523 WSW 55.94416239468909 -3.1873340261977057 1267.392830 1220.800956
55.94416239468909 -3.1873340261977057 W 55.94416239468909 -3.187634026197706 1267.392830 1219.550956
55.94416239468909 -3.187634026197706 WSW 55.94404758965938 -3.1879111900574593 1267.392830 1218.300956
55.94404758965938 -3.1879111900574593 W 55.94404758965938 -3.1882111900574595 1267.392830 1217.050956
55.94404758965938 -3.1882111900574595 W 55.94404758965938 -3.1885111900574596 1340.762217 1293.129793
55.94404758965938 -3.1885111900574596 W 55.94404758965938 -3.18881119005746 1340.762217 1291.879793
55.94404758965938 -3.18881119005746 W 55.94404758965938 -3.18911119005746 1340.762217 1290.629793
55.94404758965938 -3.18911119005746 W 55.94404758965938 -3.18941119005746 1340.762217 1289.379793
55.94404758965938 -3.18941119005746 W 55.94404758965938 -3.1897111900574604 1340.762217 1288.129793
55.94404758965938 -3.1897111900574604 W 55.94404758965938 -3.1900111900574606 1340.762217 1286.879793
55.94404758965938 -3.1900111900574606 WSW 55.943932784629666 -3.190288353917214 1340.762217 1285.629793
55.943932784629666 -3.190288353917214 W 55.943932784629666 -3.190588353917214 1340.762217 1284.379793
55.943932784629666 -3.190588353917214 WSW 55.943817979599956 -3.1908655177769676 1340.762217 1283.129793
55.943817979599956 -3.1908655177769676 W 55.943817979599956 -3.1911655177769678 1340.762217 1281.879793
55.943817979599956 -3.1911655177769678 SW 55.9436058475656 -3.1913776498113235 1402.459729 1301.994337
55.9436058475656 -3.1913776498113235 NW 55.943817979599956 -3.1915897818456793 1402.459729 1300.744337
55.943817979599956 -3.1915897818456793 NNW 55.94409514345971 -3.191704586875389 1446.773769 1305.107971
55.94409514345971 -3.191704586875389 SSW 55.943817979599956 -3.1918193919050983 1462.428976 1344.621398
55.943817979599956 -3.1918193919050983 NNE 55.94409514345971 -3.191704586875389 1462.428976 1343.371398
55.94409514345971 -3.191704586875389 W 55.94409514345971 -3.192004586875389 1462.428976 1342.121398
55.94409514345971 -3.192004586875389 N 55.944395143459715 -3.192004586875389 1462.428976 1340.871398
55.944395143459715 -3.192004586875389 SW 55.94418301142536 -3.192216718909745 1462.428976 1339.621398
55.94418301142536 -3.192216718909745 NE 55.944395143459715 -3.192004586875389 1462.428976 1338.371398
55.944395143459715 -3.192004586875389 W 55.944395143459715 -3.192304586875389 1462.428976 1337.121398
55.944395143459715 -3.192304586875389 SE 55.94418301142536 -3.1920924548410334 1462.428976 1335.871398
55.94418301142536 -3.1920924548410334 W 55.94418301142536 -3.1923924548410336 1462.428976 1334.621398
