55.944425 -3.188396 WSW 55.94431019497029 -3.1886731638597534 0.000000 248.750000
55.94431019497029 -3.1886731638597534 WSW 55.94419538994058 -3.188950327719507 0.000000 223.604065
55.94419538994058 -3.188950327719507 WSW 55.94408058491087 -3.18922749157926 0.000000 222.354065
55.94408058491087 -3.18922749157926 WSW 55.94396577988116 -3.1895046554390136 0.000000 221.104065
55.94396577988116 -3.1895046554390136 WSW 55.94385097485145 -3.189781819298767 0.000000 219.854065
55.94385097485145 -3.189781819298767 WSW 55.94373616982174 -3.1900589831585204 0.000000 218.604065
55.94373616982174 -3.1900589831585204 WSW 55.94362136479203 -3.190336147018274 0.000000 217.354065
55.94362136479203 -3.190336147018274 WSW 55.94350655976232 -3.1906133108780272 0.000000 216.104065
55.94350655976232 -3.1906133108780272 W 55.94350655976232 -3.1909133108780274 0.000000 214.854065
55.94350655976232 -3.1909133108780274 WSW 55.94339175473261 -3.191190474737781 0.000000 213.604065
55.94339175473261 -3.191190474737781 W 55.94339175473261 -3.191490474737781 0.000000 208.404409
55.94339175473261 -3.191490474737781 WSW 55.9432769497029 -3.1917676385975344 0.000000 207.154409
55.9432769497029 -3.1917676385975344 W 55.9432769497029 -3.1920676385975346 0.000000 205.904409
55.9432769497029 -3.1920676385975346 WSW 55.94316214467319 -3.192344802457288 0.000000 204.654409
55.94316214467319 -3.192344802457288 ENE 55.9432769497029 -3.1920676385975346 0.000000 203.404409
55.9432769497029 -3.1920676385975346 ENE 55.94339175473261 -3.191790474737781 0.000000 202.154409
55.94339175473261 -3.191790474737781 ENE 55.94350655976232 -3.191513310878028 0.000000 200.904409
55.94350655976232 -3.191513310878028 ENE 55.94362136479203 -3.1912361470182744 0.000000 199.654409
55.94362136479203 -3.1912361470182744 ENE 55.94373616982174 -3.190958983158521 61.697511 219.768954
55.94373616982174 -3.190958983158521 ENE 55.94385097485145 -3.1906818192987676 61.697511 218.518954
55.94385097485145 -3.1906818192987676 ENE 55.94396577988116 -3.190404655439014 61.697511 217.268954
55.94396577988116 -3.190404655439014 ENE 55.94408058491087 -3.190127491579261 83.991625 227.077518
55.94408058491087 -3.190127491579261 ENE 55.94419538994058 -3.1898503277195074 83.991625 225.827518
55.94419538994058 -3.1898503277195074 ENE 55.94431019497029 -3.189573163859754 83.991625 224.577518
55.94431019497029 -3.189573163859754 ENE 55.944425 -3.1892960000000006 83.991625 223.327518
55.944425 -3.1892960000000006 ENE 55.94453980502971 -3.189018836140247 83.991625 222.077518
55.94453980502971 -3.189018836140247 ENE 55.94465461005942 -3.1887416722804938 83.991625 220.827518
55.94465461005942 -3.1887416722804938 ENE 55.944769415089134 -3.1884645084207404 83.991625 219.577518
55.944769415089134 -3.1884645084207404 ENE 55.944884220118844 -3.188187344560987 83.991625 218.327518
55.944884220118844 -3.188187344560987 ENE 55.944999025148554 -3.1879101807012336 83.991625 217.077518
55.944999025148554 -3.1879101807012336 ENE 55.945113830178265 -3.18763301684148 83.991625 215.827518
55.945113830178265 -3.18763301684148 ENE 55.945228635207975 -3.1873558529817267 83.991625 214.577518
55.945228635207975 -3.1873558529817267 E 55.945228635207975 -3.1870558529817266 83.991625 213.327518
55.945228635207975 -3.1870558529817266 ENE 55.945343440237686 -3.186778689121973 0.000000 88.206939
55.945343440237686 -3.186778689121973 E 55.945343440237686 -3.186478689121973 0.000000 86.956939
55.945343440237686 -3.186478689121973 ENE 55.945458245267396 -3.1862015252622196 0.000000 63.671241
55.945458245267396 -3.1862015252622196 E 55.945458245267396 -3.1859015252622194 0.000000 62.421241
55.945458245267396 -3.1859015252622194 W 55.945458245267396 -3.1862015252622196 113.887452 96.025020
55.945458245267396 -3.1862015252622196 WNW 55.94557305029711 -3.186478689121973 113.887452 94.775020
55.94557305029711 -3.186478689121973 W 55.94557305029711 -3.186778689121973 23.229692 93.525020
55.94557305029711 -3.186778689121973 WNW 55.94568785532682 -3.1870558529817266 23.229692 92.275020
55.94568785532682 -3.1870558529817266 W 55.94568785532682 -3.1873558529817267 23.229692 91.025020
55.94568785532682 -3.1873558529817267 WNW 55.94580266035653 -3.18763301684148 23.229692 89.775020
55.94580266035653 -3.18763301684148 WSW 55.94568785532682 -3.1879101807012336 34.063675 171.094111
55.94568785532682 -3.1879101807012336 WSW 55.94557305029711 -3.188187344560987 34.063675 169.844111
55.94557305029711 -3.188187344560987 WSW 55.945458245267396 -3.1884645084207404 34.063675 168.594111
55.945458245267396 -3.1884645084207404 WSW 55.945343440237686 -3.1887416722804938 34.063675 167.344111
55.945343440237686 -3.1887416722804938 SW 55.94513130820333 -3.1889538043148495 34.063675 166.094111
55.94513130820333 -3.1889538043148495 WSW 55.94501650317362 -3.189230968174603 34.063675 164.844111
55.94501650317362 -3.189230968174603 SW 55.94480437113926 -3.1894431002089587 34.063675 163.594111
55.94480437113926 -3.1894431002089587 WSW 55.94468956610955 -3.189720264068712 34.063675 162.344111
55.94468956610955 -3.189720264068712 E 55.94468956610955 -3.189420264068712 130.145749 195.679197
55.94468956610955 -3.189420264068712 E 55.94468956610955 -3.1891202640687117 130.145749 194.429197
55.94468956610955 -3.1891202640687117 E 55.94468956610955 -3.1888202640687116 130.145749 193.179197
55.94468956610955 -3.1888202640687116 E 55.94468956610955 -3.1885202640687114 97.010600 117.479778
55.94468956610955 -3.1885202640687114 E 55.94468956610955 -3.188220264068711 97.010600 116.229778
55.94468956610955 -3.188220264068711 ESE 55.94457476107984 -3.1879431002089578 97.010600 114.979778
55.94457476107984 -3.1879431002089578 E 55.94457476107984 -3.1876431002089576 97.010600 113.729778
55.94457476107984 -3.1876431002089576 ESE 55.94445995605013 -3.187365936349204 97.010600 112.479778
55.94445995605013 -3.187365936349204 E 55.94445995605013 -3.187065936349204 97.010600 111.229778
55.94445995605013 -3.187065936349204 ESE 55.94434515102042 -3.1867887724894506 97.010600 109.979778
55.94434515102042 -3.1867887724894506 E 55.94434515102042 -3.1864887724894504 207.619569 180.141290
55.94434515102042 -3.1864887724894504 ESE 55.94423034599071 -3.186211608629697 203.172720 74.642357
55.94423034599071 -3.186211608629697 E 55.94423034599071 -3.185911608629697 203.172720 73.392357
55.94423034599071 -3.185911608629697 ESE 55.944115540961 -3.1856344447699434 203.172720 72.142357
55.944115540961 -3.1856344447699434 E 55.944115540961 -3.185334444769943 203.172720 70.892357
55.944115540961 -3.185334444769943 ESE 55.94400073593129 -3.18505728091019 203.172720 69.642357
55.94400073593129 -3.18505728091019 E 55.94400073593129 -3.1847572809101896 203.172720 68.392357
55.94400073593129 -3.1847572809101896 W 55.94400073593129 -3.18505728091019 289.048517 143.157074
55.94400073593129 -3.18505728091019 W 55.94400073593129 -3.18535728091019 289.048517 141.907074
55.94400073593129 -3.18535728091019 W 55.94400073593129 -3.18565728091019 289.048517 140.657074
55.94400073593129 -3.18565728091019 W 55.94400073593129 -3.1859572809101904 366.263602 148.562796
55.94400073593129 -3.1859572809101904 W 55.94400073593129 -3.1862572809101906 366.263602 147.312796
55.94400073593129 -3.1862572809101906 W 55.94400073593129 -3.1865572809101907 397.925306 225.634162
55.94400073593129 -3.1865572809101907 W 55.94400073593129 -3.186857280910191 397.925306 224.384162
55.94400073593129 -3.186857280910191 W 55.94400073593129 -3.187157280910191 397.925306 223.134162
55.94400073593129 -3.187157280910191 W 55.94400073593129 -3.1874572809101913 397.925306 221.884162
55.94400073593129 -3.1874572809101913 W 55.94400073593129 -3.1877572809101915 397.925306 220.634162
55.94400073593129 -3.1877572809101915 W 55.94400073593129 -3.1880572809101917 397.925306 219.384162
55.94400073593129 -3.1880572809101917 WNW 55.944115540961 -3.188334444769945 471.294693 295.462998
55.944115540961 -3.188334444769945 WNW 55.94423034599071 -3.1886116086296985 471.294693 294.212998
55.94423034599071 -3.1886116086296985 WNW 55.94434515102042 -3.188888772489452 447.466970 292.962998
55.94434515102042 -3.188888772489452 WNW 55.94445995605013 -3.1891659363492053 447.466970 291.712998
55.94445995605013 -3.1891659363492053 NW 55.94467208808449 -3.189378068383561 447.466970 290.462998
55.94467208808449 -3.189378068383561 WNW 55.9447868931142 -3.1896552322433145 447.466970 289.212998
55.9447868931142 -3.1896552322433145 NW 55.944999025148554 -3.1898673642776703 447.466970 287.962998
55.944999025148554 -3.1898673642776703 WNW 55.945113830178265 -3.1901445281374237 447.466970 286.712998
55.945113830178265 -3.1901445281374237 NW 55.94532596221262 -3.1903566601717794 563.239352 371.520193
55.94532596221262 -3.1903566601717794 SSW 55.945048798352865 -3.190471465201489 563.239352 370.270193
55.945048798352865 -3.190471465201489 SSW 55.94477163449311 -3.1905862702311985 563.239352 369.020193
55.94477163449311 -3.1905862702311985 SSW 55.94449447063335 -3.190701075260908 563.239352 367.770193
55.94449447063335 -3.190701075260908 SSW 55.944217306773595 -3.1908158802906175 563.239352 366.520193
55.944217306773595 -3.1908158802906175 S 55.94391730677359 -3.1908158802906175 563.239352 365.270193
55.94391730677359 -3.1908158802906175 SSW 55.943640142913836 -3.190930685320327 563.239352 364.020193
55.943640142913836 -3.190930685320327 S 55.94334014291383 -3.190930685320327 563.239352 362.770193
55.94334014291383 -3.190930685320327 SSW 55.943062979054076 -3.1910454903500365 563.239352 361.520193
55.943062979054076 -3.1910454903500365 S 55.94276297905407 -3.1910454903500365 563.239352 360.270193
55.94276297905407 -3.1910454903500365 ENE 55.942877784083784 -3.190768326490283 640.894769 442.512072
55.942877784083784 -3.190768326490283 ENE 55.942992589113494 -3.1904911626305297 640.894769 441.262072
55.942992589113494 -3.1904911626305297 ENE 55.943107394143205 -3.1902139987707763 640.894769 440.012072
55.943107394143205 -3.1902139987707763 ENE 55.943222199172915 -3.189936834911023 640.894769 438.762072
55.943222199172915 -3.189936834911023 ENE 55.943337004202625 -3.1896596710512695 595.499309 422.815451
55.943337004202625 -3.1896596710512695 ENE 55.943451809232336 -3.189382507191516 595.499309 421.565451
55.943451809232336 -3.189382507191516 ENE 55.943566614262046 -3.1891053433317627 595.499309 420.315451
55.943566614262046 -3.1891053433317627 ENE 55.94368141929176 -3.1888281794720092 652.137869 502.727492
55.94368141929176 -3.1888281794720092 ENE 55.94379622432147 -3.188551015612256 652.137869 501.477492
55.94379622432147 -3.188551015612256 ENE 55.94391102935118 -3.1882738517525024 652.137869 500.227492
55.94391102935118 -3.1882738517525024 ENE 55.94402583438089 -3.187996687892749 652.137869 498.977492
55.94402583438089 -3.187996687892749 ENE 55.9441406394106 -3.1877195240329956 626.195461 487.559011
55.9441406394106 -3.1877195240329956 ENE 55.94425544444031 -3.1874423601732422 626.195461 486.309011
55.94425544444031 -3.1874423601732422 ENE 55.94437024947002 -3.187165196313489 626.195461 485.059011
55.94437024947002 -3.187165196313489 ENE 55.94448505449973 -3.1868880324537354 626.195461 483.809011
55.94448505449973 -3.1868880324537354 ENE 55.94459985952944 -3.186610868593982 626.195461 482.559011
55.94459985952944 -3.186610868593982 ENE 55.94471466455915 -3.1863337047342286 626.195461 481.309011
55.94471466455915 -3.1863337047342286 NE 55.944926796593506 -3.186121572699873 626.195461 480.059011
55.944926796593506 -3.186121572699873 W 55.944926796593506 -3.186421572699873 641.914285 572.101024
55.944926796593506 -3.186421572699873 W 55.944926796593506 -3.186721572699873 641.914285 570.851024
55.944926796593506 -3.186721572699873 W 55.944926796593506 -3.1870215726998734 641.914285 569.601024
55.944926796593506 -3.1870215726998734 W 55.944926796593506 -3.1873215726998736 621.892624 568.351024
55.944926796593506 -3.1873215726998736 W 55.944926796593506 -3.187621572699874 671.163552 580.175773
55.944926796593506 -3.187621572699874 W 55.944926796593506 -3.187921572699874 671.163552 578.925773
55.944926796593506 -3.187921572699874 W 55.944926796593506 -3.188221572699874 671.163552 577.675773
55.944926796593506 -3.188221572699874 W 55.944926796593506 -3.1885215726998744 671.163552 576.425773
55.944926796593506 -3.1885215726998744 W 55.944926796593506 -3.1888215726998745 671.163552 575.175773
55.944926796593506 -3.1888215726998745 W 55.944926796593506 -3.1891215726998747 671.163552 573.925773
55.944926796593506 -3.1891215726998747 W 55.944926796593506 -3.189421572699875 671.163552 572.675773
55.944926796593506 -3.189421572699875 W 55.944926796593506 -3.189721572699875 671.163552 571.425773
55.944926796593506 -3.189721572699875 WSW 55.944811991563796 -3.1899987365596285 671.163552 570.175773
55.944811991563796 -3.1899987365596285 W 55.944811991563796 -3.1902987365596287 671.163552 568.925773
55.944811991563796 -3.1902987365596287 WSW 55.944697186534086 -3.190575900419382 731.961277 604.193881
55.944697186534086 -3.190575900419382 W 55.944697186534086 -3.1908759004193823 731.961277 602.943881
55.944697186534086 -3.1908759004193823 WSW 55.944582381504375 -3.1911530642791357 731.961277 601.693881
55.944582381504375 -3.1911530642791357 W 55.944582381504375 -3.191453064279136 731.961277 600.443881
55.944582381504375 -3.191453064279136 SE 55.94437024947002 -3.19124093224478 824.056131 604.289045
55.94437024947002 -3.19124093224478 SE 55.94415811743566 -3.1910288002104243 824.056131 603.039045
55.94415811743566 -3.1910288002104243 SE 55.94394598540131 -3.1908166681760686 824.056131 601.789045
55.94394598540131 -3.1908166681760686 SE 55.94373385336695 -3.190604536141713 824.056131 600.539045
55.94373385336695 -3.190604536141713 SE 55.943521721332594 -3.190392404107357 824.056131 599.289045
55.943521721332594 -3.190392404107357 SSE 55.94324455747284 -3.1902775990776475 824.056131 598.039045
55.94324455747284 -3.1902775990776475 SE 55.94303242543848 -3.1900654670432917 824.056131 596.789045
55.94303242543848 -3.1900654670432917 SSE 55.942755261578725 -3.1899506620135822 824.056131 595.539045
55.942755261578725 -3.1899506620135822 NNW 55.94303242543848 -3.1900654670432917 873.494563 664.121768
55.94303242543848 -3.1900654670432917 NNW 55.94330958929824 -3.1901802720730013 873.494563 662.871768
55.94330958929824 -3.1901802720730013 NNW 55.943586753157994 -3.1902950771027108 873.494563 661.621768
55.943586753157994 -3.1902950771027108 NNW 55.94386391701775 -3.1904098821324203 873.494563 660.371768
55.94386391701775 -3.1904098821324203 NNW 55.94414108087751 -3.19052468716213 873.494563 659.121768
55.94414108087751 -3.19052468716213 NNW 55.944418244737264 -3.1906394921918393 873.494563 657.871768
55.944418244737264 -3.1906394921918393 NNW 55.94469540859702 -3.190754297221549 873.494563 656.621768
55.94469540859702 -3.190754297221549 NW 55.94490754063138 -3.1909664292559046 873.494563 655.371768
55.94490754063138 -3.1909664292559046 NNW 55.94518470449113 -3.191081234285614 873.494563 654.121768
55.94518470449113 -3.191081234285614 E 55.94518470449113 -3.190781234285614 937.424490 770.751378
55.94518470449113 -3.190781234285614 E 55.94518470449113 -3.1904812342856137 937.424490 769.501378
55.94518470449113 -3.1904812342856137 E 55.94518470449113 -3.1901812342856135 937.424490 768.251378
55.94518470449113 -3.1901812342856135 E 55.94518470449113 -3.1898812342856133 937.424490 767.001378
55.94518470449113 -3.1898812342856133 E 55.94518470449113 -3.189581234285613 937.424490 765.751378
55.94518470449113 -3.189581234285613 E 55.94518470449113 -3.189281234285613 937.424490 764.501378
55.94518470449113 -3.189281234285613 E 55.94518470449113 -3.1889812342856128 937.424490 763.251378
55.94518470449113 -3.1889812342856128 E 55.94518470449113 -3.1886812342856126 937.424490 762.001378
55.94518470449113 -3.1886812342856126 E 55.94518470449113 -3.1883812342856124 937.424490 760.751378
55.94518470449113 -3.1883812342856124 E 55.94518470449113 -3.188081234285612 937.424490 759.501378
55.94518470449113 -3.188081234285612 E 55.94518470449113 -3.187781234285612 937.424490 758.251378
55.94518470449113 -3.187781234285612 E 55.94518470449113 -3.187481234285612 937.424490 757.001378
55.94518470449113 -3.187481234285612 E 55.94518470449113 -3.1871812342856116 937.424490 755.751378
55.94518470449113 -3.1871812342856116 E 55.94518470449113 -3.1868812342856114 937.424490 754.501378
55.94518470449113 -3.1868812342856114 E 55.94518470449113 -3.1865812342856112 937.424490 753.251378
55.94518470449113 -3.1865812342856112 E 55.94518470449113 -3.186281234285611 937.424490 752.001378
55.94518470449113 -3.186281234285611 E 55.94518470449113 -3.185981234285611 937.424490 750.751378
55.94518470449113 -3.185981234285611 E 55.94518470449113 -3.1856812342856107 1043.743883 766.627839
55.94518470449113 -3.1856812342856107 E 55.94518470449113 -3.1853812342856105 1043.743883 765.377839
55.94518470449113 -3.1853812342856105 ESE 55.94506989946142 -3.185104070425857 1043.743883 764.127839
55.94506989946142 -3.185104070425857 E 55.94506989946142 -3.184804070425857 993.636281 644.348185
55.94506989946142 -3.184804070425857 W 55.94506989946142 -3.185104070425857 1026.429143 730.208188
55.94506989946142 -3.185104070425857 W 55.94506989946142 -3.1854040704258573 1026.429143 728.958188
55.94506989946142 -3.1854040704258573 W 55.94506989946142 -3.1857040704258575 1026.429143 727.708188
55.94506989946142 -3.1857040704258575 W 55.94506989946142 -3.1860040704258576 1026.429143 726.458188
55.94506989946142 -3.1860040704258576 W 55.94506989946142 -3.186304070425858 1026.429143 725.208188
55.94506989946142 -3.186304070425858 W 55.94506989946142 -3.186604070425858 1026.429143 723.958188
55.94506989946142 -3.186604070425858 WSW 55.94495509443171 -3.1868812342856114 1026.429143 722.708188
55.94495509443171 -3.1868812342856114 W 55.94495509443171 -3.1871812342856116 1026.429143 721.458188
55.94495509443171 -3.1871812342856116 WSW 55.944840289402 -3.187458398145365 1026.429143 720.208188
55.944840289402 -3.187458398145365 W 55.944840289402 -3.187758398145365 1026.429143 718.958188
55.944840289402 -3.187758398145365 WSW 55.94472548437229 -3.1880355620051186 1026.429143 717.708188
55.94472548437229 -3.1880355620051186 W 55.94472548437229 -3.188335562005119 1026.429143 716.458188
55.94472548437229 -3.188335562005119 WSW 55.94461067934258 -3.188612725864872 1026.429143 715.208188
55.94461067934258 -3.188612725864872 W 55.94461067934258 -3.1889127258648724 1026.429143 713.958188
55.94461067934258 -3.1889127258648724 WSW 55.94449587431287 -3.189189889724626 1026.429143 712.708188
55.94449587431287 -3.189189889724626 W 55.94449587431287 -3.189489889724626 1026.429143 711.458188
55.94449587431287 -3.189489889724626 WSW 55.94438106928316 -3.1897670535843794 1026.429143 710.208188
55.94438106928316 -3.1897670535843794 W 55.94438106928316 -3.1900670535843796 1026.429143 708.958188
55.94438106928316 -3.1900670535843796 WSW 55.94426626425345 -3.190344217444133 1037.206645 769.450410
55.94426626425345 -3.190344217444133 W 55.94426626425345 -3.190644217444133 1037.206645 768.200410
55.94426626425345 -3.190644217444133 WSW 55.94415145922374 -3.1909213813038866 1037.206645 766.950410
55.94415145922374 -3.1909213813038866 W 55.94415145922374 -3.1912213813038868 1037.206645 765.700410
55.94415145922374 -3.1912213813038868 WSW 55.94403665419403 -3.19149854516364 1037.206645 764.450410
55.94403665419403 -3.19149854516364 NW 55.944248786228385 -3.191710677197996 1081.520685 768.814044
55.944248786228385 -3.191710677197996 NW 55.94446091826274 -3.1919228092323517 1097.175892 808.327471
55.94446091826274 -3.1919228092323517 NNW 55.9447380821225 -3.1920376142620612 1097.175892 807.077471
55.9447380821225 -3.1920376142620612 NW 55.944950214156854 -3.192249746296417 1097.175892 805.827471
55.944950214156854 -3.192249746296417 NNW 55.94522737801661 -3.1923645513261265 1097.175892 804.577471
55.94522737801661 -3.1923645513261265 E 55.94522737801661 -3.1920645513261263 1182.602068 841.341268
55.94522737801661 -3.1920645513261263 E 55.94522737801661 -3.191764551326126 1182.602068 840.091268
55.94522737801661 -3.191764551326126 E 55.94522737801661 -3.191464551326126 1182.602068 838.841268
55.94522737801661 -3.191464551326126 E 55.94522737801661 -3.1911645513261258 1182.602068 837.591268
55.94522737801661 -3.1911645513261258 ENE 55.94534218304632 -3.1908873874663723 1182.602068 836.341268
55.94534218304632 -3.1908873874663723 E 55.94534218304632 -3.190587387466372 1182.602068 835.091268
55.94534218304632 -3.190587387466372 ENE 55.94545698807603 -3.1903102236066188 1182.602068 833.841268
55.94545698807603 -3.1903102236066188 E 55.94545698807603 -3.1900102236066186 1182.602068 832.591268
55.94545698807603 -3.1900102236066186 ENE 55.94557179310574 -3.189733059746865 1182.602068 831.341268
55.94557179310574 -3.189733059746865 E 55.94557179310574 -3.189433059746865 1182.602068 830.091268
55.94557179310574 -3.189433059746865 ENE 55.94568659813545 -3.1891558958871116 1182.602068 828.841268
55.94568659813545 -3.1891558958871116 ESE 55.94557179310574 -3.188878732027358 1263.232556 943.437746
55.94557179310574 -3.188878732027358 E 55.94557179310574 -3.188578732027358 1285.125753 1043.176661
55.94557179310574 -3.188578732027358 E 55.94557179310574 -3.188278732027358 1285.125753 1041.926661
55.94557179310574 -3.188278732027358 E 55.94557179310574 -3.1879787320273576 1285.125753 1040.676661
55.94557179310574 -3.1879787320273576 E 55.94557179310574 -3.1876787320273574 1285.125753 1039.426661
55.94557179310574 -3.1876787320273574 E 55.94557179310574 -3.187378732027357 1285.125753 1038.176661
55.94557179310574 -3.187378732027357 E 55.94557179310574 -3.187078732027357 1285.125753 1036.926661
55.94557179310574 -3.187078732027357 E 55.94557179310574 -3.186778732027357 1285.125753 1035.676661
55.94557179310574 -3.186778732027357 E 55.94557179310574 -3.1864787320273567 1285.125753 1034.426661
55.94557179310574 -3.1864787320273567 E 55.94557179310574 -3.1861787320273565 1285.125753 1033.176661
55.94557179310574 -3.1861787320273565 E 55.94557179310574 -3.1858787320273563 1285.125753 1031.926661
55.94557179310574 -3.1858787320273563 E 55.94557179310574 -3.185578732027356 1285.125753 1030.676661
55.94557179310574 -3.185578732027356 ENE 55.94568659813545 -3.1853015681676027 1285.125753 1029.426661
55.94568659813545 -3.1853015681676027 E 55.94568659813545 -3.1850015681676025 1285.125753 1028.176661
55.94568659813545 -3.1850015681676025 ENE 55.94580140316516 -3.184724404307849 1285.125753 1026.926661
55.94580140316516 -3.184724404307849 E 55.94580140316516 -3.184424404307849 1285.125753 1025.676661
55.94580140316516 -3.184424404307849 SW 55.94558927113081 -3.1846365363422047 1354.584267 1140.511057
55.94558927113081 -3.1846365363422047 SW 55.94537713909645 -3.1848486683765604 1354.584267 1139.261057
55.94537713909645 -3.1848486683765604 SW 55.945165007062094 -3.185060800410916 1354.584267 1138.011057
55.945165007062094 -3.185060800410916 SW 55.94495287502774 -3.185272932445272 1354.584267 1136.761057
55.94495287502774 -3.185272932445272 SW 55.94474074299338 -3.1854850644796278 1354.584267 1135.511057
55.94474074299338 -3.1854850644796278 SW 55.944528610959026 -3.1856971965139835 1354.584267 1134.261057
55.944528610959026 -3.1856971965139835 SW 55.94431647892467 -3.1859093285483393 1354.584267 1133.011057
55.94431647892467 -3.1859093285483393 SSW 55.94403931506491 -3.186024133578049 1354.584267 1131.761057
55.94403931506491 -3.186024133578049 SW 55.94382718303056 -3.1862362656124046 1354.584267 1130.511057
55.94382718303056 -3.1862362656124046 SSW 55.9435500191708 -3.186351070642114 1354.584267 1129.261057
55.9435500191708 -3.186351070642114 SW 55.943337887136444 -3.18656320267647 1354.584267 1128.011057
55.943337887136444 -3.18656320267647 SSW 55.94306072327669 -3.1866780077061794 1354.584267 1126.761057
55.94306072327669 -3.1866780077061794 SW 55.94284859124233 -3.186890139740535 1354.584267 1125.511057
55.94284859124233 -3.186890139740535 SSW 55.942571427382575 -3.1870049447702447 1378.610922 1241.357782
55.942571427382575 -3.1870049447702447 ENE 55.942686232412285 -3.1867277809104912 1378.610922 1240.107782
55.942686232412285 -3.1867277809104912 ENE 55.942801037441996 -3.186450617050738 1347.144092 1179.210112
55.942801037441996 -3.186450617050738 E 55.942801037441996 -3.1861506170507377 1347.144092 1177.960112
55.942801037441996 -3.1861506170507377 ENE 55.942915842471706 -3.1858734531909843 1347.144092 1176.710112
55.942915842471706 -3.1858734531909843 E 55.942915842471706 -3.185573453190984 1347.144092 1175.460112
55.942915842471706 -3.185573453190984 NNE 55.94319300633146 -3.1854586481612746 1382.283737 1234.551363
55.94319300633146 -3.1854586481612746 SSW 55.942915842471706 -3.185573453190984 1382.283737 1233.301363
55.942915842471706 -3.185573453190984 NNW 55.94319300633146 -3.1856882582206936 1382.283737 1232.051363
55.94319300633146 -3.1856882582206936 SW 55.942980874297106 -3.1859003902550493 1382.283737 1230.801363
55.942980874297106 -3.1859003902550493 ENE 55.94309567932682 -3.185623226395296 1382.283737 1229.551363
